1.0
-100.0
-100.0
1.0
-100.0
-100.0
1.0
-100.0
-100.0
0.99
-100.0
-100.0
1.0
-100.0
-100.0
1.0
-100.0
-100.0
1.0
-100.0
-100.0
1.0
-100.0
-100.0
0.977545651813
-100.0
-100.0
0.997012578375
-100.0
-100.0
0.997012578375
-100.0
-100.0
0.993868731793
-100.0
-100.0
0.993868731793
-100.0
-100.0
0.965323722939
-100.0
-100.0
0.959049304259
-100.0
-100.0
0.959049304259
-100.0
-100.0
0.947165382693
-100.0
-100.0
0.957171758962
-100.0
-100.0
0.957171758962
-100.0
-100.0
0.957171758962
-100.0
-100.0
0.97876191649
-100.0
-100.0
0.97876191649
-100.0
-100.0
0.869505310801
-100.0
-100.0
0.869505310801
-100.0
-100.0
0.869505310801
-100.0
-100.0
0.945487703669
-100.0
-100.0
0.945487703669
-100.0
-100.0
0.945487703669
-100.0
-100.0
0.924901024802
-100.0
-100.0
0.737090610525
-100.0
-100.0
0.737090610525
-100.0
-100.0
0.870286647164
-100.0
-100.0
0.906781342087
-100.0
-100.0
0.904274938783
-100.0
-100.0
0.904274938783
-100.0
-100.0
0.904274938783
-100.0
-100.0
0.906781342087
-0.724185277798
-1.1047058382
0.844152047052
-0.724185277645
-1.104705838
0.931858095456
-0.724185204234
-1.10470574231
0.931858095456
-0.724185581698
-1.10470623231
0.931858095456
-0.724185581698
-1.10470623231
0.766592131577
-0.724185218501
-1.10470576156
0.766592131577
-64.113094052
-80.5443611922
0.766592131577
-64.113094052
-80.5443611922
0.766592131577
-64.113094052
-80.5443611922
0.970803966533
-64.1130989504
-80.5443673015
0.99
100.0
100.0
0.99
100.0
100.0
0.830169966982
100.0
100.0
0.830169966982
100.0
100.0
0.830169966982
100.0
100.0
0.830169966982
100.0
100.0
0.850089366672
100.0
100.0
0.850089366672
100.0
100.0
0.850089366672
100.0
100.0
0.850089366672
100.0
100.0
0.734644103524
100.0
100.0
0.734644103524
100.0
100.0
0.734644103524
100.0
100.0
0.734644103524
100.0
100.0
0.785098825857
100.0
100.0
0.785098825857
100.0
100.0
0.785098825857
100.0
100.0
0.785098825857
100.0
100.0
0.785098825857
-100.0
-100.0
0.785098825857
-100.0
-100.0
0.943696681336
-100.0
-100.0
0.943696681336
-100.0
-100.0
0.943696681336
-100.0
-100.0
1.0
-100.0
-100.0
1.0
-100.0
-100.0
1.0
-100.0
-100.0
0.951340827854
-100.0
-100.0
0.951340827854
-100.0
-100.0
0.951340827854
100.0
100.0
0.887331180978
100.0
100.0
0.821557244069
100.0
100.0
0.821557244069
100.0
100.0
0.958717642089
100.0
100.0
0.958717642089
100.0
100.0
0.986958994268
100.0
100.0
0.986958994268
100.0
100.0
0.972369653932
100.0
100.0
0.98620496902
100.0
100.0
0.984486324702
100.0
100.0
0.984486324702
100.0
100.0
0.984486324702
100.0
100.0
0.984486324702
100.0
100.0
0.984486324702
100.0
100.0
0.984486324702
100.0
100.0
0.984486324702
100.0
100.0
0.984486324702
100.0
100.0
1.0
0.864782141812
0.441842605963
1.0
0.864782141805
0.441842605975
1.0
0.864782141805
0.441842605975
1.0
0.864782141802
0.441842605982
0.956048449412
100.0
100.0
0.956048449412
100.0
100.0
0.956048449412
100.0
100.0
0.956048449412
100.0
100.0
0.956048449412
100.0
100.0
0.956048449412
100.0
100.0
0.956048449412
100.0
100.0
0.956048449412
100.0
100.0
0.956048449412
100.0
100.0
0.956048449412
100.0
100.0
0.956048449412
100.0
100.0
0.956048449412
100.0
100.0
0.956048449412
100.0
100.0
0.985467548051
100.0
100.0
0.985467548051
100.0
100.0
0.985467548051
100.0
100.0
1.0
100.0
100.0
1.0
100.0
100.0
1.0
0.461691699572
0.689407504144
0.99848759695
0.460319415471
0.689080601428
0.99848759695
0.460319415471
0.689080601428
0.99834972771
0.46001592733
0.68906051942
0.99834972771
0.458912917035
0.689083499928
1.0
0.458571253025
0.688704335908
0.943047116198
0.45610472867
0.688624525032
0.943047116198
0.45610472867
0.688624525032
0.943047116198
0.45610472867
0.688624525032
1.0
0.453779101689
0.68910962254
1.0
0.453846568127
0.688856384815
1.0
0.452323301143
0.689209294573
1.0
0.452278379714
0.689505361314
1.0
0.450537321937
0.689643206122
1.0
0.450607232121
0.689475789198
1.0
0.450607232121
0.689475789198
0.990818752634
0.450593008696
0.689650108596
0.990818752634
0.448440387296
0.690952204393
0.990818752634
0.448440387296
0.690952204393
0.990818752634
0.446608391281
0.691409394367
0.990818752634
0.446608391281
0.691409394367
1.0
0.446929224474
0.691219733313
1.0
0.446813483066
0.690828583606
1.0
0.445650717923
0.689901508396
1.0
0.446530952615
0.690778687431
1.0
0.446650804492
0.690774915875
1.0
0.446927177475
0.692134896372
0.966671659112
0.447183869668
0.692159509207
1.0
0.447359051113
0.692112628654
1.0
0.447359051113
0.692112628654
1.0
0.447464368797
0.692245094215
1.0
0.448859792515
0.691379332032
1.0
0.448859792515
0.691379332032
1.0
0.449212418314
0.691520562703
1.0
0.44871553594
0.691999000477
1.0
0.449419763433
0.692744140124
1.0
0.449419763433
0.692744140124
1.0
0.449948162538
0.692704612447
1.0
0.449948162538
0.692704612447
1.0
0.451060588564
0.692378186727
1.0
0.451643937855
0.691980591552
1.0
0.451643937855
0.691980591552
1.0
0.452111282528
0.691523328488
1.0
0.452111282528
0.691523328488
1.0
0.453912255868
0.69074198773
1.0
0.454454245563
0.690612063549
1.0
0.4561541412
0.690467661992
1.0
0.4561541412
0.690467661992
1.0
0.457396897299
0.691313785092
0.99
0.458462972394
0.684634329788
0.99
0.46091460067
0.681114235091
0.903789629448
0.463965079881
0.673179755652
0.903789629448
0.463965079881
0.673179755652
0.903789629448
0.464486735241
0.672901969977
0.982574607951
0.467655507031
0.667527313885
1.0
0.471376810704
0.663344945577
1.0
0.471647867388
0.663753929285
1.0
0.471897090405
0.66403355074
0.980323684614
0.474304677212
0.663212130035
0.980323684614
0.474727172455
0.66372991181
0.906237799298
0.476653810948
0.663087711226
0.939560332521
0.478861154098
0.661270698117
0.939560332521
0.479238982356
0.661810281977
0.939560332521
0.479238982356
0.661810281977
0.939560332521
0.479377654537
0.662285936176
0.943865412451
0.482804152296
0.662115230554
0.943865412451
0.482829102768
0.661954572303
0.943865412451
0.483277362755
0.662243206264
0.986828616378
0.485103439684
0.660141284716
0.986828616378
0.485508943265
0.661456770945
0.973464435138
0.487464691247
0.659667486985
0.973464435138
0.487611175622
0.660144635202
0.973464435138
0.487809139131
0.660824560489
0.973464435138
0.487809139131
0.660824560489
1.0
0.490079733325
0.659017554993
1.0
0.49030326574
0.659070868488
0.983208958245
0.491169785991
0.657985313612
0.972773330471
0.493707280335
0.654481977316
0.972773330471
0.493984786948
0.65457789849
0.972773330471
0.494184180136
0.65441860391
0.972773330471
0.494184180136
0.65441860391
1.0
0.498361579137
0.652098680112
0.914661336649
0.498683191766
0.651583872382
0.914661336649
0.501281419199
0.650352076341
0.914661336649
0.501281419199
0.650352076341
0.890680655058
0.501282834871
0.650308893876
0.890680655058
0.502421614297
0.649524749879
0.915107466889
0.502583349995
0.649661368817
0.915107466889
0.506090787165
0.646241124479
0.966722411972
0.508652975707
0.646224170198
0.966722411972
0.508652975707
0.646224170198
0.966722411972
0.509371263872
0.642580742276
0.966722411972
0.508603558164
0.640518334804
0.931583170009
0.509195920498
0.641268401198
0.942883637601
0.50903346433
0.64134089358
0.942883637601
0.50903346433
0.64134089358
0.942883637601
0.508646754854
0.640801109061
0.883780781705
0.501350202718
0.638604313769
0.883780781705
0.453017755132
0.655720980097
0.883780781705
0.4245793947
0.679426398887
0.883780781705
0.4245793947
0.679426398887
0.883780781705
0.425862311553
0.67661472389
0.877224687047
0.426232068102
0.672658852036
0.877224687047
0.427462876862
0.672432921492
0.877224687047
0.427704458248
0.673125104827
0.911244185037
0.423160164343
0.670085936995
1.0
0.423063938409
0.670849857319
1.0
0.423063938409
0.670849857319
0.965235966039
0.424176239366
0.670843869718
0.956957297429
0.425062552482
0.671521478926
1.0
0.425424766222
0.671061978694
1.0
0.425830973674
0.671174670105
0.976792108242
0.426574669846
0.672610970169
0.968993000399
0.428413589429
0.672194814312
1.0
0.430002279373
0.673136808904
1.0
0.430281189562
0.67338275615
1.0
0.430281189562
0.67338275615
1.0
0.430391521465
0.673333901637
0.998228444491
0.431845893749
0.67108724622
0.998228444491
0.431980846876
0.670992894518
0.908085770059
0.434166207723
0.668707554675
0.908085770059
0.43404418334
0.6684512135
0.980008516273
0.434634041059
0.667172270227
0.980008516273
0.434537852698
0.666455202156
0.980008516273
0.434537852698
0.666455202156
0.980008516273
0.434485366458
0.665935465697
0.951516859149
0.434830946549
0.665451820471
0.951516859149
0.434833884292
0.665266554213
0.951516859149
0.434779122682
0.665270124899
0.948766439307
0.434267493328
0.665348727699
0.948766439307
0.434140990103
0.665429826302
0.948766439307
0.434140990103
0.665429826302
0.963757452507
0.433616133082
0.666467758441
0.989760755759
0.432727316488
0.667242876225
0.989760755759
0.432718705861
0.667721119422
0.961471965266
0.432937619211
0.669401178277
0.961471965266
0.432897843398
0.670066233671
0.967071958818
0.432883661404
0.669908628279
0.967071958818
0.432883661404
0.669908628279
0.967071958818
0.432820972813
0.669291934871
0.980176267068
0.433077637601
0.667630381532
1.0
0.433188519538
0.668715168441
1.0
0.433195479674
0.668715584595
1.0
0.433058880216
0.668506893365
1.0
0.432928557982
0.668268176721
1.0
0.432928557982
0.668268176721
0.947555763153
0.431818746835
0.66937713019
0.947555763153
0.431818746835
0.66937713019
0.947555763153
0.431818746835
0.66937713019
0.827028082416
0.42795300862
0.677764439833
0.827028082416
0.427745301872
0.678386643177
0.827028082416
0.427486836984
0.678228841983
0.827028082416
0.427322243288
0.677718917739
0.827028082416
0.427266347139
0.678055679578
0.827028082416
0.427024719019
0.677984735129
0.827028082416
0.426974221701
0.677961866935
0.827028082416
0.426974221701
0.677961866935
0.827028082416
0.427064401551
0.678335156872
0.828708843206
0.428055031956
0.679244479514
0.828708843206
0.428199059022
0.679463104236
0.828708843206
0.428260805318
0.679493500179
0.828708843206
0.428230758087
0.679681621029
0.828708843206
0.428283875674
0.679921505748
0.828708843206
0.428219102491
0.679751634934
0.842455634633
0.428117051519
0.678975072017
0.842455634633
0.428117051519
0.678975072017
0.842455634633
0.42818365842
0.679079791958
0.810362118392
0.427954714207
0.680066313219
0.810362118392
0.427954714207
0.680066313219
0.810362118392
0.427854193292
0.68019343393
0.810362118392
0.427750481062
0.679644944865
0.810362118392
0.427705048831
0.680009152435
0.810362118392
0.427838926016
0.680676120301
0.810362118392
0.427838926016
0.680676120301
0.854905626286
0.42814858845
0.680174470832
0.854905626286
0.428164903012
0.680179905896
