1.0
0.505615215938
0.626573440634
1.0
0.505756058098
0.626161028591
1.0
0.506276958726
0.626430851629
1.0
0.506276958726
0.626430851629
1.0
0.506153424993
0.627003547421
1.0
0.506815472818
0.627171301315
1.0
0.506843783981
0.627832379165
0.99139406117
0.507186811382
0.62959961396
0.99139406117
0.507233593914
0.628791446455
1.0
0.506597209265
0.627727517329
1.0
0.506427463534
0.62878048163
1.0
0.507130121386
0.62979662648
1.0
0.507431672607
0.629435114152
1.0
0.507431672607
0.629435114152
1.0
0.50744806053
0.629056477972
1.0
0.507316388271
0.629978055859
1.0
0.507704500052
0.631409554886
1.0
0.507826817235
0.631503524239
1.0
0.507918547891
0.63219638538
1.0
0.508040255448
0.632320212449
1.0
0.508037617652
0.632304155921
1.0
0.507635076489
0.633303312211
1.0
0.507635076489
0.633303312211
1.0
0.50767055393
0.633736747737
1.0
0.508192530207
0.633007472469
1.0
0.508438068797
0.632881366569
1.0
0.507996620226
0.633578919155
1.0
0.50817403878
0.633356193789
1.0
0.509007140859
0.634297412734
1.0
0.509153923136
0.634881260206
1.0
0.509153923136
0.634881260206
1.0
0.510235025019
0.635072135907
1.0
0.510514911589
0.635175546447
1.0
0.5112477858
0.637415050078
1.0
0.511293622292
0.637859512756
1.0
0.509999204908
0.638703927512
1.0
0.510263212272
0.638805867103
1.0
0.509663123827
0.639596638991
1.0
0.509905244295
0.639662606235
1.0
0.509389547933
0.641299927544
1.0
0.509389547933
0.641299927544
1.0
0.509495895386
0.640650052681
1.0
0.510450859554
0.639511150366
1.0
0.510577294694
0.640800222874
1.0
0.511404290014
0.640923091987
1.0
0.511499537964
0.641147716799
1.0
0.511492904341
0.641498875723
1.0
0.51188719085
0.641461251065
1.0
0.51188719085
0.641461251065
1.0
0.51094090162
0.640186056939
1.0
0.511038523133
0.640671526143
1.0
0.512307967567
0.64055802229
1.0
0.5124227787
0.641284393405
1.0
0.512161158852
0.642258636257
1.0
0.512178765431
0.641698389447
1.0
0.512469244987
0.642263177742
1.0
0.512471474944
0.642751711989
1.0
0.512471474944
0.642751711989
1.0
0.512923782238
0.642198827656
1.0
0.51288700552
0.64258375123
0.997536359867
0.510930130444
0.642460239798
0.997536359867
0.510871619332
0.642459903547
1.0
0.511793788487
0.643188215534
1.0
0.511746822181
0.644197071889
1.0
0.511396450657
0.645264427215
1.0
0.51147557398
0.645751514281
1.0
0.51147557398
0.645751514281
1.0
0.511462293496
0.645009007547
1.0
0.511466747662
0.644781368692
1.0
0.511977938335
0.644402977323
1.0
0.511859920979
0.645574487059
1.0
0.510923292196
0.646625343943
1.0
0.510762477497
0.647556079592
1.0
0.511246428162
0.648483201211
1.0
0.510966606588
0.648363644003
1.0
0.510966606588
0.648363644003
0.986421747376
0.510455590818
0.650290321084
0.986421747376
0.510464908312
0.650328423642
1.0
0.511254845345
0.651949401232
1.0
0.511229533596
0.652843454914
1.0
0.510863850756
0.651208492847
1.0
0.510988607051
0.651401279979
1.0
0.510757473066
0.652115767854
1.0
0.510857364271
0.65174472057
1.0
0.511830415461
0.651297319528
1.0
0.511830415461
0.651297319528
1.0
0.511857825181
0.65078806445
1.0
0.512401437639
0.651931593016
1.0
0.512178739814
0.652341457695
1.0
0.513688666171
0.652716125988
1.0
0.514215398323
0.653238412536
1.0
0.517179787528
0.659328877953
1.0
0.517170306733
0.659477656846
1.0
0.517170306733
0.659477656846
1.0
0.515990125495
0.662030491525
1.0
0.516435138016
0.662828489729
1.0
0.515360618103
0.663171055874
1.0
0.516320563737
0.66806510039
1.0
0.516267109985
0.6692274695
1.0
0.516949299909
0.673521690769
1.0
0.517913890263
0.673161803175
1.0
0.518404336875
0.674007052827
1.0
0.518196999618
0.674062291061
1.0
0.518196999618
0.674062291061
1.0
0.518720794024
0.674486919893
1.0
0.519077706177
0.673992232697
0.987338723376
0.519156496524
0.674265527871
0.987338723376
0.518548653665
0.675299697004
1.0
0.518441361979
0.675694682069
1.0
0.518340526423
0.676643828375
0.998875213078
0.518446200998
0.677123287776
0.998875213078
0.518471319018
0.676966645004
0.998875213078
0.518471319018
0.676966645004
0.989853675521
0.518636839674
0.67720395764
0.989853675521
0.518407007628
0.67667557617
1.0
0.518657111577
0.676464686985
1.0
0.518579703933
0.676120183768
0.985025401585
0.518552117891
0.676974253386
0.985025401585
0.517794437982
0.67551875781
0.985025401585
0.517794437982
0.67551875781
0.999066122218
0.517786789559
0.675382046373
0.999066122218
0.517266144474
0.676955082638
1.0
0.517340781138
0.676460111439
1.0
0.517350049455
0.675761204049
1.0
0.517554652301
0.6747766355
1.0
0.517589070237
0.675432431515
1.0
0.517509319651
0.675693735207
1.0
0.51765567857
0.676327773782
0.989455172955
0.517582719272
0.675868829068
0.989455172955
0.51772441553
0.677761653832
0.989455172955
0.51772441553
0.677761653832
1.0
0.517818336715
0.677386335383
1.0
0.5167046812
0.677506047129
1.0
0.516913168932
0.677310484895
1.0
0.517757462137
0.676743045034
1.0
0.51770986532
0.676845782482
1.0
0.517154894219
0.675882026569
1.0
0.517149029059
0.675191293307
1.0
0.517149029059
0.675191293307
1.0
0.517654335363
0.674822113524
1.0
0.517659598846
0.674557702693
1.0
0.517901394881
0.675200628219
1.0
0.517621872549
0.674910251976
1.0
0.517106054185
0.673723882305
1.0
0.517034882976
0.673239880195
1.0
0.517674950501
0.673430043149
1.0
0.517619916421
0.67459033219
1.0
0.517619916421
0.67459033219
1.0
0.515890619915
0.67349997876
1.0
0.516142751522
0.672543250277
1.0
0.516253984615
0.671350105794
1.0
0.516180490853
0.671536161606
1.0
0.515859943469
0.671534461302
1.0
0.515682729505
0.671446340299
1.0
0.516736038505
0.671848044684
1.0
0.516610162419
0.671764407584
1.0
0.516736986012
0.671605906806
1.0
0.516736986012
0.671605906806
1.0
0.516682135307
0.671101893494
1.0
0.515080119166
0.669723511483
1.0
0.515128928064
0.669665977078
1.0
0.515542831314
0.669496536953
1.0
0.515403936152
0.66943589551
1.0
0.514643685623
0.668284625588
1.0
0.514694337702
0.668360965481
1.0
0.514694337702
0.668360965481
1.0
0.514466192337
0.669256744981
1.0
0.514436575187
0.669235548346
1.0
0.514927192067
0.671274094143
1.0
0.514790239284
0.671320028963
1.0
0.514746534664
0.670625368842
1.0
0.514661132434
0.670132107415
1.0
0.514303354687
0.669852626146
1.0
0.514218937917
0.670297836405
1.0
0.51302176163
0.669622105127
1.0
0.51302176163
0.669622105127
1.0
0.51263177227
0.671101189353
1.0
0.512188178909
0.67136684258
1.0
0.512147393938
0.671639985917
1.0
0.511985102558
0.672085829648
1.0
0.512033116134
0.672075425554
1.0
0.511506303259
0.670878108055
1.0
0.511341603224
0.671700508921
1.0
0.511341603224
0.671700508921
1.0
0.512171440337
0.672870052488
1.0
0.511992462688
0.672917282537
1.0
0.511677508281
0.673992690554
1.0
0.511887566631
0.675208703308
1.0
0.511755351971
0.673944023711
1.0
0.511365850225
0.675694615137
1.0
0.511792396844
0.677029892877
1.0
0.511792396844
0.677029892877
1.0
0.511710660378
0.678210488178
1.0
0.511154819359
0.677434670798
1.0
0.511028172854
0.677193623278
1.0
0.509370848654
0.677815612858
1.0
0.509533626362
0.677981427726
1.0
0.511315993658
0.678411460885
1.0
0.511083892264
0.679353345595
1.0
0.511055264053
0.678858174018
1.0
0.510977526626
0.678755856906
1.0
0.510010281585
0.680194361403
1.0
0.510010281585
0.680194361403
1.0
0.510065250819
0.680348167531
1.0
0.510597577596
0.681393292694
1.0
0.510509576592
0.682377361824
1.0
0.510591996637
0.682661024922
1.0
0.510736522539
0.68261096764
1.0
0.50946552144
0.68197611461
1.0
0.509494315346
0.682164732774
1.0
0.509494315346
0.682164732774
1.0
0.509328134641
0.683861074585
1.0
0.509376605662
0.683491186587
1.0
0.509839008994
0.6838455441
1.0
0.50979453445
0.683197928716
1.0
0.509381033334
0.684262349467
1.0
0.509260433275
0.684757261116
1.0
0.509671341587
0.685549302898
1.0
0.510014602539
0.685655828724
1.0
0.510014602539
0.685655828724
1.0
0.510599815899
0.686220873994
1.0
0.510676001181
0.685907359274
1.0
0.510855502456
0.686110449247
1.0
0.511079137595
0.685964437356
0.680520356937
0.515143797513
0.683355500446
0.680520356937
0.515272936968
0.682961871413
0.680520356937
0.515371080502
0.683651012011
0.680520356937
0.51538450425
0.683793895553
0.680520356937
0.51538450425
0.683793895553
0.645743242936
0.515441750005
0.684376605477
0.645743242936
0.515676936177
0.6844919828
1.0
0.523339927643
0.689627823865
1.0
0.52362127593
0.68883038602
1.0
0.523540735052
0.689188401759
1.0
0.523540735052
0.689188401759
0.617084563182
0.524425925583
0.685220549447
0.617084563182
0.524505979906
0.684904614967
0.617084563182
0.524652350563
0.684496374915
0.617084563182
0.524652350563
0.684496374915
0.617084563182
0.524845586751
0.684366777067
0.617084563182
0.524896675493
0.684113760741
0.617084563182
0.52485822675
0.683777260333
0.772926455418
0.520351213579
0.67494749559
0.772926455418
0.520352768539
0.675398524823
0.772926455418
0.520455765176
0.674564812588
0.74512981776
0.520564437621
0.674984374169
0.74512981776
0.520470512831
0.675046476278
0.715684619348
0.520580244347
0.675467324384
0.715684619348
0.520580244347
0.675467324384
0.715684619348
0.52059189347
0.675220989375
0.671528438633
0.520702697613
0.675643275368
0.671528438633
0.520646992514
0.675111342557
0.719427900543
0.520758853921
0.67553502133
0.719427900543
0.520768297686
0.674576337246
0.714031669324
0.520881222055
0.675001531232
0.714031669324
0.520924590094
0.674963376483
0.714031669324
0.520924590094
0.674963376483
0.690935510344
0.521038592084
0.67539001569
0.690935510344
0.520853718245
0.675577791073
0.646347493577
0.520968759459
0.676005585632
0.646347493577
0.520855558729
0.676115147909
0.624169984477
0.520971649599
0.676544185124
0.624169984477
0.521141013006
0.675742618184
0.66298278712
0.521258192921
0.676173330347
0.66298278712
0.521153863186
0.676808583824
0.66298278712
0.521153863186
0.676808583824
0.618059882793
0.521511763156
0.678108397468
0.618059882793
0.521566971362
0.677330391391
0.618059882793
0.521692191157
0.676731080349
0.618059882793
0.521622975974
0.676449226293
0.732193725617
0.522690655799
0.670997779322
0.732193725617
0.522690655799
0.670997779322
0.732193725617
0.522778576775
0.670804401893
0.732193725617
0.522776632219
0.67058083228
0.732193725617
0.522759740033
0.671590168256
0.678264424326
0.522893796754
0.671934205612
0.678264424326
0.522980267594
0.672048546791
0.70475853444
0.523115430498
0.672393571506
0.70475853444
0.522772772678
0.672504927511
0.638292583777
0.522908959058
0.672850558014
0.638292583777
0.522952521557
0.673346086873
0.650689401461
0.523089808426
0.673692603391
0.650689401461
0.523089808426
0.673692603391
0.650689401461
0.523490368165
0.672296270727
0.644835286932
0.523628798416
0.672644277743
0.644835286932
0.523562242864
0.673516675054
0.650014713738
0.523701755317
0.673865407866
0.650014713738
0.523786323669
0.673589797866
0.629290798639
0.523926931358
0.673939566154
0.629290798639
0.523735469786
0.674665412804
0.629290798639
0.523735469786
0.674665412804
0.617148251626
0.523877130795
0.675015810424
0.617148251626
0.523948674234
0.674566492534
0.617148251626
0.523948674234
0.674566492534
0.603269636252
0.52760285044
0.648555454531
0.603269636252
0.527739275547
0.648182761584
0.603269636252
0.527698780315
0.646123256192
0.603269636252
0.528638204243
0.634711360599
0.603269636252
0.53042492224
0.608305016225
0.603269636252
0.528399241063
0.6084328454
0.960805408114
0.524535624352
0.631453326277
0.960805408114
0.524535624352
0.631453326277
0.960805408114
0.523105893547
0.632091113886
1.0
0.523282333448
0.632168782173
1.0
0.522726199358
0.633494611207
1.0
0.52263038847
0.632837981979
1.0
0.522983433685
0.63418054542
0.96828837304
0.521797683899
0.635343088134
0.96828837304
0.522015452652
0.63601416671
0.95877823746
0.521703569303
0.636194455516
0.95877823746
0.521703569303
0.636194455516
0.95877823746
0.521640858852
0.636453231198
1.0
0.521300454347
0.637120093352
1.0
0.521297078543
0.638175165877
0.999626755331
0.520962169901
0.638027219823
0.999626755331
0.52076915234
0.637839329806
1.0
0.521061026936
0.638545541575
1.0
0.521181429181
0.638498101684
1.0
0.520506646858
0.637343799209
1.0
0.520506646858
0.637343799209
1.0
0.520624343529
0.638186375384
0.97525759691
0.520024912449
0.637916026924
0.97525759691
0.520064755739
0.638627453355
1.0
0.518984124287
0.638267082848
1.0
0.519007720115
0.6403075615
1.0
0.519018965812
0.640242923103
1.0
0.519023935798
0.641479319616
0.967682777967
0.519069807532
0.642649516327
0.967682777967
0.519080642026
0.642175331771
0.967682777967
0.519080642026
0.642175331771
1.0
0.518662767547
0.641548329836
1.0
0.518575252451
0.643189060531
0.985851982874
0.518050581463
0.64451753461
0.985851982874
0.518059016199
0.644867642715
1.0
0.518711321399
0.644184818938
1.0
0.518556635094
0.645526211303
0.989402664992
0.518028020911
0.645636726263
0.989402664992
0.518028020911
0.645636726263
0.989402664992
0.518287793726
0.64544613486
1.0
0.517982704433
0.64690160789
1.0
0.517530751288
0.647861871388
0.958099637241
0.517096644956
0.648342402278
0.958099637241
0.517232176077
0.648368576781
0.982256910785
0.515748046415
0.650708000963
0.982256910785
0.515857307591
0.652068500014
0.986787128258
0.514997557307
0.654679094033
0.986787128258
0.514997557307
0.654679094033
0.986787128258
0.514840353285
0.655875515176
0.976843066956
0.514932256157
0.656808485221
0.976843066956
0.515056824811
0.658763231048
0.941605498478
0.514225994437
0.661709691274
0.941605498478
0.51439023149
0.663280523381
0.908161859553
0.514189539321
0.665543823782
0.908161859553
0.514642177737
0.666694835591
0.941952350585
0.51388040649
0.66689082814
0.941952350585
0.513935124281
0.667597278565
0.941952350585
0.513935124281
0.667597278565
0.982190183825
0.513849612452
0.667814683007
0.982190183825
0.514145208996
0.667616228082
1.0
0.512799904673
0.668697636531
1.0
0.513147067386
0.66983363185
0.949637891366
0.512560665202
0.671600598169
0.949637891366
0.513024577972
0.672087791537
0.91507581968
0.512251083871
0.673878415729
0.91507581968
0.512251083871
0.673878415729
0.91507581968
0.512552865933
0.674293801389
0.973649619878
0.512109022676
0.676134570661
0.973649619878
0.512525583539
0.677724838975
0.951100811228
0.511942419541
0.678256974092
0.951100811228
0.512286354863
0.678128133471
0.997550985643
0.511178857689
0.678639351606
0.997550985643
0.51187192804
0.677318477201
0.910595563002
0.512294890602
0.678565758598
0.910595563002
0.512853330577
0.67741549129
0.910595563002
0.512853330577
0.67741549129
0.925783581583
0.511855290587
0.67784181366
0.925783581583
0.512590253095
0.676056166552
0.959632181493
0.512149749496
0.677305625791
0.959632181493
0.512185606682
0.677796166339
0.969640748763
0.512284447161
0.677363452695
0.969640748763
0.512995928247
0.678343715442
0.900032409146
0.513514936492
0.680030850693
0.900032409146
0.513514936492
0.680030850693
0.900032409146
0.51410349327
0.679937719604
0.957035329609
0.514681878621
0.68144602755
0.957035329609
0.51509718963
0.681791042046
0.878064007206
0.514694459406
0.683726119159
0.878064007206
0.515129351342
0.6847721237
0.92718071447
0.514563193083
0.684837780423
0.92718071447
0.515314102318
0.684206227345
0.991405652252
0.51638471127
0.685546955491
0.991405652252
0.516472181526
0.687991607964
0.991405652252
0.516472181526
0.687991607964
0.921250691786
0.516526675296
0.687539971374
0.921250691786
0.516916772383
0.686610236979
0.959888972639
0.517125612769
0.68799428935
0.959888972639
0.517503497356
0.687836690752
0.885597379685
0.517189792819
0.686828138995
0.885597379685
0.517727065966
0.686717601613
0.882610924976
0.5183605687
0.686868273864
0.882610924976
0.51865033507
0.688412303955
0.882610924976
0.51865033507
0.688412303955
0.925023647803
0.519536387693
0.689066510235
0.925023647803
0.519946642217
0.688095382094
0.970165299088
0.520236395417
0.690321604532
0.970165299088
0.52057502699
0.692213979108
0.901998675059
0.520193550936
0.692603357316
0.901998675059
0.520633944303
0.69258893616
0.945181722313
0.520593937926
0.691080556918
0.945181722313
0.520593937926
0.691080556918
0.945181722313
0.521064105156
0.68919189383
1.0
0.520231692428
0.689488312583
0.999238079383
0.520566542758
0.689922431133
0.920637578667
0.520876337421
0.689102676381
0.920637578667
0.521347370938
0.688279747654
0.966917759931
0.52155226486
0.689048135088
0.966917759931
0.521894665114
0.689703202466
1.0
0.521270046932
0.690052024752
1.0
0.521514688346
0.691308308227
1.0
0.521514688346
0.691308308227
0.891850699236
0.522096949298
0.692458523894
0.891850699236
0.522596087459
0.69210324238
0.985095665228
0.521793906963
0.69143958309
0.985095665228
0.522167638886
0.690897225291
0.988347120936
0.52221776938
0.690822887017
0.988347120936
0.522088778394
0.688475332748
0.972285287301
0.522244488533
0.688634380103
0.972285287301
0.522244488533
0.688634380103
0.972285287301
0.522813960878
0.690124425299
0.879571595808
0.523384052883
0.690236922089
0.879571595808
0.523765437751
0.690196127848
0.877174483716
0.524292444744
0.691294513999
0.877174483716
0.524573737597
0.690358446509
0.973826125332
0.525471149619
0.689979474603
0.973826125332
0.52606377951
0.687965204882
0.86582987906
0.527202142591
0.686554027016
0.86582987906
0.527202142591
0.686554027016
0.86582987906
0.52786928103
0.686131448548
0.958212805147
0.527762213679
0.686560011123
0.958212805147
0.528076303909
0.686333921382
0.905885203834
0.528812347956
0.684079022638
0.905885203834
0.529140015988
0.68234894856
0.855438724563
0.530254404754
0.68403291376
0.855438724563
0.53062835669
0.682717626372
1.0
0.531993851471
0.688409264515
1.0
0.532683629902
0.686592676484
1.0
0.532683629902
0.686592676484
0.918150593709
0.53274887277
0.692809039961
0.918150593709
0.533251924561
0.692412037402
0.944306887514
0.53426347643
0.69588400818
0.944306887514
0.53414168698
0.699196162324
0.904627916304
0.533854093214
0.700164852279
0.904627916304
0.533849827813
0.708820510417
0.903503902328
0.53449862855
0.707178830488
0.903503902328
0.536037806913
0.7096920427
0.903503902328
0.536037806913
0.7096920427
0.856954304447
0.536142426987
0.709677996736
0.856954304447
0.537683688904
0.712480380175
0.937118663913
0.539225859851
0.713840291985
0.937118663913
0.54019064245
0.71375241221
0.865137683914
0.54107804189
0.716121104627
0.865137683914
0.541750619376
0.716872757445
0.865137683914
0.541750619376
0.716872757445
0.910742383717
0.542212241864
0.716669201942
0.910742383717
0.542745046437
0.71566146567
0.961529720497
0.543444815222
0.714595457517
0.961529720497
0.543842299792
0.714117883774
0.910081841562
0.543812896734
0.712457530327
0.910081841562
0.54485123423
0.712118392113
0.905178409967
0.545819616853
0.711042186912
0.905178409967
0.546421754208
0.71093520071
0.931331972431
0.547172432486
0.711704467759
0.931331972431
0.547925557647
0.709904698403
0.931331972431
0.547925557647
0.709904698403
0.942270675589
0.548473237233
0.709357468268
0.942270675589
0.54940410693
0.7079549119
0.840307707015
0.550276617172
0.709650494084
0.840307707015
0.550697748639
0.708382881827
0.984386733925
0.551147694729
0.709787909366
0.984386733925
0.551950763502
0.708534197661
0.973848628938
0.552737501981
0.707097418286
0.973848628938
0.553188035202
0.706084210527
0.973848628938
0.553188035202
0.706084210527
0.919347180547
0.553184273625
0.703530700722
0.919347180547
0.553739775153
0.702889378973
0.947573498256
0.554029201958
0.702552507815
0.947573498256
0.554463011418
0.699997107189
0.931372634546
0.554001073065
0.70057689681
0.931372634546
0.554907989242
0.69983390223
0.901527921453
0.55546216127
0.699307678538
0.901527921453
0.555846785442
0.697479202425
0.901527921453
0.555846785442
0.697479202425
0.911010653152
0.555609727765
0.697439890885
0.911010653152
0.556110398412
0.695880060245
0.879540405634
0.556373358191
0.695777646442
0.879540405634
0.556899873022
0.695043872728
0.992069054074
0.556913120941
0.693637447192
0.992069054074
0.557415272522
0.692405253151
0.939765123043
0.559236010122
0.692033375641
0.939765123043
0.559990400386
0.690261286373
0.939765123043
0.559990400386
0.690261286373
0.954000663939
0.559775165397
0.689521138591
0.954000663939
0.560181417869
0.689064990467
0.861628718755
0.561002310449
0.688407074138
0.861628718755
0.561500580763
0.687438466613
0.956421382288
0.562628335793
0.68781046749
0.956421382288
0.562922457073
0.687626077454
0.956421382288
0.562922457073
0.687626077454
0.956421382288
0.562922457073
0.687626077454
1.0
0.527228018469
0.654519473945
1.0
0.527673269211
0.653396018107
1.0
0.529042014049
0.652593886474
1.0
0.529075537094
0.651631156208
1.0
0.529075537094
0.651631156208
1.0
0.529827740692
0.652284927204
1.0
0.529377025984
0.652783781497
1.0
0.530504841034
0.65233036795
1.0
0.530375472887
0.651416541774
1.0
0.530375472887
0.651416541774
1.0
0.530338832103
0.651047036982
1.0
0.530482796936
0.651014867876
1.0
0.531047513752
0.651001451605
1.0
0.530475460386
0.650389868008
1.0
0.530475460386
0.650389868008
1.0
0.530893895862
0.650015336768
1.0
0.530378017553
0.650222861788
1.0
0.530691864212
0.649558803496
1.0
0.530407874354
0.647911906864
1.0
0.530407874354
0.647911906864
1.0
0.530582504124
0.646681053577
1.0
0.531256891153
0.644188052569
1.0
0.531321569473
0.644931958818
1.0
0.531433852301
0.645377864216
1.0
0.531433852301
0.645377864216
1.0
0.531509587001
0.6455936035
1.0
0.531029356122
0.645194976513
1.0
0.530770371674
0.64525524413
1.0
0.530519658678
0.644332010084
1.0
0.530519658678
0.644332010084
1.0
0.529820716076
0.643167861167
1.0
0.529893789944
0.642258532599
1.0
0.529308180794
0.639484140459
1.0
0.52918831975
0.636191180181
1.0
0.52918831975
0.636191180181
1.0
0.528895638734
0.637118663007
1.0
0.525142953014
0.645016177014
1.0
0.517535014703
0.6586357322
1.0
0.51314476243
0.673304732348
1.0
0.51314476243
0.673304732348
1.0
0.514162857053
0.679886585281
1.0
0.515324088685
0.68137687311
1.0
0.515277449465
0.681482252642
1.0
0.514266209629
0.679240659304
1.0
0.514266209629
0.679240659304
1.0
0.514859928943
0.678588716586
1.0
0.514631092641
0.677031752127
1.0
0.514436305583
0.678978460972
1.0
0.514717075296
0.676834463395
1.0
0.514717075296
0.676834463395
1.0
0.514631940627
0.675924190215
1.0
0.514714979515
0.673931521286
1.0
0.51453630376
0.671639055902
1.0
0.513455607688
0.671910182158
1.0
0.513455607688
0.671910182158
1.0
0.513644721331
0.671709495108
1.0
0.513737707967
0.668146409022
1.0
0.513110771804
0.666268924475
1.0
0.510633530644
0.66549928767
1.0
0.510633530644
0.66549928767
1.0
0.509075090936
0.662134558501
1.0
0.507646072073
0.659715869387
1.0
0.558916221486
0.659783332982
1.0
0.558449962467
0.658683680588
1.0
0.557999040021
0.657950781247
1.0
0.557415771434
0.657936989379
1.0
0.556713335647
0.65884992922
1.0
0.556713335647
0.65884992922
1.0
0.555952283273
0.657844373788
1.0
0.555091299481
0.657196567096
1.0
0.554642596039
0.656057755517
1.0
0.554642596039
0.656057755517
1.0
0.546850530145
0.643819759159
1.0
0.546204207298
0.643458254319
1.0
0.545802097197
0.642085612979
1.0
0.544994658407
0.641303845483
1.0
0.544377583435
0.64042051384
1.0
0.544302413555
0.639206977584
1.0
0.543839766201
0.637836565491
1.0
0.542777300746
0.636376539984
1.0
0.542886746364
0.633650065155
1.0
0.542886746364
0.633650065155
1.0
0.541541649987
0.633274773516
1.0
0.540863165375
0.63111233036
1.0
0.540157297649
0.631476262061
1.0
0.539467195035
0.630602135864
1.0
0.538012645254
0.6269379372
1.0
0.537680335285
0.623818718255
1.0
0.538398429661
0.623415475597
1.0
0.537943673134
0.62264405715
1.0
0.537943673134
0.62264405715
1.0
0.537943673134
0.62264405715
1.0
0.51164257939
0.612809223043
1.0
0.510360193971
0.607066657363
1.0
0.509492384874
0.600352827735
1.0
0.508847761589
0.593884051709
1.0
0.508847761589
0.593884051709
1.0
0.50652212682
0.588956839783
1.0
0.505631931771
0.584622540132
1.0
0.50424036274
0.580309518451
1.0
0.502567174129
0.5765501854
1.0
0.502567174129
0.5765501854
1.0
0.501523978528
0.569541027738
1.0
0.499838040321
0.564371232
1.0
0.497592562552
0.55568561459
1.0
0.495821641424
0.550105274496
1.0
0.495821641424
0.550105274496
1.0
0.494182824835
0.54246146549
1.0
0.492810522529
0.537431463335
1.0
0.4917499107
0.531700917266
1.0
0.490721042469
0.527009884831
1.0
0.490721042469
0.527009884831
1.0
0.489121134317
0.521240838794
1.0
0.48761141604
0.514720379284
1.0
0.486491826098
0.508151810874
1.0
0.496059369918
0.495085556751
1.0
0.496059369918
0.495085556751
0.99
0.516729112196
0.471874422011
1.0
0.526748499413
0.460375784881
1.0
0.530984539734
0.44494717547
1.0
0.528170274213
0.438065723032
1.0
0.528170274213
0.438065723032
1.0
0.524863716945
0.433117740605
1.0
0.522939757246
0.427458233265
1.0
0.52144209952
0.424504831024
1.0
0.52111048636
0.42354613811
1.0
0.52111048636
0.42354613811
1.0
0.519253144229
0.419838616932
1.0
0.516457939913
0.419628871431
1.0
0.515087605509
0.419959470809
1.0
0.514088180187
0.420852197966
1.0
0.514088180187
0.420852197966
1.0
0.511793930703
0.420931637393
1.0
0.510207819431
0.42078754043
0.996724307227
0.50921295477
0.422876491781
1.0
0.5077015509
0.422726513516
1.0
0.5077015509
0.422726513516
1.0
0.507371355301
0.424018251734
1.0
0.506191624374
0.424437339504
0.983535650616
0.504024224192
0.428059070124
1.0
0.50292500446
0.429204362161
1.0
0.50292500446
0.429204362161
1.0
0.501877773794
0.431884308998
1.0
0.500776834018
0.436433215737
0.987565557487
0.537616946242
0.492876993118
0.981440475645
0.537104538102
0.495155198363
0.987565557487
0.536879776434
0.497752215438
0.977678907611
0.536013555767
0.50105948997
0.963834084615
0.535774865257
0.503561606393
0.963834084615
0.535774865257
0.503561606393
0.967308745451
0.535449084745
0.506284843998
0.950846693638
0.535117506459
0.507875377614
0.957638515625
0.535018482205
0.510024627537
0.957638515625
0.534404843442
0.511831245743
0.954126933395
0.534113352095
0.514632292241
0.954126933395
0.533231773636
0.515061558418
0.953369321381
0.532796058922
0.517550337796
0.940459922838
0.533041365541
0.519404466108
0.940459922838
0.533041365541
0.519404466108
0.925849531336
0.532756842431
0.521988487008
0.925849531336
0.532723014694
0.522330680996
0.940397348397
0.532336978645
0.524316864957
0.920031088267
0.532045101162
0.52746081866
0.920031088267
0.531805947664
0.529898479774
0.955573288273
0.531039295369
0.52944158009
0.969404930315
0.530859056792
0.531373847937
0.969404930315
0.530859056792
0.531373847937
0.969404930315
0.532446544596
0.536442920618
0.980216865276
0.53221264387
0.538442692422
0.980216865276
0.53221264387
0.538442692422
1.0
0.511643863275
0.511547872471
1.0
0.511139721804
0.517129513625
0.978942085367
0.511342496144
0.519806534012
0.993000115901
0.510586901488
0.524332232974
0.993000115901
0.510586901488
0.524332232974
0.98861459702
0.510136516018
0.528275794715
0.93845177653
0.509929414648
0.531321290287
1.0
0.527294069452
0.573144620619
0.939123933081
0.527192466958
0.574760549913
1.0
0.527590223747
0.575073652632
1.0
0.527364543232
0.57665104252
1.0
0.527598459412
0.578426342832
1.0
0.527598459412
0.578426342832
1.0
0.527606182067
0.580503339951
1.0
0.527632313148
0.583825238356
1.0
0.527645978783
0.586410943229
1.0
0.527416659148
0.584988210222
1.0
0.527465291979
0.586993171822
1.0
0.52779859106
0.585996391634
1.0
0.527863868488
0.588967120645
1.0
0.528102360277
0.590169845384
1.0
0.528102360277
0.590169845384
1.0
0.528394029002
0.592843648946
1.0
0.527794000577
0.594189007504
1.0
0.52745558293
0.596890532258
1.0
0.526793525177
0.598829180563
1.0
0.526766226795
0.600936299747
1.0
0.526975295202
0.604972108056
0.996544971207
0.527169278442
0.606585638194
0.996544971207
0.527169278442
0.606585638194
0.996544971207
0.528418327902
0.614766755554
1.0
0.528280895747
0.617528016017
0.946685532882
0.521973383864
0.669070408947
0.946685532882
0.522037285869
0.670751755852
0.946685532882
0.52185916123
0.678920008774
1.0
0.514719020226
0.719751684604
0.953508865279
0.513426106524
0.746958490914
0.875530258981
0.513237315854
0.773172193625
0.852271762777
0.513533965611
0.801446505771
0.852271762777
0.513533965611
0.801446505771
0.852271762777
0.513584336656
0.801677433306
0.878191601895
0.512611042036
0.82947096464
0.878191601895
0.512563763182
0.829700196117
0.919129376236
0.511328214572
0.845537292095
0.919129376236
0.51140245109
0.844794900971
1.0
0.512184203362
0.845589664169
1.0
0.513051190327
0.846602215333
1.0
0.513368114851
0.844829799372
1.0
0.513368114851
0.844829799372
1.0
0.512946767496
0.844839058686
0.997478367222
0.513147698289
0.845500670748
0.997478367222
0.513152989357
0.846476439661
1.0
0.513191224552
0.848025996355
1.0
0.512962988628
0.849906788197
0.989392805009
0.513286392838
0.851798897163
0.989392805009
0.514355331891
0.852403987744
1.0
0.51503892053
0.852814831872
1.0
0.51503892053
0.852814831872
1.0
0.514979930278
0.852614097008
1.0
0.515110300233
0.852755655088
1.0
0.515110300233
0.852755655088
1.0
0.492172426255
0.881794257999
1.0
0.493182184045
0.879068805895
1.0
0.493182184045
0.879068805895
0.9765568256
0.494646756462
0.87415198607
1.0
0.49613438722
0.871260021053
1.0
0.497039549565
0.866674172326
1.0
0.497039549565
0.866674172326
1.0
0.496964609018
0.866273509202
1.0
0.497623504288
0.867574390803
1.0
0.499333005528
0.865352218499
1.0
0.500559199907
0.86369572387
1.0
0.501995295269
0.862200079448
1.0
0.501995295269
0.862200079448
1.0
0.503441667159
0.860524293177
1.0
0.504673798283
0.859972624642
1.0
0.506165973077
0.854408610519
1.0
0.508267937935
0.85384414896
1.0
0.508267937935
0.85384414896
1.0
0.509678979874
0.850535493078
1.0
0.511888061827
0.846317063206
1.0
0.513341645539
0.842956025888
1.0
0.513341645539
0.842956025888
1.0
0.515674588316
0.837385665143
1.0
0.517629229672
0.834861591171
1.0
0.519049232311
0.828925887332
1.0
0.520971473197
0.825315076762
1.0
0.521438758593
0.821104352565
1.0
0.521438758593
0.821104352565
1.0
0.523598612669
0.816905918229
1.0
0.524755980316
0.814301372672
1.0
0.526862474343
0.810513982607
1.0
0.527952246183
0.807709357071
1.0
0.527952246183
0.807709357071
1.0
0.529680130858
0.803633423697
1.0
0.531116712917
0.800888767628
