0.974180998941
0.514040499743
0.537617124711
1.0
0.51383507244
0.537750077523
1.0
0.513995957904
0.538294922849
0.962195025911
0.513819318465
0.537254839545
0.962195025911
0.513831737688
0.537629107162
1.0
0.513717769806
0.538547718874
1.0
0.513709501576
0.538592923626
1.0
0.513764872742
0.539149762902
1.0
0.513805758529
0.539227106686
1.0
0.513805758529
0.539227106686
0.995148262858
0.51385668937
0.538544618573
0.995148262858
0.513950631842
0.538400212132
1.0
0.513912591543
0.53901514354
1.0
0.514010674452
0.53875904459
1.0
0.514421861053
0.538511201206
1.0
0.514558597267
0.538404829174
1.0
0.514035012407
0.538486917238
1.0
0.51418311738
0.537734220543
1.0
0.51418311738
0.537734220543
1.0
0.514538915875
0.538312134943
1.0
0.514476794986
0.538557450016
1.0
0.514021230732
0.535771294319
1.0
0.514063561072
0.536038990225
1.0
0.515277477057
0.529204927692
1.0
0.515374128535
0.528961635955
1.0
0.515386282524
0.518223883295
1.0
0.515420595107
0.517954397753
1.0
0.515420595107
0.517954397753
1.0
0.513720936051
0.512296820878
1.0
0.513864666995
0.511146580257
0.880959026754
0.513265765722
0.508876308606
0.880959026754
0.513915105407
0.50316063446
0.885002746611
0.513635139874
0.502690562432
0.885002746611
0.515363980328
0.487761877006
0.839500759352
0.514572970078
0.487794152456
0.602618326358
0.517206745563
0.480611572995
0.602618326358
0.517206745563
0.480611572995
0.602618326358
0.5169464635
0.478395979055
0.682699130957
0.517604738002
0.472061032617
0.682699130957
0.516870386598
0.466957713943
0.762780776112
0.516971925787
0.466699430298
0.762780776112
0.516520292493
0.462309083263
1.0
0.514678073385
0.458989775526
1.0
0.514371408065
0.457697146634
1.0
0.514505348905
0.456949749098
1.0
0.514505348905
0.456949749098
1.0
0.514104077165
0.45731431265
1.0
0.514076439588
0.457186391857
1.0
0.513630470878
0.456635455567
1.0
0.513841975927
0.4565653237
1.0
0.513725865119
0.456272879207
1.0
0.513697550065
0.456029826603
