0.99
0.578627317265
0.76072863283
0.99
0.575126211731
0.787892822457
0.99
0.56727181625
0.821058542475
0.99
0.56231293659
0.850003841496
0.99
0.554782596632
0.883730696773
0.99
0.552113515305
0.916338915125
0.99
0.548235012244
0.94873189388
0.99
0.548235012244
0.94873189388
0.99
0.546642648976
0.978568979135
0.99
0.542479122441
1.00555415489
0.99
0.541511565862
1.02648341636
0.99
0.539114850164
1.04497960432
0.946309486322
0.541949030265
1.04589953969
0.946309486322
0.541732601192
1.05077729205
0.946309486322
0.541732601192
1.05077729205
0.99
0.541232417777
1.07198956453
0.99
0.540411768806
1.08191167325
1.0
0.539810410389
1.08343570075
1.0
0.539647143402
1.0872064306
1.0
0.538373033446
1.0842629988
1.0
0.538728752465
1.08416510313
1.0
0.538190432923
1.08262365587
1.0
0.538169022986
1.08274664249
1.0
0.538169022986
1.08274664249
1.0
0.53788195799
1.08135456873
1.0
0.53837351408
1.08099615803
1.0
0.537407694034
1.08018564206
1.0
0.537174066903
1.08060106975
1.0
0.53714459354
1.08128293828
1.0
0.537348177895
1.0813801234
1.0
0.53669232961
1.08095426817
1.0
0.536840010218
1.08135112686
1.0
0.536840010218
1.08135112686
1.0
0.537405776383
1.08153862214
1.0
0.537527034364
1.08163546448
1.0
0.536547743258
1.08185385021
1.0
0.536504066013
1.08262113003
1.0
0.535975712942
1.08268688971
1.0
0.536154854014
1.08301014216
1.0
0.536630435707
1.08384941237
1.0
0.536811068703
1.08431695406
1.0
0.536811068703
1.08431695406
1.0
0.536685148143
1.08358745183
1.0
0.536729154498
1.08365601437
1.0
0.536279748992
1.08388311143
1.0
0.536292265654
1.08454813899
1.0
0.536177584302
1.08499867574
1.0
0.53661744352
1.08495201753
1.0
0.5364126522
1.08425546464
1.0
0.536235091295
1.0845636256
1.0
0.536501484357
1.08532337063
1.0
0.536658200469
1.08565045123
1.0
0.536658200469
1.08565045123
1.0
0.536792858928
1.08515448838
1.0
0.536970939889
1.08496656133
1.0
0.536722425187
1.08528615749
1.0
0.536643141408
1.08520059589
1.0
0.536633345372
1.08491040632
1.0
0.536908792825
1.08495610383
1.0
0.536908792825
1.08495610383
1.0
0.537126657207
1.08500411891
1.0
0.537147833452
1.08516923387
1.0
0.536548335172
1.08489652699
1.0
0.536652035713
1.08539550393
1.0
0.536778245844
1.08575710889
1.0
0.537108986584
1.08574191642
1.0
0.537319209216
1.08563854326
1.0
0.537372901935
1.08626961255
1.0
0.537372901935
1.08626961255
1.0
0.53754243812
1.08659208087
1.0
0.537694076728
1.08635576921
1.0
0.537413980554
1.08577522108
1.0
0.537228307265
1.0856424883
1.0
0.53717495563
1.08558943799
1.0
0.537066791681
1.08558558558
1.0
0.537712967426
1.08569878835
1.0
0.537642808354
1.0860078983
1.0
0.536945518727
1.08624107028
1.0
0.536945518727
1.08624107028
1.0
0.537189260818
1.0860396492
1.0
0.537155106004
1.08575396702
1.0
0.537099973834
1.08545975401
1.0
0.537286174045
1.08541727133
1.0
0.537400238779
1.0850560543
1.0
0.537491445215
1.08490449511
1.0
0.537599220538
1.08538102779
1.0
0.537599220538
1.08538102779
1.0
0.53779958568
1.08524999257
1.0
0.537939717345
1.08513989549
1.0
0.53799679318
1.08499421377
1.0
0.538047246279
1.08460458249
1.0
0.538102222873
1.08463972541
1.0
0.538016153606
1.08490764464
1.0
0.53836992493
1.08472360305
1.0
0.538652016983
1.08492681696
1.0
0.538652016983
1.08492681696
1.0
0.538341900247
1.0844648412
1.0
0.53845550121
1.08405860117
1.0
0.538739820253
1.0842010073
1.0
0.538672742631
1.08410974703
1.0
0.538359226929
1.08365804628
1.0
0.53845923507
1.08356081644
1.0
0.538552692628
1.08364076549
1.0
0.53874030653
1.083216771
1.0
0.53874030653
1.083216771
1.0
0.539199813729
1.08229037421
1.0
0.539110893251
1.0818952237
1.0
0.538870074863
1.08139326791
1.0
0.538923132472
1.08123745416
1.0
0.538448522771
1.08157773128
1.0
0.538604059494
1.08131861511
1.0
0.538968567351
1.08110728404
1.0
0.539127919727
1.0811302906
1.0
0.539127919727
1.0811302906
1.0
0.53871901485
1.08145319028
1.0
0.538614863288
1.08113872378
1.0
0.538960899246
1.08048248357
1.0
0.539062886909
1.07984923425
1.0
0.538851523353
1.07904525565
1.0
0.539007833509
1.07888152342
1.0
0.538319240966
1.0791837034
1.0
0.538116280851
1.07892512319
1.0
0.538417468676
1.07831501857
1.0
0.538119309243
1.07759741377
1.0
0.538119309243
1.07759741377
1.0
0.538002694764
1.07740689132
1.0
0.538098299419
1.07712880261
1.0
0.538292653039
1.07711721244
1.0
0.538203168965
1.07666876833
1.0
0.538255111119
1.07645586665
1.0
0.538417316809
1.07539909121
1.0
0.538417316809
1.07539909121
1.0
0.537873326523
1.07553895995
1.0
0.537701989557
1.07569102257
1.0
0.538507547206
1.07469590059
1.0
0.538226007507
1.07422067335
1.0
0.537662084877
1.07398266161
1.0
0.537594290089
1.07388480352
1.0
0.537457387184
1.07423714848
1.0
0.537489667422
1.07344979847
1.0
0.537489667422
1.07344979847
1.0
0.53781621911
1.07368406504
1.0
0.537692710171
1.0740776247
1.0
0.537660886695
1.07373585162
1.0
0.537580021653
1.07247506433
1.0
0.537495094476
1.07218441919
1.0
0.537909225908
1.07162556973
1.0
0.538029237602
1.07137962144
1.0
0.537870211841
1.07115818468
1.0
0.537870211841
1.07115818468
1.0
0.537433482191
1.07063611579
1.0
0.537434747226
1.07062111127
1.0
0.537635911744
1.07074478223
1.0
0.537353348027
1.06985530126
1.0
0.537343015589
1.06889224039
1.0
0.537641770111
1.06803528671
1.0
0.537471976175
1.06718868121
1.0
0.537564923531
1.06687019306
1.0
0.537564923531
1.06687019306
1.0
0.537841886763
1.06692111346
1.0
0.537897062321
1.06690859291
1.0
0.537855630163
1.06706687022
1.0
0.537844340198
1.06680434428
1.0
0.537808222436
1.06584008379
1.0
0.537894288484
1.06532766339
1.0
0.537966990139
1.06456479243
1.0
0.537871939867
1.06371858667
1.0
0.537871939867
1.06371858667
1.0
0.538285585736
1.06230060259
1.0
0.538470116239
1.06160043728
1.0
0.537488352786
1.06101741872
1.0
0.537677440348
1.05946332761
1.0
0.538029912569
1.05883578443
1.0
0.538213660159
1.0581267096
1.0
0.538144889302
1.05733793512
1.0
0.538279975731
1.0568046347
1.0
0.538279975731
1.0568046347
1.0
0.53822729059
1.05644799041
1.0
0.538174637935
1.05504707493
1.0
0.537835357358
1.05390074096
1.0
0.538215499873
1.0531733402
1.0
0.538703132488
1.05269219274
1.0
0.538937092338
1.0517573674
1.0
0.538426029496
1.05118467975
1.0
0.538412500455
1.05067511106
1.0
0.538412500455
1.05067511106
1.0
0.539196773674
1.05031153536
1.0
0.53980366433
1.05077623684
1.0
0.539902019833
1.05071178229
1.0
0.53961516853
1.04924874793
1.0
0.539762676272
1.04850960984
1.0
0.540178755898
1.04784862193
1.0
0.540819526931
1.0481647351
1.0
0.541091454778
1.0477499928
1.0
0.541091454778
1.0477499928
1.0
0.540749150645
1.04739214135
1.0
0.540768661626
1.04725667728
1.0
0.54111784525
1.04726402586
1.0
0.541346336207
1.04723072653
1.0
0.541537396393
1.04811341466
1.0
0.541631080047
1.04801209126
1.0
0.541874896925
1.04770768384
1.0
0.542080336034
1.04789384726
1.0
0.542080336034
1.04789384726
1.0
0.541785048218
1.04749619909
1.0
0.541727325348
1.04682382437
1.0
0.541980866805
1.04740287196
1.0
0.542123983525
1.04746061727
1.0
0.542407518047
1.04733489457
1.0
0.540991520356
1.04609091075
1.0
0.540670948953
1.0456324716
1.0
0.540622194553
1.04558104435
1.0
0.540622194553
1.04558104435
1.0
0.54132020963
1.04538965695
1.0
0.541335381821
1.04537587263
1.0
0.540854083828
1.0468616714
1.0
0.540719058648
1.04709214169
1.0
0.541662719659
1.04610912128
1.0
0.541714541252
1.04637545206
1.0
0.541229000404
1.0476569471
1.0
0.540799156179
1.04735748857
1.0
0.540799156179
1.04735748857
1.0
0.540257144713
1.04720010649
1.0
0.540288934242
1.04742213157
1.0
0.540388595015
1.04721102804
1.0
0.540382410532
1.04728397754
1.0
0.540551232134
1.04854471314
1.0
0.540449862289
1.04882129698
1.0
0.540732012015
1.04896221109
1.0
0.540691749241
1.04874818151
1.0
0.540691749241
1.04874818151
1.0
0.540783645978
1.04814003599
1.0
0.540664336889
1.04759256013
1.0
0.54046342591
1.04821600434
1.0
0.540471318807
1.0484710583
1.0
0.540636592894
1.04811605482
1.0
0.54064244574
1.04846123058
1.0
0.540768304623
1.04858027149
1.0
0.540642827849
1.04862307027
1.0
0.540642827849
1.04862307027
1.0
0.540638007184
1.04823193525
1.0
0.540584497719
1.04801879462
1.0
0.540132144803
1.04828652088
1.0
0.540103626817
1.04821536244
1.0
0.540179198978
1.04862852965
1.0
0.539981987596
1.04884907939
1.0
0.540264515238
1.04886426864
1.0
0.540355870121
1.04872233523
1.0
0.540355870121
1.04872233523
1.0
0.54019942472
1.04931407642
1.0
0.540335477385
1.04902180795
1.0
0.540579338344
1.04956111912
1.0
0.540475682683
1.04958092373
1.0
0.540422560292
1.0495334378
1.0
0.540216613969
1.04952747274
1.0
0.539941792602
1.0503159118
1.0
0.539954100781
1.05082644181
1.0
0.539954100781
1.05082644181
1.0
0.539994069784
1.05087465819
1.0
0.54004307303
1.05040804811
1.0
0.540052285933
1.0497423635
1.0
0.540108281156
1.0498624801
1.0
0.539724567998
1.05079193034
1.0
0.539496278959
1.05088528363
1.0
0.539332703518
1.05086267584
1.0
0.539499843085
1.05036557734
1.0
0.539499843085
1.05036557734
1.0
0.539506897696
1.0507157313
1.0
0.539592945329
1.05122281792
1.0
0.540053291232
1.05144165428
1.0
0.539967510663
1.05185404514
1.0
0.540213449424
1.05063610326
1.0
0.540198944243
1.05036841333
1.0
0.540207668017
1.051666655
1.0
0.540006751096
1.05145075697
1.0
0.540006751096
1.05145075697
1.0
0.539433687926
1.05156019539
1.0
0.539618547341
1.05191909889
1.0
0.539830000228
1.05213311179
1.0
0.539889912477
1.05233938799
1.0
0.539937188619
1.05124255716
1.0
0.540192328837
1.05090744509
1.0
0.540579245991
1.05190364671
1.0
0.540599272376
1.05186785927
1.0
0.540599272376
1.05186785927
1.0
0.540650925121
1.05153813655
1.0
0.540567875414
1.05197319153
1.0
0.539955954543
1.05216094738
1.0
0.540074555055
1.0522157258
1.0
0.540780004746
1.05218654994
1.0
0.540968304765
1.0525166273
1.0
0.541454337349
1.0525504074
1.0
0.541385473991
1.05227564264
1.0
0.541385473991
1.05227564264
1.0
0.542082814845
1.05222204135
1.0
0.541924621619
1.05188312889
1.0
0.541587008635
1.05147898834
1.0
0.541543961541
1.05117274767
1.0
0.542835229824
1.04848875973
1.0
0.543474142993
1.04500149364
0.99
0.546972686912
1.02881749707
0.99
0.551453963057
1.01076083589
0.99
0.551453963057
1.01076083589
0.99
0.550127888366
0.989862909643
0.99
0.555634851002
0.962081158997
0.99
0.554706950714
0.935053285174
0.99
0.560947661906
0.903461365567
0.99
0.55981821904
0.877605037291
0.99
0.565083127011
0.84789474343
0.99
0.565986330589
0.826609171023
0.99
0.570177206305
0.803355766797
0.99
0.570177206305
0.803355766797
0.99
0.572307772666
0.785663899201
0.99
0.575008894746
0.762571403411
0.99
0.575652136534
0.753345123099
1.0
0.575785850306
0.752159558907
1.0
0.578207578469
0.752881206063
1.0
0.577853703773
0.756663666861
1.0
0.579547806886
0.757209787453
1.0
0.578815360819
0.757351273878
1.0
0.578815360819
0.757351273878
1.0
0.57993982231
0.757393362101
1.0
0.579905062839
0.757162478978
1.0
0.579790472162
0.75744407308
1.0
0.579994455383
0.758400385063
1.0
0.580075857663
0.759082271634
1.0
0.580358627647
0.760083040192
1.0
0.580646967498
0.759542010601
1.0
0.580505740167
0.759865980851
1.0
0.580505740167
0.759865980851
1.0
0.58141119754
0.760251935432
1.0
0.58117049934
0.760344341194
1.0
0.581480208207
0.76131737608
1.0
0.581334054639
0.761562530089
1.0
0.581444506074
0.761346827471
1.0
0.581543091393
0.763235947084
1.0
0.581809369895
0.763448723078
1.0
0.58195742514
0.763139068107
1.0
0.58195742514
0.763139068107
1.0
0.58280378539
0.763658071892
1.0
0.582774431562
0.764021037265
1.0
0.583215226386
0.764973156674
1.0
0.582933051539
0.765831501906
1.0
0.583033339419
0.765291414163
1.0
0.583404264731
0.765760022384
1.0
0.584332492212
0.766417277522
1.0
0.584457655944
0.766543785216
1.0
0.584457655944
0.766543785216
1.0
0.585023509862
0.767131114911
1.0
0.584876736178
0.767998946184
1.0
0.585437182824
0.768637606371
1.0
0.585826778012
0.769192767751
1.0
0.586204322616
0.769088496422
1.0
0.58612193245
0.769131376734
1.0
0.586652670083
0.769374217549
1.0
0.586840467855
0.770835279256
1.0
0.586840467855
0.770835279256
1.0
0.587372179415
0.771305795159
1.0
0.587486658378
0.771045463769
1.0
0.587934980613
0.772660726876
1.0
0.588051901437
0.773437474563
1.0
0.58886150079
0.773614042541
1.0
0.589087490755
0.774204600102
1.0
0.589238759282
0.774263258247
1.0
0.589264398021
0.774282466694
1.0
0.589264398021
0.774282466694
1.0
0.589738509801
0.774677886824
1.0
0.590346544516
0.774533070352
1.0
0.591148480836
0.775145529765
1.0
0.591254218908
0.775663274435
1.0
0.591714531092
0.776051795426
1.0
0.591861843593
0.776309879055
1.0
0.593173734317
0.776712061767
1.0
0.593655010772
0.777051075341
1.0
0.593655010772
0.777051075341
1.0
0.593682929243
0.777947949603
1.0
0.593762185392
0.778051412868
1.0
0.593922810883
0.777997949396
1.0
0.594301169916
0.778818598316
1.0
0.595286975532
0.778816849249
1.0
0.595162124721
0.778316806776
1.0
0.594607998303
0.775164373428
1.0
0.595389764174
0.768882210461
1.0
0.595389764174
0.768882210461
1.0
0.593620752407
0.755403203141
0.99
0.59582521493
0.730522718833
0.99
0.58844119176
0.705323092209
0.99
0.590491539189
0.68120290572
0.99
0.587530390025
0.671468582733
1.0
0.587716746597
0.661971558094
1.0
0.586752334646
0.657664041876
1.0
0.586261666833
0.660108129618
1.0
0.586261666833
0.660108129618
1.0
0.588059105743
0.661256476814
1.0
0.586977422177
0.664479798199
1.0
0.588210967876
0.663383648284
1.0
0.587305677245
0.66392141465
1.0
0.587158035306
0.664666191513
1.0
0.587505288614
0.665515862828
1.0
0.58715759505
0.667510418335
1.0
0.58715759505
0.667510418335
1.0
0.587508070045
0.669052724039
1.0
0.587589595444
0.669959339023
1.0
0.587565212246
0.671195391643
1.0
0.588115700674
0.671922548208
1.0
0.587919781661
0.673163431986
1.0
0.588024650896
0.674051801582
1.0
0.587445653786
0.675343806961
1.0
0.587384178131
0.67718501307
1.0
0.587258254953
0.678891248649
1.0
0.587258254953
0.678891248649
1.0
0.587665610605
0.68083421946
1.0
0.587542656318
0.682971878953
1.0
0.587601765097
0.682836528041
1.0
0.587276776808
0.684553122569
1.0
0.587630480893
0.686168946464
1.0
0.587417474608
0.688347472506
1.0
0.587228398201
0.690424581019
1.0
0.587234855604
0.691144757517
1.0
0.587234855604
0.691144757517
1.0
0.587943766397
0.693176809274
1.0
0.588087681677
0.695221908791
1.0
0.587976727829
0.695817458805
1.0
0.587798943686
0.697818545823
1.0
0.587859832149
0.700550526988
1.0
0.587917898718
0.70261558347
1.0
0.589211396944
0.704473073628
1.0
0.589211396944
0.704473073628
1.0
0.589162807718
0.704734930953
1.0
0.589000558728
0.706319403782
1.0
0.589120301403
0.708554426327
1.0
0.589574978784
0.711657714561
1.0
0.589522264524
0.713510413604
1.0
0.590069240729
0.715489283978
1.0
0.589551941784
0.718221549064
1.0
0.589575508684
0.720877539248
1.0
0.590088561989
0.722031648202
1.0
0.590088561989
0.722031648202
1.0
0.589941133848
0.723945017447
1.0
0.58939030012
0.725485940033
1.0
0.590059343559
0.728105266962
1.0
0.59033966813
0.728789947232
1.0
0.590714885926
0.730624954664
1.0
0.59029901147
0.732750559204
1.0
0.590250915062
0.734480117852
1.0
0.590642139992
0.736877402618
1.0
0.590642139992
0.736877402618
1.0
0.590445168455
0.738361100203
1.0
0.590331816682
0.738411858452
1.0
0.590946923316
0.741187873398
1.0
0.590657781931
0.742853027883
1.0
0.590515101024
0.743882564066
1.0
0.590508640998
0.745313153163
1.0
0.590211904514
0.746499273464
1.0
0.590392985555
0.747947078227
1.0
0.590392985555
0.747947078227
1.0
0.590404201786
0.748304319044
1.0
0.590447051063
0.749204730642
1.0
0.59044445079
0.751247421893
1.0
0.590390808899
0.751629396028
1.0
0.590348507128
0.753072967962
1.0
0.58978183986
0.75457984912
1.0
0.58928812416
0.755137978647
1.0
0.589129394186
0.756374267612
1.0
0.589129394186
0.756374267612
1.0
0.588526614899
0.757656350094
1.0
0.58824359786
0.758592547078
1.0
0.588106193387
0.758736273935
1.0
0.588104255213
0.760352881934
1.0
0.587668897112
0.760897832474
1.0
0.587805263966
0.761282023328
1.0
0.587805263966
0.761282023328
1.0
0.587389072936
0.761561814399
1.0
0.587159736629
0.762399493101
1.0
0.586506053737
0.762821145611
1.0
0.586203189058
0.762650176215
1.0
0.585356503303
0.762720323427
1.0
0.5852541667
0.763687579521
1.0
0.584599813474
0.764523359537
1.0
0.583871952847
0.765277561894
1.0
0.583900148071
0.765218874245
1.0
0.584369049101
0.765968120231
1.0
0.584369049101
0.765968120231
1.0
0.5839024089
0.765371791403
1.0
0.583777064611
0.766466011056
1.0
0.583029069207
0.76633355289
1.0
0.583131001765
0.767900015676
1.0
0.58274988179
0.769118830521
1.0
0.583028790567
0.769113450066
1.0
0.583094998716
0.768894866938
1.0
0.583195454137
0.769392083141
1.0
0.583195454137
0.769392083141
1.0
0.58226779408
0.769165639567
1.0
0.582112478055
0.770059860277
1.0
0.581666537015
0.769174012277
1.0
0.581974294419
0.770322802868
1.0
0.581335269841
0.770648879929
1.0
0.581654574468
0.770626578188
1.0
0.582061335779
0.770415493015
1.0
0.581920679151
0.771482750354
1.0
0.581920679151
0.771482750354
1.0
0.581167435903
0.771394760625
1.0
0.581274722678
0.771473738144
1.0
0.581171842429
0.771405728741
1.0
0.581477347608
0.771861093084
1.0
0.581007813832
0.771707216772
1.0
0.580970083897
0.770940327902
1.0
0.580468919525
0.770361337085
1.0
0.580738218142
0.769390364521
1.0
0.580738218142
0.769390364521
1.0
0.581096833597
0.769405310674
1.0
0.581279257298
0.768815656004
1.0
0.580708009078
0.76803637404
1.0
0.580852234577
0.768602121938
1.0
0.581101708762
0.768452551983
1.0
0.581419075076
0.767570603323
1.0
0.581227683007
0.767230037364
1.0
0.581221617915
0.767360302763
1.0
0.581221617915
0.767360302763
1.0
0.581060970485
0.767068253495
1.0
0.581541997781
0.766869122188
1.0
0.581595877088
0.766535336262
1.0
0.581726029285
0.765267195807
1.0
0.581411352893
0.764663601361
1.0
0.581849852166
0.763224748763
1.0
0.581580102478
0.762627687667
1.0
0.581207410588
0.762046747967
1.0
0.581207410588
0.762046747967
1.0
0.581218597413
0.761279256328
1.0
0.581542517465
0.76063488804
1.0
0.581618516327
0.760385554664
1.0
0.581927171488
0.759684520379
1.0
0.581528459964
0.758793364522
1.0
0.581607794743
0.758019169476
1.0
0.581714929531
0.757520199167
1.0
0.582077716055
0.757290642154
1.0
0.582077716055
0.757290642154
1.0
0.581952861243
0.756051440512
1.0
0.582039490783
0.754323293365
1.0
0.582100133261
0.75447748858
1.0
0.582448197886
0.752959078331
1.0
0.582931413622
0.752895411388
1.0
0.58288731687
0.752037195871
1.0
0.582971901239
0.751251769274
1.0
0.5834730024
0.749758418383
1.0
0.5834730024
0.749758418383
1.0
0.583472482675
0.748500732997
1.0
0.583543042504
0.747914576838
1.0
0.583518778447
0.747513156596
1.0
0.583849016401
0.746514059481
1.0
0.583746346667
0.746325551629
1.0
0.583892385401
0.744987118479
1.0
0.583944728242
0.744541874937
1.0
0.584748967188
0.743168646099
1.0
0.584748967188
0.743168646099
1.0
0.584756035807
0.742822404677
1.0
0.584376398004
0.743063640142
1.0
0.58432466866
0.742599076425
1.0
0.584509446975
0.742414202414
1.0
0.584980115743
0.742520761115
1.0
0.585159461335
0.741802607671
1.0
0.585159461335
0.741802607671
1.0
0.584933152738
0.741572645354
1.0
0.584897962995
0.741239342002
1.0
0.584750202988
0.739830417714
1.0
0.58457063419
0.74018845062
1.0
0.584070290445
0.740111491053
1.0
0.584457121365
0.739043365701
