1.0
0.438420941471
0.255287454351
1.0
0.437343604185
0.254045242789
1.0
0.437531648928
0.253831300109
1.0
0.437714910366
0.253227571259
1.0
0.437858907692
0.253120407767
1.0
0.437850764317
0.252505656814
1.0
0.438008149261
0.252081739553
1.0
0.438008149261
0.252081739553
1.0
0.438163749749
0.252420418358
1.0
0.438087370649
0.252691930224
1.0
0.437500581073
0.252981480432
1.0
0.437655771738
0.25277026069
1.0
0.437576240261
0.253250959481
1.0
0.437625004564
0.253253417485
1.0
0.438519264019
0.25439726244
1.0
0.438767185858
0.254176768424
0.932330108806
0.456551863551
0.274290010324
0.932330108806
0.456551863551
0.274290010324
0.932330108806
0.459978487109
0.26973783046
0.99
0.487138055838
0.28455477461
0.99
0.497567115466
0.272480774178
0.904443284041
0.528738980146
0.328660447996
0.904443284041
0.53927404421
0.316934138289
0.99
0.559898021376
0.332067133325
