1.0
0.563042143936
0.420261440741
1.0
0.562828072087
0.420298913321
1.0
0.563005763829
0.420886475513
1.0
0.562754123182
0.421253955022
1.0
0.562533758524
0.420598232627
1.0
0.562445917033
0.420764821694
1.0
0.5626358577
0.420176661374
1.0
0.562594725749
0.42061871242
1.0
0.562594725749
0.42061871242
1.0
0.578768016272
0.414482929041
1.0
0.57859347406
0.414724130101
1.0
0.579555515236
0.416099158599
1.0
0.579376459419
0.416192666165
1.0
0.579221329356
0.416576923982
1.0
0.579255619473
0.417158139889
1.0
0.580720983865
0.417971032702
1.0
0.580720983865
0.417971032702
1.0
0.580620858849
0.418191277207
1.0
0.580941783153
0.418516398867
1.0
0.580910350915
0.41881291829
1.0
0.581153102751
0.419056282647
1.0
0.58108195625
0.419239838792
1.0
0.581887734908
0.419946089224
1.0
0.582002361709
0.419972756327
1.0
0.583365337768
0.421710007096
1.0
0.583348246486
0.421821264606
1.0
0.583348246486
0.421821264606
1.0
0.58459314109
0.423202433619
1.0
0.584638514281
0.423253922701
1.0
0.586162661902
0.425628259536
1.0
0.586297836271
0.425364665626
1.0
0.587060249273
0.424664003846
1.0
0.587131059191
0.424529166094
1.0
0.588131802978
0.425845601079
1.0
0.588131802978
0.425845601079
1.0
0.588273850921
0.425859390505
1.0
0.589153584089
0.426271131573
1.0
0.58927793542
0.42606352623
1.0
0.590098881588
0.426136957759
1.0
0.590470694898
0.425700927752
1.0
0.584499634333
0.421865256667
1.0
0.584613552811
0.421923789499
0.99
0.554618483845
0.396647914276
0.99
0.554870346128
0.39615594609
0.99
0.554870346128
0.39615594609
0.99
0.501583606762
0.361785841793
0.99
0.501710564888
0.361491097074
0.99
0.443718249401
0.329708134703
0.99
0.44337782771
0.331164109489
0.99
0.379190526377
0.298043927326
0.99
0.378651394597
0.307747314052
0.99
0.325664242711
0.280716568558
0.99
0.328663120171
0.330736116523
0.99
0.328663120171
0.330736116523
0.99
0.320757201149
0.328032049976
0.99
0.311417300674
0.324062584243
0.99
0.313158561954
0.345164000653
0.99
0.314574571807
0.361303292224
0.99
0.314574571807
0.361303292224
0.99
0.312387053206
0.360427776909
0.99
0.313650686595
0.371950439225
0.99
0.308476109656
0.370393487498
1.0
0.308639707706
0.374836635461
1.0
0.304717488068
0.374458285381
1.0
0.304402162281
0.372224217709
1.0
0.305312453202
0.373101345106
1.0
0.304960754023
0.371620240966
1.0
0.306163181365
0.373234065282
1.0
0.306163181365
0.373234065282
1.0
0.305947178447
0.372393221089
1.0
0.306623783157
0.373531985972
1.0
0.306488251678
0.37314642213
1.0
0.307075163669
0.373945599876
1.0
0.306985757335
0.373749826723
1.0
0.307458489087
0.375050249133
1.0
0.307386719631
0.37516683924
1.0
0.307386719631
0.37516683924
1.0
0.30786249763
0.376108119938
1.0
0.307782969636
0.37575477915
1.0
0.308840390305
0.376729860652
1.0
0.308765460359
0.376632333191
1.0
0.308657896499
0.377421613291
1.0
0.308576555448
0.377457831756
1.0
0.306893270166
0.377408561888
1.0
0.306790302628
0.377854407174
1.0
0.306790302628
0.377854407174
1.0
0.305838655915
0.378334864166
1.0
0.305785966146
0.378214322693
1.0
0.305504160178
0.37798612183
1.0
0.305433249596
0.378066858995
1.0
0.304934136891
0.378903521113
1.0
0.304874231562
0.378945818112
1.0
0.304348515406
0.379164279591
1.0
0.304330050063
0.379438751899
1.0
0.302954509283
0.378887385484
1.0
0.302954509283
0.378887385484
1.0
0.302917055471
0.37911786047
1.0
0.301916347115
0.37954404193
1.0
0.301914474247
0.379620699585
1.0
0.300260828446
0.378872898218
1.0
0.300225445814
0.37958931107
1.0
0.302273289341
0.380564592123
1.0
0.302311735543
0.380976728041
1.0
0.302311735543
0.380976728041
1.0
0.325539689252
0.389401348429
1.0
0.325518580479
0.390086529939
0.99
0.405337216762
0.425638489451
0.99
0.405200321939
0.426639355416
0.99
0.458265321496
0.451809584084
0.99
0.458222145579
0.452144989128
0.99
0.458222145579
0.452144989128
0.99
0.458222145579
0.452144989128
