1.0
0.392812975075
0.49273875217
1.0
0.383214250144
0.483395184136
1.0
0.383113844295
0.484391680594
1.0
0.377262069824
0.477785358063
1.0
0.377317407723
0.477689413568
1.0
0.372957738641
0.4703262537
1.0
0.372889500991
0.470813371477
1.0
0.374047554496
0.466183244388
1.0
0.37263340389
0.467710179614
1.0
0.37263340389
0.467710179614
1.0
0.375939487149
0.466091366891
0.99
0.371879107872
0.470641561261
0.99
0.373342687964
0.469879578783
1.0
0.372062792272
0.471070449072
1.0
0.372076479648
0.471413558296
1.0
0.37214686433
0.468134603348
1.0
0.37214686433
0.468134603348
0.994768074923
0.371714866888
0.46824778976
0.994768074923
0.372756853857
0.463329301155
1.0
0.372154578067
0.461074219197
1.0
0.372611702951
0.459405864388
1.0
0.37134626477
0.45566611001
1.0
0.371592441515
0.455111947598
1.0
0.371056021991
0.452787227352
1.0
0.371292421871
0.451805709021
1.0
0.371212519008
0.452054413305
1.0
0.371212519008
0.452054413305
1.0
0.371448504884
0.450922248427
1.0
0.372074786101
0.451480647358
1.0
0.372420558029
0.448535110065
1.0
0.372232038915
0.449149985298
1.0
0.372328724985
0.447504478282
1.0
0.372505286293
0.447129676391
1.0
0.372580318446
0.446855207849
1.0
0.372934238711
0.448072548659
1.0
0.372934238711
0.448072548659
1.0
0.372884033761
0.44830826744
1.0
0.373031360006
0.448208673392
1.0
0.373100864058
0.448050227227
1.0
0.373409262234
0.448463054304
1.0
0.3734465393
0.448555172948
1.0
0.373956647612
0.449280064912
1.0
0.373953621384
0.449651383068
1.0
0.374245618197
0.450290293087
1.0
0.374245618197
0.450290293087
1.0
0.374304485269
0.450350500301
1.0
0.374534202213
0.449929370682
1.0
0.374596493632
0.449391396268
1.0
0.374912945492
0.450302463356
1.0
0.374969884254
0.45013452117
1.0
0.375495332547
0.450026496241
1.0
0.375528890605
0.449990267987
1.0
0.375886063734
0.450585016648
1.0
0.375946213282
0.450442943591
1.0
0.375946213282
0.450442943591
1.0
0.376192460468
0.450476205924
1.0
0.376310755007
0.450224922354
1.0
0.376595567147
0.450308614827
1.0
0.376656837973
0.450569319193
1.0
0.376986443782
0.451050783658
1.0
0.377074721328
0.451158179335
1.0
0.379121873237
0.452618821325
1.0
0.379121873237
0.452618821325
1.0
0.379223478805
0.452351026771
1.0
0.390599532486
0.455733758984
1.0
0.390683613518
0.455540380033
0.99
0.42433066151
0.470822823061
0.99
0.424500755822
0.470488382665
0.99
0.460822635245
0.486534280973
0.99
0.460952724298
0.486538054129
0.99
0.460952724298
0.486538054129
0.99
0.494056770519
0.504461339347
0.99
0.495585694836
0.501558123428
0.99
0.52080059835
0.51278206742
0.99
0.526392864749
0.501670941192
0.99
0.540928570752
0.505240209149
0.99
0.549481370862
0.491552294046
0.99
0.552351461193
0.490018128108
0.99
0.563549764135
0.470655891472
0.99
0.561800672626
0.46715969367
0.99
0.561800672626
0.46715969367
0.99
0.571935004195
0.448783774865
0.99
0.570028201843
0.446444735863
0.99
0.577532348081
0.432026992763
0.99
0.576768952616
0.430960218567
0.904780973795
0.578112669628
0.427714804669
0.904780973795
0.577314135688
0.427710260623
0.93834591728
0.578580032971
0.425478397345
0.93834591728
0.578496470768
0.426808723749
0.93834591728
0.578496470768
0.426808723749
1.0
0.579191206266
0.424264072859
1.0
0.578107230248
0.423320124501
1.0
0.578854532807
0.421756170838
1.0
0.578613673228
0.422717997956
1.0
0.579021712906
0.42293624744
1.0
0.578994636913
0.423741584957
1.0
0.578820016975
0.42447864869
1.0
0.577738025737
0.423250398852
1.0
0.577738025737
0.423250398852
1.0
0.577518272381
0.424035069655
1.0
0.576708483462
0.423827194734
1.0
0.576595615783
0.424539364343
1.0
0.578623982221
0.427277720108
1.0
0.578672662946
0.427692894847
1.0
0.57784417675
0.42773334859
1.0
0.577820699389
0.42824816402
1.0
0.577167531206
0.42827773655
1.0
0.577167531206
0.42827773655
1.0
0.577100644764
0.428567637657
1.0
0.576404063111
0.42854770405
1.0
0.57628768822
0.429191150156
1.0
0.575829467722
0.429048382317
1.0
0.575724987834
0.429530350791
1.0
0.582841614514
0.433279432827
1.0
0.582720907517
0.433460990395
0.99
0.605510249668
0.451083102111
0.99
0.605510249668
0.451083102111
0.99
0.60539493015
0.451230642863
0.99
0.646118308013
0.488078983807
0.99
0.645942207462
0.488720845579
0.99
0.646773316203
0.487561889674
1.0
0.652851549783
0.493872941697
0.99
0.657281104428
0.488321959724
0.99
0.658258943219
0.494814919135
0.99
0.665235983113
0.488765417716
0.99
0.665235983113
0.488765417716
0.99
0.664193896628
0.488089833211
0.99
0.671437962131
0.483409545349
0.99
0.670361961633
0.482902487174
0.8893588909
0.671904263932
0.481843518445
0.8893588909
0.670829338998
0.481143887507
0.996260235866
0.671522979443
0.482143636184
0.996260235866
0.670931673941
0.48260103404
0.950138618701
0.671481169601
0.483460131171
0.950138618701
0.671481169601
0.483460131171
0.950138618701
0.670864616575
0.482800103276
1.0
0.670255323808
0.483749362431
1.0
0.669462257667
0.482668987695
0.977669921925
0.669407220885
0.483606514732
0.977669921925
0.669037336228
0.483796423459
0.988686266438
0.669536414122
0.483570316427
0.988686266438
0.669165060268
0.483306915286
0.988686266438
0.669165060268
0.483306915286
1.0
0.670023084463
0.482809648033
1.0
0.669690624541
0.48329816806
1.0
0.670306858604
0.483309973516
1.0
0.669884914282
0.482626006975
1.0
0.669777129322
0.482703558927
1.0
0.6692990025
0.482470288038
1.0
0.669333249572
0.48266975973
1.0
0.668803714609
0.482282230921
1.0
0.668269600649
0.483403395572
1.0
0.668269600649
0.483403395572
1.0
0.668135351208
0.483916219998
1.0
0.668064401058
0.484090152952
1.0
0.66782701995
0.483873856905
1.0
0.66765429
0.484252946946
1.0
0.667059110724
0.483440249244
1.0
0.666904475825
0.483779576759
1.0
0.666868962103
0.484932652536
1.0
0.666714413379
0.485322614128
1.0
0.666714413379
0.485322614128
1.0
0.666211454392
0.48542044487
1.0
0.666198673514
0.485423730993
1.0
0.665984645859
0.485607275435
1.0
0.665800095901
0.486130272662
1.0
0.665910805373
0.486491273277
1.0
0.665923030009
0.486508325677
1.0
0.665399694039
0.485912885601
1.0
0.665253855781
0.486260276987
1.0
0.665253855781
0.486260276987
1.0
0.664835615578
0.485933416882
1.0
0.664774321922
0.486143010567
1.0
0.664808828002
0.486119359014
1.0
0.66479057966
0.486292555627
1.0
0.664590432021
0.486241039302
1.0
0.664442572328
0.486489776149
1.0
0.664353946703
0.486699470043
1.0
0.664353946703
0.486699470043
1.0
0.664190482784
0.4872691357
1.0
0.664131523547
0.486707588461
1.0
0.664193151922
0.486130845226
1.0
0.664006559269
0.485519793252
1.0
0.66387295131
0.486054294963
1.0
0.662004713383
0.48350666915
1.0
0.662057596284
0.483736683802
0.99
0.648998111909
0.46908639006
0.99
0.648998111909
0.46908639006
0.99
0.649061923014
0.469014546013
0.99
0.626977983021
0.448334955843
0.99
0.626988584034
0.448598407277
0.99
0.60257443127
0.43226891127
0.99
0.602289836025
0.432419687976
0.99
0.576407523749
0.399901151465
0.99
0.572435658511
0.40308799748
0.99
0.553547579397
0.379715635228
