1.0
0.42029895462
0.450989958869
1.0
0.420236771656
0.451294912311
1.0
0.420167187656
0.450864747989
1.0
0.420235912841
0.451027730848
1.0
0.420492412525
0.451564664837
1.0
0.420446647768
0.45172679682
1.0
0.420415701548
0.451869356276
1.0
0.420443447907
0.452157444
1.0
0.420443447907
0.452157444
1.0
0.420428454032
0.452336128526
1.0
0.420337227852
0.452458577165
1.0
0.420397701327
0.45251559941
1.0
0.420349124707
0.452760124107
1.0
0.420364471807
0.452721820744
1.0
0.420339753674
0.45302600734
1.0
0.420420711118
0.453376127506
1.0
0.420420711118
0.453376127506
1.0
0.420543561069
0.453875700198
1.0
0.420594839501
0.453750062324
1.0
0.420545972852
0.454203097737
1.0
0.420595658292
0.454248420369
1.0
0.42055250976
0.454108715739
1.0
0.420524055677
0.453955076122
1.0
0.420520451219
0.454215178465
1.0
0.420598279403
0.454828248921
1.0
0.420537075826
0.45526915592
1.0
0.420537075826
0.45526915592
1.0
0.420708748406
0.455309325118
1.0
0.420694022019
0.455203749235
1.0
0.420913153071
0.454884171752
1.0
0.420715579843
0.455256087001
1.0
0.424327761765
0.456669358242
1.0
0.424169113353
0.457398602134
0.99
0.434445904672
0.461491666805
0.99
0.434445904672
0.461491666805
0.99
0.434494604375
0.461264808034
0.99
0.446285228783
0.466437875894
0.99
0.446340154955
0.466008313971
0.99
0.457737549997
0.469747624662
0.99
0.458897516689
0.46741586428
0.99
0.469025173163
0.470031500376
0.99
0.475374963394
0.455552594099
0.99
0.485304492076
0.461888713173
0.99
0.495014903409
0.442679815895
0.99
0.495014903409
0.442679815895
0.99
0.505797021314
0.447299603652
0.99
0.517120987178
0.42409856485
0.99
0.525558666835
0.425524506229
0.99
0.536861330072
0.400401167644
0.99
0.546034025721
0.405526120815
0.99
0.568288302483
0.36473692956
0.99
0.57428668489
0.3668795011
0.99
0.57428668489
0.3668795011
0.69477024913
0.575162320906
0.372636015411
0.69477024913
0.585154248314
0.352044815433
0.796478932358
0.58609667101
0.35205294158
0.796478932358
0.595674306351
0.333625216619
0.99
0.597162680523
0.331971387618
0.99
0.60602662732
0.31644273892
0.99
0.605684194191
0.317125201437
0.925797732724
0.607555203884
0.313796263735
0.925797732724
0.607555203884
0.313796263735
0.925797732724
0.607496805159
0.313358519867
1.0
0.610638558859
0.309877420794
1.0
0.610474782827
0.30974734902
1.0
0.610763865839
0.310120270517
1.0
0.610714946506
0.309968159163
1.0
0.610563245891
0.311121085862
1.0
0.610520901659
0.311423785766
1.0
0.610379969096
0.312084770477
1.0
0.610302171265
0.312203611258
1.0
0.610302171265
0.312203611258
1.0
0.610345081293
0.312079821189
1.0
0.610443991033
0.312189334997
1.0
0.610300394546
0.313490911905
1.0
0.610427344782
0.314105860294
1.0
0.610292254662
0.31462104996
1.0
0.610325941236
0.314938017393
1.0
0.610325941236
0.314938017393
1.0
0.60995684879
0.315961639803
1.0
0.610064994704
0.31625562131
1.0
0.609927168046
0.316971951516
1.0
0.60997126103
0.317218400701
1.0
0.609863113908
0.317792565731
1.0
0.60985860727
0.31776195659
1.0
0.609941713874
0.317939858264
1.0
0.60984716708
0.317950023071
1.0
0.609754986096
0.318227640249
1.0
0.609754986096
0.318227640249
1.0
0.609781834453
0.318557294885
1.0
0.609915270487
0.318671883996
1.0
0.609740871756
0.318442794032
1.0
0.609775772312
0.318513116127
1.0
0.609630006527
0.318228332766
1.0
0.609713596339
0.31843983786
1.0
0.609726489746
0.318672423144
1.0
0.609560119931
0.319345529902
1.0
0.609560119931
0.319345529902
1.0
0.60948371982
0.319310126561
1.0
0.609466260904
0.31910899198
1.0
0.609250042814
0.31909310708
1.0
0.60945048856
0.319509063556
1.0
0.609408578085
0.319366755024
1.0
0.609526885554
0.318747440639
1.0
0.609350897119
0.31879082564
1.0
0.60932585994
0.319160067568
1.0
0.60932585994
0.319160067568
1.0
0.609415234735
0.319307792699
1.0
0.60942151887
0.319270560139
1.0
0.609345039924
0.319129165462
1.0
0.609128985231
0.319789577508
1.0
0.60903448471
0.319933577181
1.0
0.609107839803
0.319675881338
1.0
0.609017562707
0.319499896269
1.0
0.609059557339
0.319757536835
1.0
0.608827680562
0.319788383052
1.0
0.608827680562
0.319788383052
1.0
0.608755495378
0.319876750172
1.0
0.608549612397
0.319700396223
1.0
0.608534553381
0.319856447386
1.0
0.608663424912
0.320142874512
1.0
0.60830336335
0.32085244211
1.0
0.612052808629
0.323642182198
1.0
0.612052808629
0.323642182198
1.0
0.612017645629
0.324084743239
0.99
0.625537977285
0.337519562904
0.99
0.625495463238
0.337683211652
0.99
0.625495463238
0.337683211652
0.688210496308
0.657544648531
0.370596428743
0.688210496308
0.657462992837
0.370718132173
0.688210496308
0.659062549064
0.368142687522
0.688210496308
0.665575412884
0.355628281215
0.688210496308
0.675731486137
0.338768898278
0.689201222359
0.676794727959
0.339696855513
0.689201222359
0.688937685816
0.31931833285
0.64487914761
0.68697943793
0.317219330931
0.64487914761
0.68697943793
0.317219330931
0.64487914761
0.688454839903
0.315509120028
0.725600775965
0.68673597988
0.313650571291
0.725600775965
0.689839890663
0.307128396108
0.818082184417
0.691331530638
0.308558349742
0.818082184417
0.693402790496
0.305783565853
0.67147091304
0.691404681732
0.303603026072
0.67147091304
0.69171864341
0.303473378034
0.67147091304
0.69171864341
0.303473378034
0.804632570971
0.693170479814
0.304873325692
0.804632570971
0.692930706185
0.303891922059
0.727778635629
0.690900975769
0.301679551492
0.727778635629
0.691233608629
0.300149627096
0.801511011888
0.692652810834
0.301515355319
0.801511011888
0.692500925524
0.301332008504
0.60227587226
0.690439669575
0.299087191027
0.60227587226
0.689714156299
0.298596472872
0.60227587226
0.689714156299
0.298596472872
0.69443338677
0.691103280043
0.299925267062
0.69443338677
0.691615333959
0.29978664936
0.640965235561
0.69308539437
0.306336390143
0.640965235561
0.702418667825
0.303747652369
0.60754910305
0.700352083645
0.301074381328
0.60754910305
0.700568555217
0.300758987243
0.775971755639
0.701900287602
0.302144360587
0.775971755639
0.70197277956
0.303033469235
0.72847602529
0.699904605386
0.300784324675
0.72847602529
0.699904605386
0.300784324675
0.72847602529
0.700327339229
0.301095126532
0.835468059895
0.701624757228
0.302443920725
0.835468059895
0.701618125853
0.302328166253
0.68698894658
0.70266063556
0.303407355298
0.68698894658
0.702923050087
0.303983768739
0.757227987055
0.70082937249
0.301702336647
0.757227987055
0.700971426697
0.301863692496
0.84609807156
0.702239314066
0.30318384726
0.84609807156
0.702239314066
0.30318384726
0.84609807156
0.702387142629
0.303318391095
1.0
0.702094557216
0.300845149365
1.0
0.702283203904
0.301364746409
0.601249739126
0.7002513475
0.299298605783
0.601249739126
0.700622063946
0.29857303448
0.838858977019
0.701842545494
0.299815389286
0.838858977019
0.701991696119
0.300008065163
0.838858977019
0.701991696119
0.300008065163
0.711631902106
0.702956764968
0.300979644656
0.711631902106
0.703200811107
0.300897506284
0.617877443575
0.701034595446
0.29850549633
0.617877443575
0.70122029341
0.298594004985
0.894793107154
0.702409363738
0.299805403886
0.894793107154
0.702498186571
0.299800773436
0.694892203013
0.703432056186
0.300740825211
0.694892203013
0.703548535001
0.300837187098
0.602110381173
0.701353644789
0.298411975892
0.602110381173
0.701353644789
0.298411975892
0.602110381173
0.70155884836
0.298068885257
0.830223646737
0.702716375395
0.299248307378
0.830223646737
0.70282152475
0.299266048709
0.6946470949
0.703723813688
0.30017364101
0.6946470949
0.704009339611
0.29967962849
1.0
0.703857852214
0.300369594044
1.0
0.704042216104
0.299826750383
1.0
0.704042216104
0.299826750383
1.0
0.704463251103
0.299399877079
1.0
0.704422357591
0.299001476162
1.0
0.704510192633
0.298878066104
1.0
0.704366142181
0.298750826375
1.0
0.704140806448
0.299578280011
0.696067008319
0.705093645495
0.300550614011
0.696067008319
0.705372715112
0.30024431104
0.684964505489
0.703115767409
0.297750729107
0.684964505489
0.703234498136
0.297191322445
0.684964505489
0.703234498136
0.297191322445
0.881629799373
0.704319302559
0.298310842821
0.881629799373
0.704131501186
0.299399106588
1.0
0.704170379743
0.29968810617
1.0
0.703957509794
0.299779654694
1.0
0.703984877734
0.299962531604
1.0
0.704072110807
0.299579819712
1.0
0.70402618099
0.299569392028
1.0
0.70402618099
0.299569392028
1.0
0.704280400203
0.299632168305
0.686627505624
0.705161890491
0.300534048678
0.686627505624
0.705162646733
0.300351846221
0.633301970045
0.702848758798
0.297807429678
0.633301970045
0.70282818507
0.297864643071
0.799556273923
0.703854700789
0.298929248012
0.799556273923
0.703668606813
0.298806155462
0.642870092025
0.704440268585
0.29959701018
0.642870092025
0.704440268585
0.29959701018
0.642870092025
0.704750160303
0.299462120483
0.64078929708
0.70417525605
0.298711963762
0.64078929708
0.704078780294
0.298735159791
0.64078929708
0.704063516588
0.298716231883
0.64078929708
0.704225040997
0.298555806718
0.652870694254
0.704965112377
0.299314668755
0.652870694254
0.704965112377
0.299314668755
0.652870694254
0.704959921507
0.299834557616
1.0
0.703592229771
0.296936132771
1.0
0.703640545564
0.295903628238
1.0
0.703461755723
0.296726522623
0.6236428671
0.704408291731
0.297800750914
0.6236428671
0.704482792093
0.297417675593
0.6236428671
0.704482792093
0.297417675593
0.6236428671
0.704482792093
0.297417675593
