0.99
0.400014508703
0.611908171613
0.99
0.400014508703
0.611908171613
0.99
0.390078793246
0.628619330744
0.99
0.387662470751
0.625941819879
1.0
0.384875651243
0.632450776111
1.0
0.386843006858
0.632590286797
1.0
0.38538404562
0.635528230244
1.0
0.389001054898
0.637711304853
1.0
0.390119787663
0.635966447229
1.0
0.393478323246
0.637618750302
1.0
0.393478323246
0.637618750302
1.0
0.394123178159
0.636533035757
1.0
0.396502049338
0.637431871714
1.0
0.39637018294
0.636548108914
1.0
0.399687455751
0.638196831012
1.0
0.400813492898
0.636341366455
1.0
0.404649046566
0.638859418872
1.0
0.406665270897
0.636593688487
1.0
0.409896955426
0.63806107609
1.0
0.409896955426
0.63806107609
1.0
0.411815330446
0.635251996729
1.0
0.416324915546
0.637607388674
1.0
0.418744822086
0.634219077287
1.0
0.422661285847
0.636264864119
1.0
0.424741097702
0.633238354857
1.0
0.429377675195
0.636311688753
1.0
0.431803580689
0.632878354335
1.0
0.436043770941
0.636096396689
1.0
0.436043770941
0.636096396689
1.0
0.438608799201
0.632647626379
1.0
0.443784042754
0.637510528357
1.0
0.446529578213
0.634240261683
1.0
0.451835391444
0.637486420933
1.0
0.454614115796
0.63454747413
1.0
0.459243145188
0.638274019775
1.0
0.46224594181
0.635955279242
1.0
0.467273116847
0.639423422491
1.0
0.467273116847
0.639423422491
1.0
0.470220636029
0.637065220433
1.0
0.474495328234
0.640329846763
1.0
0.477677545429
0.637815589857
1.0
0.482493933064
0.640851065484
1.0
0.485476677019
0.639318935568
1.0
0.489688020326
0.641894020975
1.0
0.492774178759
0.639591857516
1.0
0.496854978328
0.642398335974
1.0
0.496854978328
0.642398335974
1.0
0.499931081346
0.640704038331
1.0
0.503591077222
0.643951759144
1.0
0.506612789779
0.641753152828
1.0
0.510714679668
0.644163002667
1.0
0.513460800544
0.643037510201
1.0
0.516251948216
0.645798848027
1.0
0.519077159759
0.643838670402
1.0
0.519077159759
0.643838670402
1.0
0.523012937782
0.645768978415
1.0
0.525494430903
0.644376525528
1.0
0.528495495043
0.646861290499
1.0
0.531324914624
0.645345980501
1.0
0.528031410775
0.644123526247
1.0
0.530692870816
0.642813098632
1.0
0.524510324669
0.640875099328
1.0
0.525856525103
0.639594276513
1.0
0.524851637737
0.637103298376
1.0
0.524851637737
0.637103298376
1.0
0.519751755957
0.641746530295
1.0
0.523064961296
0.645115872417
1.0
0.518704741589
0.647761043363
1.0
0.521075015336
0.649231757959
1.0
0.524394176712
0.647431889326
1.0
0.52620891264
0.648322631338
1.0
0.528545790375
0.648243664651
1.0
0.529807502181
0.649155905762
1.0
0.529807502181
0.649155905762
1.0
0.531444560176
0.64891226975
1.0
0.533160404983
0.650846246665
1.0
0.534549684232
0.650452220954
1.0
0.535955527821
0.650915391506
1.0
0.537211210235
0.650637418866
1.0
0.538645002049
0.652984819743
1.0
0.539721788139
0.652690693164
1.0
0.539721788139
0.652690693164
1.0
0.540725223203
0.653131311778
1.0
0.541987032125
0.652449454887
1.0
0.543594590025
0.654911449707
1.0
0.544576622946
0.655266007743
1.0
0.545105114978
0.656616889355
1.0
0.545613178777
0.657513320209
1.0
0.546135705323
0.659228105444
1.0
0.54693802071
0.659267164094
1.0
0.547247483129
0.660179957952
1.0
0.547247483129
0.660179957952
1.0
0.547755614201
0.661229194982
1.0
0.54791109234
0.662432965994
1.0
0.548564999617
0.662649713918
1.0
0.548553036136
0.663708212963
1.0
0.54876001732
0.664809122088
1.0
0.548760169325
0.666298838181
1.0
0.548937531393
0.667439853492
1.0
0.54874105794
0.668793426687
1.0
0.54874105794
0.668793426687
