1.0
0.5331681244
0.704058750101
0.864638602882
0.53315014478
0.703987325501
0.864638602882
0.532898198312
0.703961180619
0.974646643393
0.532894794453
0.703977479064
0.974646643393
0.533114726646
0.704180518891
1.0
0.533123616385
0.704206653843
1.0
0.532753450055
0.704113697784
1.0
0.532753450055
0.704113697784
1.0
0.532752751928
0.704113571342
1.0
0.532642641112
0.703762144085
1.0
0.532648278114
0.703829235286
1.0
0.532867230387
0.703995320742
0.976087278602
0.532862623827
0.70397214103
0.976087278602
0.53240828784
0.703788479593
0.985895877249
0.532411592053
0.703713439776
0.985895877249
0.53182049712
0.702824652458
0.985895877249
0.53182049712
0.702824652458
0.895387708084
0.531814432999
0.702950916121
0.895387708084
0.532237230187
0.702534250224
1.0
0.532229336458
0.702434767184
1.0
0.532432971985
0.702852289532
0.935012998115
0.532427361795
0.702789971847
0.935012998115
0.532141755546
0.702554308339
1.0
0.532141842646
0.702602109213
1.0
0.531817962477
0.702084356352
1.0
0.531817962477
0.702084356352
1.0
0.531832866756
0.702147312289
1.0
0.532091103972
0.7022886039
1.0
0.532093535535
0.702254785849
1.0
0.532112302578
0.702211981933
1.0
0.532105327136
0.702178273876
1.0
0.531675147071
0.701681467813
1.0
0.531674098733
0.70170526314
1.0
0.531454871433
0.701824871488
1.0
0.531454871433
0.701824871488
1.0
0.531436414388
0.701801155086
1.0
0.532717884048
0.701613562484
0.99200171188
0.532731101505
0.701665097828
0.99200171188
0.532040030899
0.700844072266
1.0
0.532056122487
0.700780544271
1.0
0.532001532437
0.701456440462
1.0
0.531992288605
0.701513865197
1.0
0.531271783752
0.70150230655
1.0
0.531271783752
0.70150230655
1.0
0.531279237049
0.701464497551
1.0
0.53148898471
0.701068518277
1.0
0.531487960205
0.701073196147
1.0
0.530936748596
0.700489331192
1.0
0.530919600504
0.700481780255
1.0
0.530574483402
0.700579207073
0.919155176337
0.530582504092
0.700667419463
0.919155176337
0.530018307361
0.70030844648
0.919155176337
0.530018307361
0.70030844648
1.0
0.530011594307
0.700245552592
1.0
0.531349321636
0.699889780299
1.0
0.531365733467
0.699876354404
1.0
0.530879816017
0.699942098508
1.0
0.530874674813
0.699941962961
1.0
0.529256124237
0.699366480492
1.0
0.529270458085
0.699364226557
1.0
0.528771009473
0.699272872982
1.0
0.528771009473
0.699272872982
1.0
0.528759644445
0.699254502325
1.0
0.528777285116
0.69914271304
1.0
0.528752795811
0.699082389279
1.0
0.528644724402
0.698682446821
1.0
0.528637026843
0.698684438577
1.0
0.527897205962
0.697989978549
0.972505758524
0.527900231071
0.697976262624
0.972505758524
0.52768388785
0.696785804491
0.972505758524
0.52768388785
0.696785804491
0.921645393597
0.527667280286
0.696688946861
0.921645393597
0.527212886056
0.69680500845
0.960732622179
0.527223353701
0.696842227606
0.960732622179
0.526477277363
0.697123372013
0.962981599662
0.526485943971
0.697244600491
0.962981599662
0.526172794619
0.695680085127
1.0
0.526154856135
0.695650983404
1.0
0.526154856135
0.695650983404
1.0
0.526014379535
0.695477832103
0.87748624873
0.526009928011
0.695340804161
0.87748624873
0.525417537355
0.694811981071
0.923619585084
0.525428820433
0.694964662497
0.923619585084
0.525098193737
0.695141039151
1.0
0.525102602304
0.695029533199
1.0
0.524908244138
0.693407001034
0.918536183377
0.524893541272
0.693337035616
0.918536183377
0.524660602429
0.694030335869
0.918536183377
0.524660602429
0.694030335869
0.87220029476
0.524635001761
0.693993448266
0.87220029476
0.525056304367
0.693734525286
0.911236690148
0.525071227222
0.693712100849
0.911236690148
0.524811977587
0.693420799765
1.0
0.524823562839
0.6934482346
1.0
0.523145839457
0.693737230098
1.0
0.523145839457
0.693737230098
1.0
0.523127254068
0.693855145011
1.0
0.523158607447
0.693511281381
0.959064992287
0.523156938241
0.69338913292
0.959064992287
0.522788301568
0.692831428472
1.0
0.522799728758
0.692897070872
1.0
0.52166963316
0.692241126984
1.0
0.521668430796
0.692247710869
1.0
0.521495672067
0.692534198672
1.0
0.521482173157
0.692507059071
1.0
0.521203565655
0.693204819906
1.0
0.521203565655
0.693204819906
0.942641265438
0.52118650607
0.693186667056
0.942641265438
0.52412317651
0.692494748403
0.961416186941
0.524118190682
0.692623538048
0.961416186941
0.529049313857
0.696335560295
1.0
0.529054648267
0.696291515323
1.0
0.531641025767
0.699871092558
1.0
0.531641025767
0.699871092558
1.0
0.531657920993
0.699922340144
1.0
0.531111267496
0.700019606261
1.0
0.531213146302
0.699939038616
1.0
0.530137335685
0.699037049767
1.0
0.530151531111
0.699151633176
1.0
0.529773703671
0.698462663658
1.0
0.529759971704
0.698535485827
1.0
0.529549434014
0.698763526858
1.0
0.529551129162
0.698740883974
1.0
0.5288690864
0.698614171397
1.0
0.5288690864
0.698614171397
1.0
0.52886213561
0.698561804534
1.0
0.528524606169
0.698361904749
0.92666522368
0.528516234151
0.698316943894
0.92666522368
0.528432479142
0.698411431862
0.875468784234
0.528412661045
0.698445323157
0.875468784234
0.528161757366
0.699002258077
1.0
0.528178548347
0.699053772255
1.0
0.527299704441
0.699522985694
1.0
0.527299704441
0.699522985694
1.0
0.527294131474
0.699581139837
1.0
0.526848567704
0.699691964073
1.0
0.526856178134
0.699670430535
1.0
0.526782297366
0.699303680406
1.0
0.526745157644
0.699307165615
1.0
0.526007377875
0.69905733418
1.0
0.526001601366
0.699114363108
1.0
0.526001601366
0.699114363108
1.0
0.525340358789
0.69891209903
0.980553640105
0.525335157773
0.698935303261
0.980553640105
0.526334120799
0.700449870226
1.0
0.526342656404
0.700414769676
1.0
0.525570631413
0.701373825811
0.910886542804
0.525545360434
0.701330650218
0.910886542804
0.524908214441
0.70163949836
1.0
0.524915797933
0.701720967347
1.0
0.525362834946
0.70287325405
1.0
0.525362834946
0.70287325405
1.0
0.525334771209
0.70292551847
1.0
0.525192149937
0.703723688024
1.0
0.525197828417
0.703745059485
1.0
0.525085099506
0.70390303374
1.0
0.525074180073
0.703893466564
1.0
0.525034740845
0.704374513967
0.944957714935
0.525018508773
0.704314587108
0.944957714935
0.525018508773
0.704314587108
0.944957714935
0.524914775363
0.706022521228
0.94025151575
0.524904636082
0.70610186876
0.94025151575
0.525196666164
0.706454382699
1.0
0.525202630559
0.70654145518
1.0
0.524834471904
0.70645355943
0.836165757172
0.524810715467
0.7064285066
0.836165757172
0.524656689125
0.705827002278
1.0
0.524669054685
0.705863535662
1.0
0.524669054685
0.705863535662
1.0
0.524166414141
0.705152479988
1.0
0.52416560325
0.705135712742
1.0
0.523759350831
0.705104708643
1.0
0.523784739394
0.705144838813
1.0
0.523742132375
0.704767154432
0.923566418048
0.523715530557
0.70466044237
0.923566418048
0.523423933584
0.703912908007
1.0
0.523424948947
0.704002160221
1.0
0.524254360146
0.705824778011
1.0
0.524254360146
0.705824778011
1.0
0.524246325474
0.705824954552
1.0
0.523682802095
0.70436867352
1.0
0.523679622567
0.70432998532
1.0
0.523416829287
0.704118970115
1.0
0.523428060572
0.704103505509
1.0
0.52331051337
0.703940314501
1.0
0.523295811641
0.703949571969
1.0
0.523295811641
0.703949571969
1.0
0.523204392939
0.703459427641
1.0
0.523226913323
0.703471210832
1.0
0.523672744027
0.704246218947
1.0
0.523669448508
0.704293543486
1.0
0.522868012404
0.703976935845
1.0
0.522873699765
0.703942779917
1.0
0.523005731148
0.704312349831
0.891810903182
0.522977308058
0.704224468646
0.891810903182
0.523187999081
0.704039735379
0.891810903182
0.523187999081
0.704039735379
1.0
0.523188254908
0.704120778159
1.0
0.522265281262
0.703846218596
0.985871591575
0.522262449359
0.703814906532
0.985871591575
0.522955294932
0.703017079285
0.968924900825
0.522956567198
0.703117832857
0.968924900825
0.522606966034
0.703702433609
1.0
0.52260665162
0.703636975089
1.0
0.522189046453
0.70308200879
1.0
0.522189046453
0.70308200879
1.0
0.522201966991
0.703085067168
1.0
0.522370618464
0.703988542303
1.0
0.522365669332
0.704019740288
1.0
0.521764960977
0.703646552046
1.0
0.521753822917
0.703592735315
1.0
0.521744611852
0.70385558775
1.0
0.521722194913
0.703890096745
