1.0
0.540247379906
0.493462269831
1.0
0.539879621789
0.494592756722
1.0
0.539910428967
0.494865614222
1.0
0.539910428967
0.494865614222
1.0
0.540008965353
0.495439093748
1.0
0.539987706664
0.495326388092
1.0
0.539898759028
0.494703306659
1.0
0.540043111971
0.495537831933
1.0
0.540031406191
0.495473910115
1.0
0.540135256855
0.496114735257
1.0
0.540426397197
0.495432135989
1.0
0.540371064651
0.494918757718
1.0
0.540313039167
0.49523819414
1.0
0.540313039167
0.49523819414
1.0
0.540355945886
0.495338406564
1.0
0.54042450306
0.495832759951
1.0
0.540701299477
0.496697226741
1.0
0.540681601633
0.496534939233
1.0
0.540748587915
0.496819935227
1.0
0.540487192161
0.495465659571
1.0
0.540432346752
0.495189044395
1.0
0.540432346752
0.495189044395
1.0
0.540426092588
0.495010176072
1.0
0.540426092588
0.495010176072
1.0
0.54013911076
0.496137616447
1.0
0.540130917384
0.496095396345
1.0
0.540176187293
0.496393229259
1.0
0.540132376111
0.496095363338
1.0
0.540132376111
0.496095363338
1.0
0.540186294166
0.496290048769
1.0
0.540198607393
0.496467163873
1.0
0.54033995497
0.497218567732
1.0
0.540212396301
0.496377975031
1.0
0.540275608395
0.496759159227
1.0
0.539726848592
0.496107498819
1.0
0.539855517845
0.496800339782
1.0
0.543087149311
0.504111708926
1.0
0.543087149311
0.504111708926
1.0
0.542998902762
0.50360445061
1.0
0.543044343503
0.503932844735
1.0
0.543139672495
0.504505370973
1.0
0.543120709884
0.504370624702
1.0
0.543146910844
0.504458516702
1.0
0.543246129053
0.505301786923
1.0
0.543326288052
0.505719143654
1.0
0.543272189286
0.505484226633
1.0
0.543272189286
0.505484226633
1.0
0.543272189286
0.505484226633
1.0
0.543728140707
0.499689322369
1.0
0.543958200037
0.500297352618
1.0
0.543958200037
0.500297352618
1.0
0.543782354364
0.501133266255
1.0
0.546579474332
0.508102381948
1.0
0.546609114675
0.508112190223
1.0
0.546723808157
0.508599327212
1.0
0.546749500771
0.50838035707
1.0
0.546908704205
0.5089393401
1.0
0.54681738603
0.508301486421
1.0
0.54694493927
0.508955744067
1.0
0.54694493927
0.508955744067
1.0
0.546964851725
0.508890476771
1.0
0.551302146209
0.514474959152
1.0
0.551280368531
0.514175085246
1.0
0.551527937638
0.515661857823
1.0
0.550653700672
0.515167832756
1.0
0.550661671154
0.515021032744
1.0
0.550680279677
0.515091124483
1.0
0.548691071228
0.51271784438
1.0
0.548800002736
0.513376934346
1.0
0.548888384587
0.513882037012
1.0
0.548888384587
0.513882037012
1.0
0.548374099359
0.514107087005
1.0
0.548530047702
0.514956105001
1.0
0.548414258363
0.514291386276
1.0
0.548414258363
0.514291386276
1.0
0.548414258363
0.514291386276
1.0
0.548891157253
0.509449435947
1.0
0.5482943455
0.510028774951
1.0
0.548448233515
0.510072385311
1.0
0.547928601889
0.51020842564
1.0
0.547928601889
0.51020842564
1.0
0.547914073846
0.510496007197
0.610854927148
0.489043433516
0.450854957264
0.610854927148
0.489297330193
0.451768305718
0.610854927148
0.489523101147
0.452620306123
0.610854927148
0.489638773861
0.453052322126
0.610854927148
0.489840029638
0.453788373103
0.610854927148
0.489845050364
0.453775909
0.610854927148
0.490014429548
0.454432120068
0.610854927148
0.490014429548
0.454432120068
0.610854927148
0.490010574149
0.454389009736
1.0
0.546047183733
0.516809668298
1.0
0.546147055206
0.517475844766
1.0
0.545143100338
0.515795010234
1.0
0.545143100338
0.515795010234
1.0
0.545201177022
0.516183837646
1.0
0.545131333081
0.516109541124
1.0
0.544995319948
0.515190787117
1.0
0.545084184018
0.51576137395
1.0
0.545080855321
0.515859365472
1.0
0.545033083356
0.515509503576
1.0
0.545033083356
0.515509503576
1.0
0.544727483912
0.516834592639
1.0
0.544768598386
0.517130417408
1.0
0.544701329735
0.516808976402
1.0
0.544729433176
0.517049474953
1.0
0.544729433176
0.517049474953
1.0
0.544721373312
0.516921687642
1.0
0.544801428111
0.51738011611
1.0
0.544815205076
0.517461381961
1.0
0.544760828433
0.517140136255
1.0
0.544201386326
0.513222677066
1.0
0.544241649905
0.513510908637
1.0
0.544241649905
0.513510908637
1.0
0.545325849377
0.511708065976
1.0
0.545325849377
0.511708065976
1.0
0.545154514397
0.511658243673
1.0
0.545626260294
0.511798386963
1.0
0.54549912147
0.511928998173
1.0
0.545561589014
0.512577670779
1.0
0.54659079886
0.520419180417
1.0
0.54659079886
0.520419180417
1.0
0.546526075915
0.519672251766
1.0
0.546700399835
0.520747823702
1.0
0.546672291461
0.520404067808
1.0
0.54676204841
0.520483494215
1.0
0.546767154211
0.520582102316
1.0
0.546816311557
0.520644697281
1.0
0.546771675266
0.520267257577
1.0
0.549294971104
0.521072053043
1.0
0.549294971104
0.521072053043
1.0
0.549321311489
0.521164687463
1.0
0.549394850089
0.521611858377
1.0
0.547107807761
0.512359923926
1.0
0.546924160869
0.51098786331
1.0
0.546924160869
0.51098786331
1.0
0.549640301272
0.51625669614
1.0
0.549590917275
0.514220633554
1.0
0.549590917275
0.514220633554
1.0
0.545622444884
0.503081663869
1.0
0.538005632985
0.482592773261
0.965147525794
0.537269935605
0.450997331611
0.965147525794
0.534648931265
0.438733611947
0.965147525794
0.534462787418
0.437482859231
0.965147525794
0.535133861788
0.440592477856
0.965147525794
0.534914751165
0.440241854917
0.965147525794
0.534899845098
0.439925197786
0.965147525794
0.534948564676
0.440559299247
0.965147525794
0.534948564676
0.440559299247
0.965147525794
0.534973130042
0.440789776459
0.965147525794
0.534973130042
0.440789776459
0.915255309003
0.537788593809
0.443736735556
0.915255309003
0.537890641426
0.444352446154
0.915255309003
0.537751766241
0.443683563139
0.915255309003
0.53773369914
0.443632705928
0.915255309003
0.537738734326
0.443823744699
0.915255309003
0.537688849282
0.443819677229
0.915255309003
0.53768101666
0.44391671995
0.915255309003
0.537798986937
0.444402165152
0.915255309003
0.537798986937
0.444402165152
0.915255309003
0.537798986937
0.444402165152
1.0
0.543967274547
0.459475705261
1.0
0.543839657975
0.45952208901
1.0
0.54403319831
0.458705677833
1.0
0.54398944961
0.459005892186
1.0
0.54398944961
0.459005892186
1.0
0.544504849608
0.45844993533
1.0
0.544202284223
0.458627286869
1.0
0.544379769623
0.459076000245
1.0
0.544351681386
0.458275104727
1.0
0.544351681386
0.458275104727
1.0
0.544849279455
0.459007747195
1.0
0.545260074183
0.458388369764
1.0
0.545248950582
0.457992559491
0.99
0.69192417391
0.599967138277
0.99
0.692095819808
0.599650052879
0.99
0.692152184032
0.59937680336
0.99
0.692152184032
0.59937680336
0.99
0.692194845447
0.598965549392
0.99
0.692369926184
0.598781250716
0.99
0.693313315382
0.597048173811
0.99
0.700756508497
0.586777973623
0.99
0.714120858706
0.568906747153
0.99
0.729278715271
0.603223998626
0.99
0.743708376293
0.589901788797
0.99
0.757423602873
0.610695728392
0.99
0.770299076005
0.599918286425
0.99
0.782452525975
0.589295469236
0.99
0.782452525975
0.589295469236
0.907716286686
0.784746456201
0.587188364413
0.907716286686
0.784076945207
0.583602728121
0.864844781416
0.787812813813
0.57936998097
0.887788091253
0.789992575163
0.576963921006
0.975586728064
0.790888010835
0.57606796801
0.975586728064
0.790814062485
0.576185859099
0.975586728064
0.790814062485
0.576185859099
1.0
0.793336507755
0.57344594455
1.0
0.793370416444
0.572961666584
1.0
0.796229239496
0.569246272046
1.0
0.795960334203
0.568079645643
1.0
0.79600387099
0.568140547933
1.0
0.795890622068
0.567806437096
1.0
0.796337365236
0.56715118275
1.0
0.796193587495
0.565952451913
1.0
0.796193587495
0.565952451913
1.0
0.796105238625
0.566187872736
1.0
0.796111915922
0.565429587562
1.0
0.796322628764
0.565304332167
1.0
0.79640799002
0.56605399513
1.0
0.796625479498
0.565858905852
1.0
0.79669660525
0.56545814275
1.0
0.796771732608
0.564988249544
1.0
0.796763304108
0.565117229872
1.0
0.797082090102
0.564696512147
1.0
0.683542146659
0.476399266567
1.0
0.683542146659
0.476399266567
1.0
0.684083473649
0.475300307055
1.0
0.68380807277
0.474444283838
1.0
0.683583845705
0.475261053529
1.0
0.683363654723
0.475185152121
1.0
0.683720661419
0.474525539214
1.0
0.683096721659
0.473682532521
1.0
0.682883898585
0.473002364731
1.0
0.682883898585
0.473002364731
1.0
0.682898551786
0.473263751693
1.0
0.682661858221
0.474560512662
1.0
0.682489060379
0.474216286213
1.0
0.682354620313
0.473398303175
1.0
0.682308041786
0.47286708197
1.0
0.6822579042
0.473559798447
1.0
0.681583962129
0.473473832744
1.0
0.681583962129
0.473473832744
1.0
0.681102180907
0.473845187482
1.0
0.680951499491
0.473588913757
1.0
0.681047356997
0.473381191306
1.0
0.68047857794
0.472968745232
1.0
0.68013528413
0.474072481159
1.0
0.67980635891
0.474613306201
1.0
0.679587107532
0.475051807658
1.0
0.679130385737
0.474247365708
1.0
0.678735354394
0.474820276461
1.0
0.678735354394
0.474820276461
1.0
0.678372903997
0.475059633916
1.0
0.677899632944
0.476189715044
1.0
0.67798966357
0.476556530585
1.0
0.677666558714
0.477438706337
1.0
0.676949626302
0.477344931439
1.0
0.676552431326
0.478057654114
1.0
0.676287368407
0.478378233028
1.0
0.676287368407
0.478378233028
1.0
0.676002981313
0.479412710858
1.0
0.675328252777
0.479236005847
1.0
0.675053704902
0.479056939317
1.0
0.674471481873
0.478681526985
1.0
0.674255321539
0.480013663138
1.0
0.674091002699
0.479724289971
1.0
0.673585698695
0.480208952609
1.0
0.673078416472
0.479543135982
1.0
0.672601478626
0.479936362512
1.0
0.672583875978
0.480657310329
1.0
0.672583875978
0.480657310329
1.0
0.672406669063
0.481627063282
1.0
0.671617758172
0.48083342823
1.0
0.671477796379
0.480854545282
1.0
0.671515051416
0.481343000776
1.0
0.671316932013
0.481454935371
1.0
0.67120541193
0.48114058515
1.0
0.670965241055
0.481201182388
1.0
0.670965241055
0.481201182388
1.0
0.670755253016
0.481622178921
1.0
0.670726971333
0.482367980011
1.0
0.670502413165
0.482711563977
1.0
0.670402735214
0.483361670659
1.0
0.670419921681
0.482884426239
1.0
0.670810067601
0.483177142505
1.0
0.670837332615
0.483854258805
1.0
0.670837332615
0.483854258805
1.0
0.670218912688
0.483015459475
1.0
0.670486812386
0.483035683443
1.0
0.670590730091
0.48356676818
1.0
0.670328688336
0.48361824122
1.0
0.670461122408
0.483017483711
1.0
0.671335643256
0.483929515938
1.0
0.671215106661
0.484836896341
1.0
0.671187083103
0.484266307542
1.0
0.671187083103
0.484266307542
1.0
0.671568574589
0.483761336127
1.0
0.671258820306
0.482962526298
1.0
0.671112158048
0.48354858193
1.0
0.669313097457
0.478751868289
1.0
0.669481626467
0.478199621468
0.99
0.656227010909
0.447241346834
0.99
0.656234074052
0.44640045502
0.99
0.652451671566
0.443987609005
0.99
0.652451671566
0.443987609005
1.0
0.649971489346
0.439146349319
1.0
0.647452546448
0.433028479158
1.0
0.646977820892
0.432157134229
0.99
0.643129778863
0.420549874802
0.99
0.643528979948
0.420307355969
1.0
0.643840958891
0.419124605925
1.0
0.644552029611
0.418157630771
1.0
0.644681967558
0.419805196563
1.0
0.644681967558
0.419805196563
1.0
0.643824246169
0.419367078527
1.0
0.644059263818
0.419089068873
1.0
0.644701845062
0.41920391821
1.0
0.644977454902
0.41821251234
1.0
0.64479597709
0.417617819249
1.0
0.644700079734
0.417435592629
1.0
0.644743556682
0.417368526229
1.0
0.644750560131
0.41627553322
1.0
0.644887031506
0.416163328133
1.0
0.644887031506
0.416163328133
1.0
0.644987670202
0.417120649644
1.0
0.645360979103
0.41785288878
1.0
0.645420749236
0.4173140315
1.0
0.644617970135
0.416049779722
1.0
0.644273175274
0.417380131744
1.0
0.644172756212
0.418156458743
1.0
0.644168368449
0.418180910363
1.0
0.644168368449
0.418180910363
1.0
0.644437953498
0.418968870287
1.0
0.644318035681
0.418832142268
1.0
0.644278805282
0.418168424287
1.0
0.644711087806
0.416393808239
1.0
0.644378511616
0.416276228683
1.0
0.643920741304
0.418528610374
1.0
0.644243301188
0.418727041913
1.0
0.64404146921
0.418711626948
1.0
0.64485892393
0.41811200796
1.0
0.64485892393
0.41811200796
1.0
0.645046889686
0.417516212785
0.99
0.656952579422
0.419928272325
0.99
0.657053581674
0.419813049609
0.99
0.669321842216
0.422402180831
0.99
0.671447363752
0.418202542649
0.99
0.683950031795
0.422218121002
0.99
0.693958807881
0.395616153793
0.99
0.693958807881
0.395616153793
0.99
0.716166845501
0.404224800559
