0.747486688263
0.538649569291
0.417354602064
0.747486688263
0.564520731605
0.294240589397
0.747486688263
0.564520731605
0.294240589397
0.747486688263
0.564520731605
0.294240589397
0.747486688263
0.505322835615
0.457209986827
0.747486688263
0.505322835615
0.457209986827
0.781140730032
0.523499473206
0.518388958877
0.86635771907
0.502594405838
0.487569354209
0.952576170266
0.495778809842
0.434803247468
1.0
0.495274217729
0.43662482236
1.0
0.497328303038
0.440466272622
1.0
0.498659235088
0.444118620199
1.0
0.497402124305
0.44532493472
1.0
0.498826065888
0.447053548752
1.0
0.498826065888
0.447053548752
1.0
0.498738674414
0.44563014635
1.0
0.498875704636
0.446248156276
1.0
0.498868973677
0.444685592666
1.0
0.497330983238
0.44129535745
1.0
0.49750648211
0.441342144804
1.0
0.497547978874
0.439657250213
1.0
0.497653223463
0.438026630395
1.0
0.498092101955
0.436436313289
1.0
0.498499014881
0.434550187677
1.0
0.496863363455
0.432453800143
1.0
0.496863363455
0.432453800143
1.0
0.496926011757
0.431886269494
1.0
0.497346521474
0.432192503544
1.0
0.497597574727
0.430087537228
1.0
0.495270365027
0.4275069061
1.0
0.495639703221
0.425958434765
1.0
0.496260891255
0.423983229579
1.0
0.496260891255
0.423983229579
1.0
0.496421822107
0.422817626766
1.0
0.495521330426
0.422906723414
1.0
0.495949626485
0.421442803005
1.0
0.495358117838
0.419066456208
1.0
0.495459789605
0.417549920669
1.0
0.495070527304
0.415783218685
1.0
0.495110379581
0.414560336297
1.0
0.493634795926
0.411858106322
1.0
0.493634795926
0.411858106322
1.0
0.493703502904
0.410227861966
1.0
0.493118400647
0.410060835459
1.0
0.493333350398
0.40739943009
1.0
0.492043935016
0.404588280278
1.0
0.492301792447
0.404071062982
1.0
0.491950312006
0.403459334509
1.0
0.491895933888
0.403356300308
1.0
0.491547654391
0.401104530432
1.0
0.491547654391
0.401104530432
1.0
0.491781655386
0.398952929404
1.0
0.490903365942
0.398967669199
1.0
0.490788662598
0.398730103491
1.0
0.490832799697
0.398153501559
1.0
0.490967755875
0.39677853858
1.0
0.491094854253
0.396671530522
1.0
0.491123536238
0.396258849851
1.0
0.489757136546
0.394029270584
1.0
0.489669900047
0.393625360686
1.0
0.489669900047
0.393625360686
1.0
0.490445884352
0.394598150246
1.0
0.490602653099
0.393775935674
1.0
0.489784036114
0.392722717412
1.0
0.489706686548
0.392463973893
1.0
0.491023619409
0.392840012879
1.0
0.491219167417
0.392291797415
1.0
0.489944693757
0.391135285037
1.0
0.489944693757
0.391135285037
1.0
0.490073810169
0.389910359025
1.0
0.490472036014
0.389753543243
1.0
0.49047660033
0.388462808522
1.0
0.491372371084
0.389846918262
1.0
0.491495460416
0.389684978262
1.0
0.491905174725
0.389304078965
1.0
0.492080258658
0.389857327454
1.0
0.492015937178
0.38932683579
1.0
0.491938993981
0.389050967804
1.0
0.493064767489
0.391429608932
1.0
0.493064767489
0.391429608932
1.0
0.493304457291
0.390551063693
1.0
0.493681703139
0.391319408784
1.0
0.493452042795
0.392072141594
1.0
0.493626159338
0.391515165048
1.0
0.493697998163
0.391076197037
1.0
0.493621383319
0.391811880536
1.0
0.493621383319
0.391811880536
1.0
0.4935118981
0.390984578498
1.0
0.494942915103
0.394190415513
1.0
0.494785927876
0.395301266493
1.0
0.495916107881
0.397022318006
1.0
0.495583988096
0.398250287994
1.0
0.495452031182
0.401364392924
1.0
0.495039600234
0.403364893795
1.0
0.495265089049
0.404765336326
1.0
0.495265089049
0.404765336326
1.0
0.495099390481
0.405142032658
1.0
0.495356135433
0.400468604294
1.0
0.495054849673
0.40168930646
0.829945213741
0.497803659676
0.399751722495
0.829945213741
0.497689020203
0.400759692977
0.829945213741
0.497689020203
0.400759692977
0.829945213741
0.497689020203
0.400759692977
0.829945213741
0.497689020203
0.400759692977
1.0
0.502207391771
0.391944003157
1.0
0.501077919428
0.393296043214
1.0
0.501077919428
0.393296043214
1.0
0.498743032264
0.395619323824
