1.0
0.443268621079
0.438358258741
1.0
0.442849705378
0.43828962052
1.0
0.442933540068
0.438597171371
1.0
0.443445223872
0.439134641049
1.0
0.44346077345
0.439141483768
1.0
0.442812670022
0.43910554736
1.0
0.442785118744
0.439480895551
1.0
0.442294848889
0.439578721242
1.0
0.442060011697
0.439541602089
1.0
0.442060011697
0.439541602089
1.0
0.44276245839
0.439885409277
1.0
0.44295422986
0.440090981431
1.0
0.443267252013
0.440657216546
1.0
0.443242849375
0.440849714156
1.0
0.443492499897
0.440692174477
1.0
0.443559326878
0.440800366623
1.0
0.444026101522
0.441010192028
1.0
0.443833514998
0.441456254363
1.0
0.443833514998
0.441456254363
1.0
0.443700895678
0.441442721094
1.0
0.443788395601
0.44147249904
1.0
0.444124236379
0.442243245635
1.0
0.444151569937
0.44212135593
1.0
0.44376479933
0.441847252271
1.0
0.443770989024
0.442177646947
1.0
0.442985891505
0.442067627607
1.0
0.443104275393
0.442153419749
1.0
0.443104275393
0.442153419749
1.0
0.444744963688
0.442615399625
1.0
0.44473769363
0.442953709403
1.0
0.450324996725
0.445983274884
1.0
0.450208768783
0.445769435562
1.0
0.456434965993
0.451838500932
1.0
0.456534560977
0.451862358948
1.0
0.459697387956
0.455475953083
1.0
0.459739874586
0.45539764112
1.0
0.459739874586
0.45539764112
1.0
0.459357159935
0.456409509107
1.0
0.459829772004
0.456046638052
1.0
0.459192334027
0.456641268217
1.0
0.46102033918
0.454493140449
1.0
0.460687808902
0.453860755391
1.0
0.461994964371
0.452986141196
1.0
0.461648386532
0.452802176321
1.0
0.462179383321
0.453871159795
1.0
0.462179383321
0.453871159795
1.0
0.463097479378
0.454968115326
1.0
0.462872309944
0.456708714969
1.0
0.462739199119
0.456445598335
1.0
0.462413184983
0.456963727026
1.0
0.462294470257
0.457196006956
1.0
0.462410969785
0.457014950482
1.0
0.462616738851
0.456859883503
1.0
0.462530652757
0.457195953129
1.0
0.462530652757
0.457195953129
1.0
0.462222018761
0.457056078541
1.0
0.462362370395
0.45699116867
1.0
0.462640725242
0.456789616932
1.0
0.462583920812
0.456499189462
1.0
0.462262985932
0.456515239531
1.0
0.462266268522
0.456547171379
1.0
0.462017450703
0.456097066978
1.0
0.46191377608
0.456056302134
1.0
0.46191377608
0.456056302134
1.0
0.462420193876
0.456827211603
1.0
0.462348089074
0.457331631119
1.0
0.462764654007
0.457624970623
1.0
0.462953927225
0.457519464242
1.0
0.462400246217
0.456555461524
1.0
0.462579428297
0.456003690174
1.0
0.464305010303
0.457493670783
1.0
0.464257738209
0.457422198809
1.0
0.464257738209
0.457422198809
1.0
0.464258034475
0.45636013366
1.0
0.464357045939
0.456076510065
1.0
0.464545494911
0.456310904019
1.0
0.46441555881
0.456463896495
1.0
0.46419491045
0.456448229735
1.0
0.464120455207
0.45686768503
1.0
0.464356386513
0.45705381146
1.0
0.464513115607
0.456478795797
1.0
0.464513115607
0.456478795797
1.0
0.464366660613
0.456427442685
1.0
0.464476476701
0.456388805932
1.0
0.464540836897
0.455869445475
1.0
0.464550896156
0.455630664981
1.0
0.464427790913
0.455255059008
1.0
0.464505774084
0.454917312393
1.0
0.464305544626
0.454873689711
1.0
0.464184070037
0.455038992714
1.0
0.464184070037
0.455038992714
1.0
0.464313515996
0.454878846099
1.0
0.46435769539
0.454503518714
1.0
0.464302581091
0.454258748781
1.0
0.464376225836
0.454384285748
1.0
0.464533576931
0.45439894799
1.0
0.464598484541
0.45407341466
1.0
0.464413582524
0.455316356906
1.0
0.464376329362
0.455028643859
1.0
0.464214814373
0.45379101833
1.0
0.464214814373
0.45379101833
1.0
0.464294672327
0.453956131587
1.0
0.464384020302
0.45378723578
1.0
0.464244492949
0.453433850247
1.0
0.46472475312
0.453327395519
1.0
0.464705612382
0.45281335507
1.0
0.464236477713
0.45269149309
1.0
0.464362205406
0.452961487535
1.0
0.464362205406
0.452961487535
1.0
0.464497293147
0.453196251344
1.0
0.464510550362
0.453254243679
1.0
0.464749915667
0.453441099504
1.0
0.464710148348
0.452879889632
1.0
0.464989985804
0.452695019934
1.0
0.465129049372
0.453247412554
1.0
0.464942854681
0.454980322861
1.0
0.464842686663
0.45446927271
1.0
0.464842686663
0.45446927271
1.0
0.465194160341
0.452787149012
1.0
0.465179158202
0.452765838904
1.0
0.465083802893
0.452841533301
1.0
0.465180331619
0.452913357453
1.0
0.465550741223
0.452812799534
1.0
0.465537527722
0.452755087338
1.0
0.465465588926
0.453090834176
1.0
0.465492741325
0.453226938094
1.0
0.465492741325
0.453226938094
1.0
0.465586973972
0.453219590721
1.0
0.465699671601
0.453099300584
1.0
0.465686206279
0.453228051488
1.0
0.465523276523
0.453176957562
1.0
0.466112990222
0.453218326133
1.0
0.466192692886
0.453253823628
1.0
0.465710269232
0.454811245003
1.0
0.46590166556
0.454797366625
1.0
0.46590166556
0.454797366625
1.0
0.466188934898
0.453243332543
1.0
0.466266160716
0.453085132689
1.0
0.466009925222
0.453390070963
1.0
0.466059156714
0.453353347465
1.0
0.466208744562
0.453027083594
1.0
0.466335607659
0.452817077282
1.0
0.466793096359
0.453770665515
1.0
0.466793096359
0.453770665515
1.0
0.466669769344
0.454208511572
1.0
0.466198228608
0.453517934526
0.988118422777
0.466269762062
0.452594700921
0.988118422777
0.466760292174
0.452794245911
1.0
0.466883715664
0.453453610279
1.0
0.467006706008
0.453760342367
1.0
0.467075235454
0.453218015435
1.0
0.466827402718
0.455106557447
1.0
0.466734173195
0.455679254492
1.0
0.466734173195
0.455679254492
1.0
0.467120511781
0.45529705731
1.0
0.467136095318
0.455335949034
1.0
0.467285984192
0.455341306596
1.0
0.467327861392
0.455633378004
1.0
0.467592110186
0.456543618831
1.0
0.467785464666
0.456198134155
1.0
0.467382008604
0.456796089111
1.0
0.467332744225
0.457149345546
1.0
0.467332744225
0.457149345546
1.0
0.467729935923
0.457793161431
1.0
0.467671459814
0.458378338372
1.0
0.467754406244
0.458623741271
1.0
0.46783621755
0.458964808143
1.0
0.467948333248
0.460013839014
1.0
0.467886611539
0.461269273484
1.0
0.468095390793
0.461712030309
1.0
0.468175750446
0.46190003208
1.0
0.468175750446
0.46190003208
1.0
0.468456605799
0.463659342048
1.0
0.468384193482
0.463931627639
1.0
0.468510020862
0.464990901958
1.0
0.468422863665
0.466307824062
1.0
0.468857397008
0.467775613092
1.0
0.468909420338
0.468398730559
1.0
0.469518118428
0.469501740698
1.0
0.469496096295
0.471136636876
1.0
0.469496096295
0.471136636876
1.0
0.470023285949
0.472979272558
1.0
0.469967928217
0.473625850517
1.0
0.470531557638
0.474700742732
1.0
0.470518246365
0.476209941524
1.0
0.471986568336
0.478275081846
1.0
0.47215113486
0.479013948309
1.0
0.472193131223
0.480121371761
1.0
0.472193131223
0.480121371761
1.0
0.472270010798
0.48119957656
1.0
0.472433503792
0.482678402911
1.0
0.472603531077
0.483259952748
1.0
0.473339238844
0.48581265298
1.0
0.473526533996
0.486208652295
1.0
0.47402158085
0.487961429439
1.0
0.474293317903
0.488661418531
1.0
0.47470634344
0.490428789807
1.0
0.474866911377
0.491490138235
1.0
0.474866911377
0.491490138235
1.0
0.475604388129
0.492719526297
1.0
0.475598401929
0.494486449604
1.0
0.476072306348
0.495941901438
1.0
0.476351965502
0.496682699489
1.0
0.477418749469
0.497407070894
1.0
0.477647058052
0.498582075439
1.0
0.477976833195
0.500090417621
1.0
0.478312618785
0.500127799438
1.0
0.478312618785
0.500127799438
1.0
0.478567566369
0.500822936255
1.0
0.478643006178
0.502066253725
1.0
0.479729131707
0.503200792824
1.0
0.479751386988
0.503963852742
1.0
0.480030094866
0.504157579817
1.0
0.480522928953
0.503827959953
1.0
0.481402429546
0.50483382692
1.0
0.481402429546
0.50483382692
1.0
0.48169828191
0.505015237159
1.0
0.481817225118
0.50538976846
1.0
0.481847460521
0.505434788155
1.0
0.482286627922
0.506152527754
1.0
0.482404350662
0.507090406874
1.0
0.482757169601
0.507209386497
1.0
0.48320900836
0.507396411759
1.0
0.48351507877
0.508280363509
1.0
0.483450489396
0.508174152066
1.0
0.483450489396
0.508174152066
1.0
0.48428863757
0.509436504854
1.0
0.484694801086
0.509551059196
1.0
0.485052725805
0.510353543146
1.0
0.485284495415
0.510494523417
1.0
0.485649618741
0.511201060048
1.0
0.485779042536
0.511729374538
1.0
0.485905134569
0.511872176899
1.0
0.485905134569
0.511872176899
1.0
0.486018802172
0.512925978015
1.0
0.486535539278
0.513629963449
1.0
0.486562578848
0.513946193046
1.0
0.486668164717
0.514386294752
1.0
0.486885948525
0.514260322921
1.0
0.487506726021
0.515159121656
1.0
0.487738495557
0.515711117251
1.0
0.487592529361
0.516513136605
1.0
0.487973752433
0.516692546566
1.0
0.487973752433
0.516692546566
1.0
0.488415584348
0.51783311294
1.0
0.488261976659
0.518740723031
1.0
0.488631537498
0.519686632563
1.0
0.489151138031
0.519663632703
1.0
0.488428406524
0.519544128428
1.0
0.488680496871
0.520096863538
1.0
0.488842183897
0.520076570373
1.0
0.488797545565
0.520358156542
1.0
0.488797545565
0.520358156542
1.0
0.488403140303
0.520485081096
1.0
0.488562082563
0.520618603702
1.0
0.488043486246
0.520763567309
1.0
0.488361125869
0.520586937508
1.0
0.48807625996
0.520010579748
1.0
0.488003151484
0.520579238434
1.0
0.487159547312
0.519553880581
1.0
0.487159547312
0.519553880581
1.0
0.487354522846
0.520323201968
1.0
0.487028509736
0.520268087915
1.0
0.487002807309
0.519960671277
1.0
0.486544564928
0.519152720057
1.0
0.486556360908
0.519219725104
1.0
0.485914852117
0.517957976897
1.0
0.486137154496
0.517493813448
1.0
0.485764133738
0.516461524978
1.0
0.485880330708
0.516251150791
1.0
0.485880330708
0.516251150791
1.0
0.485280602755
0.515628599478
1.0
0.48510044695
0.515450785491
1.0
0.48479052504
0.514840638987
1.0
0.484927244333
0.514473339355
1.0
0.484143430952
0.513341371731
1.0
0.484340586978
0.512134145113
0.986532332814
0.484663809943
0.511567309346
0.986532332814
0.484663809943
0.511567309346
0.986532332814
0.484533217264
0.511035516386
1.0
0.484203792395
0.508989077094
1.0
0.484457858385
0.507923415938
1.0
0.484320607527
0.506225598882
1.0
0.484411619192
0.505747395524
1.0
0.484060292749
0.504185586634
1.0
0.484299364167
0.502618456783
1.0
0.484231833663
0.500822199089
1.0
0.484231833663
0.500822199089
1.0
0.484455545122
0.499206391049
1.0
0.48438086159
0.496905097166
1.0
0.484637884319
0.495120983988
1.0
0.484478629325
0.494078390564
1.0
0.484714324098
0.492187253841
1.0
0.484352572823
0.490403751318
1.0
0.484548069938
0.488212704485
1.0
0.484575444545
0.487355382723
1.0
0.484821597436
0.485714928323
1.0
0.484821597436
0.485714928323
1.0
0.485211223864
0.484028584201
1.0
0.485488362894
0.481929313538
1.0
0.484937585715
0.480325644354
1.0
0.485274006271
0.478792894537
1.0
0.483740926198
0.477357337518
1.0
0.483804187343
0.47620574834
1.0
0.4777212005
0.47461328538
1.0
0.4777212005
0.47461328538
1.0
0.477888616006
0.471785407981
1.0
0.474402248983
0.473804356299
1.0
0.474558425676
0.47314977119
1.0
0.473660144193
0.477192202687
1.0
0.473923284781
0.475605512874
1.0
0.475052806507
0.478438522242
1.0
0.473322002643
0.480815704501
1.0
0.472557345553
0.479340437961
1.0
0.470175077571
0.486338140771
1.0
0.470175077571
0.486338140771
1.0
0.471733825756
0.486246982852
1.0
0.470840314752
0.491466261547
1.0
0.471237968824
0.491747832716
1.0
0.471207523845
0.494015145225
1.0
0.471875584485
0.494176919527
1.0
0.472352098587
0.493414359868
1.0
0.472982494753
0.493282562843
1.0
0.472982494753
0.493282562843
1.0
0.473453959326
0.492963841958
1.0
0.473702275938
0.493725269951
1.0
0.473988935766
0.493042529214
1.0
0.474502369142
0.492487288334
1.0
0.474909779982
0.49201923245
1.0
0.475251824529
0.491923084923
1.0
0.475434169958
0.491266365485
1.0
0.475485128818
0.490540481193
1.0
0.475485128818
0.490540481193
1.0
0.4756084674
0.490102319814
1.0
0.476100775384
0.490629568339
1.0
0.476218126208
0.489857986802
1.0
0.476399548274
0.489525327838
1.0
0.476759815439
0.489201233585
1.0
0.476628604952
0.488787072655
1.0
0.476767203655
0.488300610186
1.0
0.476909278397
0.48791995012
1.0
0.47701716896
0.487493295138
1.0
0.47701716896
0.487493295138
1.0
0.477023832451
0.487160408112
1.0
0.477228020198
0.486516284578
1.0
0.477551344315
0.486593341925
1.0
0.477590135156
0.486324388156
1.0
0.477594194517
0.485883745416
1.0
0.47755789192
0.485875803829
1.0
0.47833647957
0.486022373842
1.0
0.47833647957
0.486022373842
1.0
0.47863327288
0.485198546499
1.0
0.477849386178
0.4849402232
1.0
0.4778094262
0.484939853038
1.0
0.478137239715
0.484573947647
1.0
0.478331741313
0.484057757543
1.0
0.478697616789
0.484097418926
1.0
0.478579298113
0.484290728262
1.0
0.478102751359
0.484328253687
1.0
0.478157472031
0.483267075579
1.0
0.478157472031
0.483267075579
1.0
0.478585578223
0.483122915256
1.0
0.47870970414
0.482913719457
1.0
0.478879191213
0.482940940315
1.0
0.478873164783
0.4828219972
1.0
0.478888795607
0.482934599611
1.0
0.479031466279
0.482519572916
1.0
0.479460218006
0.482705362098
1.0
0.479460218006
0.482705362098
1.0
0.479446475472
0.48329354517
1.0
0.479429844266
0.483474334898
1.0
0.479552375646
0.483273639299
1.0
0.479316685747
0.483132640533
1.0
0.479217435344
0.482167435031
1.0
0.479388866333
0.482112236048
1.0
0.479505156218
0.482272777986
1.0
0.479114159902
0.481910445
1.0
0.479114159902
0.481910445
1.0
0.479228246556
0.482122167396
1.0
0.479529931877
0.482292733911
1.0
0.479661148089
0.481886732196
1.0
0.479630232814
0.482049748083
1.0
0.47965088511
0.482674356485
1.0
0.479407706227
0.482601159082
1.0
0.479396455598
0.482514383343
1.0
0.47980503179
0.481686720352
1.0
0.479806912748
0.48112136909
1.0
0.479806912748
0.48112136909
1.0
0.479425673828
0.480160850088
1.0
0.47947223875
0.479888363999
1.0
0.479279958116
0.479866406245
1.0
0.479450094916
0.47980341299
1.0
0.479208972435
0.478521063964
1.0
0.479153416408
0.478198049831
1.0
0.479243281537
0.478150793955
1.0
0.479243281537
0.478150793955
1.0
0.479371624887
0.477144799224
1.0
0.479163568742
0.476603934852
1.0
0.479230060871
0.476578701998
1.0
0.47937689614
0.476998619588
0.981660345473
0.479117566919
0.476291863615
0.981660345473
0.479055538494
0.475985208717
1.0
0.479197049619
0.476317999986
1.0
0.47949291404
0.476414844025
1.0
0.47949291404
0.476414844025
1.0
0.479642902936
0.475229052488
1.0
0.479763835371
0.474342505567
1.0
0.479713328587
0.47437270837
1.0
0.479646090367
0.473809553274
1.0
0.479714368953
0.474251991396
1.0
0.480107672529
0.473520773817
1.0
0.480245492239
0.472744441376
1.0
0.480389621359
0.471573523521
1.0
0.480389621359
0.471573523521
1.0
0.48031407676
0.470544105239
1.0
0.480619532308
0.47029132146
1.0
0.480920422417
0.469197938278
1.0
0.481105210997
0.468574669136
1.0
0.481209570535
0.467700211718
1.0
0.481691837641
0.467188194879
1.0
0.481590441939
0.466428381328
1.0
0.481684012798
0.465830198885
1.0
0.481684012798
0.465830198885
1.0
0.482044712994
0.46525259924
1.0
0.482871558598
0.465108017504
1.0
0.482833912142
0.464888805895
1.0
0.482844965241
0.463826634469
1.0
0.483051989002
0.461591431209
1.0
0.483268324028
0.461157936767
1.0
0.483270598459
0.460581707547
1.0
0.48409861605
0.460704215759
1.0
0.484309797529
0.460197859181
1.0
0.484309797529
0.460197859181
1.0
0.484405764627
0.459186388613
1.0
0.48442150365
0.458521097669
1.0
0.484460886564
0.458144383501
1.0
0.48458740982
0.457498796735
1.0
0.485183859093
0.457000567579
1.0
0.48565709536
0.455496396225
1.0
0.485518436849
0.454634372021
1.0
0.485518436849
0.454634372021
1.0
0.485497235348
0.453674188536
1.0
0.486664442651
0.453178560072
1.0
0.486999015787
0.451849166702
1.0
0.487499645325
0.451567576741
1.0
0.487565957867
0.45090356635
1.0
0.487930419447
0.451190170183
1.0
0.488117498574
0.450621458589
1.0
0.488058718915
0.450008703468
1.0
0.488058718915
0.450008703468
1.0
0.488259905176
0.448847216991
1.0
0.488514708893
0.448308254269
1.0
0.48875848278
0.447650199964
1.0
0.489390801048
0.447418511148
1.0
0.489383225634
0.446626259857
1.0
0.489654239469
0.447205427153
1.0
0.489816534234
0.446238133318
0.998158484249
0.490180360954
0.446119873195
0.998158484249
0.490180360954
0.446119873195
0.998158484249
0.490409147305
0.445870034093
1.0
0.491615790375
0.446981865102
1.0
0.491727231234
0.446661012653
1.0
0.490871414575
0.453891778363
1.0
0.491056539913
0.452638685432
1.0
0.489941546896
0.463805783374
1.0
0.490015676203
0.463325091375
1.0
0.488531341558
0.475456932127
1.0
0.488531341558
0.475456932127
1.0
0.488431510394
0.475607561057
1.0
0.487693037303
0.490480147879
1.0
0.487136362948
0.494201902833
1.0
0.486884177134
0.504560414916
1.0
0.485280040181
0.517044239603
1.0
0.485551600755
0.521505815828
1.0
0.483123209738
0.536420434019
1.0
0.483123209738
0.536420434019
1.0
0.483906503365
0.537519783555
1.0
0.482116818448
0.549513306835
1.0
0.483512086117
0.549329549912
1.0
0.481972087294
0.559197611843
1.0
0.481995101799
0.558975613522
1.0
0.480794561913
0.56832487608
1.0
0.482045870013
0.569268598538
1.0
0.48106608977
0.575703657445
1.0
0.481834105674
0.576102181488
1.0
0.481834105674
0.576102181488
1.0
0.48118550018
0.579061532614
1.0
0.480694009745
0.578302500824
1.0
0.480726248409
0.577971449243
1.0
0.481719799677
0.578007843492
1.0
0.481479139844
0.578644664959
1.0
0.481732414331
0.579162626542
1.0
0.481695743002
0.5791678969
0.974455973649
0.481686274876
0.579048772242
0.974455973649
0.481686274876
0.579048772242
0.974455973649
0.481353912119
0.57938443369
1.0
0.481854981337
0.580002131904
1.0
0.481783426215
0.580451712579
1.0
0.482188803617
0.580484752833
1.0
0.482287344199
0.581082373266
1.0
0.482198087663
0.581313257033
1.0
0.482103222953
0.581398053344
1.0
0.482130746233
0.581523176317
1.0
0.482130746233
0.581523176317
1.0
0.482140060095
0.581952196667
1.0
0.481815792773
0.581887975394
1.0
0.481769601944
0.58200316721
1.0
0.482009458153
0.581735385533
1.0
0.481966051383
0.581283237892
1.0
0.481701399861
0.580715588648
1.0
0.481807737427
0.580441465354
1.0
0.482200734576
0.580581792127
1.0
0.482200734576
0.580581792127
1.0
0.482134774857
0.580788108138
1.0
0.482004076923
0.58087795048
1.0
0.482006312344
0.581014944552
0.981689507226
0.482860064952
0.580161693737
0.981689507226
0.482920031271
0.579919154232
1.0
0.48287694962
0.580944077482
1.0
0.482893774539
0.581296246107
1.0
0.482678982333
0.580292005398
1.0
0.482678982333
0.580292005398
1.0
0.482641597797
0.579496190749
1.0
0.48293787579
0.579780371202
1.0
0.48298053719
0.580170154828
1.0
0.483549584697
0.580897364383
1.0
0.483600085843
0.580977761627
1.0
0.484032812091
0.580609688522
1.0
0.484035419622
0.580110000226
0.967816565346
0.483700224807
0.580039770417
0.967816565346
0.483700224807
0.580039770417
0.967816565346
0.483805815961
0.579818484818
1.0
0.484879709025
0.57986754369
1.0
0.485015058711
0.580088438625
0.991593181754
0.48527988091
0.579618401815
0.991593181754
0.485287257415
0.579163641745
1.0
0.485734248548
0.57971501358
1.0
0.485863290963
0.579943589372
1.0
0.485757044861
0.579609640976
1.0
0.485757044861
0.579609640976
1.0
0.486025797364
0.57823056986
1.0
0.487441601354
0.578409666429
1.0
0.48727454359
0.578602574365
1.0
0.48754433791
0.578612892125
1.0
0.487610643298
0.578874502362
1.0
0.48815312567
0.579234103741
1.0
0.488375525894
0.578471215554
1.0
0.488339312871
0.577507019624
1.0
0.488339312871
0.577507019624
1.0
0.488320884143
0.577340523382
1.0
0.488711762794
0.578557914765
1.0
0.48893404363
0.578701150825
1.0
0.489305802886
0.578311591344
1.0
0.489585198027
0.57778105454
1.0
0.489538171019
0.577824615636
1.0
0.489330074329
0.57819756409
1.0
0.489527549663
0.578763000772
1.0
0.489527549663
0.578763000772
1.0
0.489719614744
0.578461127769
1.0
0.490015679596
0.578608995128
1.0
0.490127433544
0.578734223354
1.0
0.489962168272
0.578282334459
1.0
0.489883882996
0.578249461562
1.0
0.489824652063
0.577809743753
1.0
0.489766686842
0.577689096895
1.0
0.489766686842
0.577689096895
1.0
0.489817889794
0.577637837964
1.0
0.489983842645
0.577974101389
1.0
0.48944512422
0.57890143623
1.0
0.489219560012
0.57916339669
1.0
0.489149180178
0.579189250666
1.0
0.489308922817
0.579151608713
1.0
0.488902609778
0.578708420843
1.0
0.488763189127
0.578640677336
1.0
0.488507190924
0.578685767888
1.0
0.488507190924
0.578685767888
1.0
0.488347849175
0.578388110767
1.0
0.488050622558
0.57714075046
1.0
0.487958083483
0.577515150066
1.0
0.487489081412
0.578326263052
1.0
0.487522830368
0.578537218297
1.0
0.487335822943
0.577572229498
1.0
0.487205063123
0.576846035429
1.0
0.486968302299
0.576865253726
1.0
0.486968302299
0.576865253726
1.0
0.487046735874
0.576783614697
1.0
0.486597549701
0.576093014912
1.0
0.486570299925
0.575433191753
1.0
0.48634418678
0.57511602326
1.0
0.486404463914
0.575420140567
1.0
0.486289080224
0.575908984065
1.0
0.486398261562
0.575509245042
1.0
0.486398261562
0.575509245042
1.0
0.486508043178
0.575793960162
1.0
0.486711274919
0.575138160906
1.0
0.486917998791
0.574853053704
1.0
0.486862171852
0.575218311009
1.0
0.492785337443
0.573799975621
1.0
0.492975776393
0.573364920376
1.0
0.499074008048
0.567849607109
1.0
0.499218700305
0.56824409845
1.0
0.499918424687
0.560274331538
1.0
0.499918424687
0.560274331538
1.0
0.499982124482
0.56005086033
1.0
0.499441141567
0.553171056131
1.0
0.500218047168
0.551517236834
1.0
0.498141252435
0.549098105561
1.0
0.501447571737
0.537486608435
1.0
0.501662384185
0.538199110668
0.99
0.505780695181
0.521765843409
0.99
0.506422117486
0.523250261592
0.99
0.506422117486
0.523250261592
1.0
0.507752855977
0.515389205502
1.0
0.507810430956
0.516063420788
1.0
0.508083436576
0.512690766371
1.0
0.50774504394
0.513033009495
1.0
0.508010452339
0.510631610724
1.0
0.507607211058
0.510952676814
1.0
0.50787563417
0.510668771692
1.0
0.50787563417
0.510668771692
1.0
0.507996239434
0.511662854866
1.0
0.508175028995
0.512243720019
1.0
0.508180318757
0.513425788067
1.0
0.508306883178
0.513873865752
1.0
0.50819962669
0.515081981663
1.0
0.508236892964
0.516144770367
1.0
0.50811984317
0.516488764004
1.0
0.508052389057
0.517652081414
1.0
0.507922556887
0.518684950327
1.0
0.507922556887
0.518684950327
1.0
0.507697529089
0.519191988807
1.0
0.507706839945
0.519755339275
1.0
0.507717797538
0.520449899339
1.0
0.507119148628
0.521169964211
1.0
0.507108187113
0.522092573687
1.0
0.506721480939
0.522713828853
1.0
0.506736351274
0.523657962077
1.0
0.506700060839
0.523436240544
1.0
0.506700060839
0.523436240544
1.0
0.506800740545
0.524719166972
1.0
0.506479625805
0.526110178258
1.0
0.506190155409
0.526535035713
1.0
0.506019448738
0.526286949715
1.0
0.505787714438
0.527454309703
1.0
0.50553534813
0.528110543619
1.0
0.505455034728
0.528769381768
1.0
0.505314778299
0.529261180743
1.0
0.505314778299
0.529261180743
1.0
0.505053707392
0.530250189138
1.0
0.504358384354
0.530544042544
1.0
0.503944473003
0.531711473634
1.0
0.504214186762
0.531706294125
1.0
0.504159710961
0.532039107443
1.0
0.50436735531
0.532711411034
1.0
0.504280914979
0.533350266282
1.0
0.504094137426
0.533780300752
1.0
0.504094137426
0.533780300752
1.0
0.503644510442
0.534667676513
1.0
0.503332316964
0.534661970739
1.0
0.503261750538
0.535169622159
1.0
0.503168886142
0.535124968958
1.0
0.50324734108
0.535525130133
1.0
0.50333015134
0.536486594088
1.0
0.503124294915
0.536963368271
1.0
0.503124294915
0.536963368271
1.0
0.502974209766
0.537236151105
1.0
0.503104103926
0.53737549416
1.0
0.503238024671
0.537716366087
1.0
0.503080261893
0.538689844237
1.0
0.502966366641
0.538607214035
1.0
0.502816875743
0.538923087846
1.0
0.503061780898
0.539511899593
1.0
0.503114483048
0.539831844784
1.0
0.503084020212
0.539410053915
1.0
0.503084020212
0.539410053915
1.0
0.503174999555
0.539776048465
1.0
0.502917902868
0.540590125587
1.0
0.502880971871
0.540682706406
1.0
0.502940669741
0.540738140048
1.0
0.503024253033
0.541593596876
1.0
0.502938354319
0.541830167831
1.0
0.502917028526
0.542688399279
1.0
0.50306619226
0.542598537636
1.0
0.50306619226
0.542598537636
1.0
0.502728978931
0.542637796886
1.0
0.502749070753
0.543289721694
1.0
0.502727428608
0.54345230928
1.0
0.503045561081
0.543514441609
1.0
0.50323934
0.543968737319
1.0
0.502599591438
0.544084525537
1.0
0.502549344041
0.544024541219
1.0
0.502549344041
0.544024541219
1.0
0.503470724996
0.543720787748
1.0
0.503680039591
0.543874780056
1.0
0.503288025461
0.54430350026
1.0
0.503271693406
0.544563975997
1.0
0.503605160436
0.545851212106
1.0
0.503451925403
0.546537776834
1.0
0.503358483679
0.546508596833
1.0
0.503412856109
0.54635124863
1.0
0.503412856109
0.54635124863
1.0
0.503823530727
0.546702166387
1.0
0.503917863943
0.547056133482
1.0
0.503765596782
0.547385942213
1.0
0.503643192299
0.54749357071
1.0
0.503711896087
0.547747476237
1.0
0.503799343367
0.548951942047
1.0
0.503810080757
0.549007947548
1.0
0.504111656496
0.548291797416
1.0
0.504111656496
0.548291797416
1.0
0.504851831753
0.548239005319
1.0
0.504652454874
0.54820124531
1.0
0.504032793891
0.549181117177
1.0
0.504020628082
0.549650598992
1.0
0.503955787938
0.549714851828
1.0
0.504234320205
0.550070059989
1.0
0.504600718772
0.550578803247
1.0
0.504631709933
0.550457197072
1.0
0.504556853588
0.55091710474
1.0
0.504556853588
0.55091710474
1.0
0.504638154892
0.551410924073
1.0
0.504881599752
0.55185746549
1.0
0.504882749874
0.552190234241
1.0
0.506640930584
0.55384836496
1.0
0.506476827995
0.554092613167
1.0
0.508177095446
0.55520043852
1.0
0.508060334885
0.555701499155
1.0
0.50957930441
0.554504756867
1.0
0.50957930441
0.554504756867
1.0
0.509774873477
0.55445287677
1.0
0.509774873477
0.55445287677
1.0
0.510016751697
0.561513388857
1.0
0.506678646845
0.562240329527
1.0
0.504703666319
0.562378055025
1.0
0.504703666319
0.562378055025
1.0
0.499363806948
0.558512235045
0.984743062374
0.494183988247
0.541033937306
0.984743062374
0.49279081692
0.542684056373
0.97034556767
0.492020719119
0.545832328853
0.908149435822
0.491345734563
0.547911933807
0.897389937783
0.490870372375
0.548284406749
0.900425307984
0.491142342321
0.545849424287
0.92522459225
0.491482810368
0.544109803838
0.92522459225
0.491482810368
0.544109803838
0.92522459225
0.491924781874
0.546386550464
0.944593164073
0.492275855184
0.54501205233
0.990600510965
0.492025951398
0.546333552078
1.0
0.491904008749
0.545543871014
0.985798141131
0.492537836303
0.548165845103
0.985798141131
0.492651104069
0.547258152549
1.0
0.492464477593
0.54703179887
1.0
0.49269364981
0.547288785863
1.0
0.492390350776
0.546720346738
1.0
0.492390350776
0.546720346738
1.0
0.492623254901
0.546994324143
1.0
0.492265329818
0.546597239293
1.0
0.49247268678
0.547359482096
1.0
0.491753549428
0.546175014671
1.0
0.491989907854
0.545597331999
1.0
0.491759707559
0.544521635213
1.0
0.492009763384
0.543335195699
1.0
0.491746219915
0.541718366741
1.0
0.491746219915
0.541718366741
1.0
0.491885856244
0.540896227672
1.0
0.491489979991
0.541893502643
1.0
0.491996150818
0.540421855089
0.97296056432
0.492292827046
0.538477844846
0.97296056432
0.492456249818
0.536968355005
1.0
0.491952269605
0.536136366688
1.0
0.492219638036
0.534759692581
1.0
0.492219638036
0.534759692581
1.0
0.491948478136
0.533794903753
1.0
0.492279301757
0.532638067226
1.0
0.492857043208
0.532781678535
1.0
0.493041638521
0.531616675014
1.0
0.493048329044
0.531133341719
1.0
0.493290922095
0.529670623673
1.0
0.494381674101
0.530364129761
1.0
0.494260392276
0.529135689713
1.0
0.494260392276
0.529135689713
1.0
0.494411626739
0.530056559752
1.0
0.494527523756
0.529255662658
1.0
0.494898787599
0.529186958437
1.0
0.49495684093
0.528915203916
1.0
0.494828936383
0.530488638659
1.0
0.494626738228
0.531062000999
1.0
0.494872915622
0.531820042737
1.0
0.494894924441
0.532424765401
1.0
0.494894924441
0.532424765401
1.0
0.494806164626
0.534087945004
1.0
0.49473469294
0.534487451473
1.0
0.495303574957
0.53561881463
1.0
0.495288251541
0.536871442963
1.0
0.495588680278
0.537899949093
1.0
0.495700923016
0.538547081689
1.0
0.496108705979
0.538738608721
1.0
0.496222820942
0.539392652927
1.0
0.496222820942
0.539392652927
1.0
0.499143262078
0.536940117411
1.0
0.499157013233
0.537664860477
1.0
0.497559802296
0.531518123901
1.0
0.497629321354
0.532203357249
1.0
0.49792355394
0.528234784336
1.0
0.4979570492
0.529017001254
1.0
0.49924303216
0.526361162478
1.0
0.499515107698
0.524675243425
1.0
0.499515107698
0.524675243425
1.0
0.499868732911
0.523891868537
1.0
0.500970961658
0.516948810997
1.0
0.50179760557
0.517621647225
1.0
0.502013997919
0.513066873645
1.0
0.502812663477
0.513990324422
1.0
0.503241133144
0.51002705664
1.0
0.503688124799
0.511038337065
1.0
0.504236598383
0.506929102307
1.0
0.504236598383
0.506929102307
1.0
0.505900867798
0.507494926968
1.0
0.505791850699
0.507962758797
1.0
0.506086072326
0.50838017592
1.0
0.505835116495
0.509542353005
1.0
0.506083127057
0.509725561418
1.0
0.506178510761
0.509908793464
1.0
0.506469868444
0.510303647103
1.0
0.50679483869
0.510706972018
1.0
0.507253670103
0.511449365253
1.0
0.507253670103
0.511449365253
1.0
0.507109083775
0.511380068185
1.0
0.507172587681
0.511718862313
1.0
0.507415489592
0.51208728809
1.0
0.507422301287
0.51199567967
1.0
0.507407176558
0.512243361487
1.0
0.508036656198
0.512096599368
1.0
0.508036656198
0.512096599368
1.0
0.507891754036
0.511867011136
1.0
0.508599862381
0.512243758424
1.0
0.508678845206
0.512352239882
1.0
0.508763673168
0.511899031134
1.0
0.509008971953
0.511658011805
1.0
0.509144472534
0.512224507081
1.0
0.509104093284
0.512185324128
1.0
0.509629278814
0.511915512071
1.0
0.509629278814
0.511915512071
1.0
0.510034483154
0.511059036678
1.0
0.510367814369
0.511371774478
1.0
0.510300839303
0.511474920601
1.0
0.510516751074
0.511831755934
1.0
0.510582239876
0.511894953507
1.0
0.510723431641
0.511960630781
1.0
0.510628922558
0.51156774088
1.0
0.510841795333
0.511743326888
1.0
0.510998349745
0.512089734337
1.0
0.511236560042
0.512418486586
1.0
0.511236560042
0.512418486586
1.0
0.511118548851
0.51214944893
1.0
0.510997858433
0.511984054942
1.0
0.511138191603
0.512709860646
1.0
0.511170351482
0.512777094517
1.0
0.511099969523
0.512681512475
1.0
0.511024648551
0.512531112953
1.0
0.510844015115
0.512313186154
1.0
0.510844015115
0.512313186154
1.0
0.511528527373
0.511928019645
1.0
0.511375988809
0.511932667175
1.0
0.511410864613
0.510930325483
1.0
0.511501401015
0.511215980597
1.0
0.511096809858
0.511466601444
1.0
0.51078926837
0.511686438374
1.0
0.511179145651
0.511549674354
1.0
0.511195956877
0.51096556672
1.0
0.511195956877
0.51096556672
1.0
0.510863533139
0.511357891164
1.0
0.510705146048
0.511360073485
1.0
0.51102271992
0.512475465086
1.0
0.510602782258
0.512921750097
1.0
0.51053653199
0.511707298907
1.0
0.510432372357
0.512559330974
1.0
0.510729648822
0.512807648261
1.0
0.510610215685
0.513077244477
1.0
0.510610215685
0.513077244477
1.0
0.510801321323
0.513288383019
1.0
0.510678501168
0.513574597033
1.0
0.510664566504
0.51409817603
1.0
0.510677431462
0.514032050873
1.0
0.510813577044
0.513944453793
1.0
0.51056192779
0.513919258052
1.0
0.51065159047
0.51282129839
1.0
0.510344976583
0.513202900929
1.0
0.510344976583
0.513202900929
1.0
0.510259216761
0.513722646187
1.0
0.510101579421
0.514027722358
1.0
0.510340653765
0.514885207263
1.0
0.51037351307
0.515141607312
1.0
0.510902824194
0.514250598256
1.0
0.510641531913
0.51395538049
1.0
0.510789515415
0.513919175188
1.0
0.510496676644
0.515019001584
1.0
0.510532836924
0.51480104972
1.0
0.510532836924
0.51480104972
1.0
0.510297091373
0.514814821768
1.0
0.510576313294
0.514444430952
1.0
0.510516111906
0.513960323331
1.0
0.510367552831
0.514125034321
1.0
0.510213843602
0.514224041046
1.0
0.510184529737
0.514066225571
1.0
0.510116762048
0.514855791398
1.0
0.510116762048
0.514855791398
1.0
0.509741255018
0.514259505708
1.0
0.50946863178
0.514409361171
1.0
0.510002305986
0.515192468662
1.0
0.5100310611
0.515285584253
1.0
0.509782597431
0.514645610885
1.0
0.510001429386
0.513865043698
1.0
0.509672043664
0.513694128582
1.0
0.509672043664
0.513694128582
1.0
0.509594023277
0.513527415853
1.0
0.509482220502
0.513424195112
1.0
0.509573118644
0.513652570236
1.0
0.509311712706
0.513676518736
1.0
0.50937719501
0.513705565828
1.0
0.508871120603
0.513368637162
1.0
0.50893643606
0.513319913291
1.0
0.508862989411
0.513450074899
1.0
0.50895981132
0.513405535964
1.0
0.50895981132
0.513405535964
1.0
0.508470228178
0.513477820622
1.0
0.508455321156
0.513695991521
1.0
0.507506094898
0.513352287195
1.0
0.507540710554
0.512885336455
1.0
0.507578028617
0.51211117112
1.0
0.507583757273
0.511999314797
1.0
0.507021484957
0.512222623763
1.0
0.507021484957
0.512222623763
1.0
0.507133378384
0.512304328915
1.0
0.507203903579
0.512317880376
1.0
0.507100617721
0.512510055407
1.0
0.506374301708
0.511944999126
1.0
0.506389038271
0.512391295784
1.0
0.50590320158
0.512378456306
1.0
0.505851082154
0.512165811671
1.0
0.505323770009
0.511519656084
1.0
0.505240882484
0.511330558282
1.0
0.505240882484
0.511330558282
1.0
0.505620028858
0.511836729255
1.0
0.50560706693
0.511764850458
1.0
0.505239952632
0.51196178269
1.0
0.50523851628
0.512020260451
1.0
0.505075052084
0.510600990927
1.0
0.504736319648
0.510849033804
1.0
0.504930252797
0.511510915782
1.0
0.505163377383
0.511755633118
1.0
0.505163377383
0.511755633118
1.0
0.505503493475
0.511822680022
1.0
0.505151178978
0.512227612383
1.0
0.506614171106
0.512336394065
1.0
0.506284108634
0.512574813289
0.896210049661
0.509040295438
0.51251544791
0.896210049661
0.508675228495
0.51288108347
0.830515044116
0.476607541404
0.465106631992
0.830515044116
0.476607541404
0.465106631992
0.830515044116
0.476060374473
0.465784873628
0.830515044116
0.476060374473
0.465784873628
0.888090882041
0.314391060362
0.147656790053
0.888090882041
0.313937140411
0.149570360686
0.888090882041
0.313395050996
0.151209320212
0.888090882041
0.312617230925
0.153693071361
0.888090882041
0.312617230925
0.153693071361
0.776234364446
0.312862364172
0.147849067284
0.798872113643
0.322003976152
0.0693270592965
0.839380321492
0.321199218316
0.084047940208
0.839380321492
0.321199218316
0.084047940208
0.812744800702
0.468952466369
0.391816243183
0.79690490921
0.465455771322
0.444766077463
0.79690490921
0.465455771322
0.444766077463
0.812744800702
0.463028681255
0.441356113614
0.773419300096
0.466844390157
0.453675212274
0.825653934872
0.498434047332
0.495355007044
0.93410084133
0.498127209895
0.502267605077
0.924587730427
0.498459569877
0.506872919298
0.924587730427
0.498459569877
0.506872919298
0.924587730427
0.497510065355
0.508107047673
0.929145470432
0.497757111226
0.515466824228
0.929145470432
0.497591945968
0.518150093962
0.936559863457
0.497800454796
0.520581164763
0.936559863457
0.498057579913
0.5230310089
1.0
0.498979165286
0.528410552161
1.0
0.499526081176
0.529940848958
1.0
0.499526081176
0.529940848958
1.0
0.500215770833
0.531561277724
1.0
0.499611153041
0.529873610922
1.0
0.500063048
0.530012920865
1.0
0.50024571632
0.529634259479
1.0
0.50055196329
0.52849598521
1.0
0.500280686596
0.527682568549
1.0
0.500676466014
0.527325804013
1.0
0.50088274531
0.52690957841
1.0
0.501142380958
0.526368220288
1.0
0.501142380958
0.526368220288
1.0
0.500933297887
0.525782531128
1.0
0.501556314732
0.523670275947
1.0
0.501684573178
0.522653765563
1.0
0.502038265741
0.521814224014
1.0
0.502677889977
0.521342370448
1.0
0.503012877398
0.520134425344
1.0
0.503116908493
0.519423073609
1.0
0.503523786629
0.51840500381
1.0
0.503523786629
0.51840500381
1.0
0.503624243851
0.51828736124
1.0
0.503931866927
0.517879081713
1.0
0.504638555375
0.518311831695
1.0
0.504811055913
0.517045508524
1.0
0.505347848167
0.51680391554
1.0
0.505880840574
0.51607625746
1.0
0.506200251125
0.515561358255
1.0
0.506470149897
0.514752070353
1.0
0.506470149897
0.514752070353
1.0
0.507546000093
0.514844808185
1.0
0.508101014473
0.513952909014
1.0
0.508950615546
0.514277085074
1.0
0.509134517143
0.513672330233
1.0
0.509476634074
0.513311186947
1.0
0.509890038447
0.512296017458
1.0
0.510039262482
0.51241238714
1.0
0.510247496134
0.511665545404
1.0
0.510247496134
0.511665545404
1.0
0.51069765406
0.51178589932
1.0
0.51098762793
0.511007722773
1.0
0.511063863816
0.510257677223
1.0
0.511428590582
0.509641584435
1.0
0.512560904782
0.510700311899
1.0
0.512847709733
0.510031449633
1.0
0.512847709733
0.510031449633
1.0
0.513436122639
0.509863385083
1.0
0.513743574203
0.509273746445
1.0
0.514149176456
0.509325996821
1.0
0.514607998046
0.5086587919
1.0
0.514690384001
0.508537703608
1.0
0.514732360345
0.508231644148
1.0
0.515340042826
0.508509949049
1.0
0.515648385472
0.508295799704
1.0
0.516841614015
0.508213916049
1.0
0.517164991471
0.508150319141
1.0
0.517164991471
0.508150319141
1.0
0.517463061099
0.506856115486
1.0
0.517830227381
0.506798244829
1.0
0.518500620856
0.507828678562
1.0
0.51840230414
0.507361456241
1.0
0.518785078247
0.506779009552
1.0
0.518976557801
0.506537626286
1.0
0.519337780264
0.50712179816
1.0
0.519337780264
0.50712179816
1.0
0.519658343113
0.506033617117
1.0
0.520379557119
0.505663049557
1.0
0.520656705765
0.504623844903
1.0
0.521444206384
0.504653386217
1.0
0.522021222387
0.504042667657
1.0
0.52278459475
0.503808514148
1.0
0.522914159407
0.503186904865
1.0
0.524070498576
0.502704821046
1.0
0.524070498576
0.502704821046
1.0
0.524432270365
0.501871268078
1.0
0.525032263072
0.501693519083
1.0
0.525225303897
0.501308270037
1.0
0.526051068213
0.501047547648
1.0
0.526143327551
0.500246174731
1.0
0.526633406551
0.499543506149
1.0
0.526833156154
0.498302914598
1.0
0.527611825129
0.496876273846
1.0
0.527611825129
0.496876273846
1.0
0.528129164632
0.496444029935
1.0
0.529322206395
0.496037030517
1.0
0.529673724346
0.494365386885
1.0
0.530362791781
0.49412473472
1.0
0.530928398151
0.49263522555
1.0
0.531605326313
0.491385027856
1.0
0.532016072879
0.489589355877
1.0
0.533329944089
0.488838144728
1.0
0.533329944089
0.488838144728
1.0
0.533795672362
0.487534240918
1.0
0.534301613369
0.486306346725
1.0
0.535131289314
0.48411471681
1.0
0.535770143937
0.484479259753
1.0
0.536145725626
0.48332324197
1.0
0.537236568885
0.482566582924
1.0
0.53793003895
0.480402841659
1.0
0.538648943858
0.479494475632
0.979283925638
0.539332316728
0.477864694048
0.979283925638
0.539332316728
0.477864694048
0.979283925638
0.53963054423
0.476245157495
1.0
0.540122419014
0.47453861494
1.0
0.540495562456
0.473601536968
1.0
0.540963486258
0.471817159902
1.0
0.536351444027
0.472328636382
1.0
0.536969428572
0.470204877841
0.99
0.530416221614
0.476502426615
0.99
0.531036343157
0.47453923068
0.99
0.531036343157
0.47453923068
0.99
0.513992644742
0.503724809761
0.99
0.514314606371
0.502107651385
0.99
0.513886769426
0.50293577452
0.975886170378
0.512246800172
0.511411778042
0.975886170378
0.5041361997
0.545552560137
0.910896506452
0.503821594057
0.553295983791
0.910896506452
0.503821594057
0.553295983791
0.99
0.50170345412
0.560669604298
0.99
0.497536298234
0.58135390859
0.99
0.496451710365
0.582698578552
0.99
0.493669297539
0.601580263339
0.99
0.494069922252
0.599710980806
0.972164256264
0.492656705629
0.607450427717
0.972164256264
0.493235445878
0.605791615258
0.960263165655
0.492957263357
0.610365016597
0.960263165655
0.492909959711
0.609204145579
0.960263165655
0.492909959711
0.609204145579
1.0
0.493341760707
0.613658222539
1.0
0.493192816463
0.612924219183
1.0
0.493401011036
0.614820503724
1.0
0.493949704958
0.613846548131
1.0
0.494429591268
0.612295039542
1.0
0.493769341779
0.611772476206
1.0
0.493769341779
0.611772476206
1.0
0.493914028955
0.610014654209
1.0
0.493800531869
0.608659075975
1.0
0.494308526196
0.606599021759
1.0
0.494020395135
0.604713666815
1.0
0.49448462345
0.603161252859
1.0
0.494529575592
0.602460925916
1.0
0.494919611026
0.60084213458
1.0
0.494601058534
0.598823014115
1.0
0.494984704123
0.597794261143
1.0
0.494984704123
0.597794261143
1.0
0.49429494615
0.597041664063
1.0
0.494655576444
0.596053642045
1.0
0.494129452926
0.59470055137
1.0
0.494059968767
0.593649921471
1.0
0.493498363837
0.592756475299
1.0
0.493666299429
0.591702896723
1.0
0.492755052324
0.589909889213
1.0
0.492938647141
0.589075815873
1.0
0.492938647141
0.589075815873
1.0
0.492152541648
0.587894322506
1.0
0.49213016716
0.586472114243
1.0
0.491108163712
0.585370233597
1.0
0.491310929593
0.584498838719
1.0
0.490272053592
0.583455219303
1.0
0.490040544625
0.583379120184
1.0
0.489173270479
0.581582131786
1.0
0.489173270479
0.581582131786
1.0
0.489337997099
0.580191174764
1.0
0.488849420658
0.579260026626
1.0
0.488760071164
0.577985212171
1.0
0.487808289262
0.577506435948
1.0
0.487591048469
0.576826726518
1.0
0.486667508569
0.575783346362
1.0
0.486735024357
0.575131880844
1.0
0.485372387536
0.573752621508
1.0
0.485372387536
0.573752621508
1.0
0.485216520298
0.573442628911
1.0
0.48415958123
0.572726333229
1.0
0.483819085841
0.572473062019
1.0
0.482747222349
0.571019495516
1.0
0.482593012338
0.571472151158
1.0
0.481617768369
0.570134098843
1.0
0.481074836392
0.5700195596
1.0
0.480648757729
0.569195199899
1.0
0.480648757729
0.569195199899
1.0
0.480523539625
0.567889869124
1.0
0.479760352279
0.567048093787
1.0
0.479511192938
0.566891775787
1.0
0.479096193669
0.566123468057
1.0
0.479085761497
0.566081558251
1.0
0.478134360105
0.565062233817
1.0
0.477884672121
0.56440925553
1.0
0.477319936165
0.563087454088
1.0
0.477319936165
0.563087454088
1.0
0.477128910362
0.562382049251
1.0
0.477384754172
0.560549735172
1.0
0.47718365042
0.56046864406
1.0
0.476203390646
0.560744285813
1.0
0.476053327893
0.559521863611
1.0
0.475903720931
0.559003188276
1.0
0.475765304468
0.558753684775
1.0
0.475611488171
0.557848861209
1.0
0.475854535986
0.556960580039
1.0
0.475854535986
0.556960580039
1.0
0.474989999706
0.555771223365
1.0
0.474722555616
0.555765237609
1.0
0.47364787
0.555054986369
1.0
0.473488794914
0.554772797411
1.0
0.474361187057
0.553973805556
1.0
0.474405844506
0.553830007241
1.0
0.474042152687
0.553354274127
1.0
0.474042152687
0.553354274127
1.0
0.47402421287
0.552055756494
1.0
0.473718978576
0.550738514632
1.0
0.473896839217
0.549992471356
1.0
0.473604651329
0.550376476543
1.0
0.473714514853
0.54989513614
1.0
0.473747767572
0.549182758756
1.0
0.473523178104
0.549281933049
1.0
0.473176182464
0.550436844323
1.0
0.473382023195
0.550160590754
1.0
0.473382023195
0.550160590754
1.0
0.474298644816
0.559648415033
1.0
0.474074858378
0.559776823712
0.99
0.469603801034
0.596920572933
0.99
0.469575849066
0.596390570683
0.99
0.469575849066
0.596390570683
0.99
0.469789567064
0.59574950962
0.956876815885
0.469447600479
0.600523319929
0.956876815885
0.46926464603
0.603937591184
0.921920892393
0.469442415338
0.616522747788
0.921920892393
0.467919527004
0.629975083429
0.930871347903
0.468571700034
0.639830766698
0.930871347903
0.466305791627
0.660019992631
0.979282833587
0.46540543452
0.663469796262
0.86228772424
0.464872873884
0.666782030763
0.86228772424
0.464872873884
0.666782030763
0.86228772424
0.462507306765
0.671431230445
0.99
0.458691310984
0.699633787405
0.99
0.457542296846
0.699956976253
1.0
0.456518122
0.70666582681
1.0
0.456743819919
0.705614130842
1.0
0.455982453697
0.712469365932
1.0
0.455476805283
0.710835290845
1.0
0.455465542357
0.715048377438
1.0
0.455465542357
0.715048377438
1.0
0.454900047168
0.714169098582
1.0
0.454924808377
0.715594965929
1.0
0.455019879187
0.715545692736
1.0
0.455020647149
0.715202488226
1.0
0.454645953187
0.714929987725
1.0
0.454820475253
0.714092321736
1.0
0.454145989122
0.712752707171
1.0
0.454196159794
0.712641437107
1.0
0.454196159794
0.712641437107
1.0
0.454127549933
0.712199953497
1.0
0.454145175093
0.711715741135
1.0
0.453240598444
0.711301991395
1.0
0.453397905937
0.711558529271
1.0
0.453671799961
0.710977432552
1.0
0.453647282992
0.710254029709
1.0
0.452783546982
0.709534786773
1.0
0.452805463922
0.710041432604
1.0
0.452805463922
0.710041432604
1.0
0.453064745304
0.709509879788
1.0
0.45347470849
0.708774050205
1.0
0.45257506102
0.708137111872
1.0
0.452855721692
0.707373064718
1.0
0.452977661263
0.707243786597
1.0
0.452907802126
0.706152578135
1.0
0.451795731988
0.705275251998
1.0
0.451802116315
0.704906331887
1.0
0.451802116315
0.704906331887
1.0
0.451564380847
0.703432311342
1.0
0.451882200341
0.703019180414
1.0
0.451255120761
0.702601988275
1.0
0.451060703482
0.702762164955
1.0
0.450657448988
0.701635262095
1.0
0.450928301201
0.700443892118
1.0
0.450817631962
0.69975314827
1.0
0.451098463828
0.698975459408
1.0
0.451098463828
0.698975459408
1.0
0.451011524833
0.698573302946
1.0
0.451174954399
0.696564326712
1.0
0.454597561696
0.702326836642
1.0
0.454522709632
0.702709412371
1.0
0.459054902382
0.717630145535
1.0
0.459108694952
0.716504450414
0.99
0.463388668948
0.742738733606
0.99
0.463388668948
0.742738733606
0.99
0.463505985382
0.74150100931
0.99
0.466100405396
0.766538998016
0.99
0.466042925222
0.767195760038
0.99
0.468517295634
0.789138626544
0.99
0.468720482742
0.79570980699
1.0
0.471664193495
0.806547467124
1.0
0.470950279801
0.815306529293
1.0
0.474231227624
0.831521424975
0.99
0.472023741515
0.86025151109
0.99
0.472023741515
0.86025151109
0.99
0.472272204902
0.869943499985
0.99
0.469702483673
0.891521202079
0.99
0.469796554714
0.896727685926
0.871296725863
0.466656053217
0.914069538932
0.871296725863
0.465103979392
0.916005905131
1.0
0.463354525394
0.929047147855
1.0
0.463354525394
0.929047147855
1.0
0.4636194849
0.928709928026
0.983502456358
0.46260429002
0.932839276595
0.983502456358
0.462908908763
0.930469297066
0.968655287496
0.462286128558
0.932849319559
0.968655287496
0.461292410706
0.929970460502
0.962053021046
0.460342923577
0.933976390227
0.962053021046
0.460774216058
0.932306713276
1.0
0.460638444747
0.933063816055
1.0
0.460814112118
0.933376220405
0.94488243996
0.460881397224
0.932175852761
0.94488243996
0.460881397224
0.932175852761
0.94488243996
0.460995464345
0.931402140428
0.941563639982
0.461510717524
0.929232827386
0.941563639982
0.460455069711
0.925881950686
0.90159905857
0.459782136452
0.92847209536
0.90159905857
0.458989450908
0.928774387915
1.0
0.459437729699
0.92599830596
1.0
0.458524139188
0.92601193455
1.0
0.459197552967
0.924374187814
1.0
0.459197552967
0.924374187814
1.0
0.459182417992
0.924721815619
0.99672333038
0.459651728163
0.924564160633
0.99672333038
0.45953559085
0.924971249108
0.986993289349
0.45977825656
0.924361196062
0.986993289349
0.458857233184
0.924470262543
0.940033285862
0.459373972998
0.925186404071
0.940033285862
0.458607108155
0.926244375801
0.929008848184
0.45848675624
0.928304489117
0.929008848184
0.45848675624
0.928304489117
0.929008848184
0.458599844546
0.929169265157
0.965803270043
0.458303782197
0.931049571191
0.965803270043
0.457252330368
0.930274010852
0.966204563702
0.457414326109
0.931961214309
0.966204563702
0.457186426216
0.931919056207
1.0
0.456814780864
0.935476316949
1.0
0.456557817281
0.935355295115
1.0
0.456372678395
0.939187897317
