1.0
0.618683095303
0.300619329048
1.0
0.618971345909
0.300702209193
1.0
0.619721119182
0.300141689994
1.0
0.62017929918
0.299235094536
1.0
0.62017929918
0.299235094536
1.0
0.620480276045
0.300521495962
1.0
0.620692959003
0.300644146114
1.0
0.62147826086
0.302658967946
1.0
0.621782192385
0.301434254524
0.971691712163
0.622151618415
0.300867057669
0.971691712163
0.622364576223
0.300902104563
1.0
0.622919939535
0.301203865082
1.0
0.622919939535
0.301203865082
1.0
0.623029017354
0.300815463637
1.0
0.623019523678
0.299882524277
1.0
0.623143244622
0.299372296344
1.0
0.623628026736
0.300332350415
1.0
0.623951502886
0.299694501053
1.0
0.624381450826
0.299512016254
1.0
0.624268337327
0.300206855984
1.0
0.623949848514
0.300719472962
1.0
0.624128699433
0.300522343617
1.0
0.624128699433
0.300522343617
1.0
0.625089173228
0.301179599788
1.0
0.625419253645
0.301364792733
1.0
0.626049276182
0.301902231893
1.0
0.626033909397
0.302049019232
0.998513089061
0.625681076097
0.302355066201
0.998513089061
0.625857288517
0.301934597632
0.998513089061
0.625857288517
0.301934597632
1.0
0.626498573663
0.302294003366
1.0
0.626803981219
0.302057302101
1.0
0.626678930502
0.301564172763
1.0
0.626792693696
0.301192753108
1.0
0.626784748621
0.302048818912
1.0
0.626757513762
0.302124182591
1.0
0.627039472047
0.300757107177
1.0
0.627241140215
0.300446180593
1.0
0.627702258522
0.30174472559
1.0
0.627959955737
0.301168935989
1.0
0.627959955737
0.301168935989
0.978564793424
0.627889892306
0.300536304476
0.978564793424
0.627868034793
0.300731876141
1.0
0.628232299222
0.301473214182
1.0
0.628452119907
0.301440212486
1.0
0.629201243693
0.303025788524
1.0
0.629139358465
0.303483411247
0.965816977202
0.628907008664
0.302172267003
0.965816977202
0.629073800685
0.301339391761
0.965816977202
0.629073800685
0.301339391761
0.96970656987
0.629306797709
0.302124111221
0.96970656987
0.629467884002
0.30216209346
1.0
0.6296976129
0.302911532514
1.0
0.629671252005
0.302661907778
0.990884287956
0.629984342083
0.303385304411
0.990884287956
0.629888316621
0.303115426538
0.990884287956
0.629888316621
0.303115426538
0.995499998928
0.629925007333
0.30334616994
0.995499998928
0.629924520307
0.304563433663
0.972018836206
0.630167254869
0.304798951705
0.972018836206
0.630496411359
0.304556770371
0.955010807613
0.631188131117
0.305655628147
0.955010807613
0.631200750982
0.305472455462
0.9922252504
0.630912441144
0.305768490663
0.9922252504
0.630913164779
0.305539614691
0.893768895642
0.631121537379
0.306545871474
0.893768895642
0.631121537379
0.306545871474
0.893768895642
0.631014564768
0.306516520322
0.972392439841
0.630599680795
0.30530054847
0.972392439841
0.63057994951
0.30530007736
0.968194684199
0.630002507387
0.305048337652
0.968194684199
0.629878874105
0.305432209214
0.990372918039
0.630399522131
0.305939022514
0.990372918039
0.630446970458
0.305687880404
0.952209268203
0.630605404986
0.306114131223
0.952209268203
0.630258641406
0.307540273046
0.952209268203
0.630258641406
0.307540273046
1.0
0.629540497638
0.305239227466
1.0
0.629395458847
0.304763081607
1.0
0.629189342239
0.303931145711
1.0
0.628981805463
0.303838914451
0.959961762188
0.628373802976
0.302817778586
0.959961762188
0.628270768627
0.303251930626
0.964794423325
0.628415734386
0.304463966164
0.964794423325
0.628428967898
0.304964344315
0.964794423325
0.628428967898
0.304964344315
0.944730539899
0.62820312448
0.304067680876
0.944730539899
0.627948284868
0.304415759248
1.0
0.627662304084
0.304103602643
1.0
0.627537448281
0.304124718848
1.0
0.627345366958
0.304283688848
1.0
0.627137754974
0.30431440103
1.0
0.626647142935
0.303311402604
1.0
0.626647142935
0.303311402604
1.0
0.626561369865
0.303422536569
1.0
0.626807309287
0.302982484408
1.0
0.626513313957
0.30338166001
1.0
0.626021099943
0.302871021153
1.0
0.625921875825
0.302747097967
0.990383716044
0.626007764725
0.303303150548
0.990383716044
0.625928077187
0.303697133865
1.0
0.625538342221
0.30282019103
1.0
0.625389061523
0.303054634828
1.0
0.625389061523
0.303054634828
1.0
0.624700374777
0.301633736545
1.0
0.624650958167
0.301441668025
1.0
0.624398842461
0.300238538958
1.0
0.623883334992
0.300183232094
1.0
0.624090722862
0.300327478325
1.0
0.623859745979
0.30012264263
1.0
0.623494524924
0.299331010394
1.0
0.623507471204
0.298806916048
1.0
0.623507471204
0.298806916048
1.0
0.623167203646
0.298348755575
1.0
0.62287467484
0.298529864256
1.0
0.622531372465
0.297740418803
1.0
0.622559791087
0.297852796861
1.0
0.621980661238
0.296706755626
1.0
0.621832088879
0.296857018123
0.996098412037
0.621736228745
0.29666812131
0.996098412037
0.621507876041
0.29619191074
0.996098412037
0.621507876041
0.29619191074
1.0
0.621303137252
0.294703382759
1.0
0.62138760094
0.294991481416
1.0
0.621504277776
0.293815182796
1.0
0.621521052107
0.293116393156
1.0
0.621459884008
0.292645167238
1.0
0.620976561192
0.292786553977
1.0
0.62057844218
0.292382393992
1.0
0.62057844218
0.292382393992
1.0
0.620559767341
0.292149617341
1.0
0.620276966709
0.292019946888
1.0
0.620216397294
0.292014245534
1.0
0.619925602083
0.292038375165
1.0
0.620070649642
0.292401544721
1.0
0.620134213537
0.293160886208
1.0
0.620030862643
0.292954485362
1.0
0.620573006986
0.29291552623
1.0
0.620396940755
0.291933076765
1.0
0.620396940755
0.291933076765
1.0
0.620402160086
0.291511605447
1.0
0.620527373778
0.291562408021
1.0
0.619941407016
0.290918534775
1.0
0.619779286361
0.290886211937
1.0
0.619322749839
0.28913308146
1.0
0.619207763331
0.2885539055
1.0
0.619207763331
0.2885539055
1.0
0.618771132409
0.286210597417
1.0
0.61884665008
0.285881332228
1.0
0.619533439572
0.286690687201
1.0
0.619561001047
0.285561161404
1.0
0.619115423294
0.28362873938
1.0
0.618889369676
0.283439964282
1.0
0.61879290055
0.283304257543
1.0
0.619027325567
0.282501688305
0.982399695282
0.618448462289
0.282090374208
0.982399695282
0.618400062701
0.281408883596
0.982399695282
0.618400062701
0.281408883596
1.0
0.618256314219
0.280185491515
1.0
0.618177329777
0.279186650383
1.0
0.618061887417
0.278621772206
1.0
0.617841085547
0.278183267495
1.0
0.617250626695
0.276154867399
1.0
0.617000102746
0.275916478598
1.0
0.617000102746
0.275916478598
1.0
0.616202944882
0.274112993531
1.0
0.616069581223
0.274207731466
1.0
0.616121039575
0.274618873019
1.0
0.616152327595
0.273357227353
0.972598569522
0.615430512195
0.273078819544
0.972598569522
0.615241938101
0.272624743674
0.980919088585
0.614902994002
0.26935552201
0.980919088585
0.614688674182
0.269119324468
1.0
0.614393657965
0.267619960729
1.0
0.614009537143
0.26778565623
1.0
0.614009537143
0.26778565623
1.0
0.613388137426
0.266294990865
1.0
0.613468027187
0.265563843639
1.0
0.612461733979
0.263631581508
1.0
0.612096793216
0.264118945404
1.0
0.612002812047
0.264125722017
1.0
0.611823920255
0.263547357169
1.0
0.611716548296
0.262840893588
1.0
0.611355476788
0.263698616419
1.0
0.611355476788
0.263698616419
1.0
0.610764290868
0.263880255717
1.0
0.610506545862
0.263249208239
1.0
0.610378363858
0.263807799386
1.0
0.610290496787
0.264826899839
1.0
0.609425689554
0.263197207815
1.0
0.609125534779
0.264283465535
1.0
0.60914618549
0.264400056065
1.0
0.608854637844
0.264839590726
1.0
0.608854637844
0.264839590726
0.992993349017
0.607707653283
0.264075847253
0.992993349017
0.607329802827
0.265264360863
0.988829481186
0.606651742371
0.265613986314
0.988829481186
0.60596139482
0.267123602078
0.969615069431
0.605547147613
0.268102934363
0.969615069431
0.605494703024
0.268724005883
1.0
0.604243528963
0.269890380744
1.0
0.604243528963
0.269890380744
1.0
0.603812257121
0.272586887299
1.0
0.60301025244
0.273633763929
1.0
0.60247663984
0.27620382878
1.0
0.601884096766
0.27692498245
1.0
0.601153898846
0.279620326775
1.0
0.60007708876
0.2814316044
1.0
0.599692801503
0.284035729194
1.0
0.598992826519
0.285914850932
1.0
0.598992826519
0.285914850932
1.0
0.598429682157
0.289528415919
1.0
0.597841352178
0.292065443924
1.0
0.597774319794
0.294610774906
1.0
0.596969273749
0.296538087474
1.0
0.596310167308
0.299568741489
1.0
0.595808149763
0.302165087843
1.0
0.59564195016
0.304820851684
1.0
0.59564195016
0.304820851684
1.0
0.594794391679
0.307506371546
1.0
0.59424099695
0.311097141843
1.0
0.593097530076
0.313153583349
1.0
0.592521257465
0.316370826139
1.0
0.591682357632
0.317566540837
1.0
0.591321188866
0.320418987852
0.993010932248
0.589982839271
0.320662539651
0.993010932248
0.588982014203
0.323796802649
1.0
0.588068700915
0.32562390149
1.0
0.587393076169
0.328440693057
1.0
0.587393076169
0.328440693057
1.0
0.586570569717
0.329946821683
1.0
0.586141362042
0.331886414651
1.0
0.584902239169
0.333596767711
1.0
0.584253541905
0.336316432326
1.0
0.582072810883
0.335553886643
1.0
0.580995711093
0.338260671724
1.0
0.579357919634
0.339894644701
1.0
0.579357919634
0.339894644701
1.0
0.57856247712
0.341831291791
0.992809675088
0.576443649177
0.341064191113
0.992809675088
0.575602491569
0.342204267114
1.0
0.572953304326
0.339586254369
1.0
0.571682749286
0.341625754733
1.0
0.570022460263
0.339743116946
1.0
0.569003501329
0.341530112248
1.0
0.569003501329
0.341530112248
0.992950255172
0.567263064669
0.341451336086
0.992950255172
0.56623828357
0.343334930509
0.995964389288
0.564677476829
0.342938997897
0.995964389288
0.563712903734
0.344621286765
0.98171363222
0.562080100967
0.341462284148
0.98171363222
0.561302639087
0.342729144336
0.914958314159
0.55949526914
0.339925510003
0.914958314159
0.558448919686
0.341269700993
0.923989658076
0.556454071945
0.338544791466
0.923989658076
0.555313308427
0.340411323555
0.923989658076
0.555313308427
0.340411323555
