0.988471091873
0.598997835276
0.578009576713
0.988471091873
0.598953085824
0.577960997785
0.912919306519
0.598928065708
0.577708192329
0.912919306519
0.599080049406
0.577988283423
0.97949837903
0.599454691932
0.57719841739
0.97949837903
0.599454691932
0.57719841739
0.97949837903
0.599454691932
0.57719841739
0.97949837903
0.599381638186
0.576683088197
1.0
0.598507715937
0.576832173127
0.981002031144
0.598721385474
0.577162688941
1.0
0.599037725364
0.576585241667
0.92823710243
0.598379100873
0.577480331496
0.978614542875
0.598813072971
0.577733652491
0.948879024379
0.598466693937
0.578367016846
0.948879024379
0.598540197307
0.57798042018
0.972642637129
0.59865815105
0.577472945133
0.972642637129
0.59865815105
0.577472945133
0.972642637129
0.598961124677
0.577308491905
0.943418253536
0.598793783998
0.576012700845
0.892497897469
0.599464245164
0.575382771601
0.892497897469
0.599080667735
0.575989159455
0.951019728185
0.598478142395
0.576113490506
0.951542406462
0.598347592233
0.577470607876
0.92727270775
0.598971598627
0.57714211873
0.92727270775
0.598958476019
0.577240108574
0.92727270775
0.598958476019
0.577240108574
0.94777880109
0.59898942611
0.57687268661
0.94777880109
0.598905035695
0.576592144642
0.933638232067
0.598945721042
0.576107268112
0.933638232067
0.59901273353
0.576373463124
0.930123915871
0.598691553903
0.575850996142
0.930123915871
0.598552780109
0.575920752246
0.923761861782
0.599185843833
0.577244566794
0.923761861782
0.599306682969
0.576505524337
0.923761861782
0.599306682969
0.576505524337
0.901259739757
0.598918230636
0.577313296735
0.901259739757
0.598707858584
0.57804296191
0.916433928078
0.598297303939
0.578210426632
0.916433928078
0.59833432986
0.578066575016
0.859074796633
0.598965107941
0.576372815513
0.859074796633
0.598879692364
0.576620009506
0.858031899023
0.598832965851
0.57674029972
0.858031899023
0.598742262947
0.576381503233
0.858031899023
0.598742262947
0.576381503233
0.890947156878
0.59876543987
0.575891861905
0.890947156878
0.598731296662
0.575797186114
0.884038952587
0.598549160291
0.576769968451
0.884038952587
0.598511836553
0.576922119345
0.944914260591
0.598476278209
0.576784030542
0.944914260591
0.598329344205
0.576869087619
0.861068184008
0.597991499976
0.577085324272
0.861068184008
0.598128440617
0.577142280418
0.861068184008
0.598128440617
0.577142280418
0.920573484467
0.597703138234
0.577921802984
0.920573484467
0.597618252694
0.578251176711
0.954174150236
0.597978430067
0.578546571069
0.944739577558
0.597965553578
0.5783186826
0.944739577558
0.597704919036
0.577884104677
0.871219997522
0.597580020373
0.578552113112
0.871219997522
0.595871884915
0.57560083049
0.900258630346
0.596724629212
0.576025684671
0.900258630346
0.596724629212
0.576025684671
0.900258630346
0.594628930833
0.573014564605
0.975678504508
0.594585545387
0.572982806878
0.893314385989
0.594273551191
0.573038596654
0.893314385989
0.594471345163
0.573725020683
0.994613891783
0.593575928237
0.573639353144
0.994613891783
0.59326837815
0.5732159484
0.96545799449
0.59287844025
0.573069866463
0.96545799449
0.59287844025
0.573069866463
0.96545799449
0.592940541969
0.573201819426
0.930592156233
0.592766606271
0.574442999201
0.930592156233
0.592665173474
0.574849379926
0.860243956848
0.592802220651
0.574560424407
0.882061786886
0.591701108612
0.574353504731
0.882061786886
0.591701108612
0.574353504731
0.834978537819
0.592220566845
0.574384679501
0.834978537819
0.59209583911
0.574399565167
0.957737920771
0.592143353957
0.574286935571
0.957737920771
0.592152457469
0.57425922034
0.928925423062
0.591969155618
0.572877406314
0.928925423062
0.592089944706
0.572869918509
0.961349468863
0.592190626516
0.57262086144
0.961349468863
0.592039779533
0.572708994722
0.961349468863
0.592039779533
0.572708994722
0.943052949919
0.592254491046
0.571918694657
0.943052949919
0.592262612642
0.572697255966
0.941817597726
0.592173270023
0.573399160991
0.941817597726
0.592299721292
0.57268955213
0.831662767487
0.592486553954
0.572203089161
0.831662767487
0.592380731432
0.572150934301
0.949338841883
0.591721902408
0.573479052676
0.949338841883
0.591846242803
0.573592533544
0.949338841883
0.591846242803
0.573592533544
0.987506147284
0.592553281077
0.57215398227
0.987506147284
0.592273074522
0.57192109263
0.970415470021
0.59245533705
0.572494149442
0.970415470021
0.592967414914
0.572856533852
1.0
0.592759370842
0.57279393008
1.0
0.59266260754
0.573185902474
0.951840346094
0.592973140706
0.573505351542
0.951840346094
0.593260237474
0.573768176852
0.951840346094
0.593260237474
0.573768176852
0.985907116605
0.593067244598
0.573715645808
0.985907116605
0.59266771998
0.573812845265
0.905152075173
0.59264704024
0.573861252928
0.905152075173
0.593336289628
0.574505330435
0.918720004374
0.593653691697
0.574231670481
0.918720004374
0.593651495914
0.574147476905
0.948615558662
0.594102638701
0.573459359492
0.948615558662
0.593974716144
0.57316495412
0.948615558662
0.593974716144
0.57316495412
0.915815581513
0.593220961798
0.573378003047
0.915815581513
0.592967363631
0.573603472927
0.969395020669
0.592508481811
0.573127151806
0.969395020669
0.592704987635
0.573620501936
0.924326955074
0.593725548712
0.573498366006
0.924326955074
0.593494749611
0.573168691901
0.96712115996
0.593253816107
0.572660232119
0.96712115996
0.593248863889
0.572808035202
0.96712115996
0.593248863889
0.572808035202
0.990836095433
0.593214473137
0.572519815936
0.990836095433
0.593249485428
0.573031354321
0.889995155327
0.593356689038
0.572045681168
0.889995155327
0.593020938282
0.572840998413
0.920149526739
0.593511657815
0.573078006848
0.85705912901
0.593369110832
0.572614916045
0.85705912901
0.593630540378
0.571853680159
0.937108930051
0.593924073062
0.571135607371
0.937108930051
0.593924073062
0.571135607371
0.937108930051
0.593871018821
0.571419691968
0.953690413126
0.593570642202
0.571321037988
0.953690413126
0.593638845489
0.57185645511
0.958652881424
0.593226337517
0.571955526635
0.958652881424
0.593166361289
0.572236813263
0.841751317368
0.59296044441
0.572743190494
0.841751317368
0.593012284457
0.573219762725
0.872268777446
0.593611727034
0.573571174117
0.872268777446
0.593611727034
0.573571174117
0.872268777446
0.593516640273
0.574491725077
0.944187747583
0.593312985108
0.575167015595
0.944187747583
0.593768471265
0.57554978495
0.897813244471
0.593831950347
0.575644955487
0.897813244471
0.593754975269
0.576256119683
0.950619978348
0.593553787023
0.576383570316
0.950619978348
0.593439589979
0.576595485318
0.891410551048
0.593624485382
0.577093620931
0.891410551048
0.593624485382
0.577093620931
0.891410551048
0.593740144133
0.577650612312
0.889733785428
0.594393258844
0.576888546876
0.889733785428
0.594433780341
0.577442427722
0.862332871196
0.593985401205
0.576544177915
0.862332871196
0.594033572485
0.576851634797
0.885661166239
0.594413853143
0.5783891572
0.885661166239
0.594138757846
0.578695933678
0.910606065162
0.594327825558
0.579368976039
0.910606065162
0.594327825558
0.579368976039
0.910606065162
0.594224310282
0.580167024319
0.857601834544
0.594231225955
0.58076780076
0.857601834544
0.593717867887
0.580208210764
0.894236190231
0.593296806172
0.580389005785
0.894236190231
0.593337447209
0.581101414267
0.941508985883
0.593092009391
0.581902084515
0.941508985883
0.593092009391
0.581902084515
0.941508985883
0.592942300808
0.58266049524
0.880373435165
0.592492390837
0.583899407626
0.880373435165
0.592273816771
0.58394989709
0.963896227011
0.591992270643
0.584239470495
0.963896227011
0.591765965419
0.584541351917
0.924619531201
0.5915607728
0.585051231748
0.924619531201
0.591115303949
0.585079636799
0.919099017154
0.591332217651
0.586228884995
0.919099017154
0.591235098137
0.586532624397
0.918766381685
0.590838916695
0.586720115787
0.918766381685
0.590838916695
0.586720115787
0.918766381685
0.590617069525
0.587289364503
0.925715475099
0.590344748746
0.588752391231
0.925715475099
0.590235844372
0.588164266698
0.942523221874
0.590081968428
0.588572164079
0.942523221874
0.590361735657
0.588899410999
0.914398789679
0.589848456448
0.590239599955
0.914398789679
0.590135909591
0.590389487126
0.897751305219
0.590610940625
0.590191342508
0.897751305219
0.590610940625
0.590191342508
0.897751305219
0.590734499956
0.590462304938
0.946859935365
0.590987664372
0.59043267831
0.946859935365
0.591227980962
0.591007497216
0.925688642517
0.591227035025
0.589818339451
0.925688642517
0.591679446684
0.590409246454
0.916619186364
0.591870829819
0.591690318391
0.916619186364
0.591854311063
0.592534246061
0.911807712635
0.592680172265
0.592380409644
0.911807712635
0.592680172265
0.592380409644
0.911807712635
0.592911744117
0.593680399194
0.884971554306
0.592809323979
0.593183665338
0.884971554306
0.592939655106
0.593624341184
0.868993559118
0.593018170791
0.592385119514
0.868993559118
0.597193281102
0.592711189756
0.923931696146
0.597200950234
0.593290020398
0.923931696146
0.604714959751
0.592679902898
0.899422145666
0.604926521535
0.594047776824
0.899422145666
0.604926521535
0.594047776824
0.899422145666
0.610949004488
0.593583307997
0.92590388446
0.612139794515
0.594157519467
0.92590388446
0.613373013131
0.593120537458
0.931564408652
0.61574062195
0.587897175279
0.821567317346
0.61810070727
0.585336523871
0.821567317346
0.617907971533
0.585591191188
0.99
0.62967106947
0.57489592928
0.99
0.62967106947
0.57489592928
0.99
0.630071057225
0.575797187354
1.0
0.630021554767
0.57586371943
1.0
0.630140711754
0.575983007515
1.0
0.630154078699
0.576264056929
1.0
0.630092333264
0.57667965817
1.0
0.630621109744
0.576302432926
1.0
0.630592683935
0.577299005592
1.0
0.630812635098
0.577686040703
1.0
0.630812635098
0.577686040703
1.0
0.630754963593
0.578596115707
1.0
0.631336088294
0.578871881349
1.0
0.631400753432
0.580160509489
1.0
0.63140404954
0.580838397393
1.0
0.631368354777
0.581946832585
1.0
0.631386234356
0.582407073588
1.0
0.631475554134
0.582916719437
1.0
0.631448838907
0.583642563481
1.0
0.631448838907
0.583642563481
1.0
0.631703545996
0.58495324734
1.0
0.631988119067
0.585718578415
1.0
0.632009706827
0.585703325266
1.0
0.63182522253
0.586979705667
1.0
0.631922174735
0.587488473367
1.0
0.632339126531
0.587886007143
1.0
0.631736867321
0.588686710861
1.0
0.631656512059
0.588793190605
1.0
0.631656512059
0.588793190605
1.0
0.631498515477
0.589080241025
1.0
0.631604487504
0.589450974824
1.0
0.63136523957
0.590209852189
1.0
0.631413386761
0.590344240562
1.0
0.631418248943
0.590874229745
1.0
0.631589278619
0.591316958273
1.0
0.631427294436
0.592183425949
1.0
0.631612854928
0.592621108528
1.0
0.631612854928
0.592621108528
1.0
0.631607469914
0.59320973069
1.0
0.631589923389
0.593700360768
1.0
0.631250524773
0.594544338107
1.0
0.631261692654
0.595321751313
1.0
0.630785319125
0.595036941635
1.0
0.630769780031
0.595679755485
1.0
0.629746639291
0.595521537537
1.0
0.629625635543
0.595993768822
1.0
0.629625635543
0.595993768822
0.99
0.612480281376
0.58705783209
0.99
0.612730903483
0.586783586259
0.99
0.61268481331
0.587356240807
1.0
0.603214842988
0.581250193892
1.0
0.600860015587
0.583394992287
1.0
0.600860015587
0.583394992287
1.0
0.597225977683
0.580318706652
1.0
0.591576525649
0.586032567539
