1.0
0.513031499389
0.371136236026
1.0
0.514841554918
0.372813167026
0.948530579417
0.514393664928
0.407928287465
0.948530579417
0.514583118811
0.376266011143
1.0
0.514820693099
0.409973985123
1.0
0.514999073131
0.379958668298
1.0
0.515146870076
0.412670936064
1.0
0.515217810755
0.413130189222
1.0
0.515382374867
0.385340024906
1.0
0.515197939279
0.413295879776
1.0
0.515197939279
0.413295879776
1.0
0.515247863435
0.413644691435
1.0
0.515412545116
0.3858264475
1.0
0.514885403543
0.412743733399
1.0
0.515057312482
0.383814091967
1.0
0.515698111609
0.385147271749
1.0
0.516373837155
0.385951115377
0.944399553215
0.51510597898
0.413932661972
0.944399553215
0.515269264609
0.386374151211
0.944399553215
0.515269264609
0.386374151211
0.94039708982
0.514744523051
0.413034249075
0.94039708982
0.514913970157
0.384678149652
0.997585917867
0.514972193473
0.413317917543
0.997585917867
0.514992718436
0.412915558402
0.997585917867
0.515159582967
0.384784793563
1.0
0.51538310526
0.383545898052
1.0
0.515368134977
0.412648122953
1.0
0.515531655546
0.384824207979
1.0
0.514724259144
0.412419411178
1.0
0.514724259144
0.412419411178
1.0
0.514603514923
0.412013278052
1.0
0.514767736025
0.384470226328
1.0
0.514637646241
0.413242535932
1.0
0.514802400311
0.385487720528
1.0
0.514452071799
0.412730693264
1.0
0.514617598524
0.384909926401
1.0
0.51430091256
0.41191340891
1.0
0.514466018773
0.384221654419
1.0
0.514466018773
0.384221654419
1.0
0.513764209626
0.383295182633
1.0
0.513909481677
0.41203783033
1.0
0.514076026896
0.384369818986
1.0
0.512828967845
0.410990028715
1.0
0.512811881221
0.410999249229
1.0
0.512986947558
0.382586859147
1.0
0.512376853152
0.409543204165
1.0
0.512553734852
0.381193592534
1.0
0.512553734852
0.381193592534
1.0
0.511612407702
0.408160028659
1.0
0.511795835418
0.37918295448
1.0
0.511295634653
0.37995736937
1.0
0.510958681039
0.408521688339
1.0
0.511142234996
0.380111981342
1.0
0.510474378219
0.408828493997
1.0
0.510666305878
0.379437644422
1.0
0.509326634749
0.407969214906
1.0
0.509326634749
0.407969214906
1.0
0.509398345673
0.408226423224
1.0
0.509597236313
0.378609142843
1.0
0.508879554107
0.377836590147
1.0
0.50882020849
0.406396752907
1.0
0.509028943332
0.375613688362
1.0
0.50822943352
0.406395974331
1.0
0.508442735287
0.375336362179
1.0
0.507937490181
0.407145434946
1.0
0.507937490181
0.407145434946
1.0
0.508120052323
0.406344886168
1.0
0.508331964885
0.37579985877
1.0
0.507858221407
0.406209614623
1.0
0.508079659276
0.374396135619
1.0
0.507586038759
0.405845875477
1.0
0.50780237148
0.375154785791
1.0
0.507771951255
0.406642202591
1.0
0.507992439003
0.375049371557
1.0
0.507992439003
0.375049371557
1.0
0.508338209979
0.408125185333
1.0
0.508549537286
0.377547279682
0.993046699764
0.507600148902
0.406643451541
0.993046699764
0.507819620872
0.375440704143
1.0
0.508619776316
0.407294291166
1.0
0.508837951023
0.375461139366
1.0
0.508191488802
0.407236885311
1.0
0.508410355777
0.375734136251
1.0
0.508410355777
0.375734136251
1.0
0.508672311256
0.376126618533
1.0
0.508897661463
0.407443523665
1.0
0.509113746578
0.37583406837
0.977060078457
0.508847854645
0.408151091416
0.977060078457
0.508927333189
0.40762699631
0.977060078457
0.509144063703
0.375876115731
1.0
0.509033406937
0.408119945753
1.0
0.509253080658
0.375902200138
1.0
0.509253080658
0.375902200138
1.0
0.509311148957
0.409158973637
1.0
0.509526920946
0.377419835173
1.0
0.510364193114
0.377797635071
1.0
0.509048933361
0.408514089665
1.0
0.509266626684
0.376693432294
1.0
0.509369866807
0.408942044017
1.0
0.509587554039
0.376863709692
1.0
0.509587554039
0.376863709692
1.0
0.510062695342
0.409933905464
1.0
0.510232043347
0.409650464196
1.0
0.510442630406
0.378271447881
1.0
0.510628151553
0.41120458093
1.0
0.510834854486
0.38017016283
1.0
0.51057308825
0.379934140481
1.0
0.510866960991
0.411187582679
1.0
0.511072057821
0.380321015855
0.956192602015
0.511069448105
0.41218906591
0.956192602015
0.511069448105
0.41218906591
0.956192602015
0.51100580644
0.412210402451
0.956192602015
0.511203419338
0.382554321139
1.0
0.511902257674
0.41318768259
1.0
0.512097107461
0.383433679281
1.0
0.511926835416
0.383966379124
0.999553660252
0.512289413882
0.414433569257
0.999553660252
0.512476862203
0.385632723401
1.0
0.513436410989
0.416162018765
1.0
0.513436410989
0.416162018765
1.0
0.513427620928
0.416223414075
1.0
0.513604987402
0.388422559981
1.0
0.513102970617
0.414966177296
1.0
0.513288919869
0.385936315233
1.0
0.515073862121
0.385501228459
1.0
0.514317746665
0.416048508909
1.0
0.514494974966
0.38756664257
1.0
0.515213646849
0.417127701878
1.0
0.515213646849
0.417127701878
1.0
0.515385808295
0.388807755403
1.0
0.516118922118
0.416131934849
1.0
0.516014599814
0.416977319722
1.0
0.516186615903
0.388103495715
0.928213567651
0.516063560505
0.417660834817
0.928213567651
0.516232751218
0.38931474025
1.0
0.516455259872
0.417532723401
1.0
0.516625621243
0.388668631811
1.0
0.516625621243
0.388668631811
1.0
0.516845503301
0.388502659931
1.0
0.517647662455
0.41966182179
1.0
0.51780836305
0.391696413336
1.0
0.518171113176
0.41935257892
1.0
0.518212583929
0.419484750199
1.0
0.518372565797
0.391244101074
1.0
0.518911495446
0.391291719186
1.0
0.519564756518
0.419644657923
1.0
0.519564756518
0.419644657923
1.0
0.519539628938
0.419616829526
1.0
0.519699182878
0.390525077136
1.0
0.520242536819
0.389859926474
0.966247563659
0.520302471749
0.420049364292
0.966247563659
0.520458832205
0.391110983978
1.0
0.520450516507
0.420370663583
1.0
0.520605110539
0.391674875136
1.0
0.520605110539
0.391674875136
1.0
0.520829062758
0.420255302797
1.0
0.520965867758
0.420231925825
1.0
0.521116340746
0.392060965573
1.0
0.521193301916
0.391033138759
0.977491771947
0.521472756904
0.420339339431
0.977491771947
0.521667315779
0.420329525792
0.977491771947
0.521821548314
0.391150037802
0.961135263831
0.521944089383
0.390762252737
0.980820389298
0.522801349518
0.421927636441
0.980820389298
0.522801349518
0.421927636441
0.980820389298
0.522838367341
0.421393157902
0.980820389298
0.522986603671
0.392644225565
0.968142616518
0.522893961963
0.420843085339
0.968142616518
0.523046182235
0.391377533046
1.0
0.52297299334
0.421278892812
1.0
0.523120103024
0.392732224396
0.971048140347
0.523081311496
0.420249474463
0.971048140347
0.523081311496
0.420249474463
0.971048140347
0.523231624768
0.391031337791
0.963435198984
0.522819459008
0.389936803408
1.0
0.523196551824
0.420280453858
1.0
0.523117630624
0.420418208522
1.0
0.523270545066
0.390667832298
1.0
0.524098050385
0.421730410784
1.0
0.52424627599
0.392280535468
1.0
0.523665442848
0.393873185052
0.956812553609
0.523590850724
0.420683863693
0.956812553609
0.523590850724
0.420683863693
0.956812553609
0.523709062891
0.420926954664
0.956812553609
0.523856572178
0.391870178301
1.0
0.523527228797
0.419656530188
1.0
0.523674533503
0.390772688624
0.951284073349
0.524399054146
0.418541549707
0.951284073349
0.524540564168
0.390395933832
1.0
0.527021599946
0.414194869772
1.0
0.527142069795
0.388961141677
1.0
0.527142069795
0.388961141677
1.0
0.528864781777
0.407044547282
1.0
0.528968723883
0.38418663404
1.0
0.531672869678
0.404509577629
1.0
0.531759403408
0.383162036286
1.0
0.532274567742
0.401693324114
1.0
0.532360511291
0.379946813199
0.951115713689
0.53162355608
0.400515227277
0.951115713689
0.53162355608
0.400515227277
0.951115713689
0.531651521874
0.400082336105
0.951115713689
0.531738201643
0.378708180696
1.0
0.53220166419
0.398612714932
1.0
0.5322809243
0.37834010381
1.0
0.5322294934
0.379380039688
1.0
0.532521399341
0.396414729433
1.0
0.532591310591
0.377859984379
0.991125537636
0.53237247051
0.395611414742
0.991125537636
0.53237247051
0.395611414742
0.991125537636
0.532441385124
0.377376100009
0.972351579142
0.532970797975
0.395696115107
0.972351579142
0.53314773377
0.394960620269
0.972351579142
0.533208437576
0.377848259286
1.0
0.538059971973
0.397778582122
1.0
0.538105624848
0.380702294163
1.0
0.543875868238
0.400218794243
1.0
0.543920346887
0.380722567127
1.0
0.543920346887
0.380722567127
0.929488822679
0.553594896323
0.35703031368
1.0
0.55195030227
0.39283820551
1.0
0.552052604658
0.393142626599
1.0
0.552141733419
0.361250098793
1.0
0.552002853545
0.393107238964
1.0
0.55208722755
0.362102062045
1.0
0.55201808566
0.393272545669
1.0
0.552102668953
0.362095815563
1.0
0.552102668953
0.362095815563
1.0
0.552221992261
0.392738521635
1.0
0.552303119434
0.362454241015
1.0
0.552224720029
0.362800547745
0.925466575055
0.551974027103
0.392874861433
0.925466575055
0.551956994327
0.393137569553
0.925466575055
0.552038449296
0.362603353006
1.0
0.552411551411
0.393143260477
1.0
0.552495172949
0.361806816337
1.0
0.552495172949
0.361806816337
1.0
0.553013609777
0.361428977496
1.0
0.552236947353
0.392513375824
1.0
0.552302701882
0.392816637034
1.0
0.552391176465
0.360085999711
1.0
0.553800728276
0.361977667712
1.0
0.553320535371
0.393340250417
1.0
0.553320535371
0.393340250417
1.0
0.55340821217
0.360513272308
1.0
0.553298598337
0.39367814534
1.0
0.553384186431
0.361611290888
1.0
0.553781439641
0.394824399265
1.0
0.553865634284
0.362760235222
1.0
0.553321257211
0.394031669004
1.0
0.5534074326
0.361472521603
0.936778108013
0.553393606895
0.394156033953
0.936778108013
0.55348378542
0.360615717405
1.0
0.554003473465
0.393799283307
1.0
0.554003473465
0.393799283307
1.0
0.554045673299
0.393492013344
1.0
0.554135414904
0.359714348353
0.987678455707
0.553939092792
0.394320245886
0.987678455707
0.554035040315
0.358949453678
1.0
0.554191433214
0.395084302999
1.0
0.554283664303
0.360689808427
1.0
0.554599860966
0.396239563178
1.0
0.554599860966
0.396239563178
1.0
0.554691193997
0.362222893631
1.0
0.554716426427
0.362685235092
1.0
0.55452203201
0.396558757998
1.0
0.554611960706
0.362877459553
0.999992589511
0.554436408456
0.397797490922
0.999992589511
0.554529833848
0.363043587896
1.0
0.554235625633
0.399976242336
1.0
0.554235625633
0.399976242336
1.0
0.551126006137
0.402218462437
1.0
0.551235504975
0.369411842769
1.0
0.547819640718
0.406658938716
1.0
0.547935699371
0.376212892888
1.0
0.545858098137
0.409225562046
1.0
0.545979288299
0.379287123328
1.0
0.545126451414
0.411656263587
1.0
0.545253563804
0.381042689957
1.0
0.544975028331
0.414298290366
1.0
0.545106468005
0.382687815009
1.0
0.545106468005
0.382687815009
1.0
0.545313475558
0.415513974844
1.0
0.545447150349
0.383089926191
1.0
0.545564464612
0.416937517468
1.0
0.545704203069
0.383059254433
1.0
0.545075487067
0.419188392349
1.0
0.545217415034
0.384929139526
1.0
0.545256788257
0.421160313689
1.0
0.545256788257
0.421160313689
1.0
0.545402305404
0.385959147323
1.0
0.545006489167
0.387554583809
0.840629624313
0.539679974138
0.419366891787
0.840629624313
0.539830112492
0.383640399158
0.712486315847
0.529719333609
0.414028789118
0.712486315847
0.52988833662
0.377405755278
0.969693353024
0.520907453996
0.410788501873
0.969693353024
0.520787168346
0.412192213612
0.969693353024
0.520985647315
0.375324739168
0.969693353024
0.520985647315
0.375324739168
1.0
0.519659279003
0.415008898284
1.0
0.51984988521
0.380544569957
1.0
0.519753939714
0.417904527263
1.0
0.519936392452
0.384902211634
1.0
0.520068556299
0.418529421105
