0.99
0.374698264747
0.420911722153
0.99
0.367851776933
0.438540387547
0.908504465991
0.336737399497
0.4267534884
0.908504465991
0.334318766197
0.434404496615
0.908504465991
0.332379137349
0.439277242286
0.969579815044
0.323332138972
0.433613543945
0.998800445594
0.32167328678
0.438752770754
0.998800445594
0.32167328678
0.438752770754
0.860135805447
0.328873212165
0.442386975955
0.860135805447
0.328566545005
0.444139412112
1.0
0.339180723424
0.447734136001
1.0
0.338623169111
0.448907520085
1.0
0.332613902724
0.447294596605
1.0
0.332323741098
0.448480667278
1.0
0.332570691288
0.448378354693
1.0
0.332458035486
0.448471690638
1.0
0.332458035486
0.448471690638
1.0
0.33175263779
0.448850678865
1.0
0.331749664595
0.448672758423
1.0
0.331692584543
0.448360218913
1.0
0.331787670574
0.447973732744
1.0
0.332348305657
0.447994354836
1.0
0.332336302021
0.447899301438
1.0
0.33210166808
0.447488398569
1.0
0.33213401061
0.447431784246
1.0
0.33213401061
0.447431784246
1.0
0.332280735961
0.44714753597
1.0
0.332258272972
0.447080046947
1.0
0.332491980643
0.447494152751
1.0
0.332498320857
0.447452078818
1.0
0.332440425556
0.446855333839
1.0
0.332499341037
0.446695987096
1.0
0.333104408395
0.447517904351
1.0
0.333077647927
0.447377519091
1.0
0.332792939603
0.446970531055
1.0
0.332792939603
0.446970531055
1.0
0.332699933431
0.447275149904
1.0
0.333055780042
0.447405463647
1.0
0.333130471841
0.447111879332
1.0
0.333114538903
0.446991114703
1.0
0.333127764241
0.446786024846
1.0
0.332792544415
0.446291800315
1.0
0.332798699844
0.445998408242
1.0
0.332733358919
0.446497267074
1.0
0.332733358919
0.446497267074
1.0
0.332731250142
0.446607169213
1.0
0.333119066483
0.446431836456
1.0
0.33313627766
0.446476342542
1.0
0.332906776662
0.446144564711
1.0
0.33287151929
0.445995114607
1.0
0.333371285728
0.446837938774
1.0
0.33336734621
0.446922006504
1.0
0.333369716875
0.446697402563
1.0
0.333369716875
0.446697402563
1.0
0.333366027114
0.446583146723
1.0
0.333355733778
0.44647732209
1.0
0.333356598873
0.446793117118
1.0
0.333611914338
0.446832548221
1.0
0.333608962553
0.446544366378
1.0
0.333679660931
0.446748890202
1.0
0.333679660931
0.446748890202
1.0
0.333623546778
0.446924549436
1.0
0.333883903619
0.446888158071
1.0
0.333909724471
0.446802128484
1.0
0.333853090029
0.447187770707
1.0
0.333805778812
0.447340925821
1.0
0.334086467986
0.447482350519
1.0
0.334086098456
0.447544051269
1.0
0.332505863514
0.446434214082
1.0
0.332505863514
0.446434214082
1.0
0.332507074028
0.446421243373
1.0
0.333113277331
0.447485832405
1.0
0.333093636668
0.447661940834
1.0
0.334134189326
0.447487192217
1.0
0.334150943081
0.447394515914
1.0
0.334325474399
0.447525970477
1.0
0.334311510289
0.447763480515
1.0
0.333764357851
0.448001413332
1.0
0.333520386689
0.449108470365
1.0
0.333520386689
0.449108470365
1.0
0.329749558983
0.454526011218
1.0
0.328432811612
0.465200396869
1.0
0.327268693651
0.477277398279
0.99
0.325401824167
0.495593516937
0.99
0.325854277943
0.502616967884
0.998996101167
0.325312243598
0.511357047332
0.891508185674
0.324171403608
0.520119895803
0.891508185674
0.323412195537
0.527191176999
0.891508185674
0.323412195537
0.527191176999
0.869495410472
0.322795673166
0.531038189898
0.869495410472
0.32220806838
0.535699535865
0.939747141139
0.31951804842
0.540808732748
0.643700624779
0.319484004984
0.549318063985
0.643700624779
0.31804149684
0.551467728919
1.0
0.317568610463
0.547052751821
1.0
0.317568610463
0.547052751821
1.0
0.317667338322
0.546834209412
1.0
0.317379020933
0.550663406441
1.0
0.317753754508
0.550918226505
1.0
0.317694261206
0.55068740783
1.0
0.317911135434
0.550326762127
1.0
0.317818332715
0.550503412089
1.0
0.318613004381
0.550499986489
1.0
0.31853878047
0.550619251789
1.0
0.318027753456
0.55001008676
1.0
0.318007417292
0.550090280099
1.0
0.318007417292
0.550090280099
1.0
0.31772093172
0.550876462022
1.0
0.317650817441
0.550772807371
1.0
0.318631374604
0.550954092878
1.0
0.318665194545
0.550671248738
1.0
0.318449643177
0.549943459468
1.0
0.318396224925
0.549942836069
1.0
0.318396224925
0.549942836069
1.0
0.318373622997
0.549758735939
1.0
0.318345260858
0.549274001106
1.0
0.318618955748
0.549319018295
1.0
0.318667216686
0.549334313461
1.0
0.318434113058
0.549108810389
1.0
0.318498353164
0.5491126949
1.0
0.31877066605
0.549275474493
1.0
0.318774410425
0.548924826663
1.0
0.318980065487
0.549061479484
1.0
0.31902185117
0.548585742991
1.0
0.31902185117
0.548585742991
1.0
0.318952675976
0.548348348271
1.0
0.318978816554
0.54851711665
1.0
0.318663863874
0.548197797281
1.0
0.318620206037
0.548420716726
1.0
0.31928146492
0.549389447296
1.0
0.319344089163
0.549275170588
1.0
0.319616245681
0.549221328178
1.0
0.319620973329
0.548961696701
1.0
0.319620973329
0.548961696701
1.0
0.320078655012
0.548918146224
1.0
0.320110164646
0.548979504977
1.0
0.320162996407
0.549317203428
1.0
0.320103367527
0.549618343156
1.0
0.319540694474
0.54938535358
1.0
0.319511560499
0.549341000377
1.0
0.319511560499
0.549341000377
1.0
0.319187533619
0.548368449411
1.0
0.319183516254
0.54836317071
1.0
0.319468533781
0.548855351465
1.0
0.319415949018
0.548931762514
1.0
0.319883336111
0.549271404542
1.0
0.319960630223
0.548736606838
1.0
0.319731910034
0.548549181236
1.0
0.319740098291
0.548138052857
1.0
0.319809729726
0.548108323693
1.0
0.319765447304
0.548116853054
1.0
0.319765447304
0.548116853054
1.0
0.320120181323
0.548865743026
1.0
0.320079576067
0.549104845923
1.0
0.319833018853
0.548171794895
1.0
0.31990643761
0.547706603445
1.0
0.319515912591
0.547616460542
1.0
0.319479435141
0.547796830482
1.0
0.319479435141
0.547796830482
1.0
0.320015864001
0.547753356611
1.0
0.319977189126
0.547810765822
1.0
0.319749206734
0.547771656598
1.0
0.319707075965
0.547719958837
1.0
0.320392759083
0.548388997174
1.0
0.3202067595
0.549710135691
1.0
0.320553451406
0.550442952637
1.0
0.320413452577
0.550764259879
1.0
0.32086597081
0.549929717425
1.0
0.320870150945
0.549163835481
1.0
0.320870150945
0.549163835481
1.0
0.322094914229
0.55070797158
1.0
0.321537725237
0.553260504001
1.0
0.324317152121
0.556330050335
1.0
0.323491591662
0.560261446217
1.0
0.326989654672
0.563245069192
1.0
0.326100124779
0.566559466106
1.0
0.326100124779
0.566559466106
1.0
0.329088824838
0.567317245584
0.847940002336
0.328483678673
0.568921756446
0.847940002336
0.0856608377341
0.165328983267
0.823500159395
0.0994813833964
0.111667916186
0.823500159395
0.0994813833964
0.111667916186
0.932258542298
0.107215787631
0.040952825292
0.932258542298
0.238301692239
0.0990607118818
0.75153570947
0.225985643902
0.0857958604571
0.75153570947
0.225653315854
0.0870027528412
0.75153570947
0.225653315854
0.0870027528412
0.75153570947
0.225653315854
0.0870027528412
0.75153570947
0.225653315854
0.0870027528412
0.863851493357
0.249544307809
0.32784560435
0.863851493357
0.249544307809
0.32784560435
0.870810833865
0.247003431142
0.327517569364
0.795003283186
0.335236274687
0.549620471544
0.970841659023
0.341102943636
0.498901459841
0.970841659023
0.341119268029
0.499081754574
1.0
0.341426498945
0.499814770099
1.0
0.339339163737
0.497310298537
0.944200268695
0.339618254398
0.497160778105
0.944200268695
0.336368128827
0.494708658876
0.944200268695
0.336368128827
0.494708658876
0.977322495318
0.336266167759
0.496025244058
0.977322495318
0.333009718782
0.493204459122
1.0
0.33321388563
0.497275904177
1.0
0.331891679853
0.495441308625
1.0
0.332279547704
0.49608244047
1.0
0.331505726253
0.495085377057
1.0
0.331747739586
0.494062888886
1.0
0.331558501042
0.493390608906
1.0
0.331683400238
0.493147227245
1.0
0.331683400238
0.493147227245
1.0
0.331841784117
0.492553529934
1.0
0.332041560555
0.490842800448
1.0
0.331612160674
0.489510996414
1.0
0.331788728607
0.488773108625
1.0
0.332069264284
0.488555537125
1.0
0.332188977602
0.48772209808
1.0
0.331695761173
0.487431095799
1.0
0.331762093095
0.487033523416
1.0
0.331762093095
0.487033523416
1.0
0.331116531743
0.485850290119
1.0
0.331158473233
0.485387523027
1.0
0.331626241846
0.485611058999
1.0
0.331616233127
0.485529637243
1.0
0.3322543536
0.486645862482
1.0
0.33233214124
0.48690933545
1.0
0.332372078219
0.486750759263
1.0
0.332372078219
0.486750759263
1.0
0.332395624935
0.48694585692
1.0
0.332396389461
0.487076658874
1.0
0.332351442735
0.487413429186
1.0
0.332444926534
0.487216697471
1.0
0.332442713341
0.486846147916
1.0
0.332263679643
0.48667094444
1.0
0.332419282866
0.48616073943
1.0
0.333042849488
0.486245084775
1.0
0.333004250456
0.486896298503
1.0
0.332369274579
0.486274232618
1.0
0.332369274579
0.486274232618
1.0
0.3324449011
0.485933139663
1.0
0.332331190803
0.485901358758
1.0
0.332297565617
0.486062187766
1.0
0.332629262512
0.487317701487
1.0
0.332465305566
0.488433271619
1.0
0.332297240139
0.488213193384
1.0
0.332297240139
0.488213193384
1.0
0.332317248999
0.488193204952
1.0
0.33260557615
0.488621721274
1.0
0.33260627736
0.488725314313
1.0
0.332478913141
0.488601955171
1.0
0.332381225609
0.489214631043
1.0
0.332620700376
0.489233994069
1.0
0.332574155993
0.489439214457
1.0
0.332540213764
0.489480134261
1.0
0.332540213764
0.489480134261
1.0
0.332539872402
0.489467076976
1.0
0.331876539443
0.489490259835
1.0
0.331890468119
0.489458515902
1.0
0.332248459298
0.488757805695
1.0
0.332226160826
0.488617591613
1.0
0.333106146016
0.489179549361
1.0
0.333140562019
0.488942373776
1.0
0.333278916659
0.488699819853
1.0
0.333278916659
0.488699819853
1.0
0.333251170088
0.488538173441
1.0
0.332706948085
0.487786134851
1.0
0.332755823395
0.487361284745
1.0
0.332984795938
0.487525363517
1.0
0.332967027263
0.487691165213
1.0
0.332564831203
0.487562141486
1.0
0.332568791626
0.487409963963
1.0
0.332726616088
0.487168570545
1.0
0.332726616088
0.487168570545
1.0
0.332781424428
0.486619380899
1.0
0.332900179165
0.486015013371
1.0
0.332930731971
0.485261164533
1.0
0.332031940913
0.484607403883
1.0
0.332202683022
0.483663705405
1.0
0.332370847291
0.483658971923
1.0
0.332260094087
0.483942329088
1.0
0.332525732214
0.48424277647
1.0
0.332466134233
0.48453923728
1.0
0.332466134233
0.48453923728
1.0
0.332315576262
0.484608719706
1.0
0.332337770391
0.484147090034
1.0
0.332701298645
0.484145129042
1.0
0.33272476266
0.483778647153
1.0
0.332199586189
0.483684358245
1.0
0.332178961501
0.484072212993
1.0
0.332268015854
0.483675232184
1.0
0.332268015854
0.483675232184
1.0
0.332267367213
0.483950617547
1.0
0.332140825834
0.483672628601
1.0
0.332163631997
0.482957330821
1.0
0.331681916622
0.483181794677
1.0
0.3317326288
0.483079099613
1.0
0.332007359332
0.482912893272
1.0
0.331953503065
0.48279225985
1.0
0.332059826183
0.48267420857
1.0
0.332059826183
0.48267420857
1.0
0.332068931402
0.482665916528
1.0
0.332161420653
0.48235857025
1.0
0.332227614151
0.482057614391
1.0
0.331788956129
0.482041116132
1.0
0.331822845317
0.481750688593
1.0
0.331644431934
0.481671607401
1.0
0.331647343049
0.481219374284
1.0
0.332879237233
0.48091665838
1.0
0.332861651642
0.481248317532
1.0
0.332861651642
0.481248317532
1.0
0.330765499797
0.481265536332
1.0
0.330812249247
0.480944476068
1.0
0.331030838477
0.481278576327
1.0
0.33097696935
0.48164199482
1.0
0.331790231603
0.481574669497
