0.739349993468
0.566217337126
0.367016006324
0.739349993468
0.565930133744
0.367833791962
0.99
0.565444818141
0.378269485864
0.99
0.566105757568
0.379640049549
1.0
0.56645159148
0.374648533347
1.0
0.565472288348
0.374469303577
0.812424529781
0.565763748929
0.371616177667
0.812424529781
0.567020220156
0.372132948361
0.972254743728
0.567292293022
0.371944831324
0.972254743728
0.565925952169
0.37085118144
0.972254743728
0.565925952169
0.37085118144
0.846436787092
0.565799961531
0.369117352792
0.846436787092
0.566074282468
0.369087715972
0.803076106686
0.565299912185
0.367708700516
0.803076106686
0.565533754702
0.370047709128
0.988732146078
0.566094396359
0.376024153836
0.988732146078
0.566131995641
0.377335293763
0.998583608603
0.566064072209
0.376880129251
0.998583608603
0.566064072209
0.376880129251
0.998583608603
0.565630851906
0.377688452009
0.782499032864
0.565915575589
0.374031667408
0.782499032864
0.565390035218
0.374063009489
0.99
0.564963990848
0.386000756391
0.99
0.565050249987
0.387151163989
1.0
0.565219915335
0.385924985027
1.0
0.565110217134
0.386952416019
1.0
0.565110217134
0.386952416019
0.717435141054
0.56548930059
0.377892385018
0.717435141054
0.564971202371
0.378281748099
0.828463611723
0.564437803578
0.381241673983
0.828463611723
0.5645752937
0.382971562074
0.828463611723
0.564873621336
0.385087477678
0.828463611723
0.565365864255
0.387055702961
0.963273796626
0.565377342437
0.390446897776
0.963273796626
0.565377342437
0.390446897776
0.963273796626
0.564451887142
0.390336753998
0.812988387127
0.565449027452
0.397182914819
0.812988387127
0.563972538088
0.395614984954
0.9501249893
0.563730062236
0.396000521972
0.9501249893
0.553073652353
0.386168021205
0.896479759407
0.551961046732
0.383460010347
0.896479759407
0.531327569782
0.362767898721
0.88363231434
0.530981818789
0.361468477461
0.88363231434
0.530981818789
0.361468477461
0.88363231434
0.510522298784
0.346729558393
0.99
0.510712658014
0.348511116334
1.0
0.49723176649
0.339544691793
0.981640858208
0.495910392502
0.339691941535
0.981640858208
0.492124629427
0.336281717573
0.99
0.487318605369
0.341810805875
0.99
0.486144361859
0.34088061089
0.772446841381
0.482692672089
0.349341108369
0.772446841381
0.482692672089
0.349341108369
0.772446841381
0.482878248702
0.349424220407
0.770663109965
0.473715555098
0.348209722696
0.770663109965
0.474242159655
0.348103833056
0.744702949579
0.47250315966
0.352302811697
0.744702949579
0.472483390012
0.353505244894
0.707180613758
0.485531022987
0.355598465915
0.707180613758
0.487101660147
0.356139882152
0.707180613758
0.487101660147
0.356139882152
0.77294114405
0.47457962112
0.352582207169
0.77294114405
0.474756297306
0.352582075153
0.77294114405
0.473773303921
0.351658533187
0.806754421058
0.473820017431
0.350047622003
0.806754421058
0.473798135567
0.350348221711
0.771090451988
0.473820509326
0.34842795081
0.771090451988
0.474543516847
0.348766128068
0.771090451988
0.474543516847
0.348766128068
0.743680720228
0.474536606943
0.347714551195
0.743680720228
0.474400386058
0.348553198138
0.796004831947
0.474904906363
0.355876545459
0.796004831947
0.475690324092
0.355120679703
0.785342651144
0.475565472501
0.348251855201
0.785342651144
0.475455908153
0.348437037079
0.785342651144
0.476049271483
0.348304214501
0.785342651144
0.476390628194
0.348737743322
0.785342651144
0.476390628194
0.348737743322
0.932380740675
0.477326837188
0.366510674018
0.932380740675
0.476520105541
0.36685636818
0.891513928476
0.476883633093
0.364978405151
0.891513928476
0.477250704691
0.364901437102
1.0
0.477665450906
0.364363291699
1.0
0.477437314581
0.364697266822
0.969246842063
0.477637850843
0.364194543874
0.969246842063
0.477637850843
0.364194543874
0.969246842063
0.48170747196
0.365961277978
1.0
0.482003722515
0.365569420412
1.0
0.494058324562
0.372044004573
0.99533033584
0.493837766686
0.372870276704
0.99
0.52464835158
0.390507372525
0.99
0.524526677408
0.390631748454
0.99
0.54694974312
0.406551619694
0.819253223268
0.547169691028
0.404899002101
0.819253223268
0.547169691028
0.404899002101
0.819253223268
0.569912340332
0.419152859998
0.99
0.571619391657
0.416616609008
0.99
0.590285170748
0.426671693459
0.828451708676
0.595203945719
0.410071521638
0.828451708676
0.611367232001
0.416138861409
0.99
0.626654106982
0.410110480013
0.99
0.632708720956
0.412574598602
