0.714084533311
0.362461696996
0.342374458101
0.714084533311
0.377055160055
0.342430599458
0.77287276641
0.364225191652
0.367538393236
0.862299596046
0.363822173595
0.400397189662
0.875293604939
0.366662905036
0.390624640213
0.893257346118
0.366681773112
0.389783446092
0.893257346118
0.366901292699
0.388014941959
0.893257346118
0.366901292699
0.388014941959
0.893257346118
0.366460481744
0.390081635265
0.893257346118
0.366232893768
0.38996417144
0.909960868848
0.368931916974
0.393433565454
0.874411073732
0.369046851352
0.392933807361
0.874411073732
0.420820321229
0.452928350194
0.926725352891
0.420913134752
0.453270914409
0.926725352891
0.420913134752
0.453270914409
0.902283237572
0.420486505575
0.453690973468
0.902283237572
0.443350715057
0.458536117742
0.714138424343
0.443476145306
0.4241830889
0.714138424343
0.451994773039
0.431188054633
0.816758372699
0.45290882751
0.433638463227
0.816758372699
0.457007478197
0.432902967955
0.959140345631
0.445872721106
0.682715198096
0.959140345631
0.445928923781
0.682311526547
0.737298695245
0.483873846321
0.435506417273
0.737298695245
0.483873846321
0.435506417273
0.737298695245
0.485687859986
0.434391986705
0.737298695245
0.485376646761
0.435808357092
0.737298695245
0.486368303344
0.436136527197
0.737298695245
0.48671985842
0.4363387546
0.737298695245
0.485658113442
0.435349395022
0.773420320885
0.47677586837
0.440326768152
0.773420320885
0.476258961689
0.441124497048
0.773420320885
0.476258961689
0.441124497048
0.815953550502
0.476103738557
0.441577302338
0.815953550502
0.475853788062
0.440651034409
0.855575987806
0.487712825598
0.432848020566
0.855575987806
0.486761437902
0.431179642123
0.835593901378
0.485292721869
0.433170815162
0.835593901378
0.486573541052
0.435545214312
0.891588632333
0.486100800059
0.436976863772
0.891588632333
0.484896766039
0.437193400114
0.773222815366
0.482887880727
0.441184364045
0.773222815366
0.482887880727
0.441184364045
0.773222815366
0.483352222532
0.442120281848
0.773222815366
0.482703241018
0.442124849883
0.773222815366
0.483534842826
0.442440547957
0.773222815366
0.482824249534
0.442179848098
0.705539600595
0.490344120987
0.431040243308
0.705539600595
0.490344120987
0.431040243308
0.705539600595
0.48936455909
0.431299055942
0.705539600595
0.48936455909
0.431299055942
0.705539600595
0.48936455909
0.431299055942
0.705539600595
0.48936455909
0.431299055942
1.0
0.510032023081
0.375334341458
0.90182365277
0.488172309024
0.436231881367
0.90182365277
0.488172309024
0.436231881367
0.630018881242
0.483615454451
0.436725491662
0.90182365277
0.49188875082
0.438612268647
0.90182365277
0.498715314606
0.442961131528
0.90182365277
0.499540782167
0.443694357501
0.90182365277
0.498018077391
0.442184392603
0.90182365277
0.498193691615
0.441667493392
0.90182365277
0.49666483286
0.442298048561
0.90182365277
0.496403329523
0.44214683146
0.90182365277
0.496403329523
0.44214683146
0.90182365277
0.495806003602
0.440473167546
0.90182365277
0.49528939907
0.441806638822
0.90182365277
0.494321594137
0.439185148134
0.90182365277
0.495226253949
0.440977433662
0.90182365277
0.49492661765
0.439627255399
0.943686447306
0.495214963987
0.438886657728
0.943686447306
0.493734196767
0.436304154892
0.921261298169
0.493102161676
0.438196868444
0.921261298169
0.493102161676
0.438196868444
0.921261298169
0.493284718563
0.441182622753
0.876296165512
0.493062370359
0.443489910899
0.876296165512
0.494572375763
0.443689007705
0.709660537002
0.488926885947
0.452705605488
0.709660537002
0.488024536483
0.451238641297
0.709660537002
0.488685578707
0.453175838985
0.792378742775
0.483027783812
0.452388907647
0.792378742775
0.481501399149
0.451471296261
0.792378742775
0.482233076428
0.452410323434
0.792378742775
0.482233076428
0.452410323434
0.792378742775
0.48183366487
0.451187358708
0.824414086911
0.481756972696
0.451717733428
0.824414086911
0.482241531903
0.451660417097
0.834646328265
0.495337063504
0.444274807891
0.834646328265
0.494141681657
0.44389768339
0.834646328265
0.494927542299
0.442979309355
0.707199430459
0.482124667741
0.415303364273
0.707199430459
0.482124667741
0.415303364273
0.707199430459
0.480992501063
0.415848018747
0.779743565801
0.480807847428
0.452073002474
0.779743565801
0.480730255563
0.449948416398
0.895032435915
0.472512963662
0.468419122715
0.895032435915
0.47274754943
0.467807646939
0.895032435915
0.472978244259
0.469460738608
0.895032435915
0.472978244259
0.469460738608
0.895032435915
0.47212051745
0.466977840179
0.778298790126
0.480221916353
0.420633084017
0.778298790126
0.481010889502
0.419752945643
0.73596771812
0.49529538754
0.434589810801
0.73596771812
0.495677903857
0.435162852223
0.73596771812
0.495677903857
0.435162852223
0.766847951914
0.482112284232
0.410368544553
0.766847951914
0.482139269392
0.409489756492
0.766847951914
0.481877501687
0.407912040432
0.766847951914
0.479939105596
0.406810214892
0.766847951914
0.479462182141
0.404920761433
0.766847951914
0.480081295525
0.405015018137
0.766847951914
0.480081295525
0.405015018137
0.766847951914
0.480122936735
0.404244305518
0.757087283965
0.497160641778
0.421249867328
0.757087283965
0.496141277989
0.418335185229
0.757087283965
0.494612387363
0.4179580678
0.757087283965
0.4944519427
0.41779340197
0.749145308789
0.49187141734
0.420362680037
0.749145308789
0.49187141734
0.420362680037
0.749145308789
0.491791232097
0.419403799295
0.749145308789
0.491532910779
0.419082516364
0.735751760468
0.482588288046
0.418093567324
0.735751760468
0.481588167856
0.41770303659
0.735751760468
0.480963983585
0.418286506571
0.724591929358
0.475699014999
0.396218931489
0.724591929358
0.475699014999
0.396218931489
0.724591929358
0.47544146525
0.394181579249
0.741425409536
0.483597323368
0.424651941465
0.741425409536
0.483198928769
0.42178348699
0.741425409536
0.483198928769
0.42178348699
0.741425409536
0.485603855778
0.42429956228
0.741425409536
0.489993225264
0.429765480548
0.741425409536
0.490980147405
0.432196491854
0.741425409536
0.49108700755
0.433213539315
0.741425409536
0.491640094879
0.433951716629
0.741425409536
0.491773168265
0.434172317266
0.856820932831
0.481349736626
0.444042277318
0.856820932831
0.481349736626
0.444042277318
0.700633644642
0.47845305893
0.448558248795
0.652101579178
0.474978538622
0.453144287924
0.652101579178
0.474978538622
0.453144287924
0.652101579178
0.476232621807
0.452738360937
0.652101579178
0.47036105806
0.478325996081
0.717723724216
0.477598629029
0.471055773364
