0.99
0.499058037623
0.426485141201
0.99
0.494677832518
0.413094150976
0.99
0.493153310435
0.396510716237
0.99
0.487173291002
0.384144512673
0.99
0.484789431612
0.371769350036
0.99
0.476972911322
0.360081627653
0.99
0.472600818529
0.350136935447
0.99
0.467822120505
0.34568267257
0.99
0.467822120505
0.34568267257
0.99
0.461431084323
0.340434724246
0.99
0.45802047283
0.338832807195
0.99
0.450553253014
0.338907568324
0.99
0.450444234595
0.340411724256
0.99
0.443479013431
0.345194805534
0.99
0.443920173901
0.34608599594
1.0
0.440313188065
0.350066955133
1.0
0.440787157536
0.35093414083
1.0
0.440787157536
0.35093414083
1.0
0.439410985016
0.354410406377
1.0
0.439120692119
0.354407445084
1.0
0.4393795319
0.35486448888
1.0
0.440181551715
0.356075338402
1.0
0.440457549889
0.356457080094
1.0
0.440555599429
0.356864761561
1.0
0.440555599429
0.356864761561
1.0
0.440613079936
0.357223035149
1.0
0.440877393723
0.357709094049
1.0
0.44088876878
0.358333600182
1.0
0.44110521124
0.358844510946
1.0
0.441207726687
0.359018420813
1.0
0.441386388241
0.359419170685
1.0
0.441233339247
0.359964307205
1.0
0.441455787269
0.360286317454
1.0
0.441429400895
0.3606705072
1.0
0.441449463181
0.360988224733
1.0
0.441449463181
0.360988224733
1.0
0.441505624123
0.361441604885
1.0
0.441462127954
0.361576859752
1.0
0.441460825975
0.362211387196
1.0
0.441788281045
0.362860269962
1.0
0.441866205626
0.362918957871
1.0
0.4422060633
0.362959356134
1.0
0.442268372509
0.363228441613
1.0
0.442188786299
0.363328022398
1.0
0.442188786299
0.363328022398
1.0
0.442175451081
0.363437254973
1.0
0.442257952067
0.363587220364
