0.99
0.590726095637
0.588281010834
0.99
0.590726095637
0.588281010834
0.99
0.58936864945
0.587590156021
0.99
0.604273606731
0.575733867891
0.99
0.604452879035
0.574671585629
0.99
0.616822143614
0.563893696829
0.99
0.617441333859
0.564867121534
1.0
0.623676491991
0.560355216095
1.0
0.62319238041
0.559846696222
1.0
0.625488265518
0.559311197814
1.0
0.625488265518
0.559311197814
1.0
0.625604619598
0.559651324226
1.0
0.625233907154
0.56009417912
1.0
0.625202724704
0.560775307166
1.0
0.624997704566
0.560726217222
1.0
0.625433678883
0.560765488213
1.0
0.625623752143
0.561183644191
1.0
0.625635627242
0.560332455946
1.0
0.625496640691
0.560862428247
1.0
0.625496640691
0.560862428247
1.0
0.625612975058
0.560308699406
1.0
0.625741755361
0.560194130755
1.0
0.625596196712
0.560837179704
1.0
0.625307456506
0.561830079294
1.0
0.625284875647
0.561059020189
1.0
0.62504948113
0.561220186885
1.0
0.624828474184
0.561001333038
1.0
0.624828474184
0.561001333038
1.0
0.624887172825
0.560740465284
1.0
0.624510807467
0.561424170786
1.0
0.624467758687
0.561876534335
1.0
0.624935208572
0.560964227808
1.0
0.624986834152
0.561614806306
1.0
0.625259482802
0.56183245272
1.0
0.625253578038
0.561621713267
1.0
0.624920974374
0.562255774101
1.0
0.624600278666
0.563020321383
1.0
0.624600278666
0.563020321383
1.0
0.625051360662
0.562692638866
1.0
0.625340197164
0.562360960076
1.0
0.624729612434
0.562271794371
1.0
0.624649407651
0.562186913535
1.0
0.624777590896
0.562528867547
1.0
0.624718973674
0.562866083232
1.0
0.624428820679
0.561579917933
1.0
0.624428820679
0.561579917933
1.0
0.624237922852
0.562000314549
1.0
0.624277194559
0.562608157012
1.0
0.624236193747
0.563476069108
1.0
0.62449562677
0.563460800341
1.0
0.624579681761
0.563476399873
1.0
0.624322263977
0.563196108797
1.0
0.624472116857
0.562353374521
1.0
0.624052660071
0.562061052576
1.0
0.623835993865
0.56283914608
1.0
0.623835993865
0.56283914608
1.0
0.624162284203
0.56299926116
1.0
0.624219194351
0.562946260433
1.0
0.624210963138
0.562950793628
1.0
0.624101582972
0.563158882248
1.0
0.624379110884
0.563692094053
1.0
0.624454759801
0.56356340097
1.0
0.624203455953
0.56311450455
1.0
0.624203455953
0.56311450455
1.0
0.6240696239
0.563448497816
1.0
0.628013426005
0.569519795897
1.0
0.628443890912
0.568778428434
1.0
0.633184770119
0.578253688273
1.0
0.63289177906
0.578750602688
1.0
0.633622103614
0.585428084585
1.0
0.633775675121
0.585236777859
1.0
0.63347432061
0.585103575392
1.0
0.63347432061
0.585103575392
1.0
0.635330391142
0.585831248902
1.0
0.634941600581
0.583413948396
1.0
0.639406278363
0.586119538222
1.0
0.639728776545
0.586555536809
1.0
0.64260767167
0.590364783432
1.0
0.642947353196
0.590651785544
1.0
0.644251965957
0.591960105258
1.0
0.643872621934
0.591241288258
1.0
0.644133118022
0.590252070067
1.0
0.644133118022
0.590252070067
1.0
0.644052396161
0.590329009447
1.0
0.644147516669
0.589580475165
1.0
0.644601859552
0.589835986796
1.0
0.644447415471
0.589858485884
1.0
0.644311460668
0.590073319285
1.0
0.644483430575
0.590121086914
1.0
0.644336032337
0.589468396469
1.0
0.644336032337
0.589468396469
1.0
0.64428382659
0.589590046689
1.0
0.644633591148
0.58945519
1.0
0.644786223547
0.5895665708
1.0
0.644779301854
0.590547893474
1.0
0.644395667576
0.59086078458
1.0
0.644538818158
0.590178321643
1.0
0.644833548657
0.589693333961
1.0
0.644748731005
0.58861769563
1.0
0.644748731005
0.58861769563
1.0
0.644754706884
0.587198031844
1.0
0.644600494738
0.587588201744
1.0
0.644591291763
0.588662526369
1.0
0.644896281126
0.589139709163
1.0
0.644695372913
0.58923730366
1.0
0.644878226075
0.588510577763
1.0
0.645238437756
0.586481512577
1.0
0.645334817416
0.585495282436
1.0
0.645468047644
0.58520235476
1.0
0.645468047644
0.58520235476
1.0
0.645561024929
0.584884910696
1.0
0.645476575791
0.585256709998
1.0
0.645928943248
0.586070045424
1.0
0.645906179497
0.585810236759
1.0
0.64564226796
0.585721866419
1.0
0.645565924502
0.584827730532
1.0
0.645707485268
0.584595688892
1.0
0.645707485268
0.584595688892
1.0
0.645940571631
0.58404267833
1.0
0.646294375523
0.584348939762
1.0
0.646346004965
0.584711823985
1.0
0.646153957601
0.583816308985
1.0
0.646617074416
0.582406185767
1.0
0.646845085619
0.582107182559
1.0
0.647492736885
0.580442615142
1.0
0.647736056609
0.580870752648
1.0
0.647124088551
0.582439182827
1.0
0.647124088551
0.582439182827
1.0
0.647391037996
0.58341801857
1.0
0.64743926895
0.582436123424
1.0
0.647848494158
0.58297638862
1.0
0.647854556944
0.582246606406
0.974320760741
0.649215687424
0.584063599169
0.974320760741
0.648793949837
0.584791658304
0.848433144181
0.633214699824
0.542641619639
0.848433144181
0.632221396984
0.543098680083
0.848433144181
0.632221396984
0.543098680083
0.731751680833
0.650098599097
0.566565041593
0.731751680833
0.64888999731
0.567435187475
0.967611338779
0.760554920866
0.580729194035
0.967611338779
0.759202617697
0.582586082769
0.750604723074
0.75999552376
0.554659536013
0.750604723074
0.757932893434
0.557339021804
0.750604723074
0.757932893434
0.557339021804
0.750604723074
0.757932893434
0.557339021804
0.750604723074
0.757932893434
0.557339021804
0.750604723074
0.757932893434
0.557339021804
0.769651185016
0.619022694074
0.52609845188
0.769651185016
0.615862002171
0.53005844964
0.769651185016
0.613622218113
0.531680835068
0.769651185016
0.619649143043
0.509914941074
0.936244484018
0.62438566783
0.521862969027
0.759370972911
0.626673103617
0.533698604317
0.99
0.646124808424
0.584847884248
1.0
0.647403977268
0.584656772163
1.0
0.647858719248
0.591439931979
1.0
0.647858719248
0.591439931979
1.0
0.646990580734
0.593024434038
1.0
0.646078961933
0.60163843243
1.0
0.644887349361
0.601879209183
1.0
0.644696094287
0.60613765218
1.0
0.644361562634
0.608982633124
1.0
0.64426377981
0.610503363731
1.0
0.643041944273
0.610401976294
1.0
0.643041944273
0.610401976294
1.0
0.643001319649
0.611666662347
1.0
0.643463142586
0.613091494883
1.0
0.643588368485
0.613762482017
1.0
0.642653236792
0.613977627102
1.0
0.643116314544
0.613596706895
1.0
0.642506431838
0.614130643883
1.0
0.642404847366
0.615284502865
1.0
0.642256427199
0.615294107962
1.0
0.642256427199
0.615294107962
1.0
0.642406548251
0.615599617465
1.0
0.641571455409
0.615341129393
1.0
0.641269589191
0.615994245204
1.0
0.6409311631
0.617186306538
1.0
0.640949129033
0.617288047583
0.935879205195
0.640877013938
0.617910479087
0.935879205195
0.641106688525
0.616981250023
1.0
0.640830219675
0.618750419683
1.0
0.640830219675
0.618750419683
1.0
0.640706957936
0.618969106899
1.0
0.64021820079
0.619935064677
1.0
0.640609655699
0.619421389154
0.941693638191
0.640948302546
0.620465101912
0.941693638191
0.641446638339
0.620293083553
0.926303371865
0.640960014271
0.621716723288
0.926303371865
0.640934686033
0.621281183026
0.979123511744
0.640174077201
0.621174709713
0.979123511744
0.640174077201
0.621174709713
0.979123511744
0.640658093192
0.621137271941
0.934964982818
0.640579532975
0.622505809631
0.934964982818
0.640520668063
0.621829622634
0.948075450894
0.640564655867
0.623219620575
0.948075450894
0.64149211329
0.6217036702
0.914587617757
0.640917093645
0.622924268339
0.914587617757
0.6413942185
0.621880318085
0.844974361532
0.641614814823
0.622608186403
0.844974361532
0.641614814823
0.622608186403
0.844974361532
0.641719513042
0.622823588412
0.90104473284
0.641210408803
0.624231064131
0.90104473284
0.641340261461
0.62414244575
0.887107387277
0.641555853674
0.624162357731
0.887107387277
0.641348782319
0.624372203246
0.99
0.639418350164
0.591107509246
0.99
0.639328268035
0.591013780879
0.99
0.639328268035
0.591013780879
1.0
0.639222095204
0.591528920981
1.0
0.638854498378
0.591791477369
1.0
0.638644671503
0.590664997316
1.0
0.638434956195
0.590822084746
1.0
0.638144432934
0.5910877097
1.0
0.637896931663
0.59122287845
1.0
0.637516080486
0.591236439476
1.0
0.637067728254
0.591159884631
1.0
0.636708424155
0.590204650129
1.0
0.636708424155
0.590204650129
1.0
0.635943888052
0.591544294796
1.0
0.635869303082
0.591507660586
1.0
0.635595158747
0.591871720417
1.0
0.635397284024
0.592239290271
1.0
0.634977530936
0.59193459577
1.0
0.635007781434
0.590820748576
1.0
0.634856900941
0.590893891869
1.0
0.634689540311
0.591005314102
1.0
0.634689540311
0.591005314102
1.0
0.634813245427
0.591000849282
1.0
0.634882822547
0.590968722979
1.0
0.634463709649
0.590984115215
1.0
0.634586760943
0.59167826672
1.0
0.634857346583
0.591259867224
1.0
0.634713040839
0.590474472747
1.0
0.634549956501
0.590515453272
1.0
0.634549956501
0.590515453272
1.0
0.634481456222
0.590463096957
1.0
0.633935073472
0.590764752686
1.0
0.634061113219
0.590320907231
1.0
0.634320362022
0.589687130946
1.0
0.633919522439
0.589365889485
1.0
0.634028348176
0.589244431549
1.0
0.63455326959
0.589290315229
1.0
0.634577592
0.589205500392
1.0
0.634511890664
0.589667427985
1.0
0.634293406544
0.589599713601
1.0
0.634293406544
0.589599713601
1.0
0.63439866584
0.588075432333
1.0
0.634201741045
0.587924333427
1.0
0.634223602855
0.588143379603
1.0
0.634512050098
0.587723829276
1.0
0.634224750684
0.588295234956
1.0
0.634004360258
0.587992808164
1.0
0.63431327511
0.587296981969
1.0
0.63431327511
0.587296981969
1.0
0.634379944719
0.58743217517
1.0
0.6338741266
0.587462577869
1.0
0.633801497093
0.586794265297
1.0
0.633488669737
0.587006386809
1.0
0.633240789852
0.587969913125
1.0
0.632990421934
0.587821254197
1.0
0.632506221605
0.587546720851
1.0
0.632506221605
0.587546720851
1.0
0.632637056684
0.587213295336
1.0
0.632550160299
0.587151845654
1.0
0.632472650904
0.586580406351
1.0
0.632425427991
0.58664369063
1.0
0.632338955871
0.588075727977
1.0
0.6321294932
0.588257223281
1.0
0.632076019753
0.588320629201
1.0
0.632033287633
0.588483827611
1.0
0.631922571475
0.588342415244
1.0
0.631922571475
0.588342415244
1.0
0.63166288354
0.587349633785
1.0
0.631720407336
0.587330277037
1.0
0.631215740126
0.588304372766
1.0
0.631061674487
0.588913739551
1.0
0.630953128004
0.589289801736
