0.99
0.524353068254
0.751490728515
0.99
0.534677389636
0.739764211229
0.99
0.534677389636
0.739764211229
0.99
0.536833669787
0.738838561214
1.0
0.538807901972
0.735944517367
1.0
0.536393918082
0.734707764799
1.0
0.537406592534
0.734575990367
1.0
0.537842694239
0.733825313842
1.0
0.538451635091
0.733123233075
1.0
0.536969393498
0.733098785304
1.0
0.53697159418
0.732238151763
1.0
0.53697159418
0.732238151763
1.0
0.53642351062
0.732136890799
1.0
0.536799082115
0.731859290452
1.0
0.536824355544
0.731322286322
1.0
0.537455380137
0.731516290391
1.0
0.537989374144
0.731342284458
1.0
0.538282697784
0.731753815829
1.0
0.537744071067
0.731184557349
1.0
0.537596010375
0.73198655849
1.0
0.537596010375
0.73198655849
1.0
0.537586575724
0.732610765786
1.0
0.537807225153
0.731911499628
1.0
0.536886153212
0.731764478012
1.0
0.537274410485
0.731379887945
1.0
0.537156232444
0.731385357946
1.0
0.537128804228
0.732253132271
1.0
0.537509669266
0.732004696071
1.0
0.53751533088
0.732712576002
1.0
0.53751533088
0.732712576002
1.0
0.537287239641
0.73311031927
1.0
0.53751385963
0.733193026706
1.0
0.537883584339
0.734189325939
1.0
0.538050411584
0.734196843667
1.0
0.537869296375
0.734616436337
1.0
0.537955944556
0.735616770659
1.0
0.537032555296
0.735639627863
1.0
0.537037176541
0.736214835749
1.0
0.537037176541
0.736214835749
1.0
0.537765548563
0.737460824848
1.0
0.538014767695
0.737906569058
1.0
0.538042896232
0.737698060106
1.0
0.538078888905
0.738038684241
1.0
0.537604714966
0.737796828264
1.0
0.537872363808
0.737469917967
1.0
0.538442526612
0.738133477015
1.0
0.538286816011
0.739154322445
1.0
0.538286816011
0.739154322445
1.0
0.537217282061
0.739821868471
1.0
0.537897301879
0.740028901859
1.0
0.53825120805
0.740343209637
1.0
0.538088665443
0.739530711461
1.0
0.537490888986
0.739356118487
1.0
0.537949300563
0.738504041346
1.0
0.538644822514
0.738376319647
1.0
0.538511638493
0.737575685393
1.0
0.538511638493
0.737575685393
0.996043236555
0.538567405298
0.738007995275
0.996043236555
0.53863335927
0.737470613872
0.997684400602
0.539022514187
0.737950313165
0.997684400602
0.53893676279
0.737363686872
1.0
0.538734485179
0.736726977404
1.0
0.538803111861
0.736796101864
1.0
0.538017683487
0.737184400071
1.0
0.538278139068
0.737204908553
1.0
0.538278139068
0.737204908553
1.0
0.538749662659
0.738422124356
1.0
0.538577853785
0.737468898437
1.0
0.537758656862
0.736264369336
1.0
0.537641125142
0.737066844451
1.0
0.537013837033
0.737435573496
1.0
0.537085253078
0.736984680728
1.0
0.537206988272
0.736750018276
1.0
0.537298485749
0.73753252103
1.0
0.537298485749
0.73753252103
1.0
0.536793256625
0.737978434117
1.0
0.53677090782
0.7379199639
1.0
0.536539008117
0.73871061736
1.0
0.536443778308
0.739571722813
1.0
0.536148190734
0.740389659372
1.0
0.536649714502
0.740034367146
1.0
0.536772165787
0.740981697624
1.0
0.536464229799
0.741419709181
1.0
0.536464229799
0.741419709181
1.0
0.536091297442
0.74234387041
1.0
0.536696567873
0.741505610652
1.0
0.537068269456
0.742265715271
1.0
0.53675789719
0.742685201599
1.0
0.536952098475
0.742076391051
1.0
0.537079980535
0.742785793844
1.0
0.536750288617
0.743299207582
1.0
0.537301462189
0.743207194198
1.0
0.537301462189
0.743207194198
1.0
0.537748484234
0.744702723002
1.0
0.537723441458
0.744436027786
1.0
0.538052032173
0.744243198462
1.0
0.53807634658
0.743366350659
1.0
0.538251866071
0.741165331516
1.0
0.538689324263
0.740946421706
1.0
0.538357762834
0.741441657757
1.0
0.538462662586
0.741930534556
1.0
0.538462662586
0.741930534556
1.0
0.539365048275
0.743720996705
1.0
0.539617342576
0.74446404556
1.0
0.540849325917
0.743809385891
1.0
0.540851022359
0.744796083358
1.0
0.54131551827
0.743269038023
1.0
0.541391308607
0.742880793368
1.0
0.542118885434
0.744183388785
1.0
0.542125377902
0.744327678843
1.0
0.542125377902
0.744327678843
1.0
0.541618148798
0.745574913933
1.0
0.541539642261
0.745091004488
1.0
0.541483838482
0.743964429526
1.0
0.541363525205
0.74349748791
1.0
0.541110249434
0.7445152589
1.0
0.541354318936
0.743861011246
1.0
0.541843506058
0.743176958873
1.0
0.541937377927
0.742728884961
1.0
0.541937377927
0.742728884961
1.0
0.542201300677
0.741416057879
1.0
0.542237756971
0.740755542815
1.0
0.541559799464
0.740319631587
1.0
0.541492333809
0.738866711349
1.0
0.541929472021
0.738348862202
1.0
0.541886377819
0.737369827857
1.0
0.541886377819
0.737369827857
1.0
0.541737409845
0.736278346314
1.0
0.541661153365
0.736625963765
1.0
0.541513494164
0.736293058725
1.0
0.541588650159
0.734825450851
1.0
0.542365473568
0.733390588682
1.0
0.542471608314
0.73225451802
1.0
0.541907921389
0.731520374738
1.0
0.541887162648
0.731824822268
0.998007552942
0.541369426726
0.732726102154
0.998007552942
0.541404312988
0.732037376425
0.998007552942
0.541404312988
0.732037376425
1.0
0.541899354176
0.731003693503
1.0
0.542015117306
0.731126938195
1.0
0.541701116557
0.731475699134
1.0
0.541697481121
0.730325775785
1.0
0.541443923581
0.729888653184
1.0
0.541671039877
0.729712124541
1.0
0.541089992869
0.729432292048
1.0
0.54113433359
0.728851937116
1.0
0.54113433359
0.728851937116
0.995954244166
0.541542200254
0.72876909598
0.995954244166
0.541525717286
0.727891358906
1.0
0.541217377023
0.727369402344
1.0
0.541301976543
0.726522176631
0.987228987439
0.541064565517
0.7258589202
0.987228987439
0.540989048453
0.725328797476
1.0
0.540593071162
0.724870525871
1.0
0.540682665704
0.72543256511
1.0
0.540682665704
0.72543256511
1.0
0.540898869915
0.723600805048
1.0
0.541204588564
0.722417119465
1.0
0.5410453207
0.723521914271
1.0
0.541159486933
0.723338274924
1.0
0.541241839083
0.723312305479
1.0
0.541408327065
0.723420776796
1.0
0.541408327065
0.723420776796
1.0
0.541825757131
0.723088371846
1.0
0.54185150515
0.723426594421
1.0
0.541458940126
0.722322511265
1.0
0.541416026935
0.721801562784
1.0
0.542094703488
0.721644847745
1.0
0.542450635908
0.721136530159
1.0
0.542494944306
0.721988509795
1.0
0.542678035049
0.722362171294
1.0
0.54289833918
0.721647841052
1.0
0.542721881698
0.721778278646
1.0
0.542721881698
0.721778278646
1.0
0.542858397497
0.722145312434
1.0
0.542704538305
0.721836660982
1.0
0.542877859201
0.722739293138
1.0
0.543046222164
0.722966415867
1.0
0.543028162435
0.722957076681
1.0
0.542736520163
0.722714797245
1.0
0.542386448431
0.722458528909
1.0
0.542357213608
0.72204960591
1.0
0.542357213608
0.72204960591
1.0
0.542228989804
0.72058147935
1.0
0.542237563695
0.7207628244
1.0
0.542182119201
0.722285935254
1.0
0.541258685177
0.724437001164
0.981223788936
0.541450795731
0.732976964624
