0.959318899374
0.410472779928
0.549608151022
0.973587623811
0.410868240619
0.550007535367
0.973587623811
0.410868240619
0.550007535367
0.973587623811
0.410837314182
0.549873536531
0.774261244324
0.426490119142
0.575340521074
0.774261244324
0.426366491986
0.576580540374
0.774261244324
0.425451274336
0.578417182074
0.929794637336
0.42437455977
0.569690606934
0.929794637336
0.42437455977
0.569690606934
0.929794637336
0.423244912092
0.57001611821
0.967129924786
0.406030640165
0.539209185229
0.968979410997
0.405601214975
0.54047479059
0.968979410997
0.405601214975
0.54047479059
0.968979410997
0.405601214975
0.54047479059
0.968979410997
0.405601214975
0.54047479059
0.968979410997
0.405601214975
0.54047479059
0.968979410997
0.405601214975
0.54047479059
0.99
0.40255543255
0.470015361678
0.888812320301
0.401922141042
0.468978985631
0.99
0.396994220657
0.45570025601
0.99
0.398547505981
0.461328671461
0.848593931623
0.411077038559
0.475357101843
0.99
0.397161136279
0.439484462397
0.99
0.408550985013
0.450084445866
0.99
0.409276153951
0.449187095024
0.99
0.409276153951
0.449187095024
0.99
0.418804254457
0.452957284709
0.99
0.418804254457
0.452957284709
0.890198684541
0.446232275833
0.483751352103
0.890198684541
0.454847948115
0.520907555185
0.773078712562
0.477930363335
0.57026253145
0.773078712562
0.477930363335
0.57026253145
0.773078712562
0.489829033257
0.616464520903
0.773078712562
0.489829033257
0.616464520903
0.773078712562
0.489829033257
0.616464520903
0.969940282243
0.4807339868
0.705056297797
0.911063917823
0.479708163755
0.725611174579
0.911063917823
0.477555248561
0.727442902848
0.950459748052
0.477008272274
0.729001410887
0.939932916372
0.47481814345
0.731008024531
0.939932916372
0.47481814345
0.731008024531
0.939932916372
0.47481814345
0.731008024531
0.939932916372
0.463457718835
0.721069629076
0.99
0.460084603633
0.721355159407
0.99
0.460084603633
0.721355159407
0.99
0.455380998784
0.722154835917
0.99
0.451084579149
0.723486948516
0.99
0.44622875716
0.72521983512
0.99
0.442343643837
0.7251767641
1.0
0.44135572762
0.724085463619
1.0
0.438276266757
0.723193721736
1.0
0.438276266757
0.723193721736
1.0
0.436165370075
0.723128504028
1.0
0.4338518804
0.724691545838
1.0
0.432451557087
0.723232682284
1.0
0.429759802157
0.724497756281
1.0
0.429287081688
0.724431554686
1.0
0.427134748744
0.722373466848
1.0
0.427134748744
0.722373466848
1.0
0.426093877289
0.72286706354
1.0
0.425309118382
0.721220213179
1.0
0.422887725594
0.720432491274
1.0
0.42190694126
0.720223725193
1.0
0.421625082349
0.719130910037
1.0
0.420451425091
0.715870386484
1.0
0.419898075789
0.713798490042
1.0
0.419598016112
0.713561239158
1.0
0.419598016112
0.713561239158
1.0
0.41928355127
0.712696674247
1.0
0.418913800859
0.712060249532
1.0
0.417325450906
0.710328084893
1.0
0.416492693431
0.708163636691
1.0
0.416520576112
0.707612340834
1.0
0.415476023241
0.70699922559
1.0
0.414747248297
0.705708916247
1.0
0.413591572594
0.704941468182
1.0
0.41273858926
0.702935908253
1.0
0.41173476373
0.702178589543
1.0
0.41173476373
0.702178589543
1.0
0.410351670972
0.703526612992
1.0
0.409500343387
0.702011563147
1.0
0.407904270513
0.701388056627
0.941855864274
0.40750917382
0.701146199452
0.941855864274
0.405635124428
0.699655615974
0.941855864274
0.405635124428
0.699655615974
1.0
0.405363091429
0.69800358131
1.0
0.40427185613
0.695770325438
1.0
0.402365077357
0.6949092229
1.0
0.401853750652
0.693980128491
1.0
0.401853750652
0.693980128491
1.0
0.4002094837
0.694018485529
1.0
0.399045318089
0.692235612404
1.0
0.396409862784
0.691528524373
1.0
0.395746593292
0.690908293687
1.0
0.393530429387
0.691395498334
1.0
0.393530429387
0.691395498334
1.0
0.392769790943
0.691711660333
1.0
0.392328082239
0.692245959453
1.0
0.391965368391
0.692432496983
1.0
0.391238278733
0.693109816804
1.0
0.391161152897
0.693665285154
0.991472146608
0.390591514078
0.696332869097
0.991472146608
0.390591514078
0.696332869097
0.991472146608
0.390563119361
0.697600446428
1.0
0.390648668732
0.69863202881
1.0
0.37519941222
0.707668403566
1.0
0.374717584086
0.70580613789
1.0
0.373383206503
0.708139954212
1.0
0.372861257873
0.707692784473
1.0
0.372858427579
0.709626307271
1.0
0.372858427579
0.709626307271
1.0
0.372856848957
0.709877615824
1.0
0.373391394783
0.711154009252
1.0
0.373083262072
0.711901998503
1.0
0.374660187336
0.713888460878
1.0
0.374510988422
0.713829662939
1.0
0.376640844894
0.714670701693
0.956992100477
0.415244540666
0.678003760802
0.956992100477
0.415244540666
0.678003760802
0.956992100477
0.430674032729
0.692275228623
0.956992100477
0.460925251175
0.704958052336
0.986562002651
0.486906833729
0.703075724238
0.986562002651
0.487427228493
0.703518142211
1.0
0.489190105501
0.702772856625
1.0
0.490511654877
0.707498730604
1.0
0.490799446824
0.710059524371
1.0
0.491961216649
0.713406057177
1.0
0.491961216649
0.713406057177
1.0
0.492383765173
0.714581836269
1.0
0.493091392122
0.716074837824
1.0
0.49272296209
0.716550968666
1.0
0.492954182988
0.718366976733
1.0
0.494456409704
0.719514027119
1.0
0.494456409704
0.719514027119
1.0
0.494878788266
0.718319369886
1.0
0.495248376591
0.718025437629
1.0
0.496205060462
0.718998394644
1.0
0.497544799958
0.721622434226
1.0
0.497351669356
0.723117306903
1.0
0.49774398029
0.723283171577
1.0
0.49837404222
0.722724115209
1.0
0.498786569364
0.723361986645
0.993839639436
0.498663673539
0.724055616113
0.993839639436
0.498663673539
0.724055616113
0.993839639436
0.498782558385
0.724607530751
1.0
0.499423652543
0.722773807467
1.0
0.499785552435
0.722799609744
1.0
0.499999416876
0.723476545551
1.0
0.500266005407
0.722548118112
1.0
0.500704769228
0.721162424595
1.0
0.500704769228
0.721162424595
1.0
0.501510938254
0.720949957763
1.0
0.502257429757
0.718818308444
1.0
0.501752073261
0.717156298297
1.0
0.501752073261
0.717156298297
1.0
0.497795832731
0.71487346233
0.99
0.466779118908
0.72070936715
0.99
0.452177237561
0.706928041871
0.99
0.450280152008
0.707357735723
1.0
0.450352929347
0.711431707166
1.0
0.450352929347
0.711431707166
1.0
0.45243068871
0.710548536936
1.0
0.452645941146
0.709872275728
1.0
0.454809931152
0.710264818475
1.0
0.456482020386
0.711647481838
1.0
0.458361360952
0.710975664995
1.0
0.459215603154
0.710206337696
1.0
0.459765819952
0.710176086606
1.0
0.459765819952
0.710176086606
1.0
0.461398730707
0.709625730224
1.0
0.462234270001
0.710677488204
1.0
0.462696840071
0.710202381403
0.926420780849
0.463699047653
0.708689680978
0.926420780849
0.463907917154
0.709913124031
0.969888301738
0.46366470861
0.708717391524
0.969888301738
0.464277823698
0.708452572631
0.987390786438
0.464519176595
0.708598432872
0.987390786438
0.464535679916
0.709344831159
1.0
0.465204009322
0.707379370627
1.0
0.465440945366
0.707418035529
1.0
0.465440945366
0.707418035529
1.0
0.465828994848
0.706290575036
1.0
0.465477374932
0.703648961026
1.0
0.466432884976
0.705624922341
1.0
0.467584326341
0.704416362205
1.0
0.467584326341
0.704416362205
1.0
0.46875829738
0.706789229332
1.0
0.46831390887
0.70500641489
1.0
0.468946046499
0.704085003518
1.0
0.468946046499
0.704085003518
0.947141982189
0.469519921531
0.70411343266
1.0
0.471708351768
0.700163721895
1.0
0.472954552387
0.699759544977
1.0
0.474066101412
0.700165142115
1.0
0.479006186989
0.695017369755
1.0
0.480111822351
0.695726251096
1.0
0.480911781548
0.694915538081
0.991714537057
0.482327335862
0.694145741116
0.991714537057
0.483255942048
0.694434932474
1.0
0.484888253942
0.69254363399
1.0
0.485285457367
0.692495004157
1.0
0.485285457367
0.692495004157
1.0
0.485285457367
0.692495004157
1.0
0.486187586212
0.69224459834
1.0
0.488473270917
0.689077526618
1.0
0.489499899257
0.688235380022
1.0
0.490192132479
0.686235052202
1.0
0.490192132479
0.686235052202
1.0
0.48991460883
0.684593837029
1.0
0.490349786374
0.684898432698
1.0
0.490663616165
0.683799470528
1.0
0.490696079465
0.683000125893
1.0
0.491203708826
0.682798742065
1.0
0.491564753816
0.682832556032
1.0
0.491564753816
0.682832556032
1.0
0.492436589034
0.681398750683
1.0
0.492683405188
0.681067621237
1.0
0.493077341561
0.680961127112
1.0
0.494900404165
0.679756681655
1.0
0.494900404165
0.679756681655
1.0
0.494756871289
0.679589404972
1.0
0.495969449271
0.679693941638
1.0
0.495969449271
0.679693941638
1.0
0.496043926567
0.679059956234
1.0
0.497974723898
0.676250933711
1.0
0.498172055694
0.675878281409
1.0
0.497375476334
0.673814667898
0.905329804615
0.471713766217
0.697434757357
0.730498837952
0.435127019676
0.693455517494
0.730498837952
0.418485165461
0.725618219744
0.948320131236
0.430396064986
0.737163731754
0.948320131236
0.430424814837
0.737539566503
0.93370676485
0.431021136852
0.738102227451
0.942653940983
0.43240831491
0.737674990381
0.942653940983
0.43240831491
0.737674990381
0.942653940983
0.432858666684
0.738170361292
0.942653940983
0.434006828202
0.740491162738
0.900154222393
0.435230241648
0.738358879265
0.942772313369
0.436107288195
0.738875540417
0.942772313369
0.436275608753
0.73810730271
0.942772313369
0.436275608753
0.73810730271
0.960796444653
0.437314393244
0.736263802168
0.960796444653
0.43838546948
0.738486383307
0.975935619789
0.439474878548
0.735677903042
0.943717886092
0.43987375957
0.735064526444
0.948316715375
0.44018434797
0.734585093727
0.948316715375
0.439881973176
0.733320239539
0.948316715375
0.439881973176
0.733320239539
0.966261382274
0.439807555064
0.733447835757
0.966261382274
0.439773431343
0.732749363737
0.966261382274
0.440074841279
0.73339983047
0.966261382274
0.440074841279
0.73339983047
0.995844118936
0.439640893808
0.731519494118
0.995844118936
0.439643632174
0.732213301056
0.995844118936
0.439643632174
0.732213301056
0.999946307423
0.439421071809
0.732377899443
0.983266911483
0.442170599763
0.73542112983
0.983266911483
0.449769761613
0.742388466606
0.983266911483
0.449769761613
0.742388466606
0.96759964603
0.504825830295
0.879439022087
0.96759964603
0.549509028415
1.03923171327
0.860197074908
0.54687619469
1.03941846265
0.860197074908
0.545934769846
1.039472038
0.860197074908
0.545934769846
1.039472038
0.860006992811
0.545822709594
1.03840526929
0.860006992811
0.54437813498
1.03809044664
0.99
0.54144128856
1.06788251779
1.0
0.541555497913
1.06852373312
1.0
0.540935584546
1.06842836114
1.0
0.540957765041
1.06776999188
1.0
0.540315040762
1.06677841975
1.0
0.540315040762
1.06677841975
1.0
0.541558990107
1.065382018
1.0
0.541105655098
1.06469294296
1.0
0.541214072425
1.06341428151
1.0
0.539680314726
1.05863515236
1.0
0.539580307017
1.05802434215
1.0
0.538756043269
1.05727334545
1.0
0.538756043269
1.05727334545
1.0
0.538756043269
1.05727334545
1.0
0.538675604582
1.05733594552
1.0
0.538009899558
1.0567251055
1.0
0.537520571028
1.05722108969
1.0
0.536945960521
1.05670646335
1.0
0.536194679831
1.05701902384
1.0
0.534771391999
1.05788436265
1.0
0.534199219543
1.05808627203
1.0
0.533660613411
1.0581201391
1.0
0.533660613411
1.0581201391
1.0
0.532905857881
1.0583462382
1.0
0.532141794643
1.058037736
1.0
0.531935463276
1.05830274056
1.0
0.531935463276
1.05830274056
1.0
0.532144906599
1.05793621058
1.0
0.532542158044
1.05683486587
1.0
0.532244248124
1.05640091346
1.0
0.532244248124
1.05640091346
1.0
0.532218951762
1.05609775848
