0.99
0.51364184767
0.362649029272
0.99
0.51364184767
0.362649029272
0.99
0.513826965254
0.363689865504
0.948294860451
0.520574204011
0.380474059114
0.948294860451
0.520946708579
0.3812058799
1.0
0.520614933001
0.387190885602
0.833683237167
0.521388227137
0.38810109569
0.833683237167
0.52146482208
0.391490472088
0.852052186873
0.521873293945
0.392764505356
0.852052186873
0.522717675247
0.395577577977
0.732076059466
0.519143997452
0.446488083305
0.732076059466
0.519143997452
0.446488083305
0.732076059466
0.517067717724
0.444179046661
0.732076059466
0.516209087437
0.444125139821
1.0
0.516684761854
0.419525466117
1.0
0.517655476634
0.420308505986
1.0
0.518905836964
0.417577004558
1.0
0.518063621782
0.41750720755
1.0
0.518105883307
0.417614030012
1.0
0.518105883307
0.417614030012
1.0
0.518376034981
0.417581311968
1.0
0.518616652648
0.416531441981
1.0
0.518481465248
0.416919584451
1.0
0.518429550788
0.417399134858
1.0
0.517830074618
0.418116046259
1.0
0.518172362609
0.416992056991
1.0
0.517755465278
0.417266343957
1.0
0.517999346111
0.416675815406
1.0
0.517999346111
0.416675815406
1.0
0.519124999059
0.418272887174
1.0
0.519089780827
0.419076044094
1.0
0.517838458145
0.418833480391
1.0
0.517860819429
0.418455722912
1.0
0.518274591464
0.417925463658
1.0
0.518514249359
0.417837610117
1.0
0.518034114506
0.418274610086
1.0
0.518028096971
0.417843832123
1.0
0.519168741395
0.420008749953
1.0
0.519105987815
0.420458529887
1.0
0.519105987815
0.420458529887
1.0
0.518016437649
0.420042279427
1.0
0.518111641111
0.420765015319
1.0
0.517864566059
0.422092156633
1.0
0.517808206624
0.422390270365
1.0
0.516862049558
0.422190935371
1.0
0.516682222312
0.422800457338
1.0
0.516682222312
0.422800457338
1.0
0.516650458598
0.423667718129
1.0
0.51667816574
0.424267252653
1.0
0.516805097943
0.423456702736
1.0
0.516471763879
0.423211709921
1.0
0.516429924986
0.423086153937
1.0
0.516184685922
0.423746346872
1.0
0.514834052851
0.41762367168
1.0
0.514876614623
0.417706444217
1.0
0.513240536253
0.404417296638
1.0
0.513240536253
0.404417296638
1.0
0.512982815322
0.405999478023
1.0
0.512799349095
0.397634734621
1.0
0.512783579571
0.397369534283
1.0
0.512037178306
0.396182582689
1.0
0.512128705707
0.395390351371
1.0
0.512684313073
0.396603134258
1.0
0.513542216026
0.389598373613
1.0
0.513542216026
0.389598373613
1.0
0.512827104017
0.389300983344
1.0
0.513089138622
0.381744392463
1.0
0.512630047828
0.380874013316
1.0
0.512609048628
0.378260342506
1.0
0.511737764092
0.377585486249
1.0
0.51158576711
0.37902861495
1.0
0.512123163501
0.3784642956
1.0
0.511925267508
0.377529773801
1.0
0.510994149554
0.377771005469
1.0
0.510994149554
0.377771005469
1.0
0.511182103296
0.377275465057
1.0
0.510947899687
0.376363513495
1.0
0.511110972201
0.375229424105
1.0
0.509888073066
0.374338065855
1.0
0.509824097772
0.375003854598
1.0
0.510229509002
0.374600179004
1.0
0.510232451715
0.374168263452
1.0
0.509310399227
0.373932024544
1.0
0.509310399227
0.373932024544
1.0
0.509378513972
0.373678230259
1.0
0.509644458307
0.373868812346
1.0
0.509800427948
0.373554674589
1.0
0.509392079298
0.37279646082
1.0
0.509320628621
0.372682646196
1.0
0.509339867102
0.373166731074
1.0
0.509498763793
0.372387789091
1.0
0.509498763793
0.372387789091
1.0
0.50786922633
0.371566865374
1.0
0.507816920123
0.372093306371
1.0
0.510288711853
0.374073471123
1.0
0.510261506456
0.373706446493
1.0
0.510934869454
0.376087779982
1.0
0.510837462961
0.375932314377
1.0
0.511773139823
0.374357138334
1.0
0.511708245404
0.375264579973
1.0
0.511708245404
0.375264579973
