1.0
0.549671547991
0.360303729155
1.0
0.549844880073
0.359956537426
1.0
0.550208547774
0.362290322384
1.0
0.550075960417
0.362833956773
0.942927761896
0.550481831025
0.364354840106
0.942927761896
0.550551636449
0.364665762707
1.0
0.550416226493
0.36565660793
1.0
0.550416226493
0.36565660793
1.0
0.550340762943
0.366410715625
1.0
0.550565694204
0.3667425525
1.0
0.550586518632
0.367331954898
1.0
0.550243871244
0.36692347398
1.0
0.550274316668
0.366082659008
1.0
0.54996674029
0.365657236619
1.0
0.549980658257
0.366218248969
0.938700347034
0.549640986176
0.365837216833
0.938700347034
0.549604380119
0.365654001208
0.938700347034
0.549604380119
0.365654001208
1.0
0.549712251578
0.366147442451
1.0
0.549756895947
0.366909061427
1.0
0.550092774268
0.367565151184
1.0
0.549931753144
0.367925561783
1.0
0.549431602562
0.367552222085
1.0
0.549523121881
0.367310362837
1.0
0.550357587581
0.368426325588
1.0
0.550166113627
0.36874576815
1.0
0.550196304458
0.369123198316
1.0
0.550196304458
0.369123198316
1.0
0.550159121058
0.369512462912
1.0
0.550494366055
0.371313827361
1.0
0.550502180335
0.371310532347
0.966204418029
0.551236844288
0.371611526587
0.966204418029
0.551329244426
0.372538906721
1.0
0.55102741258
0.372275396567
1.0
0.551018025072
0.372126956891
1.0
0.551707452319
0.374350148141
1.0
0.551707452319
0.374350148141
1.0
0.551492422342
0.375875825249
0.996371593925
0.551689232658
0.376228325576
0.996371593925
0.552077237353
0.37722550787
1.0
0.552152404211
0.377189595703
1.0
0.552254014418
0.377941933433
1.0
0.552074679793
0.376308285192
1.0
0.552224487377
0.376443832939
1.0
0.552224487377
0.376443832939
0.98691318307
0.552254651236
0.377485819031
0.98691318307
0.552331031182
0.377424587691
1.0
0.553263817499
0.379206314172
1.0
0.553504542444
0.379846299103
1.0
0.553752990528
0.380100650729
1.0
0.553953023793
0.379969616321
1.0
0.55406247951
0.381196863865
1.0
0.554186610703
0.381559824359
1.0
0.554346762263
0.381526223524
1.0
0.554346762263
0.381526223524
1.0
0.554317484275
0.381726112045
1.0
0.5562781821
0.384755958911
