0.820175339695
0.54699180543
0.48771609573
0.820175339695
0.54699180543
0.48771609573
1.0
0.542714846183
0.486355513549
0.959058915951
0.546469405742
0.480772544765
0.959058915951
0.543360674036
0.479824748311
1.0
0.545931391871
0.476505122606
1.0
0.546119059698
0.476552323778
0.963771167424
0.554504585315
0.463617111296
0.963771167424
0.554678066348
0.464014784213
1.0
0.557958588132
0.459055846795
1.0
0.557958588132
0.459055846795
1.0
0.558114832139
0.459771707388
1.0
0.559417918239
0.458938585637
1.0
0.5595175842
0.459082531799
1.0
0.559100926803
0.459791157828
1.0
0.55892678328
0.459993625703
1.0
0.558889129412
0.460105927698
1.0
0.558921902731
0.459937300092
1.0
0.558921902731
0.459937300092
1.0
0.558771395431
0.460675891082
1.0
0.558882402304
0.461465230877
1.0
0.558886178947
0.46138163441
1.0
0.559007617108
0.461755423893
1.0
0.559145891882
0.46151892606
1.0
0.559268065371
0.461930817028
1.0
0.559264759804
0.462286885423
1.0
0.559140018059
0.462346778145
1.0
0.559008542463
0.463327368383
1.0
0.559008542463
0.463327368383
1.0
0.558816954495
0.464112426066
1.0
0.558863690413
0.464317348196
1.0
0.558817730442
0.464945963257
1.0
0.558999977078
0.464766318219
1.0
0.558996552037
0.46515810603
1.0
0.55899081443
0.465470065984
1.0
0.558517957997
0.464939744107
1.0
0.558654171478
0.465276949748
1.0
0.558654171478
0.465276949748
1.0
0.558960762071
0.466865929646
1.0
0.558626704169
0.467838921516
1.0
0.558632939569
0.467779418339
1.0
0.558577530041
0.46790694959
1.0
0.558484933741
0.468511186969
1.0
0.558485789857
0.468821096042
1.0
0.558378765608
0.468923815166
1.0
0.558507702552
0.469603376899
1.0
0.558507702552
0.469603376899
1.0
0.558526598388
0.470108080519
1.0
0.558263553324
0.470798439006
1.0
0.558208475835
0.471010404072
1.0
0.558170603929
0.471572638841
1.0
0.557825770455
0.47165745813
0.957616322322
0.557515031819
0.472257319468
0.957616322322
0.556821107159
0.471972595033
1.0
0.556747066118
0.473195787798
1.0
0.556747066118
0.473195787798
1.0
0.557048052222
0.474425010409
0.903692023341
0.556765320607
0.473819975374
0.903692023341
0.556881026255
0.473868899287
0.947902971369
0.557249912118
0.474449147531
0.947902971369
0.55711421436
0.47509761692
0.952332404795
0.556601395607
0.475536757867
0.952332404795
0.55649781418
0.475275525953
0.952332404795
0.55649781418
0.475275525953
1.0
0.556589518412
0.476278733572
1.0
0.556590443323
0.476651450046
1.0
0.556439182477
0.476820769239
1.0
0.556313180905
0.476838857838
0.966371316297
0.556060673153
0.477092363753
0.966371316297
0.555991715885
0.477311911936
1.0
0.556121586446
0.478000693218
1.0
0.556428941219
0.479384281048
1.0
0.556543542187
0.479537398409
1.0
0.556543542187
0.479537398409
1.0
0.556251401528
0.47940611314
0.986410276989
0.555930823538
0.479496759794
0.986410276989
0.5559397989
0.479928892163
1.0
0.556008282717
0.480826094297
1.0
0.555830357057
0.480834139797
1.0
0.555919435737
0.481036354243
1.0
0.555919435737
0.481036354243
1.0
0.555961449064
0.481750587932
1.0
0.555718948353
0.48211522549
1.0
0.555373053901
0.482481780344
1.0
0.555330871224
0.482885966834
1.0
0.555006252075
0.482765425349
1.0
0.554955246453
0.483131099773
1.0
0.555032605826
0.483708992398
1.0
0.554710313794
0.484949131345
1.0
0.55440957812
0.485243184486
1.0
0.55440957812
0.485243184486
1.0
0.554472928214
0.485693662892
1.0
0.554363101752
0.48634305671
1.0
0.55425390729
0.487531000101
1.0
0.554129698041
0.487649871475
1.0
0.55396194228
0.48712161643
1.0
0.553867748708
0.48738767821
1.0
0.553767098797
0.488151325521
1.0
0.553409070923
0.4887964139
1.0
0.553409070923
0.4887964139
1.0
0.553493446076
0.489041635578
1.0
0.553203861527
0.489598127914
1.0
0.553019010139
0.490301155842
1.0
0.552594423102
0.490335321446
1.0
0.552661084531
0.491066431903
1.0
0.552602779806
0.491405209793
1.0
0.552292146549
0.492342945617
1.0
0.551657480925
0.492548174372
1.0
0.551657480925
0.492548174372
1.0
0.551167261114
0.493208804782
1.0
0.550639530314
0.493819539141
1.0
0.550521020942
0.494777106128
1.0
0.54994346929
0.49484618493
1.0
0.550009818843
0.495277600994
1.0
0.549554225338
0.496043033486
1.0
0.548898368731
0.497560576506
1.0
0.548010717597
0.498466387832
1.0
0.547890864831
0.499769285606
1.0
0.547890864831
0.499769285606
1.0
0.547389608261
0.499654809136
1.0
0.547021935483
0.500721631703
1.0
0.546475215151
0.501239421125
1.0
0.546168465859
0.502018377332
1.0
0.545218897382
0.502506493946
1.0
0.544997056365
0.503587940604
1.0
0.544661784069
0.503690200377
1.0
0.544661784069
0.503690200377
1.0
0.544252800625
0.504844557567
1.0
0.543216689564
0.504703150391
1.0
0.542649785089
0.506180214501
1.0
0.542333349203
0.507320510697
1.0
0.542131935217
0.508352367078
1.0
0.541320263329
0.508270922122
1.0
0.54093029398
0.509285105796
1.0
0.54093029398
0.509285105796
1.0
0.540737658073
0.50990667534
1.0
0.540366228182
0.51147360783
1.0
0.53921600692
0.511807746914
1.0
0.538780324286
0.513032122928
1.0
0.538335953367
0.513681413889
1.0
0.537952289956
0.514616897093
1.0
0.536588961791
0.514451526991
1.0
0.535984257565
0.516109355872
1.0
0.535122031543
0.515901467655
1.0
0.534833417435
0.51669412827
1.0
0.534833417435
0.51669412827
1.0
0.534292555557
0.51740271549
1.0
0.534038168631
0.518724011398
1.0
0.532873588408
0.518717208582
1.0
0.532054221298
0.520591311558
1.0
0.530932345446
0.520620477307
0.936715150033
0.530229353868
0.521000511351
0.936715150033
0.529395080666
0.521300896736
0.936715150033
0.529395080666
0.521300896736
1.0
0.529219487789
0.523342187679
1.0
0.528189862061
0.523750519202
1.0
0.527637122924
0.524887685586
1.0
0.526591823522
0.52521120805
1.0
0.526028651543
0.527263518264
1.0
0.524948243713
0.526949174023
1.0
0.524306119915
0.528132035921
1.0
0.523150657486
0.528882055893
1.0
0.523150657486
0.528882055893
1.0
0.522721177655
0.530032436113
1.0
0.522079367095
0.529988471852
1.0
0.521465035663
0.531741944695
1.0
0.520363675335
0.531658114323
1.0
0.519862055414
0.533384553213
1.0
0.519295081994
0.533589957122
1.0
0.518392583492
0.535173957648
1.0
0.517905555132
0.53575322252
1.0
0.517579332972
0.537366878852
1.0
0.517579332972
0.537366878852
1.0
0.516656412491
0.537757123021
1.0
0.516000907494
0.53933076734
1.0
0.514971771435
0.539749826658
1.0
0.514360082081
0.540874119925
1.0
0.51364350035
0.540876986879
0.983367037114
0.513078150333
0.543082890231
0.983367037114
0.512437410661
0.542895822422
0.983367037114
0.512437410661
0.542895822422
1.0
0.512017012536
0.544666600235
1.0
0.511150880533
0.545244570146
1.0
0.510596473837
0.546235699707
1.0
0.509844579945
0.546264154176
1.0
0.509282275377
0.547577667243
1.0
0.50897933258
0.547773899407
1.0
0.50872606302
0.548740073595
1.0
0.507829701898
0.548949416039
1.0
0.50753468588
0.549965637604
1.0
0.50753468588
0.549965637604
1.0
0.507109489788
0.550250788867
1.0
0.506418055212
0.551207358874
1.0
0.505629129914
0.551016794762
1.0
0.505506675165
0.55253705555
0.982176240984
0.504879874422
0.552377323975
0.982176240984
0.504501752656
0.552738305933
0.982176240984
0.504501752656
0.552738305933
1.0
0.503912219128
0.554470587089
1.0
0.503542307619
0.555838756517
1.0
0.503452769121
0.555477735327
1.0
0.503391935674
0.556098662488
1.0
0.503151349724
0.557484810209
1.0
0.502457519101
0.558591073414
0.986035676635
0.502100298786
0.558293812327
0.986035676635
0.501980127152
0.558935871384
0.986035676635
0.501980127152
0.558935871384
1.0
0.502036029761
0.559527031258
1.0
0.50196715477
0.560973876889
1.0
0.501918125475
0.562052579581
1.0
0.501465582116
0.563500060951
1.0
0.501561830713
0.564643572224
1.0
0.501372046817
0.566111652941
1.0
0.501885036194
0.567680521452
1.0
0.501614056584
0.568258766148
1.0
0.501794614408
0.567548008881
1.0
0.501088706301
0.569653407539
1.0
0.501088706301
0.569653407539
0.960599063228
0.5016247649
0.571009300903
0.960599063228
0.501459928379
0.572284336991
0.991141668589
0.502423567279
0.574222662706
0.991141668589
0.502085544088
0.576107905469
0.831208294413
0.503310954651
0.577871426273
0.831208294413
0.502793827863
0.579580837568
0.831208294413
0.502793827863
0.579580837568
0.831208294413
0.502793827863
0.579580837568
1.0
0.502821369421
0.580751155414
1.0
0.501266408933
0.584814604003
1.0
0.500026459077
0.586791906058
0.963921336338
0.498268174652
0.589125157712
0.963921336338
0.498268174652
0.589125157712
1.0
0.497457642285
0.59182507293
0.95427792412
0.496964103858
0.594224060142
1.0
0.49671665759
0.596565995223
0.983930708277
0.495934740009
0.597464174079
0.983930708277
0.495934740009
0.597464174079
0.976026757451
0.495658181732
0.600288269032
0.90672484537
0.494662080509
0.603335006021
1.0
0.493780367456
0.60798388944
1.0
0.493211091922
0.611703998266
1.0
0.493211091922
0.611703998266
1.0
0.491717333343
0.612214379912
1.0
0.491377572289
0.614934197046
1.0
0.490498995179
0.617607736704
1.0
0.489419359261
0.618337512068
1.0
0.489419359261
0.618337512068
1.0
0.4882531989
0.620469198061
1.0
0.487109770967
0.623994411453
1.0
0.486063712925
0.624354858827
1.0
0.486063712925
0.624354858827
1.0
0.48542769219
0.626719161263
1.0
0.484360441472
0.628455353279
1.0
0.483561467812
0.63051519323
1.0
0.48264567942
0.63180865684
1.0
0.481131466399
0.636099614543
1.0
0.481131466399
0.636099614543
1.0
0.479747451894
0.635178169351
1.0
0.478644839537
0.638002797428
0.873453224836
0.477978079928
0.637029522446
0.873453224836
0.477662421589
0.638365266619
0.873453224836
0.477123747676
0.640646806006
0.873453224836
0.477017236654
0.641151712962
0.873453224836
0.477017236654
0.641151712962
0.873453224836
0.476811005837
0.640686448202
0.873453224836
0.476254833118
0.641755767344
0.873453224836
0.475842667985
0.642341686897
0.859478189672
0.473917525127
0.641653775269
0.859478189672
0.473462209186
0.643107696442
1.0
0.471657675224
0.641836219639
1.0
0.471423995448
0.642573838704
0.985351366285
0.471296783597
0.642674900512
0.985351366285
0.471296783597
0.642674900512
0.985351366285
0.471002581099
0.644182151578
1.0
0.470546759508
0.64225468419
1.0
0.47013630917
0.642039037962
1.0
0.467974665934
0.644428934261
1.0
0.467820714359
0.644682401552
0.881650001821
0.468376486222
0.643631144504
0.881650001821
0.467903268088
0.644262721272
0.909866293361
0.465097215636
0.643370744616
0.909866293361
0.464731931726
0.643789016592
0.909866293361
0.464731931726
0.643789016592
0.909866293361
0.464346896303
0.644953388898
0.909866293361
0.464180701212
0.645748134091
1.0
0.463020008743
0.645890388304
1.0
0.462650126212
0.645559691426
0.951259887326
0.461961044236
0.64421230005
0.951259887326
0.46176851642
0.644888859907
1.0
0.460147509722
0.645295315169
1.0
0.459838747452
0.645260570069
1.0
0.459838747452
0.645260570069
1.0
0.459335167994
0.644812857431
1.0
0.4590499645
0.646337140018
0.927118034643
0.458619886522
0.646622249515
0.927118034643
0.458350217901
0.647221030166
1.0
0.458149697207
0.648245973704
1.0
0.457766207198
0.648579082011
1.0
0.456949873578
0.648698162571
1.0
0.456736863658
0.64799787324
1.0
0.456736863658
0.64799787324
1.0
0.455821215014
0.647838798922
1.0
0.45574301671
0.648347844465
1.0
0.458724791653
0.648178173375
1.0
0.45832333086
0.648881318248
1.0
0.462973320195
0.648435903199
1.0
0.462599702701
0.649136357409
0.821862428496
0.463414484245
0.647522225308
0.821862428496
0.463257383483
0.648398649616
0.821862428496
0.463257383483
0.648398649616
1.0
0.461838893242
0.652078539761
1.0
0.461542311165
0.652563450579
1.0
0.46018470261
0.651089025243
1.0
0.461985844303
0.647618619776
0.855821985833
0.4625675255
0.647046506263
0.855821985833
0.463519430639
0.644667259058
0.90597275772
0.462407582856
0.640038772699
0.90597275772
0.462407582856
0.640038772699
0.90597275772
0.462437428669
0.639909615619
0.90597275772
0.462021166838
0.641251376971
1.0
0.460399059402
0.645092404927
1.0
0.460237245651
0.64564020371
0.894006545683
0.46007576084
0.644629685739
0.894006545683
0.460048900747
0.644647468229
1.0
0.458974330091
0.645396742633
1.0
0.458784039696
0.645406696552
1.0
0.457162761773
0.643128499343
1.0
0.457162761773
0.643128499343
1.0
0.457002416757
0.643502897214
0.945593997599
0.45717900691
0.644161572416
0.945593997599
0.456962015375
0.644847898769
0.984590567713
0.456621115626
0.644713778046
0.984590567713
0.456648085987
0.644198527915
1.0
0.455890929499
0.643965450576
1.0
0.455822128033
0.644193335218
1.0
0.455822128033
0.644193335218
1.0
0.455470189515
0.644430866147
1.0
0.455300725631
0.644852090308
1.0
0.45431019631
0.645330372853
1.0
0.454154217348
0.645157075286
0.9970475988
0.454520749167
0.644363220764
0.9970475988
0.454334729787
0.643843425738
1.0
0.453655939888
0.643818775181
1.0
0.453765128562
0.644310077445
1.0
0.453498512763
0.644270458505
1.0
0.453498512763
0.644270458505
1.0
0.453479047
0.644167208442
0.914880419404
0.454762733478
0.643318684524
0.914880419404
0.4546288625
0.644038614264
0.993453848981
0.453927693837
0.64414224899
0.993453848981
0.453898240451
0.644039459673
0.982337029234
0.454115680404
0.644752733217
0.982337029234
0.453901007503
0.644667461892
0.982337029234
0.453901007503
0.644667461892
1.0
0.453399701183
0.645343608124
1.0
0.453561302144
0.645572309068
1.0
0.453593652632
0.64608367885
1.0
0.45366098876
0.646185055654
1.0
0.45284906841
0.645159166699
1.0
0.45280828629
0.644396516533
0.996715509665
0.453945772683
0.642947742947
0.996715509665
0.453993488894
0.643137909214
0.996715509665
0.453993488894
0.643137909214
1.0
0.453719337323
0.643335790763
1.0
0.453863375902
0.643044615459
1.0
0.453540281971
0.641948257927
1.0
0.453767615065
0.640615271427
1.0
0.453968552553
0.639628065092
1.0
0.454078429227
0.639338712701
0.837644235492
0.454647884789
0.637786485481
0.837644235492
0.454862022654
0.636872004348
1.0
0.454459462038
0.636515866995
1.0
0.454459462038
0.636515866995
1.0
0.454697987384
0.635197302404
1.0
0.45418864304
0.63446943394
1.0
0.45449214705
0.633248567418
1.0
0.455042503079
0.631591620192
1.0
0.455273968603
0.630493376603
1.0
0.454696214457
0.629330750861
1.0
0.454696214457
0.629330750861
1.0
0.454744710395
0.6274187311
1.0
0.455137633651
0.627271820869
1.0
0.455798952534
0.626204346101
1.0
0.45620695689
0.624339321707
1.0
0.456356235909
0.623410908302
1.0
0.456128171461
0.622480203263
1.0
0.456438578942
0.619864010223
1.0
0.456346343284
0.618699569964
1.0
0.456620486718
0.617474856348
1.0
0.456620486718
0.617474856348
1.0
0.456120405579
0.616223223873
1.0
0.456396061633
0.614527523619
1.0
0.456242774005
0.613657835535
1.0
0.456528444959
0.612165890852
1.0
0.456799328002
0.611160003933
1.0
0.45712872058
0.609817403745
1.0
0.45648585676
0.60842430665
1.0
0.456881922842
0.6069921437
1.0
0.456366507785
0.605425705818
1.0
0.456366507785
0.605425705818
1.0
0.456665707677
0.603214464744
1.0
0.456849750189
0.602170374211
1.0
0.457134179028
0.600557963386
1.0
0.45747034142
0.59992256058
1.0
0.457928666757
0.598799918653
1.0
0.458142078369
0.59839548011
1.0
0.458607125713
0.59654645079
1.0
0.458607125713
0.59654645079
1.0
0.45909822606
0.59646139657
1.0
0.459561673686
0.594569446663
1.0
0.460099767774
0.595176035125
1.0
0.460246030418
0.594230814894
1.0
0.46061683744
0.593670294985
1.0
0.460886016009
0.592501201223
1.0
0.461595350098
0.592464866467
1.0
0.461636922734
0.592353853569
1.0
0.460817684277
0.591549649981
1.0
0.460817684277
0.591549649981
1.0
0.460924654421
0.591091913905
1.0
0.461745515884
0.589622914553
1.0
0.461805606435
0.589208674678
1.0
0.462632187281
0.588313435636
1.0
0.462781366938
0.587244221304
1.0
0.463223508799
0.586661986252
1.0
0.463531319951
0.586860490661
1.0
0.463531319951
0.586860490661
1.0
0.464838431094
0.586477492343
1.0
0.464920067574
0.584611124024
1.0
0.464881197366
0.58412421068
1.0
0.465203034537
0.582772995719
1.0
0.466204622447
0.582341764193
1.0
0.466203525474
0.581537052696
1.0
0.467084357547
0.580415967577
1.0
0.467084357547
0.580415967577
1.0
0.467103015928
0.579867674197
1.0
0.467428905586
0.580593768916
1.0
0.467765470689
0.579784005044
1.0
0.468489597896
0.577564799631
1.0
0.468389192732
0.576109611896
1.0
0.468654777481
0.574298665371
1.0
0.468706728877
0.572983497797
1.0
0.468663805148
0.571588444776
1.0
0.468648445316
0.5707765264
1.0
0.468648445316
0.5707765264
1.0
0.469612397583
0.569164827303
1.0
0.469647754633
0.568499457968
1.0
0.470760272486
0.568233010635
1.0
0.470978523499
0.565669403732
1.0
0.47185485748
0.565521750397
1.0
0.471979302759
0.563820870376
1.0
0.472768427708
0.563699525126
1.0
0.472906697756
0.561551400127
1.0
0.473344345019
0.560946838345
1.0
0.473344345019
0.560946838345
1.0
0.473307010559
0.559286480718
1.0
0.473239852442
0.557816843417
1.0
0.47312782225
0.556971103748
1.0
0.47330659797
0.55640831126
1.0
0.473343201222
0.555397642219
1.0
0.469738233024
0.552304590515
1.0
0.469664585112
0.551743964827
1.0
0.469664585112
0.551743964827
1.0
0.465590139819
0.549681384704
1.0
0.465838364634
0.54861297397
1.0
0.462351878415
0.547494459218
1.0
0.46263716871
0.546736249119
1.0
0.460949965766
0.547073686343
1.0
0.460868155827
0.546388609227
1.0
0.46039791457
0.546139519761
1.0
0.458816778698
0.547565270536
1.0
0.459480951061
0.548371096661
1.0
0.459480951061
0.548371096661
1.0
0.458390479842
0.550909333398
1.0
0.45891648924
0.550625163103
1.0
0.458100036446
0.552857739805
1.0
0.458355614349
0.552414127739
1.0
0.457908096393
0.553825926658
1.0
0.45845568992
0.552863802218
1.0
0.458892181903
0.553014974736
1.0
0.458892181903
0.553014974736
1.0
0.459211359697
0.552874423507
1.0
0.459491682644
0.552144194242
1.0
0.460028782048
0.551952058957
1.0
0.460146736236
0.550497477742
1.0
0.460338602162
0.549240511873
1.0
0.460858139042
0.547467481405
1.0
0.460771842574
0.546971786586
1.0
0.460694346183
0.546360561268
1.0
0.461393702474
0.547205511369
1.0
0.461393702474
0.547205511369
1.0
0.461686818559
0.545899664188
1.0
0.461708045204
0.544891956714
1.0
0.462120343369
0.543709159351
1.0
0.462011037676
0.542978538189
1.0
0.462137055698
0.542649390731
