1.0
0.576847256112
0.711356199067
0.99
0.377018046935
0.581731695476
0.99
0.374542644744
0.585913936006
0.99
0.370598404304
0.596188003305
0.935178754254
0.362477216362
0.627997851402
0.99
0.362687337703
0.614643078533
0.99
0.362687337703
0.614643078533
0.916343145091
0.351781256059
0.612828594454
0.916343145091
0.351094173477
0.614051011585
1.0
0.345997090555
0.613448470905
1.0
0.343345185155
0.611559460695
1.0
0.343159019134
0.613587556213
1.0
0.341161575631
0.611812359789
1.0
0.340845446478
0.615305392347
1.0
0.339861096631
0.614714071996
1.0
0.339861096631
0.614714071996
1.0
0.339762117234
0.615637181015
1.0
0.339816039813
0.614465554204
1.0
0.339914338208
0.614103368944
1.0
0.340304301876
0.613385145351
1.0
0.340179875744
0.614981447735
1.0
0.341140149094
0.614802024067
1.0
0.341073084228
0.615375931281
1.0
0.34006734439
0.614361639521
1.0
0.340057141309
0.614470713919
1.0
0.340057141309
0.614470713919
1.0
0.341121434943
0.61619228758
1.0
0.341225366771
0.615270087654
1.0
0.341112834485
0.614694893418
1.0
0.341169795918
0.613849840012
1.0
0.341320617189
0.611413957885
1.0
0.34133447779
0.611067451923
1.0
0.341124042799
0.612828459504
1.0
0.341080995845
0.613353698328
1.0
0.341080995845
0.613353698328
1.0
0.341004677218
0.613282587215
1.0
0.34110960945
0.612491258798
1.0
0.341654131673
0.611829867433
1.0
0.341622967443
0.61184549421
1.0
0.340787505627
0.612717662312
1.0
0.34076847527
0.613476648965
1.0
0.340015976872
0.612606587386
1.0
0.340035744043
0.612487078192
1.0
0.340035744043
0.612487078192
1.0
0.341153165069
0.613002059318
1.0
0.341096741805
0.61362113285
1.0
0.340835236579
0.6125866237
1.0
0.34073082332
0.613813592968
1.0
0.340931560613
0.613735699098
1.0
0.340974239111
0.613510346786
1.0
0.340789840109
0.612760441467
1.0
0.340750381522
0.613466417138
1.0
0.340750381522
0.613466417138
1.0
0.340442509983
0.613647460602
1.0
0.34037542686
0.614117139767
1.0
0.340847803032
0.613746811461
1.0
0.340768515269
0.614713649557
1.0
0.34044561333
0.615033079629
0.989206014827
0.340511053069
0.614595850073
0.989206014827
0.340927463397
0.616747421724
0.996144847003
0.340888473383
0.617038248276
0.996144847003
0.340888473383
0.617038248276
1.0
0.340378754881
0.616833572598
1.0
0.340274175671
0.617859529997
0.954435325335
0.333433097575
0.614042104201
0.954435325335
0.333182815351
0.614577486095
0.942694897383
0.325349814955
0.610221701932
0.942694897383
0.325430628396
0.602627593386
0.897443150126
0.318716209279
0.600945528656
0.897443150126
0.318270896532
0.604845942763
0.897443150126
0.318270896532
0.604845942763
0.914416888754
0.315122169866
0.602873061453
0.914416888754
0.314971721011
0.604530743186
0.877665054318
0.314093884443
0.604309961199
0.877665054318
0.314040680847
0.605237102591
0.808176656254
0.313148501198
0.60484996133
0.808176656254
0.313008722706
0.606366560049
0.857668095736
0.313166637566
0.605241705941
0.857668095736
0.31321129687
0.604794219803
0.857668095736
0.31321129687
0.604794219803
0.927012946993
0.311230838286
0.602578142654
0.927012946993
0.311189667147
0.603168346855
0.886123489751
0.310839979759
0.602663824878
0.886123489751
0.310837131392
0.602661006927
0.927077402989
0.310071481487
0.602324099762
0.927077402989
0.310059614691
0.602620164016
0.920373449156
0.309683832145
0.602778951192
0.920373449156
0.309597235065
0.603802448679
0.920373449156
0.309597235065
0.603802448679
0.949607225358
0.308214330363
0.604116958256
0.949607225358
0.308215866979
0.604200911267
0.905802211708
0.30686266364
0.601864766943
0.905802211708
0.306835146276
0.602181051364
0.977905627451
0.30401733384
0.600109706665
0.977905627451
0.304007225442
0.60023083579
0.999584774916
0.303138626573
0.598907394613
0.999584774916
0.303138626573
0.598907394613
0.999584774916
0.303094563025
0.599497820953
0.957838287734
0.301574482807
0.597636299796
0.957838287734
0.301597173847
0.597372456455
1.0
0.300630063781
0.595745823891
1.0
0.300595401605
0.59618689861
1.0
0.299281951626
0.594120480052
1.0
0.299282302854
0.594169996244
0.977940016119
0.299778163326
0.592318706483
0.977940016119
0.299791874783
0.592100132505
0.977940016119
0.299791874783
0.592100132505
1.0
0.29793457324
0.590405883277
1.0
0.297930979654
0.590441640548
0.991522989994
0.299724414644
0.591467438537
0.985119143035
0.299633717473
0.592540418454
0.985119143035
0.298489589288
0.590515472552
1.0
0.298474039133
0.590705350345
1.0
0.299346112881
0.591817704231
1.0
0.299346112881
0.591817704231
1.0
0.299460676217
0.590446484322
0.995885946
0.299812212096
0.590770236187
0.995885946
0.299825360126
0.5906382828
1.0
0.298421882435
0.58996136266
1.0
0.298495276306
0.589075802093
0.976623911527
0.299357722612
0.590816921508
0.976623911527
0.299461494293
0.589531693777
1.0
0.299092896839
0.588668600069
1.0
0.29912741912
0.588265411896
1.0
0.29912741912
0.588265411896
1.0
0.300119317535
0.589087942277
1.0
0.300076605027
0.589611837403
0.994895321705
0.30032896166
0.589418779054
0.983933069889
0.30031738263
0.589601382549
0.983933069889
0.298813029423
0.587981389292
1.0
0.298788124039
0.588252837218
1.0
0.29797182505
0.585880504975
1.0
0.297945090775
0.586196966847
1.0
0.297945090775
0.586196966847
1.0
0.297752777216
0.586556649771
1.0
0.297733461891
0.586807085714
1.0
0.310263539381
0.592792537359
1.0
0.310415094598
0.591373672438
0.950057028473
0.344666801351
0.612490094823
0.950057028473
0.344988454004
0.613678516021
0.950057028473
0.344988454004
0.613678516021
0.99
0.391333454628
0.645088069167
0.787440238286
0.39611705729
0.655144632729
0.787440238286
0.445356681995
0.697109903945
0.787440238286
0.465973011789
0.704971735281
0.934301704088
0.474980850847
0.674182883148
0.99
0.477768328294
0.678696850095
0.99
0.480781660433
0.670164074446
0.99
0.47804549477
0.668513430034
1.0
0.477954356749
0.671689444627
1.0
0.478693348668
0.672381104441
1.0
0.478693348668
0.672381104441
0.983461404201
0.478686971248
0.673533511435
0.983461404201
0.478157848311
0.671613457361
1.0
0.478276724712
0.672287658255
1.0
0.478543173929
0.671456236122
1.0
0.478567039393
0.670908952815
1.0
0.479165002899
0.672553174281
1.0
0.479165002899
0.672553174281
1.0
0.479179651488
0.672338900855
1.0
0.478652530565
0.67314121258
0.947125289455
0.478218799679
0.673190668103
0.947125289455
0.478925618703
0.674410568699
1.0
0.478762624132
0.676125722129
0.986837197889
0.478981581973
0.677071094288
0.986837197889
0.479111028255
0.677888374948
1.0
0.478658262265
0.677508063877
1.0
0.478658262265
0.677508063877
1.0
0.478973128061
0.677935466786
0.960100926535
0.4795509084
0.679307307424
0.960100926535
0.479482692613
0.680457069363
1.0
0.479624785845
0.680530838491
0.983177246357
0.479684871175
0.681787330622
0.983177246357
0.479534764293
0.681004482706
1.0
0.47958245609
0.680466430172
1.0
0.47969986131
0.680465599099
0.902343231815
0.479881699125
0.679894204215
0.902343231815
0.478983789378
0.677097091143
0.902343231815
0.478983789378
0.677097091143
0.890652271265
0.478968627721
0.675923984422
0.890652271265
0.478928111268
0.676180379592
1.0
0.478663120287
0.677126401182
1.0
0.478236103871
0.676180889564
0.836299704879
0.47822034862
0.675690514193
0.836299704879
0.477450111481
0.675114491986
0.836299704879
0.477450111481
0.675114491986
1.0
0.477287143197
0.67819567615
1.0
0.477333521575
0.677565843798
0.926823459782
0.47778690966
0.678017483812
0.926823459782
0.477800342937
0.678211715694
0.926823459782
0.47846243145
0.678572929587
0.967276426428
0.478327801739
0.679685649905
0.967276426428
0.478018457946
0.678112522977
0.967276426428
0.478018457946
0.678112522977
0.897675319828
0.4777717683
0.678985153637
0.897675319828
0.476556964653
0.678237348619
0.921260645019
0.476600642228
0.677748945311
0.921260645019
0.476512666886
0.676503104997
0.921260645019
0.47671880238
0.677523691478
0.90820409441
0.476730514014
0.676932646264
0.90820409441
0.477152372642
0.677968081715
0.930907866282
0.477129213304
0.676858935369
0.930907866282
0.477251636853
0.676678896732
0.930907866282
0.477251636853
0.676678896732
0.92573561728
0.47721945002
0.67633876421
0.92573561728
0.476998275653
0.676042881434
0.917770925308
0.477175328528
0.675736276785
0.917770925308
0.477419602941
0.677047091557
1.0
0.477892373632
0.676631371454
1.0
0.477322191613
0.676680834613
1.0
0.477322191613
0.676680834613
0.937178710602
0.476978355007
0.676120265605
0.937178710602
0.477056429514
0.676290568626
1.0
0.476919480145
0.678852024833
1.0
0.477284535482
0.678231588777
0.944770442873
0.477083147346
0.679888791569
0.944770442873
0.4778938974
0.683132632048
0.977502409316
0.478301407539
0.680901914376
1.0
0.479479706732
0.681639796321
0.946282447885
0.479215967638
0.682109721233
0.946282447885
0.478481172692
0.680910933693
0.946282447885
0.478481172692
0.680910933693
0.867014843603
0.478670196582
0.680349359529
0.867014843603
0.477951788899
0.679460179625
0.957305707162
0.477959751667
0.679987776658
0.957305707162
0.478245012063
0.679730959095
0.988590280103
0.478241722243
0.6781072631
0.98947062481
0.478379626447
0.678098361942
0.98947062481
0.478379626447
0.678098361942
0.973011427807
0.478409663797
0.679146816052
0.935524872793
0.477798557119
0.678627024852
0.878558642268
0.477991080785
0.678056144944
0.878558642268
0.478936915224
0.679781147406
0.962718079208
0.47893818411
0.678798070564
0.962718079208
0.477985575183
0.677259197135
0.96462166086
0.478097742757
0.678786908345
0.96462166086
0.477981769546
0.679839566079
0.96462166086
0.477981769546
0.679839566079
0.938379773816
0.47816840054
0.678530077244
0.938379773816
0.478627195309
0.678884660875
1.0
0.478537793308
0.679754997265
1.0
0.479609155051
0.681668883426
0.892784498887
0.479430471798
0.680633767485
0.892784498887
0.479276403083
0.682416808551
0.908866022471
0.479258531662
0.68325642802
0.908866022471
0.478086273395
0.682997936449
1.0
0.478101933999
0.682905924606
1.0
0.478101933999
0.682905924606
0.96083716517
0.478704108243
0.683899561728
0.96083716517
0.478605236024
0.685413122742
0.965510102405
0.479611804466
0.687745702545
0.997715849221
0.478894862199
0.691916332036
0.886022905272
0.479066383998
0.69238135398
0.886022905272
0.479066383998
0.69238135398
1.0
0.479148729654
0.691712957411
0.904124677668
0.479219569024
0.692277756859
0.904124677668
0.47909335708
0.691444446862
0.924983893222
0.479586488102
0.69140964397
0.918162385858
0.480062962503
0.689591026199
0.918162385858
0.479953373126
0.687138087451
0.918162385858
0.480630199467
0.686701251342
0.918162385858
0.480630199467
0.686701251342
0.918162385858
0.481529361138
0.685968161107
0.95794097268
0.481834175294
0.684670665817
0.95794097268
0.483625418103
0.687047890816
0.968273511068
0.483964863313
0.687165463803
0.968273511068
0.483963037965
0.686602483056
0.995215246728
0.484010482746
0.685951682795
0.995215246728
0.484010482746
0.685951682795
0.94124065047
0.484347452106
0.684592003838
0.94124065047
0.484635143467
0.685147918482
0.966601179697
0.484612321577
0.68511482292
0.966601179697
0.484738757123
0.68483707889
1.0
0.484913286747
0.683864416202
0.991901839766
0.484745439973
0.683906876929
0.991901839766
0.483603024799
0.682779587324
1.0
0.483785724439
0.681496265842
1.0
0.483785724439
0.681496265842
0.889008702554
0.483781037849
0.681860998049
0.889008702554
0.483351978016
0.682903680743
0.903582393931
0.482369938201
0.680214414072
0.980508950886
0.48236276208
0.680267316927
0.980508950886
0.481846290639
0.68096288305
0.960374630992
0.48174271902
0.681742770373
0.948004197621
0.480960138666
0.681603170747
0.948004197621
0.480858731985
0.682636446328
0.964089651517
0.480544434599
0.682847103035
0.980469724745
0.480292245468
0.685272195914
0.980469724745
0.480292245468
0.685272195914
0.953631947738
0.479541317547
0.685619740339
0.953631947738
0.479575974244
0.685578920492
0.965083266625
0.479928643661
0.685198571737
0.933175437706
0.479764399029
0.686312000762
0.894055125206
0.475806101235
0.687179402025
0.881541537813
0.475128354941
0.687805367145
0.881541537813
0.471720530046
0.687166274586
0.881541537813
0.471720530046
0.687166274586
0.981538046468
0.471204112126
0.688045579631
0.911385913763
0.472099647603
0.690541628375
0.855041339827
0.471782566111
0.6915640088
0.855041339827
0.474463674566
0.695921224753
0.986507483189
0.474575732099
0.694190387679
1.0
0.476618976017
0.695043030592
0.941904837516
0.476218626715
0.696403856143
0.941904837516
0.476218626715
0.696403856143
0.941904837516
0.477568171704
0.695656463865
0.917941521861
0.477292379725
0.696998213017
0.917941521861
0.476669876597
0.695591363612
0.917941521861
0.476669876597
0.695591363612
0.917941521861
0.476669876597
0.695591363612
0.917941521861
0.476669876597
0.695591363612
0.917941521861
0.476669876597
0.695591363612
0.891583257903
0.475685966219
0.719054874626
0.891583257903
0.466360085416
0.716205285309
0.891583257903
0.465938279004
0.720731204265
0.891583257903
0.466372678768
0.723144406522
0.891583257903
0.466158105528
0.724333395503
0.891583257903
0.466158105528
0.724333395503
0.891583257903
0.46610895747
0.726371207042
0.881869643668
0.467880771599
0.728293100397
0.874566919293
0.467090405302
0.729388724548
0.874566919293
0.465853588355
0.729925573638
0.828204796475
0.465601504943
0.732891183019
0.828204796475
0.466962302029
0.734999651064
0.942849406393
0.466583365173
0.73740992066
0.942849406393
0.467092573529
0.739099599046
0.982541943621
0.466799320306
0.741933485164
0.982541943621
0.466799320306
0.741933485164
0.836458227561
0.468961862746
0.749073848048
0.836458227561
0.473054172236
0.725476279169
0.861543578063
0.472750132878
0.724786734656
0.861543578063
0.473460913729
0.726492999165
0.861543578063
0.47357565585
0.726094959561
0.861543578063
0.47357565585
0.726094959561
0.861543578063
0.473820818066
0.726400168065
0.861543578063
0.474416406808
0.726364079465
0.934984439011
0.473824805791
0.729159478143
0.902797604444
0.475416754074
0.73234557622
0.902797604444
0.475447202551
0.736040961992
0.912281408625
0.476568892312
0.737030666469
0.888489826325
0.476737374726
0.73759726736
0.888489826325
0.477375030213
0.739430771085
0.888489826325
0.477375030213
0.739430771085
0.941526265658
0.477511642889
0.738702599888
0.907791367003
0.479287956253
0.743347308412
0.907791367003
0.479279455918
0.74495809339
0.864409741679
0.479410229626
0.744577580602
0.864409741679
0.479342393102
0.747280474877
0.903583307505
0.479999045022
0.747312125347
0.903583307505
0.480253573009
0.747090414028
0.817495134128
0.481792262561
0.746486945934
0.817495134128
0.481792262561
0.746486945934
0.817495134128
0.481720822451
0.746285461172
0.84846871736
0.482677018319
0.749765813378
0.999026250993
0.482490024473
0.753236464835
0.907306843055
0.484415129847
0.753289309355
0.907306843055
0.484378146818
0.753857079051
0.918975820568
0.484496251867
0.754969976705
0.918975820568
0.484811278205
0.755557929014
0.931635357269
0.485658077892
0.75604223523
0.931635357269
0.485658077892
0.75604223523
0.820426302775
0.485758075896
0.756366136574
0.820426302775
0.486164684098
0.756181104459
0.93051794003
0.486295844678
0.757098692991
0.932974228509
0.487475626332
0.757573716295
1.0
0.487307404416
0.760213297116
0.984649541511
0.486851340203
0.761488998071
0.984649541511
0.48679578268
0.761604760488
0.980210824551
0.488976208706
0.764660442072
0.980210824551
0.48926454494
0.763118381471
0.980210824551
0.48926454494
0.763118381471
0.911613419364
0.49256247444
0.766939554852
0.858834175988
0.492507893026
0.767671308317
0.858834175988
0.492482144813
0.768727662616
0.941894816285
0.492830458964
0.769475406457
0.942400865622
0.494592509971
0.769942749242
0.942400865622
0.494358801878
0.77091788883
0.960271878533
0.496316007035
0.772703514078
0.960271878533
0.496316007035
0.772703514078
0.960271878533
0.496483144686
0.776925465996
0.668113248128
0.478909114486
0.771408239179
0.668113248128
0.478909114486
0.771408239179
0.656777841177
0.479248732434
0.772159831543
0.620469627276
0.487400145948
0.77267354851
0.620469627276
0.487400145948
0.77267354851
0.620469627276
0.487175376476
0.773428552624
0.620469627276
0.487175376476
0.773428552624
0.620469627276
0.487175376476
0.773428552624
0.620469627276
0.487175376476
0.773428552624
0.620469627276
0.487175376476
0.773428552624
0.620469627276
0.492668358539
0.801984873971
0.635335268669
0.494989529541
0.793046770175
0.634332887877
0.495489325623
0.794130290585
0.634332887877
0.495489325623
0.794130290585
0.703279971354
0.498390833514
0.785624017674
0.676817718183
0.498907292803
0.786543055945
0.654520139441
0.499425574861
0.787466777476
0.648821458284
0.499945676448
0.788395176646
0.648821458284
0.499945676448
0.788395176646
0.678240554172
0.509903949817
0.777063946033
0.779355924437
0.509842984887
0.777749925667
0.699877568408
0.510488830259
0.778507236528
0.699877568408
0.510488830259
0.778507236528
0.71962629128
0.511137014177
0.779268345385
0.713143934408
0.511787532576
0.780033247487
0.73819586689
0.512440381341
0.780801938035
0.701151965484
0.513095556312
0.781574412183
0.701151965484
0.513095556312
0.781574412183
0.615229533123
0.513753053279
0.782350665037
0.61829124243
0.514869125359
0.768077905904
0.749647829315
0.515500355483
0.769910446055
0.634106653923
0.500172008327
0.79864026787
0.634106653923
0.500172008327
0.79864026787
0.643940294385
0.500644872541
0.79836867498
0.6889073753
0.501085529973
0.799345134379
0.6889073753
0.501085529973
0.799345134379
0.677022675459
0.501527480026
0.800326192193
0.713367658214
0.501970720075
0.801311842715
0.691560579977
0.502415247462
0.802302080171
0.691560579977
0.502415247462
0.802302080171
0.675739277103
0.502861059498
0.803296898726
0.647661560247
0.50330815346
0.804296292481
0.620770390028
0.503756526595
0.805300255472
0.627595412834
0.512681423323
0.807082861656
0.627595412834
0.512681423323
0.807082861656
0.612795339798
0.512542471531
0.808040771042
0.666298366451
0.513105719376
0.809066950712
0.6503733395
0.513670695718
0.810097661332
0.606782105812
0.515375951774
0.813216905883
0.606782105812
0.515375951774
0.813216905883
0.714378541012
0.516933985817
0.801389289132
0.718429387035
0.517516175847
0.802250758074
0.718711489891
0.51810013294
0.803115888041
0.787028644764
0.518685853254
0.803984673758
0.787028644764
0.518685853254
0.803984673758
0.734534125261
0.519273332903
0.804857109902
0.791464588515
0.519862567963
0.805733191096
0.791464588515
0.519862567963
0.805733191096
0.759778033042
0.520453554466
0.806612911914
0.679401998069
0.521046288403
0.807496266877
0.700393061089
0.521640765724
0.808383250455
0.700393061089
0.521640765724
0.808383250455
0.673380564873
0.522236982336
0.809273857063
0.673380564873
0.522236982336
0.809273857063
0.663405574147
0.523042292986
0.757707711079
0.620955811186
0.52353816606
0.758294282212
0.678152760045
0.524034999151
0.758882626067
0.641474307552
0.524532785453
0.759472736134
0.630639321268
0.525031518146
0.760064605888
0.619792001793
0.5255311904
0.760658228794
0.603697513948
0.526533326202
0.761850707858
0.628165047461
0.545881289348
0.763978953585
0.628165047461
0.545881289348
0.763978953585
0.613497150474
0.546613986349
0.764572856113
0.629088045541
0.547347955821
0.765168069197
0.628276172975
0.550130128436
0.767498765992
0.628276172975
0.550130128436
0.767498765992
0.989538895198
0.56416520038
0.728842287933
0.663987965642
0.55116734312
0.766903496074
0.663987965642
0.551135783061
0.76790860617
0.663987965642
0.551135783061
0.76790860617
0.663987965642
0.55171741876
0.76715167512
0.663987965642
0.551745721505
0.766415190574
0.663987965642
0.552121676469
0.764773911123
0.663987965642
0.551894728612
0.764290478167
0.663987965642
0.552096621339
0.766858711489
0.663987965642
0.552111422428
0.76725771982
0.663987965642
0.552321908499
0.766466280592
0.663987965642
0.552229764836
0.76736395128
0.6061810501
0.552913087921
0.767865297654
0.6061810501
0.552913087921
0.767865297654
0.6061810501
0.552782849996
0.768032721233
0.611216243922
0.553466977713
0.768534740285
0.611216243922
0.553634915386
0.770206343807
0.646840056144
0.554320835196
0.770708705504
0.646840056144
0.554543627334
0.769524119185
0.662302161853
0.555230781379
0.770028156237
0.662302161853
0.555351570853
0.769341360106
0.646883931118
0.55603984408
0.769846727595
0.646883931118
0.55603984408
0.769846727595
0.646883931118
0.556252640422
0.769482533451
0.614222961126
0.557632942031
0.770496710367
0.614222961126
0.557497084314
0.771604378742
0.614222961126
0.557984045052
0.770053205382
0.638950468004
0.553206738876
0.768745952802
0.638950468004
0.552615238551
0.770495867835
0.638950468004
0.552954673657
0.771301320107
0.638950468004
0.552954673657
0.771301320107
0.645711311757
0.554089985835
0.771978217481
0.645711311757
0.553925677264
0.772346868914
0.640141980077
0.554548422308
0.77283132985
0.640141980077
0.554777846474
0.771506066458
0.628610389637
0.55602620011
0.772479116912
0.628610389637
0.556042680059
0.773430866967
0.628610389637
0.556066267867
0.773588415504
0.628877828748
0.556691997041
0.774075783706
0.628877828748
0.556691038784
0.774289784626
0.628877828748
0.556691038784
0.774289784626
0.623760014523
0.557317627775
0.774777889504
0.623760014523
0.557413403515
0.775482540318
0.612937476874
0.558669664398
0.776460837422
0.612937476874
0.558804396677
0.776450761959
0.612937476874
0.558452208257
0.777852986419
0.634177963105
0.559081400531
0.77834251886
0.634177963105
0.559576247254
0.777288845198
0.634177963105
0.559576247254
0.777288845198
0.622852569296
0.560206955688
0.777780183539
0.622852569296
0.560456935963
0.777130631547
0.673877981788
0.561088763936
0.77762332597
0.673877981788
0.561689953745
0.777098809189
0.674548577113
0.56232358842
0.777593199228
0.674548577113
0.562212026992
0.778940656216
0.643418358189
0.56284648174
0.77943512731
0.643418358189
0.562476091423
0.778362647772
0.607766647715
0.563110371194
0.778857949104
0.607766647715
0.563110371194
0.778857949104
0.607766647715
0.563426765267
0.777023803178
0.617524104032
0.564062015866
0.777521036101
0.617524104032
0.564417373522
0.776678612094
0.617524104032
0.564417373522
0.776678612094
0.617524104032
0.564417373522
0.776678612094
0.614380080881
0.570585881101
0.781348034939
0.614380080881
0.570596322398
0.781369847286
0.614380080881
0.570322947318
0.784114088486
0.614380080881
0.57059633681
0.785230525801
0.614380080881
0.570503219871
0.783891748576
0.614380080881
0.570720542985
0.784325125955
0.614380080881
0.570439793803
0.786260485404
0.614380080881
0.570426065005
0.788272123972
0.614380080881
0.57033323255
0.789052110046
0.614380080881
0.57033323255
0.789052110046
0.614380080881
0.570447754814
0.788106009672
0.723753850269
0.567431481433
0.794921620549
0.723753850269
0.567685196784
0.795028895332
0.723753850269
0.567603259146
0.796657605845
0.723753850269
0.567666567947
0.798264908189
0.723753850269
0.567751496421
0.799943642215
0.723753850269
0.567827839255
0.801057500137
0.723753850269
0.567827839255
0.801057500137
0.621298251842
0.568403142854
0.801625486202
0.621298251842
0.568312307545
0.803650170117
0.604315188356
0.576250414898
0.814392494284
0.604315188356
0.576545417189
0.813471566111
0.604315188356
0.576482853672
0.816622300267
0.604315188356
0.576731280523
0.817303421109
0.604315188356
0.57677153316
0.818638422746
0.604315188356
0.57677153316
0.818638422746
0.99
0.583481814623
0.804146696378
0.99
0.583840472847
0.805526837742
1.0
0.585073722496
0.808462275734
1.0
0.585402539091
0.809473687375
1.0
0.585074452633
0.810473324595
1.0
0.584969386995
0.814506867074
1.0
0.586957778073
0.819196021474
1.0
0.5870346551
0.820451278974
1.0
0.5870346551
0.820451278974
1.0
0.586715024818
0.821749238292
1.0
0.586807229998
0.823251237967
1.0
0.58716730889
0.825522856516
1.0
0.587026686061
0.826167280756
1.0
0.587870909406
0.828659591515
1.0
0.587902370293
0.831648999931
1.0
0.588202460157
0.83322701552
1.0
0.588601289571
0.83354446911
1.0
0.588601289571
0.83354446911
1.0
0.59009653677
0.835311980633
1.0
0.590350271995
0.83724601459
1.0
0.590088059555
0.838084657539
1.0
0.590276329091
0.839292679613
1.0
0.590933699215
0.840673756994
1.0
0.5909176
0.842395368192
1.0
0.59161869994
0.845256547497
1.0
0.592157049199
0.845862034244
1.0
0.592157049199
0.845862034244
1.0
0.593023497588
0.849388855874
1.0
0.593211853364
0.851120313377
1.0
0.59342895044
0.853085284408
1.0
0.593615134172
0.854881788155
1.0
0.594191915912
0.857613011484
1.0
0.594508519341
0.859157453234
1.0
0.595713922254
0.861087349769
1.0
0.595629646705
0.862954632483
1.0
0.595629646705
0.862954632483
1.0
0.595657273568
0.866556389357
1.0
0.59572118346
0.869111269684
1.0
0.601165814063
0.874244827373
1.0
0.601634706394
0.876374872473
0.99
0.619118747935
0.901544355742
0.99
0.62009635369
0.907494527486
0.928995871345
0.620393521736
0.912192025145
0.928995871345
0.62170677579
0.916950353631
0.928995871345
0.62170677579
0.916950353631
0.971801099736
0.622975585147
0.922610589946
0.971801099736
0.622570644593
0.926378968842
1.0
0.623757611837
0.929001736499
1.0
0.62385238665
0.929800545781
1.0
0.62463956686
0.932410042196
1.0
0.624862566123
0.933168173889
1.0
0.625842921291
0.934365485557
1.0
0.625300377845
0.933710515861
1.0
0.625300377845
0.933710515861
1.0
0.625342048947
0.935123242187
0.994045887013
0.625429398035
0.936406124173
0.994045887013
0.625512580028
0.936560774537
1.0
0.625286584111
0.937840715276
1.0
0.625554729659
0.939534668155
1.0
0.625602205616
0.940931153934
1.0
0.625403828264
0.94243829744
1.0
0.626046677051
0.943862997745
1.0
0.626046677051
0.943862997745
1.0
0.626202376425
0.945413055623
1.0
0.625880932639
0.946798350171
1.0
0.62602337656
0.947562500307
1.0
0.626767463942
0.949512990341
1.0
0.627054347057
0.950046045793
1.0
0.626209452278
0.950891957244
1.0
0.626682172434
0.950837770248
1.0
0.626659385617
0.951712505984
1.0
0.626659385617
0.951712505984
1.0
0.626669866254
0.951750669956
1.0
0.626481881803
0.951821931331
1.0
0.626442474007
0.952276697031
1.0
0.626321911086
0.951964763796
1.0
0.626044762627
0.952578239273
1.0
0.624982481565
0.951962709829
1.0
0.625271237767
0.951908720553
1.0
0.625782356585
0.952722847072
1.0
0.625782356585
0.952722847072
1.0
0.626157171582
0.95149808402
1.0
0.62518011118
0.950909231793
1.0
0.624914223321
0.952012795442
1.0
0.624342654676
0.951596420828
1.0
0.624695364335
0.950440110649
1.0
0.624003803604
0.950164061081
1.0
0.624003803604
0.950164061081
1.0
0.624167909181
0.949206825912
1.0
0.62315364756
0.947891015788
1.0
0.622790314607
0.949262199802
1.0
0.62358322589
0.950390360974
1.0
0.623588900923
0.949694399235
1.0
0.622383627984
0.948243024116
1.0
0.622860559349
0.94627805593
1.0
0.622696708091
0.946360110244
1.0
0.62301923231
0.944347027643
1.0
0.621650212198
0.942393684704
1.0
0.621650212198
0.942393684704
1.0
0.621376849882
0.943483825261
1.0
0.62049333788
0.94241741962
1.0
0.620483164051
0.941427570657
1.0
0.620458968147
0.940712741846
1.0
0.620745974281
0.939178645046
1.0
0.619392578906
0.938095646791
1.0
0.619540601313
0.937211500492
1.0
0.619540601313
0.937211500492
1.0
0.620180060322
0.937487632931
1.0
0.620218706592
0.93587985084
1.0
0.619644021135
0.934266687541
1.0
0.619747956365
0.933873008537
1.0
0.618596758444
0.932030333522
1.0
0.618900300721
0.931412781803
1.0
0.619227826808
0.931906776581
1.0
0.619227826808
0.931906776581
1.0
0.619468299742
0.930737751225
1.0
0.61919001154
0.928728215118
1.0
0.619332285841
0.927415920567
1.0
0.61903854026
0.927630787381
1.0
0.619374463443
0.926215377306
1.0
0.619378382975
0.925456175426
1.0
0.619086120308
0.926340640308
1.0
0.618829420466
0.924961732122
1.0
0.619259158065
0.923651422788
1.0
0.619583210473
0.924102199781
1.0
0.619583210473
0.924102199781
1.0
0.619681116369
0.923189156023
1.0
0.619771935061
0.921361942489
1.0
0.620068011965
0.919932682608
1.0
0.619901751705
0.918789170505
1.0
0.619920373336
0.918048173051
1.0
0.619327833084
0.916388605884
1.0
0.619940166055
0.91516431153
1.0
0.619940166055
0.91516431153
1.0
0.619219908812
0.913556918651
1.0
0.618846166504
0.913257606899
1.0
0.618817132571
0.912847084397
1.0
0.619014115862
0.911336734342
1.0
0.618890616329
0.910497311537
1.0
0.618950227688
0.910321532772
1.0
0.618659813991
0.909427514558
1.0
0.618659813991
0.909427514558
1.0
0.618719363389
0.908052151291
1.0
0.618878032271
0.907424745456
1.0
0.618775575448
0.908207152004
1.0
0.619158364125
0.907484540825
1.0
0.61928148619
0.906236919558
1.0
0.619089152436
0.905413834717
1.0
0.619269521109
0.904894124987
1.0
0.619377322871
0.904040869408
1.0
0.619929896313
0.902321792359
1.0
0.620518747122
0.901231570832
1.0
0.620518747122
0.901231570832
1.0
0.620584737421
0.90056344986
1.0
0.620954179585
0.899442261133
1.0
0.621451027357
0.898012978118
1.0
0.621556110349
0.896776125961
1.0
0.621556692641
0.896219305573
1.0
0.622368229167
0.896059607728
1.0
0.622475636632
0.894996518245
1.0
0.62226443694
0.893010100728
1.0
0.62226443694
0.893010100728
1.0
0.62253205678
0.891762121105
1.0
0.622003295436
0.891681117467
1.0
0.621980680858
0.890850262704
1.0
0.622107187771
0.889289351347
1.0
0.622062057341
0.889058418166
1.0
0.621412272654
0.886944702626
1.0
0.621441500563
0.885998023452
1.0
0.621522312501
0.886740484338
1.0
0.621522312501
0.886740484338
1.0
0.621433593433
0.884463077714
1.0
0.620711359459
0.883199211813
1.0
0.620876665256
0.88167341873
1.0
0.613504696916
0.876990903981
1.0
0.612145423259
0.875432428806
0.99
0.597844388219
0.857442907021
