1.0
0.588842463155
0.279257893974
1.0
0.588923064377
0.279822822858
1.0
0.588899191081
0.280035443237
1.0
0.588957320877
0.281184838169
1.0
0.588633489778
0.281569507095
1.0
0.588191987765
0.280545192118
1.0
0.587904092971
0.280884092155
1.0
0.58783413247
0.28040482242
1.0
0.587768037806
0.280697986687
1.0
0.587768037806
0.280697986687
1.0
0.587700717628
0.280543235831
1.0
0.587225358473
0.281143190149
1.0
0.587104276518
0.280665318176
1.0
0.586982296982
0.280631727447
1.0
0.586469826463
0.279882639406
1.0
0.586196523824
0.280347557649
1.0
0.586449654602
0.280806086534
1.0
0.586449654602
0.280806086534
1.0
0.586263313923
0.281110566606
1.0
0.588242420727
0.285264423931
1.0
0.588147316625
0.285316216062
1.0
0.592286154304
0.292281578278
1.0
0.592101570823
0.292360714927
1.0
0.603673812082
0.315757180467
1.0
0.603687420308
0.31583792177
1.0
0.604047425224
0.316869807358
1.0
0.606911214911
0.323051538951
1.0
0.606911214911
0.323051538951
1.0
0.608952128546
0.325796876299
1.0
0.610503736695
0.330240742579
0.933343581253
0.61095422697
0.333238202149
0.933343581253
0.610416245303
0.332654150247
0.99
0.618217509992
0.338722349858
0.99
0.617736949633
0.338308941684
1.0
0.619992867789
0.341205055088
1.0
0.619853636961
0.340774136113
1.0
0.619853636961
0.340774136113
1.0
0.62130687009
0.342357723757
1.0
0.620733378001
0.341514720992
1.0
0.620855831405
0.342210187959
1.0
0.620621570365
0.341601604587
1.0
0.62015914726
0.342103088434
1.0
0.619506063271
0.340976338912
1.0
0.619048279309
0.341202832152
1.0
0.619048279309
0.341202832152
1.0
0.618727458981
0.341754893795
1.0
0.618111622613
0.341738578139
1.0
0.617484909049
0.340411114174
1.0
0.616841572735
0.34083586757
1.0
0.615967885521
0.339620257627
1.0
0.615410418567
0.340098109486
1.0
0.615134162336
0.34002973904
1.0
0.614716079045
0.340392186226
1.0
0.61468544965
0.341674307447
1.0
0.61468544965
0.341674307447
1.0
0.614239049846
0.342509427473
1.0
0.613837148875
0.342790926469
1.0
0.61350742808
0.343382709056
1.0
0.61302337706
0.343397993605
1.0
0.612662691576
0.344002566651
1.0
0.61226074618
0.344156539014
1.0
0.611563983666
0.345273441265
1.0
0.611020318554
0.34614020113
1.0
0.611020318554
0.34614020113
1.0
0.610376383289
0.346935572483
1.0
0.609812476007
0.346638580669
1.0
0.609554670089
0.347465062357
1.0
0.609522551446
0.348102690785
1.0
0.609034044127
0.348612498983
1.0
0.608303740093
0.349038534387
1.0
0.607868964084
0.35023066654
1.0
0.60744649651
0.350721150051
1.0
0.60744649651
0.350721150051
1.0
0.606883370791
0.351969226003
1.0
0.605679733638
0.350525106378
1.0
0.605487066857
0.351131501812
1.0
0.599485070839
0.341915784631
1.0
0.599176307512
0.342693559818
0.99
0.585320601401
0.323652077532
0.99
0.584863246526
0.324588577129
0.99
0.571726620154
0.308958056375
0.99
0.571726620154
0.308958056375
0.99
0.571251481738
0.308912091931
1.0
0.568157710583
0.306009906927
1.0
0.564628361449
0.307222962362
1.0
0.561572106336
0.305976439092
0.99
0.549372554082
0.310001847457
0.99
0.548324512331
0.309030604671
