1.0
0.559070254409
0.456254374506
1.0
0.558045057135
0.455164996124
0.882166781193
0.559463227795
0.449525420577
0.882166781193
0.559588849295
0.449845966606
0.907222112153
0.559948088665
0.445935704002
0.907222112153
0.559315811415
0.445317672967
0.960597688102
0.559975764565
0.443235088818
0.960597688102
0.559975764565
0.443235088818
0.960597688102
0.559519081508
0.442875667673
0.960573225647
0.559482449528
0.442537459661
0.960573225647
0.55916228583
0.442230299183
0.969942548519
0.560520227965
0.440683649406
0.969942548519
0.560546717631
0.440714396496
1.0
0.561424884494
0.439631033643
1.0
0.561203621904
0.43937097352
1.0
0.563647430482
0.43677178704
1.0
0.563503656207
0.436805709339
1.0
0.563503656207
0.436805709339
1.0
0.564232992637
0.436390032038
1.0
0.563676586414
0.436560622871
1.0
0.563980704882
0.43636295927
1.0
0.563908353249
0.436458729665
1.0
0.564042695967
0.436750232434
1.0
0.563900643541
0.436804574979
1.0
0.564310605011
0.436395514481
1.0
0.56413419264
0.436245243052
1.0
0.56413419264
0.436245243052
1.0
0.564202152081
0.436353209185
1.0
0.563912390609
0.43607325246
1.0
0.564104266516
0.435929283809
1.0
0.563987570071
0.435551559598
1.0
0.564031831117
0.435597371545
1.0
0.563849629439
0.436372854891
1.0
0.56423674311
0.436945401982
1.0
0.563851436611
0.436723270106
1.0
0.563851436611
0.436723270106
1.0
0.56383342332
0.436536510858
1.0
0.563697752694
0.43552620435
1.0
0.563946164632
0.436049621837
1.0
0.563855474683
0.436454289856
1.0
0.563813438899
0.436155655127
1.0
0.563869768442
0.436150116564
1.0
0.56393509282
0.43582862069
1.0
0.564082056079
0.435893443506
1.0
0.564082056079
0.435893443506
1.0
0.564113647545
0.436337827863
1.0
0.564137347942
0.436549614879
1.0
0.564257737076
0.436445337649
1.0
0.564453443038
0.436496447526
1.0
0.564576654554
0.436493290509
1.0
0.564464852015
0.436699482753
1.0
0.564548113182
0.436764164472
1.0
0.564548113182
0.436764164472
1.0
0.564742040546
0.436360863796
1.0
0.564637303186
0.436661274913
1.0
0.56441495173
0.436709610636
1.0
0.564254809023
0.436678856317
1.0
0.56431919387
0.436568094593
1.0
0.564627192247
0.436465731132
1.0
0.564862589339
0.436801790905
1.0
0.564782759265
0.437002505022
1.0
0.56451401199
0.436705075234
1.0
0.56451401199
0.436705075234
1.0
0.564542754037
0.436729849292
1.0
0.564898040082
0.436849036477
1.0
0.564821948753
0.437034632188
1.0
0.564766849795
0.43705886655
1.0
0.564704467338
0.437211625638
1.0
0.564594343273
0.437249755668
1.0
0.564627564128
0.437047603454
1.0
0.564627564128
0.437047603454
1.0
0.565143187152
0.437406931161
1.0
0.565250215648
0.43726278988
1.0
0.564990495784
0.437159386402
1.0
0.565109794532
0.437473744586
1.0
0.56559316385
0.437833562043
1.0
0.565478758183
0.437855994944
1.0
0.56516701966
0.437535820018
1.0
0.56544184269
0.436881052634
1.0
0.565374030465
0.437262731078
1.0
0.565374030465
0.437262731078
1.0
0.565134783641
0.437563842985
1.0
0.565121546685
0.437888367523
1.0
0.565089305059
0.438082823673
1.0
0.564961800503
0.43735894596
1.0
0.565156524595
0.43761460551
1.0
0.565111135978
0.437999938022
1.0
0.564894987636
0.437993730291
1.0
0.565152738982
0.437634918026
1.0
0.565152738982
0.437634918026
1.0
0.565121445198
0.437684906945
1.0
0.563550023636
0.436041109655
1.0
0.56366936891
0.436169193208
1.0
0.556434173112
0.428490354807
1.0
0.556351859817
0.428448764236
0.99
0.544382482939
0.416294206353
0.99
0.544425960538
0.416244485676
1.0
0.536470379151
0.408773250645
1.0
0.536470379151
0.408773250645
1.0
0.53630647108
0.408926392392
1.0
0.528671208393
0.402305079792
1.0
0.525008111152
0.405357446701
1.0
0.52345523619
0.403626180412
0.99
0.515135041543
0.412562247154
0.99
0.515561843415
0.412000979171
0.99
0.508688454658
0.419228012547
0.99
0.50804309025
0.419375808274
0.99
0.50804309025
0.419375808274
1.0
0.504028965295
0.423657349924
1.0
0.504228609444
0.422941974463
1.0
0.503905852069
0.423752338279
1.0
0.503986380118
0.424589514474
1.0
0.505103362887
0.423363132568
1.0
0.505384750684
0.423072963331
1.0
0.505215162243
0.423326580782
1.0
0.50533238217
0.423741513655
1.0
0.50533238217
0.423741513655
1.0
0.50526876509
0.423824219134
1.0
0.504746700455
0.422838374985
1.0
0.504522769719
0.422868678076
1.0
0.504758219953
0.42322171899
1.0
0.504820142016
0.423024599392
1.0
0.505207346133
0.423744847964
1.0
0.505157526789
0.423850907331
1.0
0.505481753687
0.423335407398
1.0
0.505481753687
0.423335407398
1.0
0.505460556602
0.423585555043
1.0
0.504598086307
0.422944408761
1.0
0.504562131913
0.423053550304
1.0
0.504594568414
0.423230949998
1.0
0.504482893054
0.423525446802
1.0
0.504567823858
0.424322876658
1.0
0.504567823858
0.424322876658
1.0
0.504540278378
0.424759676438
1.0
0.504810405822
0.425032242628
1.0
0.504765762047
0.424539132846
1.0
0.504810432978
0.424456790595
1.0
0.504820044469
0.424481158283
1.0
0.506240012818
0.425027855573
1.0
0.506204236509
0.425457564676
1.0
0.514105002788
0.434975646992
1.0
0.514012677184
0.435156208215
1.0
0.514012677184
0.435156208215
0.99
0.531053169491
0.457933867448
0.99
0.531053264976
0.457957112481
0.99
0.544305663761
0.476718686392
0.99
0.544572215886
0.476666123466
0.997863737244
0.549859711851
0.484312046098
0.997863737244
0.551812364896
0.484341972387
0.99
0.562466090396
0.497880303255
0.99
0.569039770084
0.498824282232
0.99
0.569216495247
0.501384585909
0.99
0.569216495247
0.501384585909
0.99
0.576228759107
0.500447553545
0.99
0.575058052643
0.497713977062
0.935554709734
0.577766814212
0.496806744102
0.935554709734
0.577668150156
0.496441525918
0.904097613815
0.581553609015
0.493918091566
0.904097613815
0.582101028676
0.493621761646
0.937254505797
0.584617560976
0.491874921667
0.937254505797
0.584459827454
0.492386142098
0.937254505797
0.584459827454
0.492386142098
0.905054107345
0.584514900379
0.49278636021
0.905054107345
0.584684138743
0.492656838515
0.949044908257
0.585747694575
0.490522248168
0.949044908257
0.58580054222
0.490336963606
0.98480380647
0.585624529873
0.489955676295
0.98480380647
0.585465378066
0.490120784579
1.0
0.585502342359
0.490755249245
1.0
0.585310638237
0.490474177989
1.0
0.585310638237
0.490474177989
0.952517775939
0.586622140227
0.48999310789
0.952517775939
0.586515263286
0.489953840608
1.0
0.586233197236
0.490062968051
1.0
0.586547768734
0.490004452871
0.969293975202
0.586649478907
0.489983174086
0.969293975202
0.586295532782
0.489541681851
0.954114058133
0.585778513041
0.489779590876
0.954114058133
0.585778513041
0.489779590876
0.954114058133
0.585958035414
0.490642486647
0.934558536753
0.58522621167
0.49097381096
0.934558536753
0.585307235474
0.490343333159
0.933630245371
0.585720484247
0.489454969766
0.933630245371
0.585845441321
0.489980545183
0.940251963864
0.585917302002
0.489980034961
0.940251963864
0.585650530639
0.489917139836
0.990246105998
0.586000230936
0.488468649792
0.990246105998
0.586154789559
0.488168266367
0.990246105998
0.586154789559
0.488168266367
0.904793883858
0.586107455762
0.486711141
0.904793883858
0.585858340895
0.486917637404
0.935326005265
0.585870567084
0.486384178605
0.935326005265
0.585763600584
0.485558651156
0.889986624259
0.585724481397
0.485487375266
0.889986624259
0.586109821868
0.486886562509
0.894084078444
0.58627447509
0.485889581915
0.894084078444
0.585998249972
0.485489950556
0.894084078444
0.585998249972
0.485489950556
0.908529361798
0.585896363688
0.486981662743
0.908529361798
0.5817605524
0.48077539454
0.955210278197
0.581802003273
0.480610002276
0.955210278197
0.565592161183
0.45435508068
0.99
0.565449953951
0.455631919234
0.99
0.546255408976
0.427228951903
0.956750044695
0.546292825557
0.427500544405
0.956750044695
0.527844235862
0.403298053321
0.956750044695
0.527844235862
0.403298053321
0.91748297205
0.52732402734
0.403464897865
0.91748297205
0.508067465521
0.378258929566
0.99
0.5073311201
0.376224204736
0.99
0.490394910427
0.354799607775
0.99
0.477068657188
0.357069414704
0.99
0.464167348157
0.340822270992
0.99
0.464167348157
0.340822270992
0.99
0.454017441422
0.345308221799
0.99
0.447263636642
0.338206174682
0.99
0.439517962631
0.342332387435
0.99
0.436483054555
0.338133758106
0.99
0.428471169515
0.343097699661
0.99
0.428750533679
0.344093123433
0.99
0.422561368902
0.347515432693
0.99
0.422638450091
0.347815278691
0.99
0.418210971673
0.350230220857
0.99
0.418994296767
0.350860680008
0.99
0.418994296767
0.350860680008
1.0
0.417770522429
0.351747676108
1.0
0.417879825325
0.351803103488
1.0
0.418200181428
0.351800795514
1.0
0.418092652964
0.352213205913
1.0
0.417722796571
0.352488901261
1.0
0.417668866165
0.352299167338
1.0
0.417556314578
0.352544205817
1.0
0.417556314578
0.352544205817
1.0
0.417684945964
0.352412357102
1.0
0.417658601953
0.352908491075
1.0
0.417487121003
0.353435964328
1.0
0.417255029727
0.354337855469
1.0
0.417486696215
0.354388370652
1.0
0.417479782789
0.354649992432
1.0
0.417568933265
0.35479247383
1.0
0.417602258878
0.354705520997
1.0
0.417359086175
0.354678992843
1.0
0.417359086175
0.354678992843
1.0
0.41736785361
0.354870804015
1.0
0.417453886934
0.35468759674
1.0
0.41736084015
0.355499428304
1.0
0.417734846003
0.35620894699
1.0
0.417564817896
0.35645799888
1.0
0.417178198477
0.35652459572
1.0
0.417115753196
0.356824468839
