1.0
0.530229494745
0.569708959126
1.0
0.530379820487
0.57053387808
1.0
0.530379820487
0.57053387808
1.0
0.530247331421
0.571589596207
1.0
0.52998973735
0.572041284827
1.0
0.530201484346
0.573117967037
1.0
0.530426771
0.574627225977
1.0
0.53039813011
0.575370651035
1.0
0.530342774962
0.576086127218
1.0
0.530407473531
0.576570330623
1.0
0.530484846042
0.579171546161
1.0
0.530238753024
0.580465274887
1.0
0.530767985296
0.580663202506
1.0
0.530767985296
0.580663202506
1.0
0.53075867999
0.581710882213
1.0
0.530735062023
0.582031431185
1.0
0.530635280139
0.583303188299
1.0
0.530939756211
0.584379289574
1.0
0.530914889689
0.586505465568
1.0
0.531215045186
0.588416923091
1.0
0.530886512328
0.589890916861
1.0
0.530886512328
0.589890916861
1.0
0.531428836309
0.590311222056
1.0
0.531585774929
0.59164590366
0.965162993333
0.532319449325
0.594709432998
0.965162993333
0.532361164278
0.595591698325
1.0
0.53211902559
0.596685194025
1.0
0.531686405305
0.599346890035
1.0
0.532653494725
0.601391347352
1.0
0.532506855381
0.603541268015
1.0
0.532506855381
0.603541268015
0.989630199094
0.53309509762
0.605099311545
0.989630199094
0.533016011694
0.607665316324
1.0
0.533418831904
0.608810207413
1.0
0.533003134178
0.610558782891
1.0
0.533399864917
0.613643381423
1.0
0.532999950676
0.616970023414
1.0
0.53429207571
0.619582932875
1.0
0.534337462814
0.621563282874
1.0
0.535115247342
0.6247642494
1.0
0.535115247342
0.6247642494
1.0
0.534610211139
0.627041161918
1.0
0.535769054546
0.630026015418
1.0
0.535451231474
0.63294453313
1.0
0.536025804173
0.633496645578
1.0
0.535577894823
0.635628631902
0.983777297032
0.535397154234
0.636076542257
0.983777297032
0.534832307805
0.640396108948
0.983777297032
0.534832307805
0.640396108948
1.0
0.534410057264
0.641529786404
1.0
0.534022717488
0.643820305407
0.990764883077
0.535298076363
0.64861529914
0.990764883077
0.534600914662
0.652078206874
0.90941053171
0.535057390754
0.652808035651
0.90941053171
0.534606487817
0.655249551551
0.93465579148
0.534619891189
0.656397003731
0.93465579148
0.534258604319
0.658150214702
0.93465579148
0.534258604319
0.658150214702
0.929680351124
0.534613910402
0.661262445522
0.929680351124
0.534176229623
0.665684122732
0.932849226858
0.534485191666
0.66863890156
0.932849226858
0.534112635649
0.671123812112
0.905274835267
0.533621323038
0.673225404132
0.905274835267
0.532849512971
0.673845870461
0.887991526456
0.532868283516
0.674297581647
0.887991526456
0.532394765781
0.676198848244
0.887991526456
0.532394765781
0.676198848244
0.842368408598
0.531620026512
0.678551878553
0.842368408598
0.531531579859
0.680733287556
0.839423263382
0.531473761676
0.682147325568
0.839423263382
0.531103635192
0.683117972154
0.90390407736
0.531544837374
0.687817281992
0.90390407736
0.530826410786
0.691405237685
0.872815804417
0.530779302637
0.694570675143
0.872815804417
0.530603849254
0.696811614117
0.872815804417
0.530603849254
0.696811614117
0.872815804417
0.530603849254
0.696811614117
1.0
0.530373974145
0.703870636519
1.0
0.528132992341
0.706683575092
1.0
0.526562826341
0.711511678583
1.0
0.524635002956
0.712819495437
1.0
0.524635002956
0.712819495437
1.0
0.523392218136
0.714269055071
1.0
0.522243742156
0.717914227498
1.0
0.521273554971
0.720099076266
1.0
0.51982636849
0.722195000679
1.0
0.51982636849
0.722195000679
1.0
0.518537071773
0.718191333031
1.0
0.5222128113
0.716159711457
1.0
0.529758200867
0.720610131223
1.0
0.535158869662
0.71333726842
1.0
0.535158869662
0.71333726842
1.0
0.534477910573
0.709919235129
1.0
0.533816297347
0.709847733797
1.0
0.532714096649
0.715577193429
1.0
0.532232943143
0.716054488643
1.0
0.532232943143
0.716054488643
1.0
0.532379920521
0.713812386783
1.0
0.531777900227
0.714808122957
0.971491660478
0.528041226842
0.694020517358
0.971491660478
0.527931530159
0.693279987846
0.859056901524
0.528008064606
0.693003824163
0.971491660478
0.528097884621
0.691772510511
0.971491660478
0.527754208574
0.692473358437
0.971491660478
0.527754208574
0.692473358437
0.971491660478
0.527631360248
0.692203946806
0.971491660478
0.527756417237
0.690965468949
1.0
0.527681851578
0.69060829599
1.0
0.527778848313
0.689451931165
1.0
0.527453084426
0.689452488057
1.0
0.527305563092
0.689906240362
0.90984708921
0.526595410764
0.689385781648
0.90984708921
0.526620072915
0.688704272815
0.90984708921
0.526620072915
0.688704272815
0.951903755896
0.526626466147
0.688379302715
0.951903755896
0.527043504511
0.688562501476
0.978078374822
0.527335924605
0.689623456445
0.978078374822
0.527022134655
0.688928773282
0.969717749566
0.526859197375
0.688910488677
0.946207160816
0.526678932088
0.688856789023
0.946207160816
0.526062736888
0.688500508418
0.985657761602
0.526011050041
0.688617849077
0.985657761602
0.526011050041
0.688617849077
1.0
0.524586831516
0.685209665405
1.0
0.524850278622
0.684430300748
1.0
0.523001737749
0.682187701668
1.0
0.522938051671
0.682412369905
1.0
0.522491601638
0.680579741782
1.0
0.522379150772
0.680104012864
1.0
0.521652507701
0.67980574686
1.0
0.52184630924
0.678901301561
1.0
0.52184630924
0.678901301561
1.0
0.521207498198
0.678449281207
1.0
0.521218821541
0.677387774929
1.0
0.519862004492
0.675599799962
1.0
0.520074560905
0.67492858745
1.0
0.519680743017
0.674586135368
1.0
0.519610437109
0.674384083509
1.0
0.518594242134
0.673810077779
1.0
0.518723835925
0.673372112129
1.0
0.518723835925
0.673372112129
1.0
0.517721586142
0.671615511109
1.0
0.517759452379
0.670402381211
1.0
0.516727689563
0.669945316319
1.0
0.51674848448
0.668574822017
1.0
0.51589738113
0.66671362046
1.0
0.515980917292
0.66547726461
1.0
0.515304528737
0.664135012959
1.0
0.515304528737
0.664135012959
1.0
0.515327214852
0.663296616373
1.0
0.513890927235
0.662551068549
1.0
0.514104115056
0.661603966202
1.0
0.513017724546
0.659367259253
1.0
0.513096917786
0.658363230794
1.0
0.512373008687
0.656572696167
1.0
0.512164406677
0.655658410023
0.97948915911
0.511501005997
0.654897675689
0.97948915911
0.511457983345
0.654083989588
0.97948915911
0.511457983345
0.654083989588
1.0
0.510729844668
0.653932459068
1.0
0.510819462108
0.653360329483
1.0
0.509039669718
0.652380190063
1.0
0.509087887584
0.651471822876
1.0
0.50809277523
0.651262751816
1.0
0.50798675587
0.65051636175
1.0
0.507302273145
0.650191283774
1.0
0.506995026704
0.649525245102
1.0
0.506995026704
0.649525245102
1.0
0.505774014261
0.649006063548
1.0
0.505228530977
0.649251172436
0.997000409034
0.504074788984
0.648029783878
0.997000409034
0.503683146003
0.647891371283
1.0
0.502192735009
0.646421391795
1.0
0.501723118551
0.646930081801
1.0
0.500707496017
0.646423509263
1.0
0.500707496017
0.646423509263
1.0
0.500031936083
0.646955539292
1.0
0.498860667625
0.645380162868
1.0
0.498220474427
0.646051145528
1.0
0.496802928636
0.6450188187
1.0
0.496571941793
0.645167213579
1.0
0.495183919854
0.64450911021
1.0
0.494444326719
0.643540721448
1.0
0.492987692373
0.642382470367
1.0
0.49241105579
0.642911560126
1.0
0.49241105579
0.642911560126
1.0
0.4913611047
0.643183252349
1.0
0.490797981928
0.64315814371
1.0
0.490390902506
0.642191830668
1.0
0.489683508322
0.642498526786
1.0
0.488718073865
0.641076617399
1.0
0.48833074897
0.640824037893
1.0
0.487338959898
0.639059113368
1.0
0.487338959898
0.639059113368
1.0
0.486782989897
0.638835418027
1.0
0.4855261494
0.639125146042
1.0
0.484634200044
0.638967704546
1.0
0.484320281965
0.637467113845
1.0
0.483771882939
0.637103230762
1.0
0.483530254372
0.63590581744
1.0
0.483206665129
0.635845893564
1.0
0.482396794699
0.635426750473
0.995589732397
0.481845322442
0.634833279887
0.995589732397
0.481751956282
0.635440864377
0.995589732397
0.481751956282
0.635440864377
1.0
0.481584043369
0.635305474019
1.0
0.48115128252
0.634111259392
1.0
0.480852597521
0.632861916804
1.0
0.48085799884
0.631988560648
1.0
0.48021592378
0.632795667015
1.0
0.47993452158
0.6315927702
1.0
0.479558282931
0.63116975097
1.0
0.479558282931
0.63116975097
1.0
0.478317930979
0.629299223273
1.0
0.47788840657
0.629674199036
1.0
0.477746000108
0.628575910982
1.0
0.477354151725
0.628488808548
1.0
0.476806681937
0.627249905299
1.0
0.476430166647
0.62706440303
1.0
0.476117863179
0.626511008774
1.0
0.476191571803
0.625428958672
1.0
0.476191571803
0.625428958672
1.0
0.474836318454
0.623734559844
1.0
0.474719497523
0.623033368903
1.0
0.474981174788
0.621519558871
1.0
0.474939000757
0.62076277351
1.0
0.475119791407
0.619567401286
1.0
0.475315105411
0.618786681385
1.0
0.474697882965
0.618045251161
1.0
0.474697882965
0.618045251161
1.0
0.474739098512
0.616636976717
1.0
0.474133148334
0.614872563897
1.0
0.474363379093
0.613781074808
1.0
0.473921561193
0.613459556073
1.0
0.474065689003
0.612523215163
1.0
0.47352793195
0.610994779761
1.0
0.473572598623
0.609366826903
1.0
0.473453720424
0.608792413624
1.0
0.473453720424
0.608792413624
1.0
0.473457159755
0.608216932022
1.0
0.473294891444
0.60955674468
1.0
0.473411845212
0.608692809967
1.0
0.473476502055
0.606710423042
1.0
0.473360970748
0.605920983304
1.0
0.472715493108
0.604395549547
1.0
0.472854152764
0.604644136265
1.0
0.472887048987
0.60502716017
1.0
0.472887048987
0.60502716017
1.0
0.472823893678
0.604193302139
1.0
0.472426504071
0.60515076662
1.0
0.472152444911
0.604915645236
1.0
0.471978215046
0.604433477213
1.0
0.472108711141
0.602614095785
1.0
0.472229568394
0.603053077022
1.0
0.472468475152
0.603466004196
1.0
0.472468305674
0.603446520029
0.950775368939
0.472030339413
0.603402163601
0.950775368939
0.472030339413
0.603402163601
0.950775368939
0.471636205293
0.602383567511
1.0
0.471912300484
0.603065568478
1.0
0.472548409741
0.601767538653
1.0
0.472646790925
0.599898086776
1.0
0.472772411684
0.60000019876
1.0
0.472616043608
0.600948201722
1.0
0.472467719283
0.600725845457
1.0
0.472467719283
0.600725845457
1.0
0.472632228101
0.599933253704
1.0
0.472676286713
0.599841010408
1.0
0.473365122635
0.59780436566
1.0
0.473676127817
0.597548064152
1.0
0.473511372477
0.597139251404
1.0
0.473290848219
0.597379272478
1.0
0.473483763676
0.597368453935
1.0
0.473756069803
0.59677675425
1.0
0.473756069803
0.59677675425
1.0
0.473870040046
0.595996210658
1.0
0.473931321097
0.595231475479
1.0
0.47414458485
0.593588302234
1.0
0.474324366211
0.593672508806
1.0
0.47466814682
0.593856497026
1.0
0.474645088055
0.593050087095
1.0
0.474667985097
0.59345676307
1.0
0.474626603449
0.593698235301
1.0
0.474735472242
0.592486748272
1.0
0.474735472242
0.592486748272
1.0
0.474576090076
0.592221506257
1.0
0.474733840011
0.592057348275
1.0
0.474652885841
0.592195102914
1.0
0.47469401018
0.592350706013
1.0
0.475003928402
0.591810774151
1.0
0.475100317851
0.591182634341
1.0
0.475100317851
0.591182634341
1.0
0.474582853156
0.590798495632
1.0
0.474665034041
0.590023618769
1.0
0.474590542649
0.590880323497
1.0
0.474785147462
0.590779955927
1.0
0.474998447452
0.5907265704
1.0
0.474786143885
0.590384655335
1.0
0.474657906921
0.589854511632
1.0
0.4750144074
0.589751084301
1.0
0.474882715621
0.589694292637
1.0
0.474940341076
0.590288230149
1.0
0.474940341076
0.590288230149
1.0
0.474953935588
0.590390935675
1.0
0.474670415571
0.589839167677
1.0
0.474411652467
0.590001824329
1.0
0.474503504045
0.589917688227
1.0
0.474417320105
0.589386720995
1.0
0.474483666378
0.58936822648
1.0
0.474228422944
0.589396227367
0.948085276147
0.474075269504
0.588941842097
0.948085276147
0.474075269504
0.588941842097
0.948085276147
0.47435079102
0.589251290719
