0.973628930286
0.538214690639
0.732459086894
0.973628930286
0.539605441235
0.74575788611
1.0
0.543594579511
0.757419316454
1.0
0.544920288022
0.764979937396
0.989402529457
0.547139920019
0.774638886024
0.989402529457
0.547957674722
0.780498185974
0.990432406198
0.546740954634
0.782345163699
0.990432406198
0.547781271945
0.786314507401
1.0
0.546748757425
0.784469588306
1.0
0.546748757425
0.784469588306
1.0
0.547678442356
0.784948108436
1.0
0.547658101664
0.783975929903
1.0
0.547423386863
0.783349986796
1.0
0.547320746419
0.781788944318
1.0
0.546869033562
0.781977412574
1.0
0.546433619501
0.782444920308
1.0
0.546433619501
0.782444920308
1.0
0.546497396214
0.78291167221
1.0
0.547525325899
0.782876364133
1.0
0.547681537408
0.782847560297
1.0
0.547692579641
0.782094365079
1.0
0.547578188656
0.782170433062
1.0
0.547070756206
0.782091877855
1.0
0.546313440739
0.782202475604
1.0
0.546620350813
0.782423500407
1.0
0.546814615113
0.781987452496
1.0
0.546621791737
0.782089297424
1.0
0.546621791737
0.782089297424
1.0
0.546402792111
0.783136659868
1.0
0.545697857666
0.783090576554
1.0
0.545451600234
0.782863119754
1.0
0.546636587731
0.782318803575
1.0
0.546720540376
0.782547243219
1.0
0.546644605861
0.782512541692
1.0
0.546644605861
0.782512541692
1.0
0.546273713719
0.782711883227
1.0
0.545326686049
0.782566940637
1.0
0.545144908326
0.782885870641
1.0
0.546146964237
0.783512144524
1.0
0.546063266104
0.783626799073
1.0
0.544650783501
0.78353082453
1.0
0.544809486635
0.783525562436
1.0
0.54536250403
0.783309491325
1.0
0.54536250403
0.783309491325
1.0
0.544960915151
0.784032262444
1.0
0.54525275305
0.784238483113
1.0
0.545368448227
0.783574206569
1.0
0.545762191543
0.783697882208
1.0
0.545490947072
0.783707721226
1.0
0.545032985485
0.783063638975
1.0
0.54475147339
0.78343738646
1.0
0.544064280562
0.784395349588
1.0
0.544123664848
0.784347890044
1.0
0.54487932907
0.783606153171
1.0
0.54487932907
0.783606153171
1.0
0.544900053561
0.784168570114
1.0
0.544877196773
0.785222918497
1.0
0.544930833954
0.785495227281
0.991951708943
0.545038672286
0.784924660539
0.991951708943
0.544987533654
0.784427676556
0.998938243225
0.545060084565
0.784687838429
0.998938243225
0.545060084565
0.784687838429
0.998938243225
0.544888942627
0.784986696765
1.0
0.544726825097
0.784170348873
1.0
0.544564616638
0.783980563642
1.0
0.544349899432
0.784111170136
1.0
0.544294800939
0.784309445498
1.0
0.544084514139
0.785223619903
1.0
0.54395540513
0.785699773075
1.0
0.544278497867
0.78565892092
1.0
0.544278497867
0.78565892092
1.0
0.544101740001
0.785851439095
0.998758822731
0.5437545643
0.785595241304
0.998758822731
0.543587476453
0.78581788107
1.0
0.543275187133
0.78585548927
1.0
0.543449017891
0.785637970721
1.0
0.543397021809
0.785145851989
1.0
0.543308927422
0.785725328505
0.996824906541
0.544463647435
0.785937995478
0.996824906541
0.544463647435
0.785937995478
0.996824906541
0.544472098046
0.785417221143
1.0
0.543429383378
0.78543740086
1.0
0.543064434708
0.786081824881
1.0
0.542799499666
0.786435392859
1.0
0.54264143065
0.786798217312
0.993812477304
0.542264127127
0.78695490045
0.993812477304
0.5424346939
0.786482585067
1.0
0.542942014843
0.786750928967
1.0
0.542942014843
0.786750928967
1.0
0.542740850359
0.787219562997
1.0
0.542841435052
0.786575027969
1.0
0.542800125161
0.786368575015
1.0
0.542510064899
0.786476871641
1.0
0.542557339265
0.786281007006
1.0
0.542621501595
0.785976004283
1.0
0.542572015221
0.786053704013
1.0
0.542860973453
0.786322632485
1.0
0.54302901868
0.786220576775
1.0
0.542403389595
0.786702309119
1.0
0.542403389595
0.786702309119
1.0
0.542070128128
0.787104563227
1.0
0.541826331543
0.787519208406
1.0
0.541599802414
0.7874770584
1.0
0.541743024905
0.787196243255
1.0
0.541696583204
0.786766985794
1.0
0.542123004511
0.786323573534
1.0
0.542123004511
0.786323573534
1.0
0.542106017916
0.786467290319
1.0
0.541823344831
0.786580616677
1.0
0.541748042161
0.786709671287
1.0
0.541793251352
0.786548268851
1.0
0.541810915305
0.786517488973
0.994261043553
0.541445939724
0.785756158647
0.994261043553
0.541408610177
0.785611623015
1.0
0.54158605856
0.786841325506
1.0
0.54158605856
0.786841325506
1.0
0.541673820162
0.787038488006
1.0
0.541268131118
0.786850129731
1.0
0.54121286552
0.786996886447
1.0
0.541526832408
0.787334921611
1.0
0.541088951662
0.786981229659
1.0
0.541022372769
0.786005419271
1.0
0.541074596732
0.786227227463
1.0
0.541260970777
0.786022821809
1.0
0.541260970777
0.786022821809
1.0
0.540987560758
0.786035820137
1.0
0.539826213736
0.786518820554
1.0
0.539754824876
0.786364172636
1.0
0.540344638037
0.785398474545
1.0
0.5403817653
0.785538579122
1.0
0.540255741104
0.785691476385
1.0
0.540020038252
0.786274178672
1.0
0.540318043063
0.787327875954
1.0
0.540318043063
0.787327875954
1.0
0.540418610159
0.786936958803
1.0
0.539894504092
0.786940228333
1.0
0.539377002958
0.787795029612
1.0
0.539003004722
0.788150177345
1.0
0.539153396734
0.788262658732
1.0
0.539220436149
0.788743197451
1.0
0.538880425299
0.788851783176
1.0
0.539390355523
0.788746188681
1.0
0.539390355523
0.788746188681
1.0
0.539170598973
0.789168238787
1.0
0.538623488493
0.789352266045
1.0
0.538794947307
0.789647036207
1.0
0.538586228896
0.789646391374
1.0
0.538031759777
0.789868096234
1.0
0.538330705756
0.789801731378
1.0
0.538182999782
0.790091341253
1.0
0.538037826585
0.790304720246
1.0
0.538037826585
0.790304720246
1.0
0.537990149216
0.790762182813
1.0
0.53755562478
0.791777616459
1.0
0.537397938467
0.792020853538
1.0
0.53752107486
0.792692795796
1.0
0.537529998039
0.792843140125
1.0
0.537742202864
0.792781164994
1.0
0.537472732848
0.793221535003
1.0
0.53731000249
0.79353208569
1.0
0.53731000249
0.79353208569
1.0
0.537406986416
0.793890474969
1.0
0.537701148509
0.794740987776
1.0
0.537762154964
0.795357051456
1.0
0.537348403742
0.79587655101
1.0
0.537330683767
0.796095057278
1.0
0.537450508471
0.796754049084
1.0
0.53766003164
0.797759712342
1.0
0.537956234232
0.797739068224
1.0
0.537956234232
0.797739068224
1.0
0.538119046204
0.798201893689
1.0
0.538008592825
0.799473925259
1.0
0.537887759948
0.800054910051
0.998051811717
0.537841017298
0.799598560475
0.998051811717
0.537851287624
0.800369511814
1.0
0.538800489958
0.801909955165
1.0
0.538835419602
0.802647868102
1.0
0.539216109098
0.803510498342
1.0
0.539216109098
0.803510498342
1.0
0.538820176984
0.80493143086
1.0
0.538434498043
0.805873418137
1.0
0.538374785258
0.806503466116
1.0
0.53862831866
0.808004176313
1.0
0.538614010367
0.808973239844
1.0
0.538884601008
0.809525274085
1.0
0.539172647833
0.810741166198
1.0
0.539601799031
0.811419420785
1.0
0.539601799031
0.811419420785
1.0
0.539613209937
0.812458183693
1.0
0.540679848687
0.813079805049
1.0
0.54075392803
0.814663733271
1.0
0.540205726247
0.815981025384
1.0
0.539951583254
0.817432454681
0.995989593194
0.539996922894
0.819235296616
0.995989593194
0.54037358185
0.820927838615
1.0
0.540327630713
0.822443983343
1.0
0.540327630713
0.822443983343
1.0
0.540094841171
0.823257199551
1.0
0.540190992485
0.824555588829
1.0
0.540119201452
0.826767769841
0.99235179956
0.540504258463
0.829086878412
0.99235179956
0.540508964947
0.830545590353
1.0
0.54036868717
0.831284903351
1.0
0.540323389747
0.8334267184
1.0
0.540471260336
0.835530333689
1.0
0.540471260336
0.835530333689
1.0
0.540366957027
0.837008760904
1.0
0.540760967254
0.838448134112
1.0
0.540990580752
0.840896516605
1.0
0.540409894241
0.842327137759
1.0
0.540336955632
0.844304733729
1.0
0.540266212072
0.846520277403
1.0
0.540356140341
0.847751521511
1.0
0.540793162458
0.848626377183
1.0
0.540793162458
0.848626377183
1.0
0.540322241572
0.850283894763
1.0
0.540317987954
0.851851809133
1.0
0.540343622769
0.853496133368
1.0
0.539871325383
0.855339468969
1.0
0.540246215661
0.857370572102
1.0
0.540184880275
0.859206994005
1.0
0.539879372541
0.86124756771
1.0
0.540249115913
0.861893520137
1.0
0.540249115913
0.861893520137
1.0
0.539946559387
0.862913148961
1.0
0.539559261247
0.86527313474
1.0
0.539504736517
0.867058896698
1.0
0.539422980486
0.867215233456
1.0
0.53951471558
0.86856016952
1.0
0.53893646007
0.870793025023
1.0
0.539003439718
0.87229516216
1.0
0.538615756851
0.873591000086
1.0
0.538615756851
0.873591000086
1.0
0.538499631234
0.875266296124
1.0
0.538819155035
0.876374534686
1.0
0.538762672981
0.877444261848
1.0
0.538761570831
0.878359314362
1.0
0.538900184085
0.879265648533
1.0
0.539247826511
0.880227581855
1.0
0.539229878352
0.8808353477
1.0
0.539416354548
0.882467794847
1.0
0.539416354548
0.882467794847
1.0
0.539398952861
0.883536954177
1.0
0.538985107738
0.88367846571
1.0
0.539486267622
0.88479889647
1.0
0.539786985135
0.885910513709
1.0
0.539979579629
0.886955339184
1.0
0.540615803533
0.887510242962
1.0
0.54130386156
0.888454241707
1.0
0.541113120487
0.888612135517
1.0
0.541113120487
0.888612135517
1.0
0.541560932279
0.888485081248
1.0
0.54217186545
0.889060119614
1.0
0.542414142156
0.889436152391
1.0
0.543016378192
0.890396149665
1.0
0.543785960606
0.891986642327
1.0
0.543563072001
0.893659620221
1.0
0.543828787335
0.893987388079
1.0
0.544573666187
0.893308482937
1.0
0.544573666187
0.893308482937
1.0
0.545387341791
0.894094098732
1.0
0.545054512215
0.894570110701
1.0
0.545324079036
0.894345639442
1.0
0.545579368301
0.89371447267
1.0
0.545942872834
0.893932849282
1.0
0.546002594042
0.894582994719
1.0
0.546277946004
0.894566960918
1.0
0.545860047663
0.893942814864
1.0
0.545860047663
0.893942814864
1.0
0.546515360299
0.893185394241
1.0
0.547074258474
0.892852913805
1.0
0.547686637911
0.892392842523
1.0
0.547612372741
0.892457645573
1.0
0.548268099907
0.892329560189
1.0
0.548081656272
0.89222507461
1.0
0.548589383234
0.892012291323
1.0
0.548795478333
0.891785620117
1.0
0.548795478333
0.891785620117
1.0
0.549068139248
0.891926021617
1.0
0.548433984649
0.890905179986
1.0
0.548883576514
0.88989571238
1.0
0.549304290384
0.88948534736
1.0
0.549726814896
0.889139494989
1.0
0.549694483097
0.888351500644
1.0
0.550026139538
0.887626476108
1.0
0.549335762267
0.887544285482
1.0
0.549335762267
0.887544285482
1.0
0.54979110189
0.887113356181
1.0
0.549465543752
0.886059712168
1.0
0.549571482385
0.885743407554
1.0
0.548848647957
0.885828187183
1.0
0.549303478019
0.884717702752
1.0
0.548488467964
0.883557214885
1.0
0.548728852403
0.882765743054
1.0
0.548972839548
0.881142149727
1.0
0.548972839548
0.881142149727
1.0
0.549341186122
0.879967833825
1.0
0.548433061479
0.880085784802
1.0
0.548565505048
0.878309532091
1.0
0.548369777148
0.876658372327
1.0
0.547957226023
0.874960049912
1.0
0.547368351021
0.873524807816
1.0
0.547633288102
0.872247467538
1.0
0.546768242844
0.871313633292
1.0
0.546768242844
0.871313633292
1.0
0.547042986764
0.869916706827
1.0
0.54620714037
0.868411281498
1.0
0.546395696618
0.866665769585
1.0
0.546078651396
0.866002401152
1.0
0.546199183509
0.86531938726
1.0
0.545671796686
0.863670544071
1.0
0.545446227353
0.862588928334
1.0
0.545361000773
0.861625944389
1.0
0.545361000773
0.861625944389
1.0
0.545879965455
0.859391309026
1.0
0.545772108286
0.85820641771
1.0
0.545769575786
0.856760782349
1.0
0.545324930554
0.855401000949
1.0
0.545486829139
0.854182043318
1.0
0.546236520356
0.852281370753
1.0
0.546528461784
0.850545852821
1.0
0.545565658931
0.84938403056
1.0
0.545565658931
0.84938403056
1.0
0.545995021251
0.847874579179
1.0
0.545865789805
0.84618705338
1.0
0.546187242027
0.844659004248
1.0
0.546817673895
0.842954467671
1.0
0.546623390751
0.840785115075
1.0
0.546478092779
0.838974873162
1.0
0.547042697068
0.83683594098
1.0
0.546486412837
0.83555414743
1.0
0.546486412837
0.83555414743
1.0
0.546693124728
0.834081820677
1.0
0.546405526642
0.83365978951
1.0
0.546673299159
0.831790151166
1.0
0.547339008921
0.830771825305
1.0
0.54729441564
0.829117478267
1.0
0.546555889961
0.828060882053
1.0
0.54673239115
0.826317576117
1.0
0.54674568789
0.824259948081
1.0
0.54674568789
0.824259948081
1.0
0.546720201185
0.822728523251
1.0
0.546765837914
0.821368264297
1.0
0.547101866591
0.820414650894
1.0
0.546238207277
0.819264519488
1.0
0.546599603222
0.817832556345
1.0
0.546668278294
0.817505470615
1.0
0.546581526029
0.815951728562
1.0
0.547162198802
0.814762814348
1.0
0.547162198802
0.814762814348
1.0
0.547437060025
0.813498409602
1.0
0.54746334328
0.812566326781
1.0
0.547228768294
0.81108529558
1.0
0.547349046609
0.810082146003
1.0
0.547709201181
0.809469298146
1.0
0.547520075579
0.808346173766
1.0
0.54771845886
0.807389379448
1.0
0.546883940011
0.805573024635
1.0
0.546883940011
0.805573024635
1.0
0.546881128638
0.804739767783
1.0
0.547674861929
0.804056968084
1.0
0.548049981176
0.802615398298
1.0
0.548053174603
0.802695053175
1.0
0.548104723969
0.801276866007
1.0
0.548161951263
0.799485051711
1.0
0.548312357539
0.798654243948
1.0
0.548951943969
0.796844503957
1.0
0.548951943969
0.796844503957
1.0
0.549236824635
0.795843337348
1.0
0.54878153482
0.796607897315
1.0
0.548831534858
0.796043931952
1.0
0.549141368044
0.7957032392
1.0
0.549645325462
0.795039458843
1.0
0.549307407357
0.793498659349
1.0
0.549415672701
0.79274994421
1.0
0.550247094245
0.79323484873
1.0
0.550247094245
0.79323484873
1.0
0.55037167822
0.792569268546
1.0
0.550689815776
0.790491072288
1.0
0.551086222803
0.789680459166
1.0
0.550793494009
0.790136540861
1.0
0.550655630477
0.789074897746
1.0
0.551386422381
0.789076106106
1.0
0.551634792439
0.788859819175
1.0
0.552355841696
0.788265153942
1.0
0.552355841696
0.788265153942
1.0
0.5525556213
0.788008873214
1.0
0.55212707161
0.786832334185
1.0
0.551737407232
0.786736826512
1.0
0.551968528334
0.787388736356
1.0
0.552234562088
0.787118797683
1.0
0.552440415282
0.786932095647
1.0
0.55247664772
0.78675680878
1.0
0.554214813719
0.788656555884
1.0
0.554214813719
0.788656555884
1.0
0.553494201785
0.79344121428
0.975302195055
0.558742212328
0.809397116105
0.975302195055
0.555442569886
0.832728793588
0.99
0.560439400756
0.862338907092
0.99
0.557916130088
0.893097238784
0.99
0.561887529504
0.926555924476
0.99
0.561887529504
0.926555924476
0.99
0.560479440916
0.957996403303
0.99
0.564872047048
0.984678655913
0.99
0.563363688921
1.01408440343
0.99
0.566986354234
1.04111824721
0.99
0.565022440774
1.06795712567
0.99
0.568600037815
1.09445604509
0.99
0.566937294369
1.11792509472
0.99
0.571089652214
1.13572586583
0.99
0.570017285837
1.15469692235
0.99
0.570017285837
1.15469692235
0.99
0.57398874395
1.17442505867
1.0
0.572869511342
1.18504417135
1.0
0.572002730472
1.19409489496
1.0
0.570447084651
1.19588477119
1.0
0.571430903248
1.19819965873
1.0
0.57062821854
1.19508783321
1.0
0.571997018235
1.19285436968
1.0
0.57213751763
1.19121901796
1.0
0.57213751763
1.19121901796
1.0
0.57197765654
1.19108956935
1.0
0.571379179249
1.18949229741
1.0
0.571998689517
1.18924646116
1.0
0.571455033589
1.19029504794
1.0
0.571950741527
1.1908670295
1.0
0.571385604943
1.18922448225
1.0
0.571722493921
1.18930689952
1.0
0.571189593935
1.18883319039
1.0
0.571189593935
1.18883319039
1.0
0.571428816148
1.18791134005
1.0
0.570728186831
1.18844353536
1.0
0.570538615593
1.18830210755
1.0
0.57030888614
1.18808950163
1.0
0.570381736301
1.18845760863
1.0
0.569659001136
1.18777414544
1.0
0.569741520344
1.18759175745
1.0
0.568986529287
1.18758462324
1.0
0.568986529287
1.18758462324
1.0
0.568877405222
1.18795046131
1.0
0.568833362249
1.18869479098
1.0
0.56876265373
1.18878189379
1.0
0.568889138639
1.18804596946
1.0
0.568934532329
1.18817765709
1.0
0.568818917872
1.18823766744
1.0
0.568818917872
1.18823766744
1.0
0.568629939975
1.18768200169
1.0
0.568673216953
1.18820713644
1.0
0.568264491092
1.18784540924
1.0
0.567373429831
1.1873826424
1.0
0.567196702996
1.18861493552
1.0
0.567190455497
1.1895927048
1.0
0.567117188032
1.18909583951
1.0
0.567439244838
1.18869926061
1.0
0.567441630969
1.18899249619
1.0
0.567434960704
1.18957417504
