1.0
0.55862145516
0.552525516741
0.99
0.50135137655
0.465839439859
0.90109052402
0.500680740792
0.468773102954
0.912682090352
0.499654974757
0.472602792208
0.99
0.558043269099
0.327045522917
0.941219876065
0.545105525911
0.37953748164
0.806398510507
0.567598997706
0.337215868014
0.705610327797
0.504631655831
0.3983162599
0.770188200756
0.500815048505
0.462738422097
0.770188200756
0.500815048505
0.462738422097
0.770188200756
0.504279485028
0.474364932729
0.770188200756
0.507402807588
0.484730251025
0.99
0.508935150849
0.466650943449
0.99
0.508565405474
0.472192894372
0.99
0.505725484943
0.47474096063
1.0
0.505733286739
0.475288458714
1.0
0.505606151329
0.475455400367
1.0
0.505496959993
0.476171917113
1.0
0.505496959993
0.476171917113
1.0
0.506046355255
0.473611231358
1.0
0.506303706749
0.472691293861
1.0
0.503981940682
0.469584491729
1.0
0.503952561384
0.469866829875
1.0
0.50166852145
0.465634185209
1.0
0.501917287987
0.464486293525
1.0
0.499319004668
0.462867908809
1.0
0.499319004668
0.462867908809
1.0
0.499468657057
0.461960578369
1.0
0.499075246892
0.460118267892
1.0
0.499288571152
0.459095713482
1.0
0.498051996972
0.458148132084
1.0
0.498181914539
0.45777970876
1.0
0.497334776377
0.456834729899
1.0
0.497570573094
0.455262776458
1.0
0.493292305874
0.449433086062
1.0
0.493464814622
0.448377099146
1.0
0.493464814622
0.448377099146
1.0
0.493304231696
0.446247443597
1.0
0.493695831072
0.444150003578
1.0
0.492407436738
0.442732787908
1.0
0.492696637592
0.441546588495
1.0
0.491457327448
0.441408274901
1.0
0.491623361303
0.440320380173
1.0
0.490475875187
0.439260691631
1.0
0.490475875187
0.439260691631
1.0
0.490630430812
0.438548203391
1.0
0.490856309533
0.437677941247
1.0
0.490961641461
0.436604407393
1.0
0.489203814704
0.434685043696
1.0
0.489361876738
0.433828258346
1.0
0.488286524878
0.43441780196
1.0
0.48842508246
0.433446522384
1.0
0.48870460188
0.43099652274
1.0
0.48894358388
0.429526999786
1.0
0.488679833039
0.428623445664
1.0
0.488679833039
0.428623445664
1.0
0.488665371284
0.42800762993
1.0
0.487439678332
0.426914569708
1.0
0.487306374952
0.42721243345
1.0
0.485818575845
0.427276904973
1.0
0.485625789005
0.428990462613
1.0
0.485625789005
0.428990462613
1.0
0.48559253477
0.427748838675
1.0
0.485667057232
0.426645058572
1.0
0.484369967494
0.410655606666
1.0
0.484455633203
0.410026849482
1.0
0.478879166318
0.383084349964
1.0
0.478987202781
0.382274189738
1.0
0.471788870596
0.356405155943
1.0
0.471679688237
0.357321881066
1.0
0.470936908789
0.350272173934
1.0
0.470936908789
0.350272173934
1.0
0.471229976529
0.348223557653
1.0
0.47502450245
0.351258236415
1.0
0.476031767403
0.343851084768
1.0
0.47509806561
0.346686150171
0.99
0.476805001509
0.330171867631
0.99
0.478084706034
0.333125671496
1.0
0.478518419603
0.326564350782
1.0
0.481023733303
0.330235011319
0.97914129356
0.480694692866
0.332420674444
0.97914129356
0.480694692866
0.332420674444
0.97914129356
0.481167916535
0.333538317857
1.0
0.481041436701
0.333730541587
1.0
0.480045155308
0.335886728663
0.98739018417
0.479869645709
0.336998986982
0.98739018417
0.480372670945
0.337812743956
1.0
0.480340121134
0.338763895169
1.0
0.481265340211
0.339658598843
1.0
0.481265340211
0.339658598843
1.0
0.481251928121
0.339690832407
1.0
0.482686180295
0.341101181714
0.951784414666
0.482516215544
0.342046467486
0.951784414666
0.482285174749
0.34351062394
1.0
0.48192157026
0.346204897027
1.0
0.48074161764
0.347170737358
1.0
0.480802468604
0.347141630628
1.0
0.480802468604
0.347141630628
1.0
0.481931099005
0.347305519145
1.0
0.482118071705
0.346342421095
1.0
0.482029005493
0.347285002455
1.0
0.481811412419
0.348294367884
1.0
0.481978325885
0.347806141056
1.0
0.481818720327
0.348842111413
1.0
0.481667802078
0.348787226334
0.987258443174
0.481503073742
0.350309169559
0.987258443174
0.481768944803
0.352916076379
1.0
0.481543173082
0.353203507618
1.0
0.481543173082
0.353203507618
1.0
0.48154230698
0.35214687939
1.0
0.481496673775
0.352644937671
1.0
0.483108247806
0.353192484391
1.0
0.483093229784
0.353482070938
1.0
0.481232036481
0.353225457559
1.0
0.481241933063
0.352307030637
1.0
0.481241933063
0.352307030637
1.0
0.483414506812
0.352834751126
1.0
0.48350870538
0.352749611049
1.0
0.482037374753
0.354447381604
1.0
0.482094197404
0.354156317241
1.0
0.48356154145
0.376543545584
1.0
0.483544551137
0.375902044055
0.99
0.492520230959
0.423938259368
0.99
0.492641390378
0.423276970715
1.0
0.496649328765
0.446200831409
1.0
0.496727422469
0.445840652319
1.0
0.496727422469
0.445840652319
1.0
0.49991122662
0.467635948658
1.0
0.499729537351
0.470695537511
1.0
0.50003737734
0.473968631134
0.99
0.498014102691
0.492612746692
0.99
0.497470664122
0.492522102354
0.99
0.495865149279
0.515757837223
0.99
0.496015759844
0.5182866668
0.99
0.496015759844
0.5182866668
1.0
0.495297560273
0.522611145989
1.0
0.496387186296
0.521559218682
0.940037956171
0.495910775377
0.524871257153
0.940037956171
0.496554463463
0.525858405835
1.0
0.496979616822
0.525447525574
1.0
0.497008081179
0.527668022911
1.0
0.49700240372
0.530089675705
1.0
0.496733745313
0.530676728125
1.0
0.496733745313
0.530676728125
1.0
0.496661207281
0.531618240816
1.0
0.497683093876
0.532569994186
1.0
0.497867147318
0.532180550668
1.0
0.497503896691
0.53209612684
1.0
0.497656735408
0.531981768886
1.0
0.49668740724
0.532756474021
1.0
0.49686809933
0.53237589053
1.0
0.496410856804
0.531120761249
1.0
0.496434390217
0.531820260847
1.0
0.496434390217
0.531820260847
1.0
0.498696604719
0.53215641221
1.0
0.498515960306
0.533889529739
1.0
0.498537587278
0.534129736485
1.0
0.498374594242
0.534905454128
1.0
0.498298105372
0.535797877733
1.0
0.498363279613
0.537200088018
1.0
0.49979272832
0.539261360831
1.0
0.49979272832
0.539261360831
1.0
0.499600794598
0.541042639071
1.0
0.499609481275
0.541201123487
1.0
0.499842725773
0.54166521765
1.0
0.501026088804
0.543950214713
1.0
0.500865106857
0.544727733382
1.0
0.50135080646
0.544140792093
1.0
0.501273945062
0.545831051078
1.0
0.502094826742
0.547167346686
1.0
0.502094826742
0.547167346686
1.0
0.501850376425
0.548164467277
1.0
0.504885041328
0.55069172893
1.0
0.505030524182
0.551132669217
1.0
0.505930880366
0.551377183445
1.0
0.505839155065
0.552011140528
1.0
0.505986010811
0.553107986351
1.0
0.505921263019
0.553767456328
1.0
0.509779421123
0.560041897721
1.0
0.509779421123
0.560041897721
1.0
0.50981489039
0.560480959252
1.0
0.511428942664
0.553841113075
1.0
0.511298065637
0.554380713117
0.864256095212
0.514917576918
0.561616763751
0.864256095212
0.514798806536
0.561864253778
0.84026156734
0.458034395147
0.481787572583
0.84026156734
0.457648238056
0.48342815123
0.84026156734
0.457648238056
0.48342815123
0.84026156734
0.457648238056
0.48342815123
1.0
0.50039493397
0.529670714537
1.0
0.497743022914
0.531192983766
1.0
0.497743022914
0.531192983766
1.0
0.49513136758
0.532835700239
0.807920679359
0.477704346337
0.473619663429
0.807920679359
0.476802043505
0.475273345079
0.807920679359
0.475797773679
0.479459661911
0.807920679359
0.475797773679
0.479459661911
0.807920679359
0.506447471021
0.496851481004
0.807920679359
0.681050701441
0.0709898356748
0.807920679359
0.520328249388
0.381481309409
0.807920679359
0.452806474612
0.456933511805
0.757543303512
0.490569801106
0.454354289423
0.807920679359
0.475838666021
0.512134920695
0.750761985156
0.50743657433
0.537440878749
0.750761985156
0.698471870512
0.279440116406
0.857924070747
0.712790121793
0.353943649799
0.914191381074
0.521393932328
0.509070845668
0.914191381074
0.521393932328
0.509070845668
0.99
0.517711396743
0.526218091503
0.855892207298
0.515273227676
0.538508365876
0.855892207298
0.517157558734
0.547369664173
1.0
0.515836664404
0.553042958586
1.0
0.516161334065
0.559223506997
1.0
0.515535031265
0.567155437255
1.0
0.51678788817
0.569802298191
1.0
0.516594124954
0.57424090513
1.0
0.516594124954
0.57424090513
1.0
0.513665885406
0.573168088767
1.0
0.51370726102
0.576621824661
1.0
0.514121214803
0.574853794611
1.0
0.514503299003
0.574968373032
1.0
0.513070361042
0.574611014399
1.0
0.513252991819
0.574544511671
1.0
0.513184782
0.573233165358
1.0
0.513428515642
0.573422536576
1.0
0.513428515642
0.573422536576
1.0
0.513494961965
0.575256840957
1.0
0.513662344847
0.575506154611
1.0
0.511789558381
0.57199278357
1.0
0.512286631647
0.570530420895
1.0
0.511446340922
0.570057229291
1.0
0.511636235458
0.570365454793
1.0
0.512036797598
0.571086933992
1.0
0.512261525095
0.570394079448
1.0
0.512261525095
0.570394079448
1.0
0.512946362258
0.571709016631
1.0
0.513101893364
0.570903027234
1.0
0.510598104551
0.565594048204
1.0
0.510955992188
0.564023827424
1.0
0.511157532789
0.566776837425
1.0
0.511318879278
0.56649512023
1.0
0.510010222411
0.565336967588
1.0
0.510242427437
0.564248548424
1.0
0.510242427437
0.564248548424
1.0
0.511144934945
0.563633759101
1.0
0.511301598853
0.562416766781
1.0
0.51024817566
0.561272950721
1.0
0.510533487549
0.560558612183
1.0
0.510516457572
0.560501062284
0.988864766997
0.510406236272
0.561745885261
0.988864766997
0.509409025245
0.562644880419
1.0
0.509572522849
0.562212668341
1.0
0.509572522849
0.562212668341
1.0
0.510785948291
0.563537192834
1.0
0.510575044395
0.564571427936
1.0
0.508790528268
0.561896246968
0.943648104473
0.509089239859
0.560651693101
0.943648104473
0.510241125476
0.562328583011
1.0
0.510271932779
0.562380484306
1.0
0.511503550404
0.564962165061
1.0
0.511476901426
0.564960140623
1.0
0.511476901426
0.564960140623
1.0
0.511564973439
0.562768611528
1.0
0.511624127615
0.563564310232
1.0
0.511448450414
0.564573206787
1.0
0.511548320106
0.564657113875
1.0
0.510144672437
0.565511790086
1.0
0.510171694221
0.565726329049
1.0
0.512069974275
0.565260872614
1.0
0.512069974275
0.565260872614
1.0
0.51204219293
0.565645365653
1.0
0.512505851178
0.56672127092
1.0
0.512488170629
0.567567812647
1.0
0.512896552458
0.567846844207
1.0
0.512902464498
0.568086362262
1.0
0.513923070447
0.569501751814
0.921006628604
0.51455641991
0.565934432001
0.921006628604
0.513042942403
0.564566732058
0.995453137502
0.512599767419
0.567556311571
0.995453137502
0.512599767419
0.567556311571
0.995453137502
0.512754453669
0.567195126277
1.0
0.512643980373
0.568200653167
1.0
0.512234134952
0.568853399958
1.0
0.512331249603
0.568276792301
1.0
0.512830040823
0.5676344827
1.0
0.51296426073
0.566553442697
1.0
0.512942401433
0.566655858791
1.0
0.512942401433
0.566655858791
1.0
0.512955464256
0.566568066625
1.0
0.511387785418
0.566667388063
0.977770030155
0.511589626664
0.565589412902
0.977770030155
0.51410287384
0.565753950639
1.0
0.513663325949
0.56747549689
1.0
0.51208151973
0.566537296422
1.0
0.512250545976
0.566031327891
1.0
0.512351652922
0.566777306765
1.0
0.512567315115
0.566064380862
1.0
0.512567315115
0.566064380862
1.0
0.512354764014
0.564890471958
1.0
0.512302159163
0.565513323962
1.0
0.511591501982
0.565729763484
1.0
0.511703047208
0.56538860318
1.0
0.512795776888
0.565769071695
1.0
0.512757877683
0.565593879079
1.0
0.512637195589
0.565103760987
0.990944998564
0.512675092098
0.564919057881
0.990944998564
0.512675092098
0.564919057881
0.990944998564
0.511458674
0.564974527993
1.0
0.51138233768
0.564664669765
1.0
0.514031774531
0.566361695409
1.0
0.514036761094
0.566625451878
1.0
0.512679760329
0.564971398473
1.0
0.512863582058
0.564917775834
1.0
0.512883630766
0.563980925871
1.0
0.512883630766
0.563980925871
1.0
0.512999870772
0.563512539225
1.0
0.513789909721
0.567360640363
1.0
0.513662345619
0.56726187337
1.0
0.513848286056
0.56686470929
0.969370179907
0.514069980137
0.566554786294
0.969370179907
0.515024830001
0.565377801606
1.0
0.514971551381
0.56605709675
1.0
0.51474100005
0.567307528332
1.0
0.514515517553
0.567863515854
1.0
0.514515517553
0.567863515854
1.0
0.513093984194
0.56886046761
1.0
0.513368924451
0.568504358991
1.0
0.514776817134
0.570460820069
1.0
0.514706692443
0.571026259046
1.0
0.515393385591
0.570851337832
1.0
0.515430549191
0.570639770539
1.0
0.519274530246
0.574337806567
1.0
0.519434691447
0.575322596859
1.0
0.519434691447
0.575322596859
1.0
0.51896272921
0.578533646113
1.0
0.518940495821
0.578579825004
1.0
0.519473806959
0.580709897985
1.0
0.519355895594
0.581191595796
1.0
0.520688398055
0.581924016933
1.0
0.520859352498
0.582189561589
1.0
0.520859352498
0.582189561589
1.0
0.521979531647
0.583704683084
1.0
0.522085111131
0.584276103061
1.0
0.523509513585
0.588735869275
1.0
0.523622090679
0.589112294278
1.0
0.525987585438
0.591667569857
1.0
0.526159077163
0.592194955
1.0
0.526650269434
0.594060848283
1.0
0.526809999931
0.595579366667
1.0
0.527768719291
0.597567260141
1.0
0.527813367055
0.59771186068
1.0
0.527813367055
0.59771186068
1.0
0.530972676105
0.601609906626
1.0
0.531156707361
0.602282225559
1.0
0.533152966146
0.606099022694
1.0
0.53345347399
0.606138806932
1.0
0.534370761435
0.609491474489
1.0
0.534441781666
0.610854784586
1.0
0.53496022484
0.613356687291
1.0
0.53496022484
0.613356687291
1.0
0.535151235141
0.614184593922
1.0
0.535808271738
0.613207574512
1.0
0.535841616935
0.61392307496
1.0
0.537349186035
0.61639721261
1.0
0.53744780551
0.616951860616
1.0
0.538173100647
0.618910157355
1.0
0.538372162781
0.620176318443
1.0
0.540991627543
0.622706231036
1.0
0.540991627543
0.622706231036
1.0
0.541311576299
0.623251382729
1.0
0.542377878758
0.625796659184
1.0
0.542462564545
0.625825213316
1.0
0.543688516078
0.627650764782
0.969176441116
0.543668989215
0.62819563963
0.969176441116
0.546113335275
0.63099893459
0.995178269956
0.546191605318
0.632225374063
0.995178269956
0.545475965952
0.632427862322
0.995178269956
0.545475965952
0.632427862322
1.0
0.546049467852
0.632536631411
1.0
0.54745992598
0.634097112276
1.0
0.547514900745
0.635053300077
1.0
0.547399124649
0.638139833841
1.0
0.547480623796
0.638627524075
1.0
0.549781648875
0.639741177097
0.993533999645
0.550144885505
0.639713109053
0.993533999645
0.551947123756
0.643118822902
1.0
0.551935875185
0.644879992677
1.0
0.551935875185
0.644879992677
1.0
0.552050572705
0.645478304734
0.884528479995
0.552527484194
0.643038738282
0.884528479995
0.553726161916
0.647349107584
1.0
0.554135651308
0.647770760908
1.0
0.554373595152
0.646038626103
1.0
0.554785049188
0.646060825665
1.0
0.556434437145
0.647216880493
1.0
0.556434437145
0.647216880493
1.0
0.55653716538
0.647957140282
1.0
0.555927787773
0.649768946279
0.895264895386
0.555703125693
0.65116291664
0.895264895386
0.555830555338
0.652315945676
1.0
0.556153985
0.652335658306
1.0
0.555589864512
0.652294548137
0.978276904439
0.555278131107
0.655037357458
0.978276904439
0.555725248812
0.655692239568
0.978276904439
0.555725248812
0.655692239568
1.0
0.55590143819
0.656054528626
1.0
0.555821438254
0.656488151231
1.0
0.555898771589
0.656550721943
1.0
0.554817241208
0.655886111964
1.0
0.555009553883
0.656009021376
1.0
0.554983713491
0.657257612629
1.0
0.555366919864
0.656093662116
1.0
0.555641464207
0.655976062277
1.0
0.555641464207
0.655976062277
0.967350738985
0.5556679947
0.656326666438
0.967350738985
0.555135285851
0.65550303845
0.98984539622
0.554901547493
0.657152825798
0.98984539622
0.553893807093
0.657033986551
1.0
0.553905625725
0.656478818875
1.0
0.554141815825
0.656025870067
1.0
0.554231093116
0.656113156939
1.0
0.553911799001
0.655389730497
1.0
0.553911799001
0.655389730497
1.0
0.553813544778
0.655177717752
1.0
0.552655004263
0.654967311348
0.969879003208
0.552811638408
0.654878332454
0.969879003208
0.552380911922
0.654253933195
0.961380722346
0.552673672856
0.653449365976
0.961380722346
0.552811134989
0.65348408431
0.982955818498
0.552254713069
0.655500391219
0.982955818498
0.552202401516
0.654815527183
1.0
0.552195095196
0.653763983294
1.0
0.552195095196
0.653763983294
1.0
0.552628194315
0.65418850084
1.0
0.552867054936
0.653649414486
1.0
0.553547519087
0.652989286554
1.0
0.553647407009
0.652383572401
1.0
0.55232519883
0.652152285478
0.978249888601
0.552289741999
0.651441548956
0.978249888601
0.553789630409
0.649892768447
0.884743960849
0.554213760829
0.64855362865
0.884743960849
0.554213760829
0.64855362865
