0.858403597783
0.615518267248
0.65931937401
0.812846673675
0.615112034956
0.660117784297
0.796426648128
0.615117635025
0.660116414527
0.99
0.621554292842
0.59914957171
0.99
0.621554292842
0.59914957171
0.99
0.621554292842
0.59914957171
0.99
0.621554292842
0.59914957171
0.937761816613
0.638601120006
0.631793799844
0.937761816613
0.665579980291
0.565533927481
0.937761816613
0.665579980291
0.565533927481
0.937761816613
0.666885913529
0.562316313153
0.937761816613
0.667293253977
0.561093774472
0.937761816613
0.667258362784
0.560543527802
0.937761816613
0.667212710445
0.560584862535
0.937761816613
0.667571069805
0.559488533951
0.937761816613
0.667571069805
0.559488533951
0.937761816613
0.667571069805
0.559488533951
1.0
0.66796657267
0.570094833181
1.0
0.667795383838
0.57052760787
1.0
0.667795884374
0.570383491732
1.0
0.667795884374
0.570383491732
1.0
0.66763786321
0.570956252018
1.0
0.668132215856
0.569820710458
1.0
0.668257506812
0.569252679992
1.0
0.667926888445
0.569360020601
1.0
0.664868188806
0.57637199576
1.0
0.660801125881
0.585771738574
1.0
0.657824915213
0.592192414956
1.0
0.657412974141
0.593618399885
1.0
0.657412974141
0.593618399885
1.0
0.655570451638
0.597163128581
1.0
0.655431167933
0.596601747643
1.0
0.6533057193
0.600876002004
0.977684430826
0.649531209328
0.6152017941
0.977684430826
0.647441036467
0.619135740856
0.977684430826
0.647441036467
0.619135740856
0.977684430826
0.645388463175
0.622669149975
0.977684430826
0.645388463175
0.622669149975
0.977684430826
0.643242514797
0.626502107202
0.828318707898
0.63068824814
0.646772577941
0.828318707898
0.63068824814
0.646772577941
0.828318707898
0.566947671821
0.677136711435
0.99
0.632913445349
0.623463840027
0.973135562043
0.633395240779
0.625083113072
0.973135562043
0.628149924212
0.648356852206
0.866362118898
0.624093482902
0.646565314693
0.866362118898
0.622280804721
0.647358939982
1.0
0.623351560192
0.648237920174
1.0
0.62245747266
0.648175235464
1.0
0.62142986853
0.648602276655
1.0
0.62142986853
0.648602276655
1.0
0.618514623668
0.65069772228
1.0
0.617176114298
0.645866346794
1.0
0.612911181087
0.640250771817
1.0
0.612911181087
0.640250771817
1.0
0.60658820786
0.637639867949
1.0
0.599530374044
0.629543908624
1.0
0.597247438067
0.628592011911
1.0
0.601688298796
0.633129207506
1.0
0.6012102489
0.633000230012
1.0
0.598272770219
0.630473978706
1.0
0.597307927675
0.630827527069
1.0
0.590886608257
0.626608325199
1.0
0.591511742608
0.629951222279
1.0
0.591511742608
0.629951222279
1.0
0.589379393144
0.628030461704
1.0
0.576879998243
0.610834107068
1.0
0.578122000532
0.613454341007
1.0
0.579089196523
0.612382568164
1.0
0.579089196523
0.612382568164
1.0
0.579135467322
0.614168751821
1.0
0.579174607077
0.615630349482
1.0
0.574485825766
0.61060805958
1.0
0.574485825766
0.61060805958
1.0
0.575254208893
0.613472877892
1.0
0.557037838313
0.589532643905
1.0
0.557037838313
0.589532643905
0.99
0.619149915527
0.639202927869
0.99
0.616894030832
0.647463846912
0.99
0.606893569172
0.654134445295
0.99
0.606893569172
0.654134445295
0.99
0.626167616718
0.659219096911
0.99
0.650245721134
0.60849035877
0.99
0.651611263622
0.605271869562
0.99
0.651611263622
0.605271869562
1.0
0.650868702495
0.609304215504
1.0
0.650868702495
0.609304215504
1.0
0.652568935509
0.606091962604
0.944084090183
0.650569304286
0.61600203685
0.944084090183
0.650569304286
0.61600203685
0.944084090183
0.651751233684
0.614037693583
0.944084090183
0.651159248814
0.61499412064
0.99
0.614686633654
0.579648160343
0.99
0.614686633654
0.579648160343
0.99
0.615094611172
0.576998903801
1.0
0.638225091025
0.570673452002
1.0
0.638411674965
0.570386826971
1.0
0.612825085514
0.577787053847
1.0
0.612894876624
0.576364848386
1.0
0.612757689234
0.574498145899
1.0
0.612757689234
0.574498145899
1.0
0.602090301107
0.588834125019
1.0
0.60593823476
0.574161231401
1.0
0.606041873452
0.573870241873
0.985397095162
0.603805806704
0.579858758098
0.985397095162
0.603805806704
0.579858758098
0.985397095162
0.603805806704
0.579858758098
0.985397095162
0.603800405758
0.578509331743
0.903548498544
0.60138105126
0.581170500506
0.903548498544
0.60198938097
0.581300445589
0.99
0.644950758916
0.617992821395
0.99
0.641920849435
0.625288618846
0.99
0.641920849435
0.625288618846
0.99
0.643952053674
0.582811824451
0.99
0.644037331233
0.551958251475
0.99
0.642798279955
0.558193954475
0.99
0.642798279955
0.558193954475
0.99
0.642798279955
0.558193954475
0.717391545223
0.57464432245
0.481003906932
0.717391545223
0.57464432245
0.481003906932
0.717391545223
0.572864835462
0.480429432089
0.717391545223
0.572864835462
0.480429432089
0.717391545223
0.571513642757
0.480488750592
0.717391545223
0.568843743832
0.47717131369
0.717391545223
0.533967479884
0.444386811307
0.951713897685
0.560124810783
0.52763187193
0.957732664901
0.558411655656
0.522377618182
0.922006715795
0.521742032864
0.449805476456
0.922006715795
0.521742032864
0.449805476456
0.922006715795
0.524495912515
0.457954190816
0.831431578607
0.52962533739
0.462867609001
0.831431578607
0.521868812908
0.454158489103
0.933341973243
0.499069330079
0.481938310237
0.933341973243
0.493533842489
0.477704462058
0.933341973243
0.493533842489
0.477704462058
0.933341973243
0.482763163378
0.46678016207
0.933341973243
0.474998582134
0.458625824877
1.0
0.482593385113
0.460809534951
0.99099713956
0.478949923088
0.457745585281
0.99099713956
0.478949923088
0.457745585281
0.99099713956
0.476258763777
0.459736649291
0.99099713956
0.476258763777
0.459736649291
0.989834503968
0.473419513619
0.457784142391
0.815176534571
0.414166489054
0.448590583261
0.815176534571
0.41250357672
0.44603568538
0.988882172715
0.639007802909
0.720782619094
0.988882172715
0.639007802909
0.720782619094
0.99
0.632963065349
0.707638043363
0.943418736594
0.632888890529
0.709751511435
0.943418736594
0.633257103992
0.710802908054
0.99
0.221614611607
0.098561767579
0.99
0.221614611607
0.098561767579
0.99
0.221614611607
0.098561767579
0.99
0.598570720452
0.676247323382
0.99
0.598570720452
0.676247323382
0.930066083232
0.606339152885
0.66677443413
0.930066083232
0.606177659817
0.664878863972
0.924018944935
0.606195925607
0.667231219726
0.924018944935
0.607850895445
0.669240875026
0.924018944935
0.607850895445
0.669240875026
0.948095230864
0.60991978999
0.689356576936
0.948095230864
0.60991978999
0.689356576936
0.921745947782
0.62103128703
0.721609420662
0.869587427057
0.62124126027
0.721711419188
0.921745947782
0.620150581723
0.723247032544
0.913365958076
0.621201454558
0.717536843177
0.913365958076
0.620229817043
0.718509493691
0.913365958076
0.61965948498
0.719534290925
0.913365958076
0.61965948498
0.719534290925
0.913365958076
0.619342781291
0.719930371794
0.944726084097
0.619112262353
0.720144402735
0.869745079229
0.619000260601
0.720971299545
0.869745079229
0.473715711245
0.612558863423
0.869745079229
0.473715711245
0.612558863423
0.833940741889
0.474156448311
0.666150827586
0.833940741889
0.474156448311
0.666150827586
0.833940741889
0.474156448311
0.666150827586
0.833940741889
0.474156448311
0.666150827586
0.833940741889
0.474156448311
0.666150827586
0.833940741889
0.474156448311
0.666150827586
