1.0
0.310904867835
0.199913873177
1.0
0.311029674517
0.199646086961
1.0
0.306543501338
0.197452717536
1.0
0.306525488912
0.197560015136
1.0
0.305330317647
0.197049829624
1.0
0.305384335919
0.196544674392
1.0
0.304962217296
0.195991772064
1.0
0.304962217296
0.195991772064
1.0
0.304914932683
0.195852534986
1.0
0.304998774945
0.196270747131
1.0
0.304996876569
0.196319759074
1.0
0.304505045236
0.195377272026
1.0
0.304550134446
0.195338206348
1.0
0.303140225029
0.194746577452
1.0
0.303130067421
0.194379264589
1.0
0.303190933531
0.193384194134
1.0
0.303190933531
0.193384194134
1.0
0.303245864209
0.192869524244
1.0
0.302767505196
0.193047921627
1.0
0.30274641032
0.193362438058
1.0
0.302407702831
0.19315755543
1.0
0.302383020472
0.193243974055
1.0
0.302823577917
0.192009671798
1.0
0.302900061879
0.191419460525
1.0
0.302366211362
0.192819957012
1.0
0.302366211362
0.192819957012
1.0
0.302374340435
0.193112333415
1.0
0.302056630694
0.192739341327
1.0
0.302005955966
0.192889996919
1.0
0.301891178241
0.193635158368
1.0
0.301933717948
0.193730085238
1.0
0.301773650133
0.194430290828
1.0
0.301814576227
0.193979561861
1.0
0.30117057841
0.192800124333
1.0
0.30117057841
0.192800124333
1.0
0.301122693268
0.193362989389
1.0
0.300395231723
0.193644458599
1.0
0.300469802111
0.193185610076
1.0
0.300427260519
0.192846924017
1.0
0.300403237623
0.193359965826
1.0
0.299541186107
0.193844768523
1.0
0.299568853603
0.193785249346
1.0
0.299729551804
0.193274939182
1.0
0.299729551804
0.193274939182
1.0
0.299768898716
0.193061727647
1.0
0.298656543617
0.193576912764
1.0
0.298684073726
0.194097431382
1.0
0.297883036526
0.193317181567
1.0
0.297881802452
0.19342314096
1.0
0.297806523768
0.193982996336
1.0
0.297789285165
0.194056096326
1.0
0.297459918249
0.194161878533
1.0
0.297459918249
0.194161878533
1.0
0.297587603024
0.193828043508
1.0
0.296957907748
0.193781377232
1.0
0.296973623894
0.194238248838
1.0
0.296570037792
0.194053095631
1.0
0.29667147824
0.193722622081
1.0
0.297316002931
0.194601148862
1.0
0.297350843684
0.194710313265
1.0
0.297888005831
0.196348067636
1.0
0.297888005831
0.196348067636
1.0
0.298088592766
0.195778697621
1.0
0.297560601557
0.194584157895
1.0
0.297484093831
0.194108820012
1.0
0.293789193631
0.189749217173
1.0
0.293200326255
0.192064491511
1.0
0.29178585387
0.18896752508
1.0
0.291861046505
0.188482056866
1.0
0.294379335495
0.191018213586
1.0
0.294379335495
0.191018213586
1.0
0.294763543337
0.189230644157
1.0
0.296370898363
0.191527119013
1.0
0.296768168761
0.190020952513
1.0
0.298226571416
0.191813414532
1.0
0.29851854072
0.190957150628
1.0
0.299793359595
0.192632003784
1.0
0.300066821153
0.191595702228
1.0
0.302755870784
0.194981700772
1.0
0.302755870784
0.194981700772
1.0
0.30312987902
0.194092890016
1.0
0.303957424063
0.195049203047
1.0
0.304307194632
0.194119924144
1.0
0.305353724392
0.195758434325
1.0
0.305702785691
0.193768502326
1.0
0.307283519067
0.195655834408
1.0
0.307586578194
0.194924057516
1.0
0.307877340553
0.195910055279
1.0
0.307877340553
0.195910055279
1.0
0.308180617145
0.19486057254
1.0
0.310116086024
0.196311310058
1.0
0.310367059847
0.195714554741
1.0
0.311703044642
0.198406145444
1.0
0.312012885703
0.198192178823
1.0
0.314074986762
0.200233039768
1.0
0.314436805041
0.19912760919
1.0
0.314436805041
0.19912760919
1.0
0.315630672377
0.200569073546
1.0
0.315880720048
0.200140902797
1.0
0.317057437366
0.202620883641
1.0
0.317382947893
0.202597265221
1.0
0.318624206229
0.205169243046
1.0
0.318876721802
0.205377093619
1.0
0.32049667893
0.208432911978
1.0
0.320745552
0.208496991057
1.0
0.322485445946
0.210977756992
1.0
0.322485445946
0.210977756992
1.0
0.322863595035
0.210501388494
1.0
0.323488220097
0.21222296788
1.0
0.323653709047
0.213297527454
1.0
0.324586167531
0.216331804032
1.0
0.324757527699
0.216690251954
1.0
0.32604796461
0.221499661535
1.0
0.32630933488
0.221122890644
1.0
0.32630933488
0.221122890644
1.0
0.326833724503
0.221514676771
1.0
0.326993164836
0.221934862756
1.0
0.328364944277
0.223869158826
1.0
0.328554795715
0.224304580326
1.0
0.328411696934
0.226327936522
1.0
0.328618829063
0.22655839089
1.0
0.329114775446
0.229557353169
1.0
0.329304271613
0.230775063279
1.0
0.330299765134
0.233067878465
1.0
0.330299765134
0.233067878465
1.0
0.330561175585
0.233085316387
1.0
0.332191064348
0.23690027285
1.0
0.332373670708
0.237744755076
1.0
0.33330600281
0.241523593628
1.0
0.333601758431
0.241415251715
1.0
0.336073884872
0.245284081646
1.0
0.336339845524
0.245412798627
1.0
0.336339845524
0.245412798627
1.0
0.33676984688
0.247364122562
1.0
0.337092226604
0.247376825228
1.0
0.337515315871
0.249627561405
1.0
0.337787610749
0.249208192025
1.0
0.339535549126
0.250776374635
1.0
0.339774164858
0.251370326691
1.0
0.341452138943
0.253097557658
1.0
0.341452138943
0.253097557658
1.0
0.341624011571
0.253448959166
1.0
0.342538739372
0.255449953051
1.0
0.342777880407
0.255078418677
1.0
0.343688322688
0.255837918919
1.0
0.343781557418
0.255845973674
1.0
0.344082718488
0.257339716641
1.0
0.344324535833
0.256981837277
1.0
0.345218683496
0.258773283339
1.0
0.345297281766
0.258026651375
1.0
0.344492816919
0.257327231019
1.0
0.344492816919
0.257327231019
1.0
0.344540719044
0.257173631659
1.0
0.345349859912
0.257260829909
1.0
0.345373321754
0.25725035048
1.0
0.344576377427
0.256066211111
1.0
0.34465055686
0.255408258878
1.0
0.345019097819
0.255772907039
1.0
0.345159732886
0.254404145686
1.0
0.345738225179
0.254481362998
1.0
0.345738225179
0.254481362998
1.0
0.345843966792
0.25337646356
1.0
0.345835502194
0.253327814808
1.0
0.345909378715
0.252164946966
1.0
0.346064210167
0.251183146328
1.0
0.346058419341
0.250734759317
1.0
0.346111491781
0.249322525224
1.0
0.346159766552
0.248977839758
1.0
0.346710586552
0.249115303298
1.0
0.346710586552
0.249115303298
1.0
0.346831665636
0.248060354714
1.0
0.346799136546
0.247368265699
1.0
0.34679901772
0.246620069385
1.0
0.346355631934
0.246583769308
1.0
0.346440451703
0.245820525113
1.0
0.347430859965
0.246047152513
1.0
0.347381389315
0.246264170585
1.0
0.347381389315
0.246264170585
1.0
0.347194206432
0.245875476
1.0
0.347285184022
0.245420206292
1.0
0.347647465055
0.245092587856
1.0
0.347677145756
0.244932314119
1.0
0.347487784366
0.246122054856
1.0
0.347510111496
0.245435846392
1.0
0.348561850923
0.246598480152
1.0
0.348517907932
0.246786168458
1.0
0.348332182139
0.246513584717
1.0
0.348332182139
0.246513584717
1.0
0.348409694283
0.246492372825
1.0
0.348740617261
0.246262084437
1.0
0.34872323745
0.246129026568
1.0
0.348960934138
0.247061121345
1.0
0.349048160746
0.246483409927
1.0
0.349744451036
0.24644759285
1.0
0.349770817585
0.246449172211
1.0
0.349486141668
0.247043341935
1.0
0.349486141668
0.247043341935
1.0
0.349494495031
0.246717180915
1.0
0.348961345274
0.245400015323
1.0
0.348993269747
0.244800091841
1.0
0.349791066314
0.244144903941
1.0
0.349832471178
0.244181465878
1.0
0.350929533286
0.245221559986
1.0
0.350929533286
0.245221559986
1.0
0.350967962434
0.244899466672
1.0
0.350609023525
0.244220137108
1.0
0.350631127471
0.244139158709
1.0
0.350122999579
0.243384910647
1.0
0.350099931668
0.243269138423
1.0
0.350801283619
0.244791179376
1.0
0.350811654381
0.244925614553
1.0
0.350291015724
0.244139471885
1.0
0.350324433333
0.24386928868
1.0
0.35129408186
0.244623896458
1.0
0.35129408186
0.244623896458
1.0
0.351307355218
0.244531315606
1.0
0.35191176598
0.244803860387
1.0
0.351881415156
0.245360098998
1.0
0.35123608604
0.245430026353
1.0
0.35118479284
0.24562327795
1.0
0.351968451161
0.246388925238
1.0
0.351968451161
0.246388925238
1.0
0.352059643615
0.24594063178
1.0
0.351994414226
0.244632046675
1.0
0.351978504064
0.244621157869
1.0
0.352500117094
0.245315255204
1.0
0.352547503531
0.245340959186
1.0
0.351643879031
0.245013535359
1.0
0.351652934785
0.244974281446
1.0
0.351343038593
0.245123910582
1.0
0.351321169889
0.245082905138
1.0
0.3514232293
0.244391793073
