0.99
0.457669549233
0.709790830024
0.99
0.458982341845
0.710648005031
1.0
0.454741071672
0.716436400517
1.0
0.455739928396
0.71750524058
1.0
0.453995453589
0.72183444333
1.0
0.454420390848
0.721972894344
1.0
0.454946927021
0.723471840855
1.0
0.454946927021
0.723471840855
1.0
0.455771703617
0.724562136576
1.0
0.456262030498
0.725162671049
1.0
0.45723301899
0.726654599588
1.0
0.457618588376
0.727152235395
1.0
0.45851450444
0.728151687497
1.0
0.459075190528
0.728687634607
1.0
0.460013610928
0.728900015987
1.0
0.460491614815
0.729629692592
1.0
0.460491614815
0.729629692592
1.0
0.461542969062
0.730440667451
1.0
0.462067607918
0.730380122364
1.0
0.463089145328
0.730141795974
1.0
0.46369502923
0.730345741201
1.0
0.464658818717
0.730675071748
1.0
0.46542990773
0.730142882961
1.0
0.466339538379
0.730143011031
1.0
0.466838863409
0.729874571008
1.0
0.466838863409
0.729874571008
1.0
0.467606076732
0.728956633602
1.0
0.468400522302
0.727488345412
1.0
0.469532490713
0.726892368515
1.0
0.470194774595
0.725140739063
1.0
0.470913669829
0.724005534414
1.0
0.471595871342
0.721977323505
1.0
0.472423344947
0.721229446094
1.0
0.473226601796
0.718431659053
1.0
0.473226601796
0.718431659053
1.0
0.474052994498
0.717190707241
1.0
0.47473402737
0.714728877901
1.0
0.476001037706
0.713661076462
1.0
0.476879982915
0.711026758589
1.0
0.477600068407
0.709800720349
1.0
0.478240220731
0.70674918734
1.0
0.478932926411
0.705560611311
1.0
0.479840491375
0.702929469367
1.0
0.479840491375
0.702929469367
1.0
0.480460609548
0.702124069294
1.0
0.481298520445
0.699125955378
1.0
0.482562575664
0.69854648751
1.0
0.483558658046
0.695438788758
1.0
0.484055678587
0.6944921864
1.0
0.484751450981
0.692342984296
1.0
0.485615993869
0.691604240015
1.0
0.486420348898
0.689311296216
1.0
0.486420348898
0.689311296216
1.0
0.487534397514
0.68853521111
1.0
0.488249601301
0.686016191048
1.0
0.489178847875
0.685236674476
1.0
0.490218727365
0.682049907637
1.0
0.490960641964
0.681777649728
1.0
0.491691390799
0.680221704539
1.0
0.492442770726
0.679743833262
1.0
0.493194007989
0.67735776892
1.0
0.493194007989
0.67735776892
1.0
0.494056314059
0.677324457347
1.0
0.495112522061
0.674948638893
1.0
0.495938638221
0.674555873672
1.0
0.496626812819
0.672442200735
1.0
0.497514325952
0.672668335546
1.0
0.498566476462
0.671314554805
1.0
0.49942160036
0.671262693247
1.0
0.500196893499
0.669199010423
1.0
0.500196893499
0.669199010423
1.0
0.500068384955
0.669016850434
1.0
0.500593866682
0.66824695648
1.0
0.495810613354
0.667292119711
1.0
0.496710895333
0.665541922584
1.0
0.49342598282
0.666384908041
1.0
0.492404007841
0.666523537768
1.0
0.492850828331
0.668610742349
1.0
0.492850828331
0.668610742349
1.0
0.488869989703
0.67278992416
1.0
0.490357094599
0.674726393816
1.0
0.489228719465
0.678156471498
1.0
0.489812766739
0.67869630964
1.0
0.490996865792
0.679538532761
1.0
0.491740573966
0.680544863257
1.0
0.492779158261
0.681058039739
1.0
0.493366246984
0.682364642592
1.0
0.493545690216
0.683623541679
1.0
0.493545690216
0.683623541679
1.0
0.493949246238
0.68560943415
1.0
0.494280394516
0.686659092689
1.0
0.494763391446
0.688233479158
1.0
0.495325610165
0.689906436832
1.0
0.495556070434
0.691539040513
1.0
0.496174223418
0.693459197545
1.0
0.496197496926
0.696109690414
1.0
0.496197496926
0.696109690414
1.0
0.496928464956
0.697893545865
1.0
0.497095385084
0.699910300765
1.0
0.497555489382
0.702105888698
1.0
0.497700501162
0.704498894388
1.0
0.498073047854
0.707388471529
1.0
0.498034474353
0.710084553552
1.0
0.498542433324
0.712961827777
1.0
0.498660584361
0.715951313035
1.0
0.499218711237
0.718792800276
1.0
0.499218711237
0.718792800276
1.0
0.499345770761
0.722457640871
1.0
0.500042698179
0.725696010596
1.0
0.500219979914
0.728858313391
1.0
0.500779674234
0.732865353055
1.0
0.501178699772
0.737023036707
1.0
0.501449824525
0.741280251297
1.0
0.501583995439
0.745419673714
1.0
0.502239078788
0.750139958479
1.0
0.502239078788
0.750139958479
1.0
0.502422178948
0.754017125479
1.0
0.503223127473
0.759081578041
1.0
0.503513603056
0.763940802529
1.0
0.504204369329
0.769801143124
1.0
0.504028454594
0.774703804727
1.0
0.504635688438
0.781174713742
1.0
0.504286971474
0.78627673273
1.0
0.505010796836
0.793245809292
1.0
0.505010796836
0.793245809292
1.0
0.504757001475
0.79817550193
1.0
0.505420585897
0.804758410767
