1.0
0.544452158543
0.514238591946
1.0
0.544455831897
0.514559547511
1.0
0.54450899813
0.515184309121
1.0
0.544490933093
0.515542477669
1.0
0.544044758035
0.515427945619
1.0
0.544046373314
0.515537685738
1.0
0.544504565898
0.515959898732
1.0
0.544676744644
0.516058567989
1.0
0.544662136126
0.516510435753
1.0
0.54420589631
0.517292289766
1.0
0.54420589631
0.517292289766
1.0
0.544268086176
0.517446036725
1.0
0.544609915492
0.51760005318
1.0
0.544541231967
0.517716928731
1.0
0.54418394353
0.518692507052
1.0
0.544099290277
0.518631533888
1.0
0.544044389747
0.519021673764
1.0
0.544044389747
0.519021673764
1.0
0.543959487999
0.519114867614
1.0
0.544267009222
0.518840149242
1.0
0.544174876889
0.518771914727
1.0
0.544195281379
0.519015239221
1.0
0.54425160636
0.519333460108
1.0
0.544105404038
0.519439984252
1.0
0.544209292808
0.519298421287
1.0
0.544274515895
0.519698752191
1.0
0.544108895265
0.519782866611
1.0
0.544108895265
0.519782866611
1.0
0.544124091447
0.519898339571
1.0
0.544140787326
0.519888095204
1.0
0.544463583815
0.519674615822
1.0
0.544277668115
0.519712668695
1.0
0.544112692754
0.520087946342
1.0
0.544329718228
0.520251363599
1.0
0.544283901436
0.520331680327
1.0
0.544355262137
0.520507926244
1.0
0.544423087608
0.520376587062
1.0
0.544423087608
0.520376587062
1.0
0.544518458123
0.520669948395
1.0
0.544376067157
0.520515832839
1.0
0.544550347982
0.520493013968
1.0
0.544687070505
0.520544437829
1.0
0.544517071891
0.520512335234
1.0
0.54461833526
0.520738533631
1.0
0.544541622855
0.521132909661
1.0
0.544541622855
0.521132909661
1.0
0.544541327702
0.520916415779
1.0
0.544435301877
0.52109205196
1.0
0.544375205454
0.52132311338
1.0
0.54456557255
0.521221980216
1.0
0.545359200904
0.524599223458
1.0
0.545213564931
0.524532638061
1.0
0.547511856699
0.532698961927
1.0
0.547334661653
0.532937607144
1.0
0.547334661653
0.532937607144
1.0
0.548131798939
0.538751594936
1.0
0.54830124363
0.541248701083
1.0
0.547804627634
0.542798226304
1.0
0.54867251368
0.549230666898
1.0
0.548299170943
0.54910831826
1.0
0.548745099035
0.556403616411
1.0
0.548583336779
0.555428328669
1.0
0.549058577287
0.559183216801
1.0
0.549058577287
0.559183216801
1.0
0.549197638145
0.559087163756
1.0
0.549551467912
0.558790600361
1.0
0.549523750794
0.558722684518
1.0
0.549520814055
0.55823929541
1.0
0.549515652605
0.558401026941
1.0
0.549491791756
0.558273546884
1.0
0.549533083318
0.558277848748
1.0
0.549533083318
0.558277848748
1.0
0.549560040975
0.558122522246
1.0
0.550003227122
0.558608024426
1.0
0.550023011622
0.558863314395
1.0
0.553739668909
0.56101041939
1.0
0.553627706299
0.56113841272
0.99
0.562212236801
0.568349681063
0.99
0.562243461098
0.568218813208
1.0
0.567563376272
0.572654749235
1.0
0.569659344275
0.570721546632
1.0
0.569659344275
0.570721546632
