0.888482359121
0.561666871896
0.407470827643
0.888482359121
0.547158684794
0.390682466565
0.888482359121
0.547158684794
0.390682466565
0.924257081769
0.547409636545
0.390079887371
0.924257081769
0.521255848903
0.359808448746
0.99
0.521178502698
0.362282786248
1.0
0.507919088695
0.353291038995
1.0
0.507666404863
0.354549445237
1.0
0.500900877794
0.347893592918
1.0
0.499011144407
0.347543026572
1.0
0.499011144407
0.347543026572
1.0
0.500477803226
0.351020568906
0.99
0.494745221857
0.353812317816
0.99
0.494485626214
0.353125776754
0.921955694223
0.492936689813
0.354711197326
0.921955694223
0.492616596598
0.354964877414
0.750743778608
0.486394033928
0.349414651549
0.750743778608
0.486187058193
0.348485516565
0.770434631008
0.486733083263
0.345030178764
0.770434631008
0.486781317635
0.346858937413
0.770434631008
0.486781317635
0.346858937413
0.99
0.485902493871
0.363900911013
0.99
0.486564619117
0.363228228034
0.8474387892
0.488567758477
0.358825513555
0.8474387892
0.488266738489
0.35994325598
0.843980647077
0.488495899698
0.359522288602
0.843980647077
0.488802179305
0.359533929532
1.0
0.48877819807
0.358813779916
1.0
0.48877819807
0.358813779916
1.0
0.489310494749
0.359133365916
0.823988047538
0.489112383512
0.360200135775
0.823988047538
0.48840185446
0.360933724958
0.84779156877
0.488052308193
0.35736910936
0.84779156877
0.488652261785
0.357453761358
0.90545101525
0.489283810727
0.364550160896
0.90545101525
0.489104974382
0.36459915566
0.998035262002
0.488782762419
0.362701290775
0.998035262002
0.488782762419
0.362701290775
0.998035262002
0.489758067176
0.363170422809
0.738000377131
0.489033778666
0.349132482764
0.738000377131
0.488387769578
0.348759477662
0.99
0.489468120275
0.363612166201
0.99
0.490560196023
0.365135749245
1.0
0.490884301616
0.364147655271
1.0
0.491872692495
0.365721308525
1.0
0.491678354799
0.36605780558
1.0
0.491678354799
0.36605780558
0.994387580326
0.491581605695
0.365702179223
0.994387580326
0.490764992793
0.364680548118
0.988437104514
0.491057560943
0.364339445941
0.988437104514
0.490516156286
0.363814314721
0.965004563169
0.490260679325
0.363663025203
0.965004563169
0.490180288534
0.362126673861
1.0
0.490234778291
0.361487391575
1.0
0.490234778291
0.361487391575
1.0
0.489607734974
0.363043974331
0.867566125812
0.489597289885
0.36355562211
0.867566125812
0.490721432421
0.363479342779
0.87558066076
0.490564427281
0.363887523363
0.87558066076
0.490955655648
0.364034552949
0.713350008638
0.489850329402
0.35111123627
0.713350008638
0.489238549772
0.351260615047
0.75399341969
0.489435357752
0.351101325178
0.75399341969
0.489435357752
0.351101325178
0.75399341969
0.489099286779
0.351884413605
0.99
0.489469221905
0.364918291856
0.99
0.490073339415
0.364005320027
1.0
0.490631223349
0.363894037593
1.0
0.490962051847
0.364804340109
0.861500195966
0.49132520051
0.36447030385
0.861500195966
0.490944695954
0.364900478426
0.741577378334
0.489860005368
0.355225307242
0.741577378334
0.48877129062
0.360677733451
0.741577378334
0.48877129062
0.360677733451
0.785437067004
0.488836632151
0.360665861101
0.785437067004
0.48878989262
0.375119391101
0.785437067004
0.48878989262
0.375119391101
0.780604548685
0.483571358772
0.442056798631
0.780604548685
0.484346458209
0.478135331259
0.780604548685
0.485080624594
0.484068543334
0.780604548685
0.483892456808
0.484466387421
0.780604548685
0.482700149885
0.493742677423
0.780604548685
0.484314096763
0.502413287099
0.780604548685
0.484277631585
0.501701155449
0.780604548685
0.483802317197
0.502454981224
0.780604548685
0.483802317197
0.502454981224
0.780604548685
0.483956462365
0.501126593207
0.99
0.48497204913
0.5048479679
0.99
0.485596319767
0.506527537392
0.99
0.486049762479
0.507670619313
0.968571195417
0.485720027045
0.512556591998
0.968571195417
0.486686141427
0.513366143611
0.836747093562
0.486469432609
0.50608860296
0.836747093562
0.486469432609
0.50608860296
0.836747093562
0.486715039965
0.505887347375
0.756238124789
0.486423399603
0.50309973776
0.756238124789
0.486315255861
0.503623958871
0.807586335034
0.486319822855
0.503809257672
0.807586335034
0.486899874805
0.50518217869
1.0
0.48715349644
0.506327537825
1.0
0.487269721494
0.504769134346
1.0
0.487269721494
0.504769134346
0.76044131296
0.487125195051
0.502418953988
0.76044131296
0.487199841166
0.502055947883
0.99
0.487247691415
0.512461561102
0.99
0.487200252265
0.513036502359
1.0
0.487451715413
0.513877312513
1.0
0.487644168202
0.515312495685
0.830390927189
0.487734116483
0.515138205441
0.830390927189
0.48725792632
0.514457210269
0.762499933678
0.486949158308
0.504449531846
0.762499933678
0.486949158308
0.504449531846
0.762499933678
0.487400206587
0.507054109015
0.99
0.487870689167
0.515501564013
0.99
0.487785161536
0.514350294576
1.0
0.487675025963
0.516066420531
1.0
0.488919703425
0.516037495654
0.830043442065
0.488865585398
0.51280826175
0.830043442065
0.489086008125
0.51460023726
0.830043442065
0.489086008125
0.51460023726
1.0
0.489026936167
0.515438707398
1.0
0.489817627004
0.515595234936
0.889494720295
0.489934192275
0.516611422517
0.889494720295
0.491669778076
0.518355173717
0.962906044291
0.491647465433
0.519071380439
0.962906044291
0.491908150717
0.519282204361
0.962906044291
0.491908150717
0.519282204361
1.0
0.491887598129
0.519121616664
1.0
0.491847074869
0.520107553746
1.0
0.491945182794
0.520071315395
1.0
0.49399948919
0.520738987798
1.0
0.493893095466
0.520537022891
1.0
0.495217387175
0.520439517697
1.0
0.494972267683
0.521542871852
1.0
0.496266643164
0.524564123779
0.908686689186
0.496199593689
0.524291040393
0.908686689186
0.497582258546
0.525060247554
0.908686689186
0.497582258546
0.525060247554
1.0
0.497597799314
0.524581572397
1.0
0.499909468109
0.526358430678
1.0
0.499847838635
0.526743327453
1.0
0.501715445855
0.52920740377
1.0
0.501534372661
0.528786762496
0.869042975048
0.502498067225
0.524094115889
0.869042975048
0.502222530986
0.524610951681
0.943834775068
0.494007018879
0.493486998034
0.943834775068
0.494007018879
0.493486998034
