0.992746642384
0.558140431823
0.362328195897
1.0
0.557363936553
0.360897190764
1.0
0.557278639026
0.358291362739
0.99
0.561429086634
0.325100210097
0.99
0.561429086634
0.325100210097
0.99
0.561429086634
0.325100210097
0.99
0.567428864393
0.287251922467
0.99
0.568930340057
0.279717830472
1.0
0.568313082398
0.278189246628
1.0
0.567705489419
0.27636836605
1.0
0.565103320648
0.272683260772
1.0
0.563177803867
0.271138568846
1.0
0.563177803867
0.271138568846
1.0
0.561399889466
0.268220701909
1.0
0.559162663542
0.265091020314
1.0
0.557547601753
0.263160621085
1.0
0.557547601753
0.263160621085
0.990784948474
0.556681782482
0.260920664204
1.0
0.555902208504
0.258877143235
0.957864923106
0.554177772344
0.257294448975
0.957864923106
0.552317905003
0.254076144007
0.979869706711
0.535367786312
0.28638818449
0.99
0.480993799691
0.311017464538
0.99
0.480993799691
0.311017464538
0.929959271144
0.448936648725
0.44132535677
0.99
0.433722733066
0.474212007984
0.987592576137
0.413813361757
0.482622300316
0.907983072256
0.414078958019
0.482891470094
0.907983072256
0.412499153391
0.500921795202
0.957070803467
0.405788079934
0.533938542498
0.952418915647
0.404283917487
0.534046255697
0.99
0.403227747062
0.540630999879
1.0
0.403988977521
0.544464625972
1.0
0.403988977521
0.544464625972
1.0
0.403326292552
0.549285807888
1.0
0.40246675838
0.550156574062
1.0
0.401406852077
0.548974506718
1.0
0.401397779541
0.549840105821
1.0
0.401397779541
0.549840105821
1.0
0.400236283316
0.548553889178
1.0
0.400370982828
0.54823160819
1.0
0.401100098193
0.546349217758
1.0
0.40143973593
0.544609247972
1.0
0.402206700629
0.542316524742
1.0
0.403353615578
0.540867782885
0.956367916705
0.403958305548
0.540534456615
0.956367916705
0.405738529102
0.536430785671
0.960796711709
0.406419698644
0.535969538056
1.0
0.406571753267
0.534622356641
1.0
0.407418741217
0.534605180864
1.0
0.408299532276
0.533844483366
1.0
0.408299532276
0.533844483366
0.984888332682
0.410498294705
0.533385020592
0.984888332682
0.411672369126
0.532684061754
0.984888332682
0.453827080204
0.5795731496
0.99
0.469502963618
0.574080410302
