1.0
0.543907862017
0.505077756612
1.0
0.543891674704
0.505834015864
1.0
0.544056157597
0.505996373584
1.0
0.544004812932
0.505821938515
1.0
0.543649161565
0.506255351509
1.0
0.543199331906
0.507193875782
1.0
0.543456564077
0.50719394505
1.0
0.54374694513
0.506933044696
1.0
0.54374694513
0.506933044696
0.642666196125
0.544535770259
0.506126111306
0.642666196125
0.544601593756
0.506837842835
1.0
0.544750266422
0.508696452903
1.0
0.544658751832
0.508649017563
1.0
0.543687475888
0.507740642753
1.0
0.543854910576
0.508150723762
1.0
0.544481457688
0.50971398873
1.0
0.544429678514
0.509665209057
1.0
0.544429678514
0.509665209057
1.0
0.543754619238
0.50905631142
1.0
0.543848557767
0.509300886088
1.0
0.544338510256
0.509988159911
1.0
0.544135903583
0.51113179878
1.0
0.543387909766
0.510962363508
1.0
0.543434895793
0.511046826411
1.0
0.543815522645
0.511166244677
1.0
0.543423723106
0.511860520329
1.0
0.543423723106
0.511860520329
1.0
0.544005023749
0.513029617974
1.0
0.544001739136
0.513646597725
1.0
0.543531546497
0.51345580757
1.0
0.54351873239
0.513899877334
1.0
0.543806828336
0.513806211705
1.0
0.543890908661
0.513462335137
1.0
0.543722299939
0.513349659775
1.0
0.543835357847
0.513614517282
1.0
0.543835357847
0.513614517282
1.0
0.543721668525
0.514769445854
1.0
0.543666172158
0.514436263695
1.0
0.543899069443
0.514097262537
1.0
0.543859591652
0.514717547996
1.0
0.543821945562
0.516454018247
1.0
0.543828207445
0.516774165103
1.0
0.544437047951
0.515999520044
1.0
0.545094329005
0.515276853829
1.0
0.545094329005
0.515276853829
1.0
0.551511375905
0.521360662465
1.0
0.557205242475
0.519364872765
