1.0
0.474018644081
0.532896838256
1.0
0.474018644081
0.532896838256
1.0
0.473210525294
0.538130701868
1.0
0.471126461584
0.544123504438
1.0
0.467748948336
0.55461354234
1.0
0.466248744374
0.5583398924
1.0
0.464484507748
0.566851935387
1.0
0.464910068984
0.569886167605
1.0
0.464858027422
0.575134361698
1.0
0.464618327866
0.575767416806
1.0
0.464618327866
0.575767416806
1.0
0.464503829891
0.577344873372
1.0
0.464165314802
0.579083928788
1.0
0.463759766226
0.581478646478
1.0
0.462464421265
0.58048316713
1.0
0.461900991434
0.582223070587
1.0
0.46220351922
0.582049175891
1.0
0.461856981038
0.582774378889
1.0
0.460645543562
0.581357714508
1.0
0.460645543562
0.581357714508
1.0
0.46035552724
0.581633677127
1.0
0.459565344229
0.580500879554
1.0
0.459306620346
0.580342026973
1.0
0.45865312976
0.578276831791
1.0
0.458250933947
0.577969303932
1.0
0.45755751978
0.576745048471
1.0
0.457241838789
0.576477603182
1.0
0.4568251697
0.574351425352
1.0
0.4568251697
0.574351425352
1.0
0.45662055591
0.573441203792
1.0
0.456283108804
0.571255631091
1.0
0.456270757356
0.570337997815
1.0
0.45658271144
0.56914603261
1.0
0.456694295838
0.568167476482
1.0
0.456592305165
0.565979380226
1.0
0.456769200333
0.564686267085
1.0
0.456769200333
0.564686267085
1.0
0.457737457464
0.563586171698
1.0
0.457999485984
0.562659596575
1.0
0.458568192581
0.560825960382
1.0
0.45908599487
0.559236414649
1.0
0.45940383036
0.558270059234
1.0
0.459709659085
0.557707969942
1.0
0.460450371618
0.556686211685
1.0
0.460450371618
0.556686211685
1.0
0.460749936026
0.555093229484
1.0
0.460985287201
0.553707313325
1.0
0.461346784037
0.551660890473
1.0
0.46140951627
0.55118234721
1.0
0.461806086913
0.54935384778
1.0
0.462460875045
0.549277791848
1.0
0.46274404327
0.548374218412
1.0
0.46364390862
0.548054522953
1.0
0.463938364414
0.547070057312
1.0
0.464421567428
0.547053976218
1.0
0.464421567428
0.547053976218
1.0
0.464956704952
0.546116692281
1.0
0.465237261798
0.545657401517
1.0
0.465496835848
0.545141209312
1.0
0.466022189769
0.545528893903
1.0
0.466190100247
0.544664866932
1.0
0.466652126944
0.544441220165
1.0
0.466652126944
0.544441220165
1.0
0.467095968391
0.543105263904
1.0
0.467538619435
0.543684590648
1.0
0.46783382364
0.543170597107
1.0
0.468971158787
0.5440988854
1.0
0.468976181711
0.544029742409
1.0
0.46962943617
0.54470844179
1.0
0.470000539311
0.544229471552
1.0
0.470217239323
0.545853425837
1.0
0.470375883281
0.546118456201
1.0
0.470884449769
0.547001798823
1.0
0.470884449769
0.547001798823
1.0
0.471064481754
0.547299757206
1.0
0.472257351613
0.549727170385
1.0
0.472481503794
0.551099976657
1.0
0.472876823261
0.553437862124
1.0
0.472983282626
0.554510469515
1.0
0.473702076046
0.556500971256
1.0
0.473702076046
0.556500971256
1.0
0.47394606653
0.55736252235
1.0
0.475058443648
0.559721254765
1.0
0.475534130994
0.560127039127
1.0
0.476762823091
0.563037008033
1.0
0.477143118824
0.564470202682
1.0
0.478229243917
0.56671970402
1.0
0.478560885971
0.567650799864
1.0
0.47901988888
0.569760685542
1.0
0.479309609632
0.571754636897
1.0
0.479309609632
0.571754636897
1.0
0.481029720936
0.575086178319
1.0
0.481460373266
0.576783260599
1.0
0.481813957379
0.57872895825
1.0
0.482171027571
0.579420157586
1.0
0.483658992052
0.581512744785
1.0
0.484262298887
0.581950247324
1.0
0.485165207834
0.584216437489
1.0
0.485531031792
0.585513795294
1.0
0.486264236198
0.58724149432
1.0
0.486264236198
0.58724149432
1.0
0.48664110792
0.587739961425
1.0
0.487205413536
0.589058696773
1.0
0.487712114786
0.588958446411
1.0
0.489514304195
0.589882236744
1.0
0.490028799092
0.590228344583
1.0
0.490988983682
0.591007988362
1.0
0.491386377573
0.591371290298
1.0
0.492028077757
0.593132753801
1.0
0.492028077757
0.593132753801
1.0
0.492277571631
0.593352031722
1.0
0.493280778958
0.593543044907
1.0
0.494121679184
0.593514824889
1.0
0.494862116799
0.594903343692
1.0
0.495251424097
0.595311714745
1.0
0.495993615754
0.596065144905
1.0
0.495993615754
0.596065144905
1.0
0.496598336021
0.596426651812
1.0
0.498350410874
0.597592257765
1.0
0.498748897298
0.59710550963
1.0
0.499216661466
0.598590453051
1.0
0.499730934608
0.598473356136
1.0
0.501432666331
0.598913919405
1.0
0.502006536881
0.598349738489
1.0
0.50270049855
0.59872307211
1.0
0.503190947467
0.598217568313
1.0
0.502961432984
0.600176938516
1.0
0.502961432984
0.600176938516
1.0
0.503307983276
0.599696954575
1.0
0.503928555415
0.599850592399
1.0
0.504192663023
0.599428307294
1.0
0.504068717752
0.59917153514
1.0
0.504733294481
0.598864336763
1.0
0.504748878276
0.597924149636
1.0
0.50476544417
0.59771230715
1.0
0.50476544417
0.59771230715
1.0
0.504583783796
0.596660103159
1.0
0.504568311392
0.596062749997
1.0
0.503746099278
0.595154667773
1.0
0.503823253316
0.594221749608
1.0
0.503206962027
0.593194776768
1.0
0.503195135986
0.592595177639
1.0
0.502072901201
0.59166822569
1.0
0.50174661998
0.591326977251
1.0
0.500498492912
0.590054433054
1.0
0.500498492912
0.590054433054
1.0
0.50030950234
0.589941636979
1.0
0.499544244139
0.589099002293
1.0
0.499352720866
0.589097873293
1.0
0.498498595526
0.587917913299
1.0
0.49809741883
0.58814526503
1.0
0.497546236864
0.588151427894
1.0
0.497184487706
0.588779039539
1.0
0.497184487706
0.588779039539
1.0
0.496364775165
0.589247339455
1.0
0.496091851711
0.590025883062
1.0
0.495408919395
0.590305985352
1.0
0.495165934574
0.59100930698
1.0
0.49477435914
0.591370553135
1.0
0.494644839708
0.592225930947
1.0
0.494383686435
0.593191400236
1.0
0.494051554212
0.594365490442
1.0
0.494051554212
0.594365490442
1.0
0.494352074667
0.595384174354
1.0
0.49429043401
0.596165372584
1.0
0.494604045894
0.597340949241
1.0
0.494691937001
0.597986621529
1.0
0.494929230741
0.598264804742
1.0
0.495001386915
0.599294153713
1.0
0.495362841523
0.599238788498
1.0
0.495387899697
0.600360091926
1.0
0.496176317018
0.604165988909
1.0
0.496176317018
0.604165988909
1.0
0.496433452663
0.60490164956
1.0
0.49391564321
0.611689574108
1.0
0.494365380595
0.612049764256
0.99
0.486958481651
0.624004212796
0.99
0.486120070199
0.628438815233
1.0
0.484809083736
0.635858394853
1.0
0.482118980428
0.647492878919
1.0
0.482118980428
0.647492878919
1.0
0.483121172484
0.651424184703
1.0
0.481040147935
0.665232632828
1.0
0.483370516662
0.666587452853
1.0
0.482810254498
0.674275282029
1.0
0.485072042186
0.675764544362
1.0
0.486091006195
0.67748870958
1.0
0.486866753853
0.678720591884
1.0
0.487378890698
0.678742270614
1.0
0.488237730697
0.680345652893
1.0
0.488237730697
0.680345652893
1.0
0.488545630399
0.680029965305
1.0
0.489378728856
0.681114380147
1.0
0.489976303649
0.6814675246
1.0
0.490751089722
0.682130716592
1.0
0.491048837608
0.682080210797
1.0
0.491404459497
0.683217748584
1.0
0.491404459497
0.683217748584
1.0
0.491652799627
0.683512900606
1.0
0.492239069414
0.685509832264
1.0
0.492447299762
0.685983582253
1.0
0.492790436975
0.687497999099
1.0
0.493066247319
0.68800689656
1.0
0.493320719036
0.688490961084
1.0
0.493377891895
0.689180329552
1.0
0.493606470396
0.690878657496
1.0
0.493606470396
0.690878657496
1.0
0.493850419469
0.69122271255
1.0
0.494071003996
0.692337492493
1.0
0.494273024015
0.693193531547
1.0
0.494579329755
0.694816666022
1.0
0.49471109394
0.695493285898
1.0
0.494673639544
0.697216784749
1.0
0.494722164384
0.698158268053
1.0
0.494366289217
0.699608330428
1.0
0.494205153225
0.700872182322
1.0
0.494246890937
0.701928175429
1.0
0.494246890937
0.701928175429
1.0
0.494191994631
0.702730744404
1.0
0.494367763149
0.703570582438
1.0
0.49460175119
0.704548682504
1.0
0.494532825632
0.706079431996
1.0
0.494333231247
0.706961411653
1.0
0.494203492992
0.70871634896
1.0
0.494203492992
0.70871634896
1.0
0.494438931811
0.709345002154
1.0
0.494432467431
0.710557094231
1.0
0.494071366151
0.71276728177
1.0
0.493991501929
0.71389967283
1.0
0.493951024048
0.714903634688
1.0
0.494072945846
0.716238385286
1.0
0.493967972656
0.717319053866
1.0
0.493382346823
0.716867660632
1.0
0.493382346823
0.716867660632
1.0
0.493369009573
0.71839366822
1.0
0.492920286295
0.718597408372
1.0
0.49270899931
0.719776752186
1.0
0.492113057573
0.720239752545
1.0
0.492046236168
0.722105870622
1.0
0.491978905215
0.722914673802
1.0
0.491887691823
0.724120210002
1.0
0.49194755695
0.725513710254
1.0
0.492080971658
0.726381410292
1.0
0.492222230708
0.726687616326
1.0
0.492222230708
0.726687616326
1.0
0.492099634041
0.727351409554
1.0
0.492242218923
0.72816435365
1.0
0.492186694778
0.729154718378
1.0
0.492360842426
0.729481279518
1.0
0.492439199692
0.730706791365
1.0
0.492735281907
0.731286145942
1.0
0.492812501371
0.731530883029
1.0
0.492812501371
0.731530883029
1.0
0.493117837565
0.732143071152
1.0
0.49303347111
0.73313839897
1.0
0.493137325438
0.733234345511
1.0
0.493279302323
0.733972995581
1.0
0.493344838084
0.734390548744
1.0
0.493365545217
0.734460765347
1.0
0.493709328383
0.73529552238
1.0
0.493808692793
0.735062880073
1.0
0.493637157285
0.735352219905
1.0
0.493637157285
0.735352219905
1.0
0.493610482858
0.735601299688
1.0
0.494230166025
0.735598099614
1.0
0.494157874988
0.735736665547
1.0
0.494097422239
0.736117593443
1.0
0.494067607925
0.736076107017
1.0
0.494217553814
0.736555412828
1.0
0.494217553814
0.736555412828
1.0
0.494271532561
0.736538093331
1.0
0.494176880743
0.736975693074
1.0
0.494121589471
0.737339243614
1.0
0.494371828981
0.737397770758
1.0
0.49431780546
0.737305505603
1.0
0.494254748869
0.737711189153
1.0
0.494279498584
0.737739949565
1.0
0.494167698572
0.737429239512
1.0
0.494167698572
0.737429239512
1.0
0.494077552805
0.737153559643
1.0
0.493922807522
0.736735216938
1.0
0.493895761678
0.736483249052
1.0
0.493840631058
0.736706408755
1.0
0.493686136293
0.736593874342
1.0
0.493729495772
0.736553634777
1.0
0.493694136371
0.736544360884
1.0
0.493610208639
0.736445389832
1.0
0.493588965681
0.736115095662
1.0
0.493754411756
0.735983883412
1.0
0.493754411756
0.735983883412
1.0
0.493741688878
0.735564634682
1.0
0.493715241221
0.735273430007
1.0
0.49378094987
0.735195113087
1.0
0.493682385052
0.735269333432
1.0
0.493763350771
0.734680167141
1.0
0.493527675151
0.734185647568
1.0
0.493518449304
0.733711028945
1.0
0.493518449304
0.733711028945
1.0
0.493884609127
0.734541889814
1.0
0.493947923067
0.733386814807
1.0
0.49418388241
0.73417382544
1.0
0.494071198967
0.734312457686
1.0
0.493994734101
0.733793992651
1.0
0.494084538892
0.733706764729
1.0
0.494099863015
0.734406451259
1.0
0.494099863015
0.734406451259
1.0
0.494043580506
0.734151055147
1.0
0.494203924432
0.73486738379
1.0
0.494167008017
0.734995410106
1.0
0.494394546475
0.73560371002
1.0
0.494432648371
0.736206982155
1.0
0.495020896205
0.736484570772
1.0
0.495018970486
0.736826738165
1.0
0.495606960146
0.737157151468
1.0
0.495388559803
0.737548065423
1.0
0.495388559803
0.737548065423
1.0
0.49527806857
0.73609475161
1.0
0.495153482644
0.735776724059
1.0
0.495277313902
0.734234201616
1.0
0.494861553566
0.73347355786
1.0
0.494405294868
0.730485812066
1.0
0.49395650214
0.729620460603
1.0
0.493553224422
0.725722101337
1.0
0.493553224422
0.725722101337
1.0
0.493166385739
0.723420973674
1.0
0.491523605077
0.717689266987
1.0
0.490787169447
0.714821445819
1.0
0.489160305455
0.708158570037
1.0
0.488772124802
0.703401751379
1.0
0.486906004898
0.696318989028
1.0
0.486543347657
0.690831620251
1.0
0.485014989511
0.683346995507
1.0
0.484781288253
0.677053744369
1.0
0.482906823221
0.670035403429
1.0
0.482906823221
0.670035403429
1.0
0.482756332073
0.663083799433
1.0
0.481273513094
0.657224495429
1.0
0.481387851524
0.648882221786
0.772864344493
0.46981046769
0.621401661756
0.772864344493
0.46981046769
0.621401661756
0.772864344493
0.469947625027
0.613878567429
0.772864344493
0.46994247315
0.60517703285
0.99
0.495929103372
0.614503847428
0.99
0.49586976797
0.607174469432
0.99
0.496485610971
0.599576443198
1.0
0.501262245896
0.600334241798
1.0
0.504143398014
0.593370961836
1.0
0.504143398014
0.593370961836
1.0
0.505010202093
0.586895383998
1.0
0.509207060853
0.5801232423
1.0
0.507546127351
0.573394112561
0.941747297487
0.510339046731
0.56568003448
0.610616942258
0.504767946827
0.55050393777
0.610616942258
0.505239737713
0.54368684773
0.901636493996
0.510160074029
0.548400944182
0.886649760194
0.509704754839
0.544738372749
0.886649760194
0.509019868783
0.539368191317
0.886649760194
0.509019868783
0.539368191317
0.850940373065
0.508488757695
0.536404181191
0.850940373065
0.507487187022
0.529840012572
0.861141822439
0.507903781815
0.524524223309
0.861141822439
0.507231986274
0.518923925864
1.0
0.509088417542
0.507936483077
1.0
0.507728527238
0.503110892532
1.0
0.508065392223
0.496990483313
1.0
0.508065392223
0.496990483313
1.0
0.506310100541
0.490712613117
1.0
0.506342490061
0.486032335032
1.0
0.505674036457
0.482146331964
1.0
0.505248044837
0.478813208419
1.0
0.503839359923
0.473376376089
1.0
0.50347309571
0.470241864271
1.0
0.502109659843
0.465211098236
1.0
0.501713918077
0.46237733261
1.0
0.501713918077
0.46237733261
1.0
0.500527048913
0.458581277882
1.0
0.500204329232
0.454288883741
1.0
0.498883188
0.45030260646
1.0
0.498085297608
0.448175788392
1.0
0.496624431267
0.443880157244
1.0
0.496279563998
0.441080654956
1.0
0.495287593105
0.436654600178
1.0
0.494801223836
0.434781436188
1.0
0.493604422732
0.431113403661
1.0
0.493604422732
0.431113403661
1.0
0.493005355008
0.429879228496
1.0
0.492137747994
0.426060720141
1.0
0.491737097199
0.423542751544
1.0
0.490788340503
0.420333679786
1.0
0.490216988902
0.418946771894
1.0
0.488152506085
0.414577151556
1.0
0.487609854793
0.413270551107
1.0
0.487609854793
0.413270551107
1.0
0.485834261702
0.408324671619
1.0
0.485064744449
0.408044701523
1.0
0.484033743881
0.406072556156
1.0
0.483760987153
0.404730431904
1.0
0.482513456864
0.401869867256
1.0
0.481746774849
0.401123425785
1.0
0.47980362054
0.397361590155
0.958064770297
0.479487402835
0.396182072875
0.958064770297
0.477973793269
0.393401398259
0.958064770297
0.477973793269
0.393401398259
0.970288411235
0.477591828524
0.393268114517
0.970288411235
0.476292521699
0.390701026308
0.951182891155
0.475730415374
0.389792225129
0.951182891155
0.475005961268
0.38927027363
0.957050419182
0.474351862895
0.390170239377
0.957050419182
0.472921279836
0.386971387633
0.970433776911
0.472385151548
0.388027335075
0.970433776911
0.472385151548
0.388027335075
0.970433776911
0.470737519438
0.387274362085
0.988275496413
0.470380563302
0.388384894054
0.988275496413
0.47933767473
0.41035818011
0.941807684094
0.478563544937
0.408857776051
0.941807684094
0.491071304232
0.452516639755
0.984327017487
0.491335578637
0.457627236861
0.984327017487
0.501580591503
0.500778982617
0.99
0.505791312196
0.522113443571
0.99
0.505791312196
0.522113443571
0.882694148951
0.535590969997
0.586612876912
0.882694148951
0.540969843925
0.610253512733
0.882694148951
0.545223010226
0.635595861816
0.928593170387
0.562625815541
0.650918467532
0.928593170387
0.566909201699
0.677891909921
0.899069293745
0.567536726026
0.723798014563
0.899069293745
0.572807715426
0.744887250254
0.899069293745
0.572807715426
0.744887250254
0.922741972937
0.587541807878
0.786523917148
0.922741972937
0.591331775872
0.80711103257
0.922741972937
0.595987793458
0.824356024263
0.96840051936
0.595614391226
0.827394740016
0.96840051936
0.59878136746
0.839801109251
0.99
0.599442841814
0.84610072559
1.0
0.600781033323
0.852644365192
1.0
0.600781033323
0.852644365192
1.0
0.600453153646
0.856572374085
1.0
0.601607959324
0.865309823616
1.0
0.599959203775
0.86589640635
1.0
0.601060008676
0.871892946713
1.0
0.597155010047
0.869845126362
1.0
0.597228798161
0.876438310192
1.0
0.593110855487
0.873180840254
1.0
0.592551085542
0.871360405114
1.0
0.592551085542
0.871360405114
1.0
0.588761942205
0.86792131087
1.0
0.587429219972
0.862790349994
1.0
0.583835696466
0.859644972332
1.0
0.582615049322
0.855597731713
1.0
0.5788920002
0.851574190883
1.0
0.577874627889
0.848383141586
1.0
0.574324779648
0.844252067141
1.0
0.573238444852
0.841310824356
1.0
0.573238444852
0.841310824356
1.0
0.570504291949
0.838155895454
1.0
0.569385394304
0.834359952879
1.0
0.566529311794
0.830210048968
1.0
0.56588275247
0.826852866632
1.0
0.562954130578
0.822847387865
1.0
0.562467011092
0.819427969394
1.0
0.561086480133
0.81769827902
1.0
0.561016309587
0.814168053369
1.0
0.561016309587
0.814168053369
1.0
0.559685352438
0.813129567385
1.0
0.559283810493
0.810825057671
1.0
0.558545832557
0.810608503874
1.0
0.558233337487
0.808802215872
1.0
0.558333313589
0.809948603374
1.0
0.55832475569
0.808265432343
1.0
0.559055885098
0.810274264341
1.0
0.558846831793
0.809581500639
1.0
0.559976423002
0.812911854558
1.0
0.559976423002
0.812911854558
1.0
0.560231014637
0.813255792431
1.0
0.561627905391
0.816422585216
1.0
0.562109488375
0.817648230132
1.0
0.563457248907
0.819180931294
1.0
0.563708694372
0.82062902151
1.0
0.562566146323
0.816936010298
1.0
0.563624343169
0.817965492499
1.0
0.563624343169
0.817965492499
0.99
0.555076407742
0.80011565974
0.99
0.555994395733
0.800229549208
0.99
0.544177740321
0.782162119801
0.99
0.54362887253
0.775368583141
0.99
0.531217805701
0.754110550517
0.99
0.527443732457
0.735122450234
0.99
0.517374638578
0.714729003873
0.99
0.512974353416
0.698126341672
0.99
0.512974353416
0.698126341672
0.985321941307
0.501258587752
0.675882788224
0.985321941307
0.497265165093
0.65942651067
0.99
0.482062170262
0.624488600028
0.99
0.478285456887
0.606958014815
0.99
0.475499177232
0.590239749985
0.99
0.468573170262
0.568927704006
0.99
0.467141891308
0.554168178385
0.899466559646
0.464988238771
0.551587273386
0.899466559646
0.464988238771
0.551587273386
0.899466559646
0.463616447046
0.543043829841
1.0
0.444281715394
0.503129286031
0.99
0.442725078546
0.489381827657
1.0
0.441246989145
0.484107732998
0.998155959173
0.438796378437
0.47779106046
0.99
0.435158831341
0.469358076085
0.99
0.435158831341
0.469358076085
0.965658144257
0.433361030542
0.463867146665
0.965658144257
0.43236379686
0.456639361467
0.96025717212
0.432027600887
0.453523420882
0.96025717212
0.432065373545
0.444470528368
0.940687127618
0.431726364574
0.442675183195
0.940687127618
0.431290266796
0.438842407191
0.940687127618
0.431290266796
0.438842407191
0.940687127618
0.431290266796
0.438842407191
1.0
0.429931567639
0.390347377986
1.0
0.427025434629
0.393749686012
1.0
0.427025434629
0.393749686012
0.794130743865
0.429367517514
0.505454068485
0.794130743865
0.428398535769
0.510651634757
0.794130743865
0.428073541963
0.511759876816
0.794130743865
0.427204586563
0.518134544308
0.794130743865
0.42645350435
0.522942823213
0.794130743865
0.426390122295
0.530088825608
0.794130743865
0.426414777871
0.534786541714
0.794130743865
0.426695659842
0.539635674949
0.794130743865
0.426295998361
0.543817789237
0.794130743865
0.426295998361
0.543817789237
0.922200855891
0.57173475717
0.552286475795
0.922200855891
0.571231706436
0.555590207803
