0.99
0.433604899727
0.470519129036
0.99
0.433604899727
0.470519129036
0.99
0.432997279189
0.469502994522
0.99
0.424761779937
0.481313688077
0.989278854975
0.425064779444
0.483182073785
0.989278854975
0.425488407569
0.485487918933
1.0
0.42525147154
0.484099710624
1.0
0.42685665749
0.483268199173
1.0
0.427229454701
0.484563391325
1.0
0.428237929011
0.484950119361
1.0
0.428131125755
0.485141018109
1.0
0.428131125755
0.485141018109
1.0
0.428340945458
0.486312852408
1.0
0.42872692963
0.486159901078
1.0
0.42904130982
0.485979021552
0.993351106777
0.42923626964
0.486514382854
0.993351106777
0.429786644698
0.487856526115
1.0
0.430243644204
0.4887352868
1.0
0.430243644204
0.4887352868
1.0
0.430179902982
0.489691398825
1.0
0.430201071571
0.490610429007
1.0
0.430349406675
0.491680276637
1.0
0.430765981035
0.493247270551
1.0
0.430920059663
0.493996865004
1.0
0.431127405109
0.4944640299
1.0
0.431164702085
0.495121622047
0.997645861557
0.431034963548
0.495287763972
0.997645861557
0.431034963548
0.495287763972
0.997645861557
0.431105891661
0.495860989294
0.999319088889
0.431205224325
0.496649033201
0.999319088889
0.431266869682
0.497452918145
1.0
0.431578436556
0.496901448989
1.0
0.431694266842
0.497686353063
1.0
0.431366026135
0.497485614013
1.0
0.431510149428
0.497186319103
1.0
0.431493078892
0.496554241065
1.0
0.431493078892
0.496554241065
1.0
0.431695434047
0.496514092532
1.0
0.432007858263
0.497301651892
1.0
0.432241775193
0.496777382101
1.0
0.432235359629
0.497046870355
1.0
0.432361718971
0.496427473324
1.0
0.433324125707
0.496555212083
1.0
0.433623931748
0.496478198649
0.984067432852
0.433253631468
0.495925304066
0.984067432852
0.433350268998
0.495419453621
0.984067432852
0.433350268998
0.495419453621
0.997821659424
0.433266821735
0.494304167655
0.997821659424
0.433482708245
0.493888734269
1.0
0.433957481386
0.493735087703
1.0
0.434174123935
0.493874778684
1.0
0.433721262631
0.492613300297
1.0
0.434010637998
0.492585787901
1.0
0.434242947518
0.492841484845
1.0
0.434517224072
0.49176685595
1.0
0.4345688609
0.491955452887
1.0
0.4345688609
0.491955452887
1.0
0.434790512477
0.491430241167
1.0
0.434993245336
0.491707845046
1.0
0.435312836553
0.491217393299
1.0
0.435507649961
0.491646431873
1.0
0.4356630518
0.491006834549
1.0
0.435401872094
0.491473645773
1.0
0.435771958507
0.49062782687
1.0
0.436719382133
0.491211294992
1.0
0.436719382133
0.491211294992
1.0
0.436797089195
0.490667167516
1.0
0.43688887423
0.490233023368
1.0
0.437205345819
0.489574715551
0.985125848275
0.437038965677
0.49021537867
0.985125848275
0.43720133241
0.489589771737
1.0
0.437235201444
0.488628722482
1.0
0.437227113406
0.488466361302
1.0
0.437227113406
0.488466361302
1.0
0.437527538841
0.489001288499
1.0
0.437737825119
0.488360563973
1.0
0.438111064575
0.488476231617
1.0
0.438286561915
0.488795523932
1.0
0.438144491655
0.489640991163
1.0
0.438362996632
0.489141106103
0.990947196898
0.437905229325
0.487924287366
0.990947196898
0.437905229325
0.487924287366
0.990947196898
0.437772505964
0.488248839131
1.0
0.437504281244
0.489742882896
1.0
0.437658646153
0.489384571048
1.0
0.436819917144
0.492565050446
1.0
0.437004787365
0.492132132808
0.977701649576
0.43731728698
0.496415623444
0.977701649576
0.437298476597
0.496835130597
1.0
0.437439942692
0.500609227214
1.0
0.437105072144
0.50181618568
1.0
0.437105072144
0.50181618568
0.892777838095
0.43793438285
0.503951572498
0.892777838095
0.4366865658
0.509508671026
0.97488416448
0.43673400557
0.509735684708
0.97488416448
0.436190789386
0.518178744647
0.996149304517
0.436519232532
0.517163221308
0.99
0.435367492025
0.536575328105
0.980530286426
0.434775448032
0.535938018869
0.980530286426
0.434775448032
0.535938018869
0.980530286426
0.435376247679
0.540616658662
0.961878775856
0.435903571352
0.540282530917
0.961878775856
0.436638142978
0.540558110365
0.910390194965
0.436645061302
0.541512538111
0.910390194965
0.436866647464
0.54051964616
0.982068316563
0.437074210349
0.540906622194
0.982068316563
0.437042373535
0.540244998303
0.991680059334
0.437932980906
0.539964748707
0.991680059334
0.438056232056
0.53906562961
0.933288050685
0.437196512601
0.538624786812
0.933288050685
0.437196512601
0.538624786812
0.933288050685
0.437175593335
0.538692660384
0.932401750244
0.437628469007
0.538896344951
0.932401750244
0.437738584556
0.538221980941
0.982261634124
0.437730967184
0.537787578521
0.982261634124
0.437716253275
0.537405942654
0.996753310271
0.437943694414
0.537585860269
0.996753310271
0.438017821797
0.537261895465
0.996753310271
0.438017821797
0.537261895465
0.972970314328
0.437513371754
0.536605575945
0.972970314328
0.437543225958
0.536410245819
0.946456191639
0.437024553585
0.536104714947
0.946456191639
0.437142025031
0.535629172178
0.98481513845
0.436937687315
0.534172185571
0.98481513845
0.437031382129
0.533419733252
0.971913367108
0.43757912622
0.534978019917
0.971913367108
0.43757912622
0.534978019917
0.971913367108
0.437610170629
0.53452833715
0.971773737575
0.438153904814
0.536161304788
0.971773737575
0.438160044191
0.535852860651
0.910044038519
0.438027432882
0.535183943333
0.910044038519
0.438120025365
0.534877281722
1.0
0.437980006174
0.53433536904
1.0
0.437943754566
0.533516589607
0.958820572354
0.437340850227
0.5330448808
0.958820572354
0.437430674686
0.533146686312
0.958820572354
0.437430674686
0.533146686312
0.949823016166
0.437173095096
0.531647265423
0.949823016166
0.437326501907
0.530576410857
0.964493533869
0.436998607077
0.529884399954
0.964493533869
0.437059982501
0.529527940438
0.990821456202
0.436823806498
0.529847915095
0.990821456202
0.436915583395
0.529092851265
1.0
0.436766542862
0.527904630759
1.0
0.436766542862
0.527904630759
1.0
0.436799491519
0.527734411467
0.96620033062
0.43683741729
0.528838374078
0.96620033062
0.43694993525
0.52799274211
1.0
0.436944898638
0.527699721137
1.0
0.436992818036
0.527413458861
0.972606162054
0.437452913411
0.52739716884
0.972606162054
0.43755051901
0.527134313162
0.945436498993
0.436986114863
0.526535910061
0.945436498993
0.43708269953
0.52573114213
0.945436498993
0.43708269953
0.52573114213
0.981244522142
0.437915856987
0.526997370644
0.981244522142
0.43793915811
0.527043763707
1.0
0.437631010065
0.525911866291
1.0
0.437653854272
0.525808609887
1.0
0.437171494868
0.525283764051
1.0
0.437203142856
0.52522446447
1.0
0.437312810371
0.525284092744
1.0
0.437312810371
0.525284092744
1.0
0.437332312814
0.52489465409
0.988617809906
0.436879927764
0.523221630709
0.988617809906
0.437011094055
0.523174264701
0.955555493432
0.436895775074
0.524093035242
0.955555493432
0.436886042614
0.523970067151
0.956920873609
0.436549529442
0.522558041828
0.956920873609
0.436460871045
0.522294817154
0.946568377361
0.436152638137
0.521555322969
0.946568377361
0.435985959495
0.521879382907
0.946568377361
0.435985959495
0.521879382907
0.869956401779
0.436163628241
0.523046221563
0.869956401779
0.436296173939
0.522802242763
0.946727310907
0.436568778822
0.523135161069
0.946727310907
0.436540575289
0.523058788475
0.958360888901
0.436387881794
0.522519947336
0.958360888901
0.436417472526
0.522537584155
1.0
0.437015730704
0.522877421149
1.0
0.43703044739
0.522881831898
1.0
0.43703044739
0.522881831898
0.974510733622
0.437046535168
0.522213582451
0.974510733622
0.436843925842
0.522504512451
0.960319676339
0.437151347805
0.523026818462
0.960319676339
0.437254132152
0.52255218448
1.0
0.436737452053
0.522500490043
1.0
0.436611854009
0.52267533313
0.956360301719
0.436647148843
0.522352763479
0.956360301719
0.436647148843
0.522352763479
0.956360301719
0.436670545767
0.522272360475
0.981299161374
0.436407623507
0.522233745435
0.981299161374
0.436487354055
0.522188610552
0.881004785862
0.436353809482
0.522688160225
0.881004785862
0.43637198419
0.522898985267
0.996571486545
0.436366067376
0.523206175511
0.996571486545
0.436533002287
0.52295343347
0.957337744983
0.436550810677
0.522652301126
0.957337744983
0.436447194725
0.522505735697
0.957337744983
0.436447194725
0.522505735697
0.970732624452
0.436123340913
0.521632408179
0.970732624452
0.436216242993
0.521376126072
1.0
0.436140959796
0.520611558145
1.0
0.436147122101
0.520250916193
0.901976931113
0.43619894185
0.520044281118
0.901976931113
0.436182114628
0.519772938587
0.936358985503
0.436524696308
0.520910883665
0.936358985503
0.436513405101
0.520461959299
0.936358985503
0.436513405101
0.520461959299
0.962112080316
0.43655541255
0.519623836731
0.962112080316
0.436539491893
0.519163007322
1.0
0.437049563789
0.520028091113
1.0
0.437148590154
0.519756008126
0.956809679077
0.436856910138
0.518290611025
0.956809679077
0.436986546525
0.517481958994
0.858902737929
0.437640763481
0.518221506316
0.858902737929
0.437640763481
0.518221506316
0.858902737929
0.437622302832
0.518130971285
0.987667429401
0.437488140095
0.519149630934
0.987667429401
0.437533618661
0.518640204218
1.0
0.437561937426
0.519017246845
1.0
0.437441041275
0.518707283458
0.969350463785
0.437108510191
0.518309464442
0.969350463785
0.437210755339
0.517607890775
0.98886993433
0.43747301753
0.517859257744
0.98886993433
0.437388610054
0.517591292874
0.98886993433
0.437388610054
0.517591292874
0.952693541902
0.43745371598
0.51778165063
0.952693541902
0.437608558014
0.517162798588
1.0
0.437783480353
0.518039393039
1.0
0.437962717908
0.517745954492
1.0
0.43867333433
0.518693522047
1.0
0.438726593358
0.51815438993
1.0
0.438659892838
0.518452336579
1.0
0.438659892838
0.518452336579
1.0
0.438708715125
0.518105335114
1.0
0.439136674775
0.519000922167
1.0
0.439285253883
0.518132123621
1.0
0.440072801034
0.517964445126
1.0
0.44020181532
0.517122220793
1.0
0.44061357563
0.518035853452
1.0
0.440763366476
0.518396505476
1.0
0.441278218938
0.519568255894
1.0
0.441228382329
0.519175045092
1.0
0.442003114404
0.52084513982
1.0
0.442003114404
0.52084513982
1.0
0.442133280014
0.520767167479
1.0
0.442687121512
0.521919193695
1.0
0.442884252039
0.521851920341
1.0
0.442635971006
0.520713380203
1.0
0.44276299758
0.520663169149
1.0
0.44352843999
0.521866862975
1.0
0.44352843999
0.521866862975
1.0
0.443716926706
0.521607408023
1.0
0.443824465064
0.522420657921
1.0
0.443928935305
0.522140100171
1.0
0.443834672327
0.520436918649
1.0
0.443899051862
0.520137837937
1.0
0.44365116419
0.51865877864
1.0
0.443921455077
0.518034733035
1.0
0.444641776543
0.516268828178
1.0
0.444641776543
0.516268828178
1.0
0.444880208451
0.516046649975
1.0
0.444541125385
0.51349947289
1.0
0.444636036648
0.513084351838
1.0
0.444575224605
0.510792520098
1.0
0.444697661086
0.5098816702
1.0
0.444560068879
0.508887776245
1.0
0.444944040644
0.504688778987
1.0
0.444573266412
0.503357214693
1.0
0.445369094508
0.498087859697
1.0
0.445369094508
0.498087859697
1.0
0.445865661181
0.498911340779
1.0
0.446434898785
0.495516167121
1.0
0.446788350762
0.496629141788
1.0
0.44659037294
0.496074855994
1.0
0.446129110736
0.494439988133
1.0
0.446121833346
0.494130968177
1.0
0.445446387052
0.493128090293
1.0
0.445446387052
0.493128090293
1.0
0.445676405372
0.492575369917
1.0
0.446241140365
0.493123706253
1.0
0.446333207582
0.49259427469
1.0
0.446556928119
0.493139795701
1.0
0.446763600275
0.49272082015
1.0
0.446390868099
0.491879710785
1.0
0.446545993793
0.491955371547
1.0
0.446539502278
0.491050111353
1.0
0.446539502278
0.491050111353
1.0
0.446671583609
0.490930222429
1.0
0.44696528248
0.491174860976
1.0
0.447064391268
0.490985773651
1.0
0.447036738377
0.491085873981
1.0
0.4472556927
0.490595670129
1.0
0.447553794906
0.490077083316
1.0
0.447749194243
0.489517746747
1.0
0.447978987446
0.490016058354
1.0
0.447978987446
0.490016058354
1.0
0.447965702465
0.489300405101
1.0
0.447863723082
0.489066530977
1.0
0.448215536355
0.488684515238
1.0
0.448112576218
0.487503570562
1.0
0.448090013842
0.486952211676
1.0
0.448082648106
0.486428328457
1.0
0.448170431712
0.486063365379
1.0
0.44830718752
0.485005653394
1.0
0.44830718752
0.485005653394
1.0
0.448507692918
0.48445653208
1.0
0.448239102721
0.484697021704
1.0
0.448306033303
0.484014990813
1.0
0.448439958581
0.483333612912
1.0
0.44860437415
0.482681584151
1.0
0.448787945963
0.482758939433
1.0
0.44892131929
0.482436599123
1.0
0.44900489649
0.482591088815
1.0
0.449157222021
0.481934276684
1.0
0.449157222021
0.481934276684
1.0
0.449174757888
0.480785324344
1.0
0.449346966377
0.480290107089
1.0
0.449630821319
0.482167460159
1.0
0.449724985124
0.481485093732
1.0
0.450351792433
0.482163609685
1.0
0.450348738051
0.482115180574
1.0
0.45000017552
0.481161769488
1.0
0.45000017552
0.481161769488
1.0
0.450138167971
0.480812598028
1.0
0.450332827281
0.480030752564
1.0
0.45051290767
0.47991719335
1.0
0.450249460132
0.479046144218
1.0
0.450250555628
0.479011108655
1.0
0.4507723152
0.4794885023
1.0
0.450921890471
0.478783714013
1.0
0.450374026466
0.477136501479
1.0
0.450374026466
0.477136501479
1.0
0.450479999334
0.477072252977
1.0
0.450830169513
0.476950910225
1.0
0.450891873015
0.475875590279
1.0
0.450879882844
0.475593641843
1.0
0.450965764223
0.475478896444
1.0
0.450803829653
0.474994397254
1.0
0.450860410859
0.474505392342
1.0
0.451222699439
0.475583567197
1.0
0.451331309963
0.474913623389
1.0
0.451331309963
0.474913623389
1.0
0.451578370279
0.474082708498
1.0
0.451549361394
0.473945604674
1.0
0.451818586223
0.473693753166
1.0
0.45200868598
0.472571529214
1.0
0.451763746792
0.471919237186
1.0
0.451815032922
0.471644620534
1.0
0.451889505315
0.470881428677
1.0
0.451889505315
0.470881428677
1.0
0.451780951561
0.470601809015
1.0
0.452009185824
0.471623688756
1.0
0.452053810404
0.471038238381
1.0
0.452307634883
0.471755688425
1.0
0.452424050805
0.470952127025
1.0
0.45155108873
0.468345717316
1.0
0.451546395863
0.468226530236
1.0
0.452013327735
0.467999056288
1.0
0.452013327735
0.467999056288
1.0
0.452050266042
0.467868900353
1.0
0.452441141114
0.468739430487
1.0
0.45251764849
0.468359033896
1.0
0.452434774321
0.467999597052
1.0
0.452402141833
0.467858479895
1.0
0.452824988408
0.467826416747
1.0
0.452936873626
0.467218830284
1.0
0.453312152899
0.467067204262
