1.0
0.388761737487
0.358464587323
1.0
0.388539524872
0.358315648603
1.0
0.388972290921
0.359903908121
1.0
0.388918138779
0.36021046041
1.0
0.389090517296
0.361350041926
1.0
0.389019816623
0.361282889974
1.0
0.389019816623
0.361282889974
1.0
0.388786093458
0.361759987295
1.0
0.388689297738
0.362106287191
1.0
0.388297180026
0.362697901575
1.0
0.388205793263
0.362632919824
1.0
0.387588187963
0.362217433239
1.0
0.387401914377
0.362419052208
1.0
0.387687524903
0.362483224089
1.0
0.387739359257
0.362649696992
1.0
0.387739359257
0.362649696992
1.0
0.387144668428
0.363289969928
1.0
0.387060297052
0.363028239528
1.0
0.386874107919
0.362524086003
1.0
0.386742447292
0.363069594492
1.0
0.386914087917
0.36223541347
1.0
0.386963134184
0.36171964264
1.0
0.38682439031
0.361335338538
1.0
0.386776214578
0.361131082359
1.0
0.386368911454
0.360682421151
1.0
0.386354547722
0.360679439444
1.0
0.386354547722
0.360679439444
1.0
0.386540948239
0.361255611674
1.0
0.386498847917
0.361208858273
1.0
0.386579079064
0.360932736364
1.0
0.386679350706
0.360444709307
1.0
0.387241090875
0.360669173068
1.0
0.387616738417
0.35974471518
1.0
0.387616738417
0.35974471518
0.99
0.400838684792
0.366486374831
0.99
0.404679352043
0.357474090508
0.99
0.42910995135
0.362653119586
0.99
0.439870584274
0.340356915619
0.99
0.468784689913
0.364971188811
0.99
0.482889962989
0.33930994079
0.99
0.506838582453
0.352448243937
0.99
0.520028304681
0.329179171054
0.99
0.520028304681
0.329179171054
0.99
0.547957915861
0.351793149677
0.99
0.561464601543
0.326627608711
0.99
0.575250821661
0.334576389213
0.99
0.585206128829
0.317467116811
0.99
0.586896526979
0.314129033761
0.991682501555
0.587213383053
0.313448586825
0.991682501555
0.589524150481
0.317559735129
0.972955704318
0.590217048665
0.315721356262
0.972955704318
0.592565283678
0.318978484255
1.0
0.594443951089
0.315757793579
1.0
0.594443951089
0.315757793579
1.0
0.595666047506
0.317565742934
1.0
0.597168141096
0.315061266585
1.0
0.597409206819
0.315084723635
1.0
0.599152036009
0.313102010821
1.0
0.599545754531
0.314018477371
1.0
0.600347263092
0.313182125378
1.0
0.600347263092
0.313182125378
1.0
0.599943570974
0.312065455872
1.0
0.599707092179
0.312690108295
1.0
0.599499973839
0.312441696671
1.0
0.599637703039
0.31231214803
1.0
0.599825292122
0.313233392524
1.0
0.599694955172
0.31367675414
1.0
0.599271906356
0.313071481585
1.0
0.599351349146
0.313215266879
1.0
0.599247895202
0.31370077982
1.0
0.599368640043
0.313690215034
1.0
0.599368640043
0.313690215034
1.0
0.600303452922
0.31284838371
1.0
0.600930398415
0.31115030687
0.99
0.615086198912
0.313364897178
0.99
0.621595210162
0.296306972216
0.99
0.636527956037
0.300114307463
0.99
0.646980330389
0.272418343703
0.99
0.646980330389
0.272418343703
0.99
0.657876342332
0.277025156321
