1.0
0.505308068543
0.612678166327
1.0
0.505339940752
0.612686594181
1.0
0.505080009014
0.613055944241
1.0
0.505113544953
0.613261272176
1.0
0.505113544953
0.613261272176
1.0
0.505479926448
0.613193488614
1.0
0.505377859219
0.61294324461
1.0
0.504966764401
0.612292884564
1.0
0.505048009612
0.612139025087
1.0
0.505676144808
0.612673373012
1.0
0.505562194613
0.612773037306
1.0
0.505776494906
0.612231022985
1.0
0.505831475073
0.611800946336
1.0
0.505831475073
0.611800946336
1.0
0.505900478108
0.611673044351
1.0
0.505700038967
0.612190336215
1.0
0.505936513338
0.612045739863
1.0
0.505860239079
0.61188312283
1.0
0.505781176424
0.611669700847
1.0
0.505595692572
0.612311959231
1.0
0.50538190606
0.612163574608
1.0
0.505677079372
0.611109415399
1.0
0.505677079372
0.611109415399
1.0
0.50533427022
0.611675365597
1.0
0.504954848574
0.612608397179
1.0
0.503677379013
0.611985871767
1.0
0.501275244616
0.61534217521
1.0
0.492655907483
0.61358710164
0.99
0.484754922088
0.625664908882
0.99
0.473919001541
0.623947798956
0.99
0.467514633294
0.636392638938
0.99
0.467514633294
0.636392638938
0.99
0.458814764261
0.634403931734
1.0
0.456115242986
0.641009943652
1.0
0.451432041527
0.6418437601
1.0
0.451909763311
0.641333809755
1.0
0.453296012572
0.641493072286
1.0
0.453579670595
0.639741283475
1.0
0.454009115084
0.639787487462
1.0
0.453970614259
0.639396527939
1.0
0.453970614259
0.639396527939
1.0
0.454112220191
0.638323467576
1.0
0.454173503312
0.638367021135
1.0
0.453738824704
0.638346941316
1.0
0.453691095786
0.638829810456
1.0
0.453615961636
0.638851708463
1.0
0.453640225107
0.638405672859
1.0
0.454171168728
0.639205100079
1.0
0.454054829485
0.639134796808
1.0
0.454054829485
0.639134796808
1.0
0.454062454136
0.63785137326
1.0
0.454268118794
0.637901313004
1.0
0.454578608538
0.637674182646
1.0
0.454428363301
0.637482266971
1.0
0.454148414489
0.638209699588
1.0
0.454170564976
0.638297961505
1.0
0.453920248831
0.637242951293
1.0
0.453890584709
0.637361206045
1.0
0.453890584709
0.637361206045
1.0
0.453544441742
0.637643579372
1.0
0.453503146309
0.637439362384
1.0
0.453742518348
0.637294828976
1.0
0.453904253457
0.637111779436
1.0
0.45437853007
0.637590173207
1.0
0.454183989051
0.638329258552
1.0
0.45332105808
0.638536655451
1.0
0.45332105808
0.638536655451
0.961921080259
0.453379265804
0.638205958624
0.961921080259
0.453758199602
0.638615943507
1.0
0.453730463083
0.638861647721
1.0
0.454045414332
0.638295621244
1.0
0.45387730397
0.638522648653
1.0
0.453506558089
0.639647634508
1.0
0.453634748469
0.639309959503
1.0
0.453629779643
0.637912516258
1.0
0.453852576922
0.637634058781
1.0
0.453852576922
0.637634058781
1.0
0.459202601638
0.642596762219
1.0
0.461695708198
0.643411402586
1.0
0.469803507558
0.651585973092
1.0
0.472792629605
0.652822772674
1.0
0.479558528956
0.659968348886
1.0
0.481702691966
0.660445509044
1.0
0.484162084337
0.663742076475
1.0
0.484869835655
0.664978442318
1.0
0.484869835655
0.664978442318
1.0
0.484262650118
0.664437876185
1.0
0.484347694872
0.664756512541
1.0
0.483658887123
0.664175752756
1.0
0.483663059823
0.66388862979
1.0
0.483830265423
0.664306816502
1.0
0.483899065783
0.66450204619
1.0
0.483928183694
0.663758595134
1.0
0.483781788995
0.663539031975
1.0
0.483781788995
0.663539031975
1.0
0.483965801453
0.664413055096
1.0
0.484014494315
0.664725284874
1.0
0.484115901709
0.664430349786
1.0
0.484067393127
0.664733835053
1.0
0.484069995722
0.664342334338
1.0
0.483981181112
0.664060680222
1.0
0.484434561012
0.664610171665
1.0
0.484535593791
0.664842354598
1.0
0.484535593791
0.664842354598
1.0
0.484331247869
0.664800122913
1.0
0.484276891359
0.664640813612
1.0
0.484594629264
0.664584087555
1.0
0.484623281457
0.664820530507
1.0
0.484892761467
0.664512598319
1.0
0.485267429719
0.66479689643
1.0
0.485502166754
0.664822972445
1.0
0.485251657179
0.664346018292
1.0
0.485251657179
0.664346018292
1.0
0.484169995357
0.663915729171
1.0
0.484100333455
0.66372415265
1.0
0.484856954255
0.664392986931
1.0
0.485013485097
0.664429642018
1.0
0.48474039462
0.664612847826
1.0
0.484492030136
0.664581893484
1.0
0.484545083594
0.664075435114
1.0
0.484789712325
0.664129080311
1.0
0.484789712325
0.664129080311
1.0
0.48532381013
0.664390525429
1.0
0.485125614865
0.664332215021
1.0
0.48476560998
0.663568498842
1.0
0.485063846044
0.663206538285
1.0
0.485099429676
0.663856997175
1.0
0.485011134083
0.664109668018
1.0
0.485509699069
0.663430438102
1.0
0.48569113181
0.662826843185
1.0
0.48569113181
0.662826843185
1.0
0.485454907057
0.662879832251
1.0
0.485628685137
0.662745025122
1.0
0.485691422666
0.663019915967
1.0
0.48553515369
0.663155424829
1.0
0.485087266433
0.66318762385
1.0
0.485154082619
0.663166471309
1.0
0.485321329828
0.662236796089
1.0
0.485179518424
0.661889856403
1.0
0.485179518424
0.661889856403
1.0
0.48507560731
0.662364342902
1.0
0.485264995665
0.661735339152
1.0
0.485661578001
0.66205810609
1.0
0.485611869511
0.661893709775
1.0
0.485428938719
0.661017987264
1.0
0.485297567444
0.661116068713
1.0
0.485230097751
0.660849335053
1.0
0.485274830867
0.660481586994
1.0
0.485274830867
0.660481586994
1.0
0.485091783824
0.660379552294
1.0
0.484954085165
0.660638499015
1.0
0.48468659203
0.660993310049
1.0
0.484995844414
0.660985645474
1.0
0.48520316271
0.660796747924
1.0
0.485217644116
0.661085588675
1.0
0.485217644116
0.661085588675
1.0
0.485600421324
0.66137556943
1.0
0.485389036132
0.660896206283
1.0
0.484597590994
0.660410210607
1.0
0.484304087688
0.660202165298
1.0
0.484956635814
0.659968179572
1.0
0.484989673309
0.659730897484
1.0
0.484805789737
0.659783599722
1.0
0.484703427843
0.659973369042
1.0
0.484282476064
0.659680159096
1.0
0.484282476064
0.659680159096
1.0
0.484123548677
0.65962334109
1.0
0.484908229612
0.659917065257
1.0
0.484981310495
0.659727735617
1.0
0.484574683641
0.659038697124
1.0
0.484561056632
0.659008854977
1.0
0.484595421915
0.659986883843
1.0
0.484406217674
0.659438362552
1.0
0.483582749643
0.658027850451
1.0
0.483595311821
0.6580384436
1.0
0.483595311821
0.6580384436
1.0
0.483249453811
0.658035512477
1.0
0.482912709186
0.657851332647
1.0
0.48338249914
0.657434258688
1.0
0.483411041043
0.65723416302
1.0
0.483341140306
0.657283577622
1.0
0.483560804717
0.656710066808
1.0
0.483560804717
0.656710066808
1.0
0.482999302105
0.656366612598
1.0
0.482642387851
0.6560981768
1.0
0.483100470381
0.656365746386
1.0
0.482654028912
0.657560979199
1.0
0.484693873718
0.662448984326
1.0
0.484968541451
0.670319064955
0.988927348486
0.491085266502
0.690324817733
