1.0
0.508573779159
0.525834599641
1.0
0.508662117563
0.525649173162
1.0
0.508542522797
0.525720371068
1.0
0.50872025709
0.525812044995
1.0
0.508669102368
0.525580975666
1.0
0.508306733265
0.525442659404
1.0
0.508306733265
0.525442659404
1.0
0.508398141182
0.525032452911
1.0
0.508744811407
0.524657225981
1.0
0.508837701657
0.524839281495
1.0
0.508794737071
0.524812862619
1.0
0.508370364848
0.524116289446
1.0
0.508496749572
0.524327894166
1.0
0.508553981123
0.524242407339
1.0
0.508475513806
0.523975564652
1.0
0.508475513806
0.523975564652
1.0
0.508667234924
0.524237568392
1.0
0.508818604696
0.52433299745
1.0
0.508668124699
0.524895763743
1.0
0.508464005249
0.524250550238
1.0
0.508450894986
0.523997121778
1.0
0.508484184892
0.524305226476
1.0
0.508441865424
0.524125406843
1.0
0.508498470159
0.523992720058
1.0
0.508498470159
0.523992720058
1.0
0.50840257221
0.523761284125
1.0
0.508480161919
0.523855813765
1.0
0.508645673355
0.524011232498
1.0
0.508942534328
0.523841996817
1.0
0.509022738225
0.523915831833
1.0
0.509002027385
0.523947850564
1.0
0.508750318255
0.523977786014
1.0
0.508667699986
0.524082577898
1.0
0.508667699986
0.524082577898
1.0
0.508829910134
0.52361390531
1.0
0.508971469904
0.523495079238
1.0
0.508947990648
0.524057505566
1.0
0.508804201564
0.524051820884
1.0
0.508663388447
0.523932168728
1.0
0.508735803392
0.524092645555
1.0
0.508975123861
0.524223268585
1.0
0.509046383638
0.524462172018
1.0
0.509046383638
0.524462172018
1.0
0.508755142791
0.524513680338
1.0
0.508761639279
0.524509948681
1.0
0.508920488637
0.524658004115
1.0
0.508858712844
0.524927013519
1.0
0.508826041209
0.525061971271
1.0
0.508914942122
0.525356078723
1.0
0.508903065159
0.525541785033
1.0
0.508928037568
0.525950589536
1.0
0.508928037568
0.525950589536
1.0
0.508606841363
0.525586096208
1.0
0.508706137128
0.524863381951
1.0
0.508397734829
0.524831868612
1.0
0.508374453003
0.524491601435
1.0
0.509112000909
0.524971606521
1.0
0.509186167706
0.525774793497
1.0
0.508952435122
0.525857115007
1.0
0.509001223879
0.526033842479
1.0
0.509001223879
0.526033842479
1.0
0.509096524792
0.526025931293
1.0
0.509145043668
0.526131976373
1.0
0.509119899383
0.52629056268
1.0
0.509106497356
0.526318471103
1.0
0.509484794105
0.526693066559
1.0
0.509587819446
0.52713928775
1.0
0.509521380623
0.527184976706
1.0
0.509601646201
0.526776690169
1.0
0.509601646201
0.526776690169
1.0
0.50920719857
0.527154983305
1.0
0.50926043436
0.527776225443
1.0
0.5091772282
0.529136199618
1.0
0.509015646055
0.529213371946
1.0
0.509109452516
0.527535720343
1.0
0.509343915287
0.527842841397
1.0
0.509935242867
0.52785978219
1.0
0.509965939445
0.527141958307
1.0
0.509965939445
0.527141958307
1.0
0.509706434542
0.527960403714
1.0
0.509776224754
0.527994590353
1.0
0.509715635412
0.527178651872
1.0
0.509794625922
0.527268455555
1.0
0.509416695543
0.527224046333
1.0
0.509550497766
0.527063030007
1.0
0.50976508221
0.527214176923
1.0
0.509692660278
0.527553779748
1.0
0.509692660278
0.527553779748
1.0
0.509448000302
0.527398899881
1.0
0.509534572529
0.527341475755
1.0
0.509378526656
0.528275014401
1.0
0.509268144082
0.528758051687
1.0
0.509501903758
0.528111766353
1.0
0.509575748792
0.527681127185
1.0
0.509514106851
0.527497096878
1.0
0.509701207997
0.527615256458
1.0
0.509701207997
0.527615256458
1.0
0.509894129691
0.52681943637
1.0
0.509805212693
0.526855310011
1.0
0.509822430053
0.527785145622
1.0
0.509932893864
0.527872777578
1.0
0.509738267894
0.527404086606
1.0
0.50954938594
0.527470208991
1.0
0.510469700045
0.528133854323
1.0
0.510547485772
0.528321439726
1.0
0.510547485772
0.528321439726
1.0
0.509581292169
0.528350034726
1.0
0.509883016082
0.528104620945
1.0
0.509655317937
0.528241631512
1.0
0.509833499774
0.527835135726
1.0
0.510079707793
0.527585743903
1.0
0.509798335351
0.527812402863
1.0
0.509933416094
0.527820804944
1.0
0.509949274484
0.528817508419
1.0
0.509949274484
0.528817508419
1.0
0.510187131015
0.529271868156
1.0
0.510171907687
0.52963543393
1.0
0.510089781479
0.530019700534
1.0
0.509820792713
0.530307425026
1.0
0.509527622883
0.529849021615
1.0
0.509583897448
0.530263042963
1.0
0.509579203986
0.530398841071
1.0
0.5098624761
0.530048322562
1.0
0.5098624761
0.530048322562
1.0
0.509270333784
0.530049825607
1.0
0.508901414583
0.530797580457
1.0
0.508839626838
0.530767943896
1.0
0.508921487678
0.531089541643
1.0
0.509278921322
0.530942424179
1.0
0.508954051723
0.530955508442
1.0
0.508687305011
0.530896681332
1.0
0.508656378273
0.530845780813
1.0
0.508656378273
0.530845780813
1.0
0.508572875708
0.530832815754
1.0
0.508542767986
0.53058143833
1.0
0.508205610721
0.530331345081
1.0
0.508171634707
0.530324352613
1.0
0.508349599072
0.530396933995
1.0
0.508227635004
0.530283885022
1.0
0.508133833711
0.529976303734
1.0
0.508304175192
0.53012082761
1.0
0.508304175192
0.53012082761
1.0
0.508185034397
0.529817572134
1.0
0.50818558977
0.529926257233
1.0
0.50830882495
0.530774737675
1.0
0.508127642759
0.530314404897
1.0
0.507910788086
0.528675014037
1.0
0.508119514578
0.528301438377
1.0
0.508160303742
0.528241983361
1.0
0.508160303742
0.528241983361
1.0
0.508196840383
0.528951085035
1.0
0.508482417429
0.529032346342
1.0
0.508474694782
0.528035215162
1.0
0.508400660796
0.527630339332
1.0
0.508308383077
0.52766265353
1.0
0.508567520925
0.527607650729
1.0
0.508648082024
0.52742755235
1.0
0.508815849975
0.527197860414
1.0
0.508995777979
0.526892428005
1.0
0.508995777979
0.526892428005
1.0
0.508878286434
0.527048343784
1.0
0.50864975082
0.526520875891
1.0
0.508410052397
0.526904111314
1.0
0.508687017793
0.526917230837
1.0
0.50925640245
0.526337390107
1.0
0.509269078987
0.526113695967
1.0
0.509045883731
0.525764890876
1.0
0.509156178795
0.525570481546
1.0
0.509156178795
0.525570481546
1.0
0.509374074114
0.525723295599
1.0
0.509244277837
0.525898742016
1.0
0.509301341277
0.525501042871
1.0
0.509463615392
0.525282594609
1.0
0.509414904685
0.525385792478
1.0
0.509159508371
0.525447878235
1.0
0.509554443218
0.52642702012
1.0
0.509554443218
0.52642702012
1.0
0.50967065549
0.52618359328
1.0
0.509903988612
0.525339989622
1.0
0.509823580256
0.525273314886
1.0
0.509381928736
0.525525143065
1.0
0.509145746754
0.526014123191
1.0
0.509105627624
0.525929445146
1.0
0.509240505659
0.525903507912
1.0
0.509110595082
0.525926041536
1.0
0.509138650476
0.525836122855
1.0
0.509138650476
0.525836122855
1.0
0.509458360219
0.526171467849
1.0
0.509290310139
0.525892011387
1.0
0.509033195763
0.525988141234
1.0
0.509158729497
0.526651184808
1.0
0.509137813781
0.526557792973
1.0
0.50917028525
0.526068537908
1.0
0.50927033002
0.525928050243
1.0
0.509208136642
0.526266933569
1.0
0.509208136642
0.526266933569
1.0
0.509531404093
0.526186119341
1.0
0.509420297583
0.52601459247
1.0
0.508791864718
0.525624305974
1.0
0.508765544075
0.525641749025
1.0
0.508820910753
0.526394924398
1.0
0.508683170758
0.526677538768
1.0
0.508810955473
0.52690299525
1.0
0.508633424476
0.527462101418
1.0
0.508633424476
0.527462101418
1.0
0.508335894293
0.527259016134
1.0
0.508183085507
0.52750505788
1.0
0.507983222403
0.52749857729
1.0
0.507968361311
0.527489567927
1.0
0.508188839285
0.527680103057
1.0
0.507981350383
0.52856721269
1.0
0.507652920567
0.528657648853
1.0
0.507696594818
0.528419948255
1.0
0.507696594818
0.528419948255
1.0
0.507637575574
0.528049595759
1.0
0.507439019168
0.528521152151
1.0
0.506919376601
0.528954574784
1.0
0.506897311007
0.529100466202
1.0
0.507177977878
0.52960312449
1.0
0.507062525891
0.530250522192
1.0
0.507150401239
0.530198702031
1.0
0.507091461978
0.530365255193
1.0
0.507091461978
0.530365255193
1.0
0.506928582351
0.530971053195
1.0
0.506608825959
0.5315272069
1.0
0.506610782079
0.531696099158
1.0
0.506405498007
0.532443553974
1.0
0.506400899763
0.533177181932
1.0
0.506341334251
0.5337536648
1.0
0.505871028532
0.533999006951
1.0
0.505855342781
0.534687748418
1.0
0.505855342781
0.534687748418
1.0
0.505751897778
0.535508486517
1.0
0.5056850352
0.536050064192
1.0
0.505181801066
0.536122885496
1.0
0.50505818264
0.537155218514
1.0
0.505152201724
0.537369464194
1.0
0.505019525445
0.537605818497
1.0
0.505334441169
0.538197237914
1.0
0.505334441169
0.538197237914
1.0
0.504752769504
0.539256605993
1.0
0.504396435241
0.539613220489
1.0
0.50450544861
0.540189815832
1.0
0.504372983746
0.540018783347
1.0
0.504160213255
0.540535867255
1.0
0.504148452431
0.54134164578
1.0
0.503974629956
0.541899715839
1.0
0.503616266478
0.541782123055
1.0
0.503616266478
0.541782123055
1.0
0.503621967144
0.542112060502
1.0
0.503474223743
0.541991096362
1.0
0.503249279081
0.542336696664
1.0
0.502378176525
0.542276038463
1.0
0.502245049153
0.542945159808
1.0
0.502743285952
0.543678530714
1.0
0.502368873036
0.544446471271
1.0
0.502082473232
0.544503635456
1.0
0.501972802473
0.54440700726
1.0
0.501972802473
0.54440700726
1.0
0.501481141605
0.544026705031
1.0
0.501249000567
0.544487121639
1.0
0.501408330336
0.544662035027
1.0
0.501158987648
0.544834869407
1.0
0.500929193369
0.545294568308
1.0
0.500983765848
0.545902400731
1.0
0.500809567025
0.5459631527
1.0
0.500726931868
0.546341134928
1.0
0.500726931868
0.546341134928
1.0
0.500877508969
0.54673474626
1.0
0.500737467385
0.546268470817
1.0
0.500082282262
0.546883356537
1.0
0.499971826706
0.547688069803
1.0
0.500422821064
0.547436078415
1.0
0.500387520975
0.54760496341
1.0
0.500777502894
0.547899793423
1.0
0.500777502894
0.547899793423
1.0
0.500694327966
0.548081890987
1.0
0.50059359019
0.5479601279
1.0
0.500690426767
0.547902118231
1.0
0.500524155755
0.548327379978
1.0
0.500553576
0.54851623701
1.0
0.50126259571
0.548839759131
1.0
0.501300082721
0.548755714613
1.0
0.501456981049
0.54897526574
1.0
0.501591727478
0.549101652588
1.0
0.501591727478
0.549101652588
1.0
0.501636194518
0.549038658341
1.0
0.501618296982
0.549626175819
1.0
0.501676564042
0.549827426027
1.0
0.50178392641
0.549888934455
1.0
0.50296321458
0.550936048107
1.0
0.503258934322
0.551252968294
1.0
0.503647070001
0.551804950193
1.0
0.503647070001
0.551804950193
1.0
0.503961042196
0.55089478479
1.0
0.504408310798
0.550689977288
1.0
0.504398522378
0.55103254694
1.0
0.504976781601
0.551882409377
1.0
0.505387830563
0.551506345629
1.0
0.505688912365
0.551744056116
1.0
0.505633363292
0.552334679665
1.0
0.505887190226
0.553105999097
1.0
0.506706355816
0.553074033606
1.0
0.506706355816
0.553074033606
1.0
0.507531968961
0.553674878283
1.0
0.507844385278
0.553704828775
1.0
0.508161170918
0.55486711456
1.0
0.508472850521
0.554495719252
1.0
0.509702391214
0.554970007236
1.0
0.509995002233
0.555552217244
1.0
0.510484839229
0.556427911099
1.0
0.510484839229
0.556427911099
1.0
0.510634847254
0.557180016111
1.0
0.511138385354
0.558258247778
1.0
0.511470309971
0.558148838802
1.0
0.512216201372
0.559102182513
1.0
0.512915779855
0.559452669661
1.0
0.513806540591
0.560431530389
1.0
0.514169578783
0.561204750057
1.0
0.514413558771
0.562405029343
1.0
0.514957769848
0.562490192047
1.0
0.514957769848
0.562490192047
1.0
0.51566214959
0.563269848911
1.0
0.516112779044
0.563439788728
1.0
0.516940406905
0.56664979031
1.0
0.517456459163
0.569810230382
1.0
0.521234445141
0.582384771923
1.0
0.522043465074
0.592136224354
0.99
0.523591007673
0.61090521821
0.99
0.524284003917
0.631569273699
0.99
0.524284003917
0.631569273699
0.967960164572
0.52448526435
0.638960861135
0.967214091288
0.522980772437
0.646443666798
0.899582076313
0.523388603922
0.65687489066
0.899582076313
0.522557599612
0.664174327074
0.941438307969
0.521848070973
0.671268003317
0.896272892642
0.520906817404
0.678773723418
0.896272892642
0.521051888577
0.683207810738
0.896272892642
0.521051888577
0.683207810738
0.91148745556
0.520660648421
0.685054484594
0.91148745556
0.520266837867
0.68816107231
0.9065938541
0.520845363741
0.689359347425
0.9065938541
0.520649944364
0.692427854853
1.0
0.519942649138
0.694268611052
1.0
0.520049903702
0.696326901692
0.897010627571
0.519507786319
0.696343558038
0.897010627571
0.518775275461
0.696879486929
0.897010627571
0.518775275461
0.696879486929
0.882632082689
0.517737833475
0.695889635251
0.882632082689
0.51753443937
0.695735514571
0.934106471231
0.518565980496
0.698247996378
0.934106471231
0.518807731424
0.697437263603
0.943309660918
0.519004686827
0.698176898351
0.943309660918
0.51868797157
0.6971125364
0.943891133023
0.51900983515
0.698432637575
0.943891133023
0.519011953885
0.698111775094
0.99411330105
0.518698225519
0.696341833105
0.99411330105
0.518698225519
0.696341833105
0.99411330105
0.518447358398
0.695261671469
1.0
0.518266613373
0.6951502459
1.0
0.517974430206
0.694532378525
0.941398472646
0.517846220216
0.694046304668
0.941398472646
0.517349714484
0.692943243808
0.918349303276
0.517858835799
0.693016005437
0.918349303276
0.517406241732
0.692091312984
1.0
0.516528227465
0.690589229944
1.0
0.516528227465
0.690589229944
1.0
0.516490355553
0.689685372943
0.91970992754
0.516324755924
0.690502381268
0.91970992754
0.515947354511
0.690134446283
0.930618598296
0.515754771589
0.68970719217
0.930618598296
0.514985191848
0.689169648687
0.930605787682
0.514898117434
0.689264531901
0.930605787682
0.514898117434
0.689264531901
0.930605787682
0.513892959747
0.688540840689
0.933766001046
0.514555355574
0.689539243387
0.933766001046
0.513833298074
0.688606938276
0.981159615125
0.513584932082
0.687491148837
0.981159615125
0.513126316468
0.686781196981
0.998352769698
0.512515503756
0.686461412944
0.998352769698
0.51152166666
0.685435575835
0.99636652406
0.511590251526
0.684610430432
0.99636652406
0.510961576936
0.683490016716
0.98875933763
0.510413206157
0.683532427031
0.98875933763
0.510413206157
0.683532427031
0.98875933763
0.509179862076
0.683292269931
0.995946223688
0.509231749279
0.682028170024
0.995946223688
0.507668394892
0.681244651146
0.956883027613
0.507626013759
0.68121103647
0.956883027613
0.506833354977
0.680005618127
1.0
0.505990039886
0.679968066029
1.0
0.504808922544
0.678263179693
1.0
0.504808922544
0.678263179693
0.974910623434
0.50533367447
0.678229383602
0.974910623434
0.5043901719
0.677158484867
1.0
0.504595671307
0.675846922565
1.0
0.503034747394
0.674563905332
1.0
0.503265181807
0.674575791697
1.0
0.501862686287
0.673536229185
0.996732759402
0.501924475262
0.674782190382
0.996732759402
0.500907822323
0.673781703631
1.0
0.501074033197
0.674724107917
1.0
0.501074033197
0.674724107917
1.0
0.499761494483
0.67309062891
1.0
0.500356717121
0.675411883424
1.0
0.498396047712
0.674026237364
1.0
0.498714168133
0.674732731841
1.0
0.497494769914
0.672666395406
1.0
0.497225294861
0.671534337776
1.0
0.495532592379
0.669654952495
1.0
0.495483658143
0.668362810833
1.0
0.495483658143
0.668362810833
1.0
0.494511687444
0.666334792601
1.0
0.494370307172
0.664047040051
1.0
0.493429887321
0.661585217968
1.0
0.49338436546
0.659548221687
1.0
0.491666128902
0.657250709365
1.0
0.491576834163
0.656027440915
1.0
0.491576834163
0.656027440915
1.0
0.490282506986
0.652807011631
1.0
0.490479851029
0.649651509724
1.0
0.489559610224
0.646597263349
1.0
0.48995325124
0.643660719391
1.0
0.489100744658
0.641097833003
1.0
0.489118912344
0.638172905835
1.0
0.488447794518
0.635139340902
1.0
0.488531124619
0.632545286916
1.0
0.487592123094
0.62960882394
1.0
0.487950933233
0.626893864358
1.0
0.487950933233
0.626893864358
1.0
0.487817626847
0.624311235131
1.0
0.488051390498
0.621270070196
1.0
0.487081268419
0.618695151357
1.0
0.487388361053
0.615932948829
1.0
0.487617305224
0.613407950698
1.0
0.488142062056
0.609605021459
1.0
0.487823948149
0.606958874057
1.0
0.487823948149
0.606958874057
1.0
0.488278149651
0.603961728038
1.0
0.487911580487
0.601067890937
1.0
0.488667855673
0.597453606029
1.0
0.48864536181
0.594361973458
1.0
0.48920527308
0.590933837432
1.0
0.489316331446
0.588283672687
1.0
0.490034013044
0.584380051761
1.0
0.490510108414
0.582054790659
1.0
0.491501172277
0.577839420222
1.0
0.491501172277
0.577839420222
1.0
0.491716112912
0.574950846338
1.0
0.492303978809
0.57129618414
1.0
0.492618914105
0.569046167789
1.0
0.493468461536
0.564773824489
1.0
0.493581617712
0.561206874171
1.0
0.494405447707
0.558052534206
1.0
0.495221179952
0.556530158044
1.0
0.495221179952
0.556530158044
1.0
0.495533610097
0.553191450657
1.0
0.495531788412
0.550074985682
1.0
0.496261829051
0.547026869125
1.0
0.496231908206
0.545185906087
1.0
0.497135082496
0.540982705046
1.0
0.497461667921
0.538016399788
1.0
0.49781655174
0.535424332284
1.0
0.49781655174
0.535424332284
1.0
0.498037235458
0.533883082522
1.0
0.498467732846
0.531395957218
1.0
0.498434230705
0.529089462861
1.0
0.499092321547
0.526065884012
1.0
0.499256284218
0.523726769822
1.0
0.499740061337
0.520837132697
1.0
0.499899794503
0.519403643812
1.0
0.500518432693
0.51676535044
1.0
0.500823563367
0.515268472049
1.0
0.501277406282
0.512858197826
1.0
0.501277406282
0.512858197826
1.0
0.500908031085
0.509827561219
1.0
0.501220166526
0.506738956518
1.0
0.501357681801
0.505508245547
1.0
0.502224552667
0.502900109813
1.0
0.501419108827
0.500689710319
1.0
0.501725231978
0.498134788817
1.0
0.503008539525
0.496272698332
1.0
0.503008539525
0.496272698332
1.0
0.503340367399
0.494038280503
1.0
0.503576972763
0.492971537334
1.0
0.504132069636
0.490380805238
1.0
0.504200892002
0.488712969445
1.0
0.504472055872
0.487130044258
1.0
0.504760314438
0.48601476011
1.0
0.505251299221
0.483196543496
1.0
0.505157968135
0.480902441675
1.0
0.505391279094
0.479113792269
1.0
0.505391279094
0.479113792269
1.0
0.505482922335
0.477607598713
1.0
0.505855476037
0.475811837507
1.0
0.506259035124
0.474876524199
1.0
0.506590801463
0.473299783204
1.0
0.506737263427
0.472149269178
1.0
0.507446769066
0.469909751132
1.0
0.507538052338
0.469432445881
1.0
0.507538052338
0.469432445881
1.0
0.507517493034
0.46871436414
1.0
0.50781741991
0.467551021986
1.0
0.508076057809
0.466529035064
1.0
0.507968838705
0.465568043508
1.0
0.508378108649
0.463671465614
1.0
0.508623925765
0.463018570679
1.0
0.508819202042
0.462418676832
1.0
0.508819202042
0.462418676832
1.0
0.50903444376
0.461817973144
1.0
0.509652818521
0.460302671179
1.0
0.509880134497
0.460245036139
1.0
0.510153224183
0.458489888942
1.0
0.511219996555
0.458880276323
1.0
0.511268863703
0.458652159045
1.0
0.510168639764
0.456778515963
1.0
0.510764796138
0.455294386495
1.0
0.511038861236
0.455091166733
1.0
0.511387660272
0.453995160845
1.0
0.511387660272
0.453995160845
1.0
0.511639970323
0.453415731174
1.0
0.512019520013
0.452649256941
1.0
0.5124180252
0.452451250868
1.0
0.512585176924
0.451428384008
1.0
0.513007871321
0.450911789912
1.0
0.513729764279
0.448908925735
1.0
0.513921829041
0.448117227764
1.0
0.513921829041
0.448117227764
1.0
0.514149369415
0.44705392841
1.0
0.514449053456
0.44691829412
1.0
0.515352080207
0.444699738063
1.0
0.515978517216
0.442912159672
1.0
0.516620924108
0.440616005696
1.0
0.516946017339
0.440286071296
1.0
0.517640080444
0.438285023737
1.0
0.517640080444
0.438285023737
1.0
0.518574516405
0.43715448588
1.0
0.519443127334
0.433687379869
1.0
0.520148180075
0.431929554316
1.0
0.520770908265
0.429892000076
1.0
0.52130674498
0.428554790277
1.0
0.52217005195
0.425635708478
1.0
0.52275950111
0.424489134141
1.0
0.523456705285
0.421339128574
1.0
0.524252175693
0.419078649651
1.0
0.5247954518
0.416337877243
1.0
0.5247954518
0.416337877243
1.0
0.525213352925
0.414613063025
1.0
0.526054403914
0.410795474104
1.0
0.527225549179
0.408595305341
1.0
0.527510548094
0.406095842411
1.0
0.527294736132
0.403763451872
1.0
0.527999035147
0.399686855997
1.0
0.527999035147
0.399686855997
1.0
0.528576276129
0.39807286687
1.0
0.529429094974
0.394945417313
1.0
0.530623610139
0.393612819112
1.0
0.531354804455
0.389857057159
1.0
0.531623279616
0.387138821295
1.0
0.532167332791
0.383614682695
1.0
0.532552393322
0.381012641758
1.0
0.533130271471
0.377429393535
1.0
0.53352814105
0.374921398972
1.0
0.534127606103
0.371363262775
1.0
0.534127606103
0.371363262775
1.0
0.534435928404
0.369782781381
1.0
0.534828525338
0.366604517555
1.0
0.535043645164
0.36388215645
1.0
0.535857577353
0.360219975995
1.0
0.53627502401
0.357703355818
1.0
0.536714561297
0.354122860269
1.0
0.536570893524
0.351626313009
1.0
0.536570893524
0.351626313009
1.0
0.537615043661
0.347684289545
1.0
0.538009724226
0.345608038491
1.0
0.538107066128
0.343511209505
1.0
0.538856536938
0.342083527942
1.0
0.53937104652
0.338331185792
1.0
0.539288772906
0.3358191951
1.0
0.539438072416
0.333760012762
1.0
0.539438072416
0.333760012762
1.0
0.539182500047
0.332367533941
1.0
0.539668348466
0.329657473913
1.0
0.539295164971
0.326663597814
1.0
0.539255707085
0.324097025994
1.0
0.538846865576
0.321362642847
1.0
0.539229426239
0.319329298573
1.0
0.538503903635
0.317174133691
1.0
0.538380415226
0.315383244866
1.0
0.539134714773
0.31391751975
1.0
0.539267751454
0.312064618667
1.0
0.539267751454
0.312064618667
1.0
0.538743225352
0.310080894401
1.0
0.538517956189
0.308767634733
1.0
0.537975196215
0.306759989916
1.0
0.53808774146
0.305088820649
1.0
0.537901717762
0.302793702338
1.0
0.537965708664
0.300751939692
1.0
0.537965708664
0.300751939692
1.0
0.537271582643
0.298588152899
1.0
0.53700970252
0.298041119393
1.0
0.536468317161
0.296031108541
1.0
0.536456896354
0.293847591047
1.0
0.537211234453
0.293242201127
1.0
0.536951844738
0.292333933466
1.0
0.535681780058
0.289656165575
1.0
0.535794757947
0.288094091648
1.0
0.535794757947
0.288094091648
1.0
0.5348003757
0.285365805035
1.0
0.534310898749
0.284544621077
1.0
0.534150095196
0.284865694708
1.0
0.533809772085
0.284945623489
1.0
0.533775334899
0.283738673474
1.0
0.533601947822
0.283287308644
1.0
0.532823920679
0.281487963945
1.0
0.532509870149
0.28042346149
1.0
0.53202089004
0.280178475494
1.0
0.53202089004
0.280178475494
1.0
0.532182344788
0.278694421519
1.0
0.531843259937
0.276889118331
1.0
0.531469984506
0.276754862523
1.0
0.531282396041
0.27566935997
1.0
0.531030892531
0.275071045884
1.0
0.530588316593
0.273789290908
1.0
0.530453689463
0.272775580077
1.0
0.530453689463
0.272775580077
1.0
0.530375204584
0.272081682811
1.0
0.530350320148
0.271490751603
1.0
0.530335142268
0.270689727646
1.0
0.530149164723
0.270400897388
1.0
0.529668277393
0.269194084127
1.0
0.529461876429
0.268843808725
1.0
0.529677217699
0.267116649888
1.0
0.5292963857
0.267020826377
1.0
0.52856918193
0.265961057512
1.0
0.528086377539
0.266463994274
1.0
0.528086377539
0.266463994274
1.0
0.527593440211
0.264009894587
1.0
0.527619233087
0.262931370448
1.0
0.52833777171
0.262663901288
1.0
0.527877577019
0.262634951243
1.0
0.529296421746
0.264303448942
1.0
0.529330022363
0.262775408608
1.0
0.529869452848
0.262729392972
1.0
0.529869452848
0.262729392972
1.0
0.528815647817
0.264418572391
1.0
0.528653534857
0.264322516747
0.99
0.527895530967
0.264797721841
0.99
0.528940999052
0.265424735401
0.689286173148
0.52865209381
0.263620018538
0.689286173148
0.527250307963
0.268543178697
0.615722982398
0.517870663146
0.290539090472
0.615722982398
0.517870663146
0.290539090472
0.615722982398
0.512901671784
0.313317961624
0.615722982398
0.498504835117
0.389990873843
0.857932302742
0.366462860841
0.377838832558
0.857932302742
0.366080008496
0.365940224101
0.857932302742
0.366080008496
0.365940224101
0.800177086499
0.339380879579
0.364583439014
0.800177086499
0.680106544328
0.437975632057
0.800177086499
0.377327399924
0.315002834334
0.800177086499
0.374167421081
0.314402944865
0.800177086499
0.374167421081
0.314402944865
0.823786954487
0.558559382039
-0.0443991521453
0.823786954487
0.560656197144
-0.0439034015499
0.823786954487
0.924093823096
0.220584947992
0.823786954487
0.924093823096
0.220584947992
0.807250691892
0.880537865588
0.265924744526
0.807250691892
0.708673495273
0.594681802958
0.88031378611
0.435281921333
0.594373664026
0.891089305035
0.439292278868
0.576447249908
0.891089305035
0.439292278868
0.576447249908
0.891089305035
0.439292278868
0.576447249908
0.891089305035
0.470767224269
0.641487847909
0.888551083883
0.470000980103
0.643274368367
0.99
0.462925027207
0.694347505065
0.99
0.461597143684
0.698238025355
0.99
0.460814493947
0.702141487409
0.99
0.460675963415
0.701297455658
1.0
0.460340243033
0.700281065683
1.0
0.460762360051
0.698580613051
1.0
0.460762360051
0.698580613051
1.0
0.460017428921
0.696817760749
1.0
0.460493719353
0.694983695427
1.0
0.459807532765
0.693745562663
1.0
0.459809585607
0.692037427823
1.0
0.459226448094
0.690985400515
1.0
0.459607027334
0.69045392982
1.0
0.459538601817
0.689726879929
1.0
0.459538601817
0.689726879929
1.0
0.459888370452
0.687607958477
1.0
0.459090293125
0.685870800976
1.0
0.45917763732
0.684857879864
1.0
0.458434848563
0.683455646207
1.0
0.458481736648
0.682460344287
1.0
0.458843526061
0.681912648307
1.0
0.459299593705
0.680755819225
1.0
0.459325300898
0.680440513691
1.0
0.459325300898
0.680440513691
1.0
0.459421609057
0.678479891937
1.0
0.459125755533
0.677179033962
1.0
0.459161120034
0.676525892821
0.9942518589
0.459232931254
0.675192530586
0.9942518589
0.45952556149
0.674150717933
1.0
0.459474878757
0.672945957517
1.0
0.459571925206
0.672018382094
1.0
0.459191265416
0.670775539071
1.0
0.459191265416
0.670775539071
1.0
0.459521888744
0.668970997137
1.0
0.460001729031
0.667699281579
1.0
0.460084543696
0.666500109048
1.0
0.460238074488
0.665895113985
1.0
0.460588544567
0.665225044298
1.0
0.460924170359
0.664430788346
1.0
0.461310787748
0.66349623393
1.0
0.461733948774
0.662877881237
1.0
0.461733948774
0.662877881237
1.0
0.461797495652
0.661076666494
1.0
0.461769137024
0.659548829041
1.0
0.462037116657
0.658284844709
1.0
0.462537921659
0.657624265169
1.0
0.46268373979
0.656731589385
1.0
0.462545349381
0.655335460253
1.0
0.462786091294
0.653749145828
1.0
0.463446408549
0.652743623626
1.0
0.463446408549
0.652743623626
1.0
0.463822315296
0.651595348967
1.0
0.463478568713
0.651589954498
1.0
0.463640831351
0.650261769988
1.0
0.463873438117
0.649286510736
1.0
0.464070538541
0.648830209584
1.0
0.465071918505
0.648658406506
1.0
0.465175792949
0.647039866974
1.0
0.465587922953
0.645446396517
1.0
0.465587922953
0.645446396517
1.0
0.465947271264
0.644081646054
1.0
0.466021001062
0.643808771883
1.0
0.466322183999
0.642895423727
1.0
0.466491653574
0.642608321596
1.0
0.46680247493
0.642176672192
1.0
0.46724326611
0.641959970364
1.0
0.467569974204
0.641485020884
1.0
0.467404215074
0.641142383597
1.0
0.467404215074
0.641142383597
1.0
0.467566232594
0.640405385501
1.0
0.468366451127
0.639653998546
1.0
0.468898886611
0.638547760865
1.0
0.469070655393
0.639058365998
1.0
0.469336845275
0.638843605552
1.0
0.469679400104
0.638263525171
1.0
0.469847315823
0.637846850647
1.0
0.470550702153
0.638136760628
1.0
0.470898842181
0.637619158329
1.0
0.470898842181
0.637619158329
1.0
0.47147039172
0.637626191323
1.0
0.471769323594
0.637070798413
1.0
0.472234148863
0.637766975586
1.0
0.472342577924
0.6375608094
1.0
0.472710925184
0.637612527539
1.0
0.47299777529
0.63760102007
1.0
0.474259612055
0.637857566858
1.0
0.474259612055
0.637857566858
1.0
0.474712848219
0.637823368321
1.0
0.474554220301
0.639009249652
1.0
0.475257614599
0.638869293267
1.0
0.475623808824
0.638675672779
1.0
0.475840776791
0.637506620859
1.0
0.476847886195
0.637633937595
1.0
0.477086212303
0.638274029578
1.0
0.477697840737
0.638985779035
1.0
0.477697840737
0.638985779035
1.0
0.478075601607
0.638745521409
1.0
0.479187915552
0.639084428243
1.0
0.479426970449
0.639027352884
1.0
0.479897269401
0.63876900582
1.0
0.480492922464
0.638099778864
1.0
0.4812730272
0.638786010565
1.0
0.481742367608
0.638920139005
1.0
0.481915132237
0.639422751541
1.0
0.481915132237
0.639422751541
1.0
0.482180732112
0.638978331449
1.0
0.48242440368
0.639620357926
1.0
0.482796708112
0.639028406595
1.0
0.483948930418
0.639700966133
1.0
0.484404829344
0.638853714197
1.0
0.48443611072
0.636940665123
1.0
0.485030684683
0.636307696418
1.0
0.486583187081
0.636381335586
1.0
0.486583187081
0.636381335586
1.0
0.487731690373
0.635460561324
0.99
0.498425015579
0.633954913046
0.99
0.505743879117
0.619700023281
0.99
0.522101030833
0.616295698531
0.99
0.535024829462
0.59129925547
0.99
0.540788273939
0.587707953795
0.988958792012
0.545880408109
0.578925208161
0.988958792012
0.548609628886
0.574720609757
0.988958792012
0.548609628886
0.574720609757
0.95610978166
0.550941731549
0.570901708349
0.95610978166
0.551200359227
0.570462186778
1.0
0.553076845068
0.56681735136
1.0
0.552922624829
0.565864691425
1.0
0.554904844355
0.559506875567
1.0
0.554682647051
0.559325555183
1.0
0.55572307107
0.555796881635
1.0
0.555519311861
0.555741624421
1.0
0.555519311861
0.555741624421
1.0
0.556523891108
0.554992362631
1.0
0.557336914753
0.555344478504
1.0
0.557775493166
0.555092605178
1.0
0.557883364603
0.555474124264
1.0
0.558274430559
0.554799699589
1.0
0.558576372422
0.55508909592
1.0
0.558937932126
0.554983528531
1.0
0.558904666969
0.555075658749
1.0
0.558904666969
0.555075658749
1.0
0.559194978623
0.554770695358
1.0
0.559339763964
0.554440585035
1.0
0.559734945826
0.553921941473
1.0
0.559591100999
0.553849789492
1.0
0.559705053806
0.553788769327
1.0
0.55995309592
0.554223837751
1.0
0.560264147522
0.553729311729
1.0
0.558939851863
0.552984390346
1.0
0.558939851863
0.552984390346
1.0
0.55878252879
0.553380977341
1.0
0.559783428181
0.553418401003
1.0
0.559895424319
0.553143802605
1.0
0.559758579751
0.553311086907
1.0
0.559835081741
0.553071566262
1.0
0.560122985819
0.55293089728
1.0
0.560178145462
0.552702064301
1.0
0.559720919702
0.552103038942
1.0
0.559720919702
0.552103038942
1.0
0.559854502381
0.55208014775
1.0
0.559532422468
0.55172579885
1.0
0.559428077314
0.552078129015
1.0
0.559415300455
0.552300407376
1.0
0.559302568355
0.552366273432
1.0
0.559039831851
0.552012329186
1.0
0.559087471278
0.551826475337
1.0
0.558594530728
0.551643707181
1.0
0.558594530728
0.551643707181
1.0
0.558573280043
0.5516740261
1.0
0.55891927263
0.551777864184
1.0
0.55896491875
0.551501039775
1.0
0.558862590364
0.55129081107
1.0
0.558814460296
0.551279631154
1.0
0.558898122471
0.551307329411
1.0
0.559095820005
0.550713145972
1.0
0.559054598252
0.55057586445
1.0
0.559054598252
0.55057586445
1.0
0.559049405059
0.550647321346
1.0
0.558881547056
0.550630847025
1.0
0.558568955694
0.55079127527
1.0
0.55864498576
0.55071093317
1.0
0.558881436998
0.550292377387
1.0
0.558407303101
0.549695484334
1.0
0.558409683593
0.549092490522
1.0
0.558248052467
0.549275979696
1.0
0.558248052467
0.549275979696
1.0
0.558433392051
0.549015371827
1.0
0.558680305402
0.548613514141
1.0
0.558956455837
0.548642376555
1.0
0.558775017524
0.548417832998
1.0
0.558745823525
0.547988906245
1.0
0.559293896705
0.548410594488
1.0
0.559413445037
0.548609708665
1.0
0.559357408436
0.548381184735
1.0
0.559357408436
0.548381184735
1.0
0.559519756703
0.548100092061
1.0
0.559667524406
0.548194881236
1.0
0.559717175167
0.548397109362
1.0
0.559791293495
0.54845836901
1.0
0.56008318026
0.547884098765
1.0
0.56039044166
0.54818115294
1.0
0.560569399238
0.547885234846
1.0
0.5603233138
0.547863962814
1.0
0.5603233138
0.547863962814
1.0
0.560201244998
0.547806620769
1.0
0.560845563606
0.547766640907
1.0
0.561329953729
0.547294815621
1.0
0.561292671265
0.54725088917
1.0
0.561325664803
0.547613295512
1.0
0.561844144783
0.54767680008
1.0
0.562205095322
0.546897584356
1.0
0.562531079941
0.546985249872
1.0
0.562531079941
0.546985249872
1.0
0.562609867103
0.547003482226
1.0
0.56257531337
0.547129681093
1.0
0.562543703017
0.547297276655
1.0
0.56296140863
0.5478636232
1.0
0.56305880675
0.547726451404
1.0
0.563056365515
0.547511325253
1.0
0.563431099019
0.547107502797
1.0
0.562682151441
0.54742591677
1.0
0.562682151441
0.54742591677
1.0
0.562698392405
0.54743075991
1.0
0.563441899483
0.547398959998
1.0
0.563236096067
0.547628897382
1.0
0.563492720377
0.547562699134
1.0
0.563446317588
0.547629318757
1.0
0.563644473396
0.547954424675
1.0
0.563930465124
0.547677097824
1.0
0.563579337368
0.547909482977
1.0
0.563579337368
0.547909482977
1.0
0.563534597796
0.547896590576
1.0
0.563311584386
0.54796390471
1.0
0.56322988739
0.548651170117
1.0
0.562874919528
0.548458226846
1.0
0.562462427308
0.548763496393
1.0
0.562679440175
0.549346677609
1.0
0.562726043209
0.549810789337
1.0
0.561978061565
0.549331584997
1.0
0.561978061565
0.549331584997
1.0
0.562005509828
0.549917211185
1.0
0.5626860602
0.550807371501
1.0
0.562473571661
0.551483736137
1.0
0.562377111355
0.551549948571
1.0
0.561900624296
0.552237695099
1.0
0.561799227699
0.552727623339
1.0
0.561604911524
0.553540240991
1.0
0.561389590591
0.553732176681
1.0
0.561389590591
0.553732176681
1.0
0.561357027785
0.554242166445
1.0
0.560990286931
0.554197083807
1.0
0.560786143727
0.554809361358
1.0
0.560530674407
0.555413452207
1.0
0.560245785132
0.555657215014
1.0
0.560242345524
0.556466392475
1.0
0.560041021833
0.556581364391
1.0
0.560041021833
0.556581364391
1.0
0.559015809337
0.555353555295
1.0
0.55898117866
0.555623984273
1.0
0.559190424296
0.556556572912
1.0
0.558805469046
0.557079283122
1.0
0.558625539278
0.557145980969
1.0
0.558601730098
0.557208829669
1.0
0.558704972775
0.55735766176
1.0
0.558526718565
0.557560724104
1.0
0.558633215755
0.557499013417
1.0
0.558633215755
0.557499013417
1.0
0.558610819059
0.55788015851
1.0
0.558598877166
0.558076632617
1.0
0.558426774591
0.558265243663
1.0
0.558224811445
0.558046847373
1.0
0.557831496505
0.558800302001
1.0
0.554669198064
0.553924147547
1.0
0.553320312097
0.552288795465
1.0
0.545863325485
0.543891884927
1.0
0.545863325485
0.543891884927
1.0
0.541630526885
0.540806920156
1.0
0.536589745741
0.531209486581
1.0
0.53478051593
0.529008590435
1.0
0.534995745369
0.529344054028
1.0
0.535256050003
0.529069669191
1.0
0.535892611868
0.53005115887
1.0
0.53578732674
0.530530989789
1.0
0.53606483075
0.531151706101
1.0
0.53606483075
0.531151706101
1.0
0.536091899911
0.532144682842
1.0
0.535638430412
0.53259639414
1.0
0.535349015239
0.5336519914
1.0
0.535591907151
0.535644217814
1.0
0.535485798875
0.536984379234
1.0
0.535680287837
0.538190494636
1.0
0.535608342343
0.540770603746
1.0
0.535209844456
0.543426703878
1.0
0.535209844456
0.543426703878
1.0
0.535277373844
0.544504542529
1.0
0.53624194187
0.545384716005
1.0
0.535982293622
0.546690836828
1.0
0.536589631318
0.548540477844
1.0
0.536454138762
0.550370483354
1.0
0.536732794069
0.551832519369
1.0
0.536287157091
0.554645762053
1.0
0.536580178446
0.556340403786
1.0
0.536580178446
0.556340403786
1.0
0.536442892619
0.558132015798
1.0
0.537033175131
0.560773806951
1.0
0.536520522208
0.562860689759
1.0
0.536426743494
0.564259932123
1.0
0.536189145796
0.567015202804
1.0
0.536364448958
0.569481197337
1.0
0.535948881418
0.572011731426
1.0
0.535948881418
0.572011731426
1.0
0.536736075217
0.574065306115
1.0
0.536286398669
0.575788467766
1.0
0.536382835006
0.576886298843
1.0
0.53553877484
0.580014448805
1.0
0.535347568324
0.58206399054
1.0
0.534658872172
0.583866451151
1.0
0.535056807265
0.585106665872
1.0
0.534410492331
0.587030927791
1.0
0.534212590675
0.587542129058
1.0
0.534212590675
0.587542129058
1.0
0.53352195052
0.589245434093
1.0
0.53318216411
0.589636642523
1.0
0.532772071243
0.590084865553
1.0
0.532549338144
0.590195527786
1.0
0.532107096492
0.591448478751
1.0
0.532039795757
0.591718094636
1.0
0.531367204517
0.592568755478
1.0
0.530398936678
0.592173988474
1.0
0.530398936678
0.592173988474
1.0
0.529952158502
0.592233114158
1.0
0.530315188562
0.591997085334
1.0
0.529829024492
0.592327650474
1.0
0.530175000444
0.59189408045
1.0
0.52992287403
0.591234086991
1.0
0.529854915906
0.59006596281
1.0
0.529414079977
0.589621919154
1.0
0.529504362914
0.588717112845
1.0
0.529504362914
0.588717112845
1.0
0.529482750934
0.588218992791
1.0
0.529688031684
0.587696831293
1.0
0.529675255389
0.587162914931
1.0
0.530144323202
0.586424999051
1.0
0.53000171273
0.5852276387
1.0
0.530202323025
0.584978132696
1.0
0.530279391353
0.583834551512
1.0
0.530279391353
0.583834551512
1.0
0.530867404398
0.58370919593
1.0
0.530848016509
0.583190035254
1.0
0.532869961873
0.578609175707
1.0
0.535188547796
0.570264049966
0.978985394507
0.537900483786
0.565862183707
0.978985394507
0.545300516719
0.540558087976
0.99
0.556177477214
0.525362460117
0.99
0.563406654793
0.503518199878
0.99
0.566276587646
0.495204465969
0.99
0.566276587646
0.495204465969
0.99
0.569544898677
0.479943881977
0.99
0.569414181798
0.472460292316
1.0
0.568534953611
0.468822990589
1.0
0.568855789148
0.46736643355
1.0
0.567335366283
0.467988676777
1.0
0.568095585188
0.468896908838
1.0
0.568210623461
0.468299643599
1.0
0.568660462195
0.468323445079
1.0
0.568660462195
0.468323445079
1.0
0.568428249583
0.468179104105
1.0
0.568856350529
0.469067010013
1.0
0.569101317046
0.469349464395
1.0
0.569141842999
0.469316390645
1.0
0.568916477967
0.47039388313
1.0
0.569382082966
0.471330711162
1.0
0.569033825229
0.472987363173
1.0
0.569109541955
0.473587729798
1.0
0.569109541955
0.473587729798
1.0
0.56914650122
0.474026395414
1.0
0.569360588655
0.474650296619
1.0
0.569295847637
0.47522059018
1.0
0.569306288802
0.476250157111
1.0
0.569396097922
0.477347971302
1.0
0.569373814678
0.478564578273
1.0
0.568935825138
0.479860287894
1.0
0.56910014887
0.48074742279
1.0
0.56910014887
0.48074742279
1.0
0.568814494886
0.482137704774
1.0
0.568739285292
0.48274818609
1.0
0.568424498691
0.483542456976
1.0
0.568219332753
0.483975791625
1.0
0.568048955139
0.484601561194
1.0
0.568407606981
0.485985172982
1.0
0.56823156939
0.487435285609
1.0
0.568018902424
0.487918935069
1.0
0.568018902424
0.487918935069
1.0
0.567765153839
0.489802933178
1.0
0.567657310407
0.491514824184
1.0
0.567545924693
0.492159025291
1.0
0.567506492585
0.492497563551
1.0
0.566879358977
0.493621239272
1.0
0.567039490742
0.494641216745
1.0
0.567036063337
0.495608791466
1.0
0.567036063337
0.495608791466
1.0
0.567111425715
0.496399571587
1.0
0.566566068146
0.496538132473
1.0
0.566064717285
0.496501046135
1.0
0.56577234111
0.497347988046
1.0
0.565725372085
0.498142194187
1.0
0.565532798117
0.499658141361
1.0
0.565157722785
0.500851616495
1.0
0.564872188669
0.501851297613
1.0
0.564782980825
0.502350708684
1.0
0.564782980825
0.502350708684
1.0
0.564578788258
0.503454142722
1.0
0.564441195356
0.503804483422
1.0
0.564322294829
0.504410752182
1.0
0.564233571067
0.504974376591
1.0
0.563685761022
0.505894549658
1.0
0.563272776362
0.506078622516
1.0
0.562859272989
0.507231858978
1.0
0.562859272989
0.507231858978
1.0
0.562737298272
0.50759368138
1.0
0.562740137092
0.507651333621
1.0
0.562362822845
0.508126769331
1.0
0.562350172591
0.508259339459
1.0
0.562773828317
0.50934725294
1.0
0.562699872126
0.509265056069
1.0
0.562396020311
0.507645621724
1.0
0.562367457781
0.507972611729
1.0
0.562367457781
0.507972611729
1.0
0.562620849959
0.507998645958
1.0
0.562343715466
0.508663549452
1.0
0.562197337446
0.508132712033
1.0
0.562192716248
0.508618543368
1.0
0.562225457246
0.508526654164
1.0
0.562495433719
0.507976997188
1.0
0.562098344967
0.508427881704
1.0
0.561652117944
0.507655443303
1.0
0.561478089678
0.508276349019
1.0
0.561478089678
0.508276349019
1.0
0.561343583616
0.508637735755
1.0
0.560777196688
0.509235126151
1.0
0.560235049188
0.510577302698
1.0
0.560024410957
0.51109071827
1.0
0.559908406332
0.511439863066
1.0
0.559904638364
0.511192840547
1.0
0.559976549225
0.511682328772
1.0
0.559976549225
0.511682328772
1.0
0.560412124141
0.51187667221
1.0
0.560053545233
0.512971173849
1.0
0.560076472827
0.512824919501
1.0
0.560148286483
0.51333257838
1.0
0.560485717228
0.513836877357
1.0
0.560567007189
0.51380588775
1.0
0.560740968552
0.514497670423
1.0
0.56087989581
0.51490540086
1.0
0.56087989581
0.51490540086
1.0
0.561220526118
0.515190301194
1.0
0.561089153376
0.516134037384
1.0
0.560916013437
0.516317133051
1.0
0.56095034635
0.51654707346
1.0
0.561000964463
0.51660422549
1.0
0.561273149325
0.516361038824
1.0
0.561922846879
0.516345640424
1.0
0.562253603533
0.515636623119
1.0
0.562594326022
0.515440493489
1.0
0.562594326022
0.515440493489
1.0
0.562694865005
0.51481992842
1.0
0.563110735676
0.515013914761
1.0
0.563458986305
0.514397226149
1.0
0.563705684358
0.514333387978
1.0
0.563986295967
0.514220389627
1.0
0.56433068501
0.514046769519
1.0
0.56457643591
0.513629927518
1.0
0.56457643591
0.513629927518
1.0
0.565272466818
0.513860454038
1.0
0.565733091767
0.513147244788
1.0
0.566133605962
0.513456560184
1.0
0.566316559468
0.512514575205
1.0
0.566480630392
0.512482255663
1.0
0.566781769283
0.511708393625
1.0
0.567347362254
0.510951020597
1.0
0.567889777787
0.509717186489
1.0
0.568499553455
0.509409710917
1.0
0.568499553455
0.509409710917
1.0
0.568657306182
0.50853385249
1.0
0.568761250382
0.507270764407
1.0
0.569036309888
0.505642939196
1.0
0.569240970279
0.50545377419
1.0
0.569497428396
0.504347635239
1.0
0.570136088005
0.504504629725
1.0
0.570711100417
0.502881354717
1.0
0.570711100417
0.502881354717
1.0
0.570657127724
0.502528661696
1.0
0.570928869352
0.501590756291
1.0
0.571273631556
0.501605612973
1.0
0.571273200278
0.501853728293
1.0
0.571442071559
0.501486001269
1.0
0.571636917743
0.500545553834
1.0
0.570819069645
0.499798404715
1.0
0.570819069645
0.499798404715
1.0
0.570804230013
0.499631364335
1.0
0.571253809383
0.500092993076
1.0
0.57115183511
0.499788686043
1.0
0.570783316082
0.499545375305
1.0
0.570996217067
0.498760633682
1.0
0.571175418839
0.498831070945
1.0
0.571232039622
0.498265816681
1.0
0.571074277726
0.498026031049
1.0
0.571074277726
0.498026031049
1.0
0.571101508325
0.497830886293
1.0
0.571341821616
0.497609094213
1.0
0.571160047959
0.498019614295
1.0
0.57057158676
0.498167888112
1.0
0.570669049305
0.49691046074
1.0
0.570522237439
0.496552439162
1.0
0.570319369664
0.497043353961
1.0
0.570348224234
0.496875994374
1.0
0.570207592388
0.497466026309
1.0
0.570207592388
0.497466026309
1.0
0.570387498481
0.497312101452
1.0
0.570266115031
0.497264828821
1.0
0.570290293144
0.497187009318
1.0
0.569970920181
0.49780735898
1.0
0.569936594645
0.498131068799
1.0
0.569898814483
0.499132377759
1.0
0.570395389973
0.500113254982
1.0
0.56965376806
0.502067797748
1.0
0.56965376806
0.502067797748
1.0
0.569855343613
0.503120755548
1.0
0.568283550156
0.506572688626
1.0
0.571192293752
0.517126351469
1.0
0.569701092575
0.519600746315
1.0
0.569190932506
0.519337592721
1.0
0.566063937918
0.523727346263
0.879256929836
0.501527979064
0.438195105168
0.879256929836
0.501527979064
0.438195105168
0.879256929836
0.497566593426
0.443388976348
0.879256929836
0.497566593426
0.443388976348
0.879256929836
0.497566593426
0.443388976348
0.879256929836
0.497566593426
0.443388976348
0.879256929836
0.497566593426
0.443388976348
0.879256929836
0.459733760838
0.498810439416
0.950256318566
0.689427763679
0.416751744471
0.950256318566
0.388360948962
0.207568774233
0.845670530684
0.725928567458
0.480761749069
0.950256318566
0.417117693227
0.501052093414
