0.954276248111
0.577203930245
0.254722186941
0.954276248111
0.576884492
0.254680302242
0.927524202804
0.57702926744
0.25528066932
0.927524202804
0.577191763889
0.2542890522
0.971802955089
0.576702365105
0.254817171918
0.971802955089
0.577152069309
0.254830384144
0.972313241235
0.576865945574
0.256328773998
0.972313241235
0.577208649808
0.256721824891
0.972313241235
0.577208649808
0.256721824891
0.935182657928
0.577795268666
0.256963200956
0.935182657928
0.577562479953
0.256225069846
0.967107752758
0.577802340334
0.256810534707
0.967107752758
0.577520483122
0.255607578106
0.980982202008
0.577551053407
0.256349202003
0.980982202008
0.577411196359
0.255768829315
0.998818758375
0.577534218201
0.256381259635
0.975481145737
0.57822230591
0.257586770763
0.975481145737
0.57822230591
0.257586770763
0.960428870596
0.578729773259
0.257856521491
0.960428870596
0.578655006427
0.258502886882
0.968083134009
0.578563110363
0.258654352625
0.968083134009
0.579577902171
0.260652111478
0.977851897265
0.579285972726
0.260553831302
0.977851897265
0.581507029115
0.267268860272
0.977851897265
0.581507029115
0.267268860272
0.999753783005
0.581289094631
0.267838160192
0.960808827641
0.583360629945
0.272087364003
0.941277503239
0.583688908335
0.272481217553
0.941277503239
0.585400177315
0.278115346845
0.922768109527
0.585081185252
0.278878010889
0.882311504768
0.585422235279
0.281364391986
0.882311504768
0.586185581964
0.281896917249
0.962022407792
0.586206333809
0.282239614263
0.809993647616
0.580390123531
0.27203149551
0.809993647616
0.580758399436
0.271641812571
0.809993647616
0.580758399436
0.271641812571
0.800937430296
0.583817789314
0.279517462137
0.800937430296
0.58380597641
0.279022355046
0.815192636333
0.584934546673
0.28224028484
0.815192636333
0.585207076778
0.284494934479
0.831395623807
0.585145773569
0.284993751701
0.831395623807
0.585191164389
0.28558204417
0.778319609263
0.585093109088
0.285791215597
0.778319609263
0.585081375793
0.286474041514
0.778319609263
0.585081375793
0.286474041514
0.836289304134
0.588205060266
0.303724399292
0.836289304134
0.588696434306
0.30524233506
0.832800252418
0.588420908881
0.298781806207
0.832800252418
0.588538572179
0.298360414024
0.834087296326
0.587952378431
0.298564277933
0.834087296326
0.587930042012
0.299098948274
0.837626970491
0.586967956673
0.300253289381
0.837626970491
0.587239630113
0.302440380789
0.837626970491
0.587239630113
0.302440380789
0.833234318538
0.586553289406
0.302296844864
0.833234318538
0.586750258082
0.303329617743
0.812131262847
0.585975543021
0.302867352302
0.812131262847
0.585766578666
0.30266206112
0.799605774507
0.58583235227
0.30244986202
0.799605774507
0.585963217202
0.30385278756
0.799605774507
0.585963217202
0.30385278756
0.811352556954
0.585766195133
0.304046854901
0.811352556954
0.586436028422
0.306311286612
0.808791063689
0.586486682546
0.308052882604
0.808791063689
0.58654992517
0.310925545143
0.797671993171
0.586251797107
0.312140998384
0.797671993171
0.586495641781
0.314211397172
0.863874245001
0.586368763662
0.316681381542
0.863874245001
0.586256381503
0.318012092152
0.863874245001
0.586256381503
0.318012092152
0.843801292665
0.58625269647
0.319146001034
0.843801292665
0.585929313316
0.320069619158
0.818903061476
0.586005023556
0.321333271461
0.818903061476
0.586035099943
0.322292648577
0.801801854913
0.585770294736
0.323378563018
0.801801854913
0.585654683742
0.324165660887
0.826617274508
0.585518917912
0.32554392769
0.826617274508
0.586275984614
0.328818070955
0.810463168514
0.586139112226
0.330946166854
0.810463168514
0.586152233288
0.332257318646
0.810463168514
0.586152233288
0.332257318646
0.781789506972
0.585785498015
0.332628293395
0.781789506972
0.585849020661
0.333136393422
0.83003070713
0.585710464044
0.336656253094
0.83003070713
0.585461592938
0.336741782921
0.868184128316
0.585342271652
0.338509880325
0.868184128316
0.585469463955
0.339147166165
0.821957314949
0.585288702047
0.340298381289
0.821957314949
0.585311367967
0.341535442634
0.821957314949
0.585311367967
0.341535442634
0.831128350177
0.586497063272
0.346963648492
0.831128350177
0.58725053881
0.349148660977
0.860810664942
0.586943507279
0.349587107863
0.860810664942
0.5865494996
0.347779829912
0.8679003941
0.586090182197
0.34852916124
0.8679003941
0.585378427099
0.346417832772
0.893195778469
0.584654854436
0.345106367758
0.893195778469
0.584654854436
0.345106367758
0.893195778469
0.584374594469
0.344039696384
0.880484109178
0.583817522656
0.343234633971
0.880484109178
0.584573918605
0.34393700053
0.859993430438
0.584373436349
0.343246861267
0.859993430438
0.583731772596
0.342682164207
0.886171652311
0.583308926664
0.342891006474
0.886171652311
0.583523706188
0.342576779583
0.84288404622
0.583283806811
0.341941126841
0.84288404622
0.582684519533
0.339743530486
0.84288404622
0.582684519533
0.339743530486
0.845256746295
0.582544605951
0.33957309727
0.845256746295
0.5826310437
0.339267676362
0.865143665279
0.582902231047
0.339865921377
0.865143665279
0.582378603461
0.339028315089
0.851055592098
0.582306213532
0.338558568589
0.851055592098
0.582551960054
0.340073731491
0.851055592098
0.582551960054
0.340073731491
0.868140855351
0.582563601147
0.340219250095
0.868140855351
0.582348045619
0.338726050788
0.849726439555
0.582213507679
0.338191829484
0.849726439555
0.582512419644
0.338661604733
0.847798905489
0.582585161811
0.338877765056
0.847798905489
0.582224164045
0.336890538281
0.829428709142
0.581991234497
0.336105108224
0.829428709142
0.581705694022
0.336152158837
0.848513507602
0.58175033112
0.335664802547
0.848513507602
0.58175033112
0.335664802547
0.848513507602
0.582044061656
0.335441748462
0.823597125881
0.581810079631
0.334907879881
0.823597125881
0.581577584013
0.333872005804
0.872417443664
0.581520632591
0.333902269459
0.872417443664
0.581946345529
0.334251542045
0.861662469179
0.582069235314
0.334156681624
0.861662469179
0.582531333605
0.334519737282
0.832260763654
0.582488489672
0.334259722447
0.832260763654
0.582488489672
0.334259722447
0.832260763654
0.582248041496
0.333250268153
0.815760443443
0.582322379037
0.332515083716
0.815760443443
0.58260429128
0.333194748099
0.852751775146
0.582700289226
0.333969362184
0.852751775146
0.582450029279
0.332860595998
0.858994591431
0.582416066956
0.332094848198
0.858994591431
0.582459578535
0.331793604227
0.849921392274
0.582266257558
0.331473979441
0.849921392274
0.582680474553
0.330991731643
0.849921392274
0.582680474553
0.330991731643
0.856823341353
0.582857239191
0.330623485991
0.856823341353
0.582198948423
0.32979952287
0.826745983827
0.582101420456
0.329452681971
0.826745983827
0.58266330996
0.329914080087
0.879826241791
0.582595644308
0.330173945123
0.879826241791
0.582223649556
0.329551190966
0.881141987623
0.582243025442
0.329416233051
0.881141987623
0.582243025442
0.329416233051
0.881141987623
0.582541609854
0.330298087209
0.851561567531
0.582615880794
0.330400526831
0.851561567531
0.582582765552
0.330687343181
0.826627215974
0.582536062093
0.330620363619
0.826627215974
0.583083053281
0.330742086414
0.83720154451
0.583227045478
0.330864024103
0.83720154451
0.582807888224
0.331342364107
0.816201911189
0.582760951644
0.331331387846
0.816201911189
0.582775214312
0.331462225019
0.816201911189
0.582775214312
0.331462225019
0.822870999544
0.583049179221
0.331236153777
0.822870999544
0.582677607762
0.330116768188
0.849132987594
0.582693392825
0.330218740527
0.849132987594
0.582809392662
0.331028276101
0.815482320234
0.582763305634
0.331400697141
0.815482320234
0.582965813005
0.331430471521
0.846333206724
0.582878270321
0.331247571621
0.846333206724
0.582878270321
0.331247571621
0.846333206724
0.582622365591
0.329389644059
0.812198857496
0.582553772013
0.330065659826
0.812198857496
0.582392151961
0.32988403212
0.828071794255
0.581901973555
0.331230372814
0.828071794255
0.581772893281
0.331330045077
0.82866600539
0.581872246568
0.33159152624
0.82866600539
0.581811490407
0.33104992808
0.838127513377
0.581530493677
0.331157676193
0.838127513377
0.582208140479
0.332576720666
0.838127513377
0.582208140479
0.332576720666
0.821560674075
0.582076374566
0.332886222935
0.821560674075
0.582249121662
0.333675621738
0.809509256513
0.58226347646
0.334087055731
0.809509256513
0.582064932707
0.332658767386
0.84656214593
0.583631805034
0.344469318222
0.84656214593
0.584165667471
0.344790023179
0.84656214593
0.584770017912
0.346025862702
0.864954188633
0.584714593977
0.344396770226
0.864954188633
0.584714593977
0.344396770226
0.863402506076
0.584729799985
0.344061827412
0.85698385823
0.58421047725
0.342718851392
0.85698385823
0.584687542343
0.342316715007
0.83991930164
0.584823347159
0.340423097649
0.83991930164
0.586316220452
0.341994873076
0.838121125418
0.585622838047
0.34092690753
0.838121125418
0.585622838047
0.34092690753
0.838121125418
0.587468897658
0.343890045897
0.852341472944
0.586581771286
0.342582417749
0.852341472944
0.587451398358
0.34624369057
0.873935743932
0.587323461941
0.344862723829
0.878331018443
0.587492798586
0.34380088276
0.843330978994
0.588846914548
0.341804733474
0.843330978994
0.588392934622
0.340281426212
0.824126146758
0.591264166085
0.340383726837
0.824126146758
0.591602589139
0.340256852864
0.873952393836
0.591923051803
0.341595158318
0.873952393836
0.591923051803
0.341595158318
0.867150725414
0.591556493958
0.340363308908
0.867150725414
0.592208390094
0.341959085974
0.854858634813
0.592041277032
0.342013923254
0.854858634813
0.592242568179
0.342766609299
0.896299559291
0.592103929639
0.341893806588
0.90396288319
0.592346896855
0.342047034327
0.90396288319
0.592346896855
0.342047034327
0.898187692333
0.592393668484
0.342470275404
0.895789805696
0.592302541627
0.342257025543
0.895789805696
0.600808135417
0.36051989773
0.912392712381
0.600862218039
0.35968248264
0.912392712381
0.60021836293
0.359776261951
0.917144197623
0.600108831561
0.359707397334
0.917144197623
0.600233075425
0.360558877423
0.923729798498
0.600174184029
0.360605273753
0.923729798498
0.599918770264
0.357330454084
0.942131205807
0.600168870324
0.356169105655
0.942131205807
0.600168870324
0.356169105655
0.942131205807
0.599325995571
0.356347712157
0.896603007685
0.598886743372
0.35764518494
0.896603007685
0.599117432152
0.357056814868
0.905269769065
0.599392963174
0.355934361247
0.905269769065
0.59931159791
0.355118822041
0.897098925438
0.599514203959
0.354113597037
0.897098925438
0.599131100938
0.354466516463
0.90864430863
0.599426251107
0.353029222382
0.90864430863
0.599426251107
0.353029222382
0.90864430863
0.59932143524
0.353175585212
0.907224439872
0.599322566444
0.354517552133
0.907224439872
0.599305540626
0.35471998012
0.903353854563
0.599352246761
0.353952633895
0.903353854563
0.599013166785
0.353912761585
0.908286681782
0.599298883699
0.353842838328
0.908286681782
0.599298883699
0.353842838328
0.908286681782
0.599130077442
0.353901973021
0.921816214743
0.599012012196
0.353929689497
0.921816214743
0.598490990079
0.351817542406
0.938303065756
0.598562934897
0.352864429195
0.938303065756
0.599326807157
0.355623418976
0.928176660827
0.599394635384
0.355364858614
0.928176660827
0.598977306378
0.354776563644
0.895031575506
0.598544378016
0.355666874949
0.895031575506
0.598699863984
0.35612188451
0.945936222609
0.598388507584
0.356461039718
0.945936222609
0.598388507584
0.356461039718
0.945936222609
0.597833433063
0.354822174571
0.953702836094
0.597384802133
0.35543715373
0.953702836094
0.597619678135
0.357165653658
0.913369454766
0.597852837417
0.357088622198
0.913369454766
0.597686098983
0.357784239512
0.934569998453
0.597424721165
0.35730605352
0.934569998453
0.597167970993
0.357677464636
0.934569998453
0.597167970993
0.357677464636
0.953373866055
0.59689195902
0.357564986134
0.953373866055
0.597115390229
0.356370368956
0.940265737005
0.59685282473
0.356343604515
0.940265737005
0.596177598552
0.354962382035
0.90775674652
0.59567746468
0.356147160656
0.90775674652
0.594194461547
0.354756552987
0.912887823663
0.59407772271
0.353919755326
0.912887823663
0.59407772271
0.353919755326
0.912887823663
0.592175735322
0.353502441954
0.986828220436
0.591790432167
0.353063143578
0.986828220436
0.590491446353
0.354438101827
0.929423945749
0.590111238581
0.354342951328
0.929423945749
0.590017777366
0.356075735054
0.925919856581
0.58918760887
0.357351294197
0.925919856581
0.588869726411
0.356729044933
0.930953886079
0.586135365872
0.361167583048
0.930953886079
0.586258995937
0.361032101545
0.892276802103
0.584268606015
0.364954811928
0.892276802103
0.584268606015
0.364954811928
0.892276802103
0.584690912157
0.365792537852
0.893177643953
0.583708345621
0.369436626219
0.893177643953
0.583813729213
0.368339212454
0.909188833248
0.583793158731
0.369635031806
0.909188833248
0.583441632802
0.368741044659
0.912632843153
0.583637422062
0.368937734459
0.912632843153
0.583637422062
0.368937734459
0.912632843153
0.584078121724
0.371025071637
0.96404111048
0.583681938967
0.371378849339
0.96404111048
0.583151192179
0.370101051179
0.945239204146
0.583241379966
0.368987288172
0.945239204146
0.583649464265
0.370129104932
0.91228433831
0.583324962384
0.370267208632
0.91228433831
0.58316686643
0.370490820502
0.968477069716
0.583200628051
0.370011001277
0.968477069716
0.58324680047
0.370725942556
0.968477069716
0.58324680047
0.370725942556
0.989913785645
0.582882396273
0.369490357656
0.989913785645
0.582487928298
0.368943759906
1.0
0.582134900962
0.369146729103
1.0
0.581862052085
0.368764124292
1.0
0.581699897171
0.369335670183
1.0
0.581670728765
0.368609576315
0.973100760022
0.581240095603
0.369789598171
0.973100760022
0.581240095603
0.369789598171
0.973100760022
0.581217791854
0.370094030253
1.0
0.581303714492
0.369149462574
1.0
0.581061727308
0.367547174286
1.0
0.580468390774
0.367665724765
1.0
0.5801092068
0.366767410422
1.0
0.580096390065
0.366960762174
1.0
0.579857058285
0.366725234174
1.0
0.579627435416
0.366246520245
1.0
0.579627435416
0.366246520245
1.0
0.579593844909
0.365927739517
1.0
0.579482799751
0.366643691054
1.0
0.579413897447
0.366252965859
1.0
0.579121437197
0.366473590437
1.0
0.578927804223
0.365570934821
1.0
0.578666147976
0.364922540293
1.0
0.578794919335
0.365844516034
1.0
0.578512644581
0.366153112734
1.0
0.578512644581
0.366153112734
1.0
0.578317213406
0.365600406194
1.0
0.578151326827
0.365586294178
1.0
0.5781593914
0.365016646744
1.0
0.578203408767
0.364840160744
1.0
0.578298478898
0.365520420846
1.0
0.578108062135
0.365392303737
1.0
0.578267542294
0.364840120388
1.0
0.578227727255
0.364495322593
1.0
0.578227727255
0.364495322593
1.0
0.577979972692
0.364745810032
1.0
0.57776331588
0.365113767451
1.0
0.577947052634
0.365159028897
1.0
0.577980287083
0.364811035654
1.0
0.577987717187
0.365895385935
1.0
0.578075815461
0.365169699205
1.0
0.578110067974
0.365779972328
1.0
0.578069786754
0.364769663671
1.0
0.578123174639
0.365119101533
1.0
0.578140889505
0.365485253799
1.0
0.578140889505
0.365485253799
1.0
0.578241010678
0.365704212057
1.0
0.577970934964
0.366347588255
1.0
0.577881287928
0.365744735164
1.0
0.577804149979
0.36898777563
1.0
0.578441813219
0.370762997209
1.0
0.578564964917
0.372682408466
1.0
0.578313244716
0.372547357787
1.0
0.578313244716
0.372547357787
1.0
0.578824921731
0.371695653387
1.0
0.578774911462
0.371524506325
1.0
0.578809746739
0.37119964732
1.0
0.579323614187
0.372240582221
1.0
0.579261416582
0.372031354355
1.0
0.579273217223
0.371959879125
1.0
0.579614007658
0.371410899863
