1.0
0.623194646772
0.79931467246
1.0
0.624917489335
0.79683673184
1.0
0.631703963227
0.798298511561
1.0
0.634195506404
0.796268539756
1.0
0.635498308496
0.798285801297
1.0
0.635498308496
0.798285801297
1.0
0.637730539954
0.796663118601
1.0
0.636856874128
0.796415877857
1.0
0.637745436037
0.795226584041
1.0
0.638158244715
0.796800254691
1.0
0.63791106613
0.796727656318
1.0
0.639514733577
0.796191153173
1.0
0.639605458816
0.795507313923
1.0
0.64021505101
0.79499403584
1.0
0.64021505101
0.79499403584
1.0
0.640202759457
0.794949324341
1.0
0.641237084506
0.794868634079
1.0
0.641413765368
0.794217152133
1.0
0.641876897502
0.794259185014
1.0
0.642008212599
0.792238076418
1.0
0.641724141726
0.790130430328
1.0
0.641534911959
0.791444812065
1.0
0.641150425336
0.789878107296
1.0
0.641150425336
0.789878107296
1.0
0.641295900067
0.788586998143
1.0
0.6411020908
0.786926054799
1.0
0.640820919031
0.786497931493
1.0
0.639984643162
0.785092485251
1.0
0.63977512122
0.784696270022
1.0
0.639585587394
0.784468419254
1.0
0.639584239852
0.784497673448
1.0
0.638678919767
0.784178455775
1.0
0.638678919767
0.784178455775
1.0
0.638176073239
0.784764128808
1.0
0.638501371245
0.784403256985
1.0
0.638360515199
0.784738671226
1.0
0.637961184586
0.783384004375
1.0
0.638165062484
0.782712917417
1.0
0.637615519226
0.781752244522
1.0
0.637457798193
0.78083589732
1.0
0.637105903071
0.779112763108
1.0
0.636895499974
0.778599768697
1.0
0.636895499974
0.778599768697
1.0
0.636320787446
0.777648023238
1.0
0.636160475421
0.777282443696
1.0
0.635734298812
0.774956861606
1.0
0.635739772742
0.774258146291
1.0
0.634802631623
0.77216674556
1.0
0.634559374038
0.770934012033
1.0
0.633780367429
0.76844741874
1.0
0.633780367429
0.76844741874
1.0
0.633854762564
0.767722753929
1.0
0.632894755798
0.76581467726
1.0
0.632681588769
0.765169136738
1.0
0.632693864805
0.765050434255
1.0
0.632547573984
0.76479929442
1.0
0.632518985396
0.763537222012
1.0
0.632297972679
0.76375580789
1.0
0.630946253314
0.762217039029
1.0
0.630946253314
0.762217039029
1.0
0.630702654574
0.761868041475
1.0
0.629630728017
0.759052187591
1.0
0.629348883516
0.758755939956
1.0
0.627856611828
0.756469667145
1.0
0.627894177613
0.75598982419
1.0
0.626776478782
0.75285199732
1.0
0.62660491939
0.751886236557
1.0
0.626440119106
0.750266470767
1.0
0.626167143238
0.749943450256
1.0
0.625440372721
0.748445586221
1.0
0.625440372721
0.748445586221
1.0
0.625275163395
0.748761882119
1.0
0.624189172069
0.745920064925
1.0
0.623914190409
0.745762828853
1.0
0.624534117478
0.74643520872
1.0
0.624187913341
0.745799803068
1.0
0.627016366623
0.747826331872
1.0
0.627016366623
0.747826331872
1.0
0.625779394577
0.750151548213
1.0
0.624129469494
0.75180801275
1.0
0.622108753286
0.757455648704
0.988128868073
0.624486191122
0.762930176086
0.988128868073
0.623067459784
0.766096543746
0.959611890007
0.626338184373
0.768643441491
0.959611890007
0.627185706762
0.770791421183
0.890489997198
0.627172956822
0.775304732529
0.890489997198
0.627172956822
0.775304732529
0.871479747543
0.626635868642
0.774609238053
0.871479747543
0.625646924058
0.776340913963
0.871479747543
0.625646924058
0.776340913963
0.931461466449
0.630132766916
0.738842447925
0.832867235264
0.63104832504
0.741164703117
0.847597767969
0.633761799379
0.742888467801
0.905446796535
0.633010932681
0.743117027968
0.905446796535
0.633010932681
0.743117027968
0.860039003476
0.632218788593
0.746914955585
0.931461466449
0.622516354499
0.708380919713
0.99737141461
0.621534071597
0.71003976209
0.972337361061
0.621483819567
0.713690113425
1.0
0.620802109476
0.717771053073
1.0
0.620802109476
0.717771053073
1.0
0.620768378178
0.718899485298
1.0
0.621048085007
0.719617046682
1.0
0.621317898406
0.720415798524
1.0
0.620594407301
0.72048538011
0.944477823963
0.620615663189
0.722448163071
0.944477823963
0.619717091899
0.722717670347
1.0
0.619254621151
0.725170365246
1.0
0.620154883038
0.724597029839
0.945483356636
0.620021448959
0.725189475361
0.945483356636
0.620021448959
0.725189475361
0.945483356636
0.620392387771
0.725470035006
0.995424807322
0.62062757448
0.724683148643
0.995424807322
0.621221283068
0.725479693788
1.0
0.621663341134
0.724105481731
1.0
0.622542741141
0.725426322259
1.0
0.622962520973
0.726802951245
1.0
0.623517503103
0.726155109219
1.0
0.623517503103
0.726155109219
0.976596812259
0.623135721685
0.725710305695
0.976596812259
0.623634914472
0.726368217909
0.948152897415
0.622946478973
0.728649056174
0.948152897415
0.621807250403
0.730415766573
0.996669371763
0.6214988353
0.733258900323
1.0
0.622335744315
0.733723294384
1.0
0.623354627298
0.731895158631
1.0
0.623424078143
0.733556118745
1.0
0.623424078143
0.733556118745
0.978865299299
0.623593897423
0.731118694872
0.978865299299
0.622851717284
0.730861616866
1.0
0.62278608396
0.73023115974
1.0
0.623137608051
0.730201266789
0.998377423115
0.623325898862
0.731851723541
0.980595979202
0.623723751808
0.733287254318
0.980595979202
0.624056922477
0.733734901935
0.994871732156
0.623973869619
0.734171257195
0.994871732156
0.623973869619
0.734171257195
0.946916430851
0.624053884332
0.732249858989
0.946916430851
0.624879481529
0.73276873306
0.975768508015
0.624964495149
0.732088652522
0.975768508015
0.625677221246
0.73235638779
1.0
0.625942964369
0.732492487787
0.96993244489
0.626068164343
0.73100630361
0.96993244489
0.625694951563
0.731313606913
1.0
0.62673186935
0.73299519316
1.0
0.62673186935
0.73299519316
1.0
0.627432459114
0.732631246701
1.0
0.62852080629
0.733476036044
0.964304701133
0.62853153539
0.735405937672
0.964304701133
0.629699877656
0.738030026174
0.974356553351
0.630396233528
0.740007892927
0.974356553351
0.6299783635
0.738841979276
0.970996649965
0.630016571559
0.739805027477
0.970996649965
0.631363804022
0.742229635493
0.970996649965
0.631363804022
0.742229635493
0.932427263988
0.631995712854
0.742268740916
0.932427263988
0.634458269402
0.744747413214
1.0
0.634276697286
0.74676842248
1.0
0.635274918952
0.747329707741
1.0
0.635902772256
0.745461897072
1.0
0.637422238137
0.746918082997
1.0
0.638331471404
0.744277128888
1.0
0.638331471404
0.744277128888
1.0
0.638331471404
0.744277128888
0.62931709684
0.644215067934
0.745205352301
0.62931709684
0.644851160431
0.745021233374
0.62931709684
0.645395943283
0.744739941004
0.62931709684
0.645710337027
0.746118341595
0.62931709684
0.645710337027
0.746118341595
0.62931709684
0.646074725195
0.746904000213
0.62931709684
0.646294102105
0.747872413119
0.62931709684
0.646967776436
0.748811405923
0.62931709684
0.647218230278
0.748490132349
0.62931709684
0.647158110209
0.748861077232
0.62931709684
0.647398498874
0.748888979269
0.622565138913
0.648112031837
0.748951090419
0.622565138913
0.648435839603
0.748076779899
0.622565138913
0.648435839603
0.748076779899
0.65389019853
0.649150248582
0.748139550567
0.65389019853
0.64962521939
0.748026447937
0.652450238603
0.65034084285
0.748089308484
0.652450238603
0.650476411395
0.748852791947
0.610950553283
0.651192928625
0.748915291944
0.610950553283
0.651791173305
0.749364005888
0.610950553283
0.651791173305
0.749364005888
0.612495831118
0.653003932025
0.734824802022
0.612495831118
0.653039498086
0.733296004572
0.612495831118
0.65342051142
0.730799390308
0.612495831118
0.653855779453
0.729499218006
0.612495831118
0.653855779453
0.729499218006
0.612495831118
0.653930666238
0.729886109972
0.612495831118
0.65413404824
0.730093085281
