0.982810637679
0.575209229139
0.393934714307
0.982810637679
0.57625525048
0.393869416308
1.0
0.578007213615
0.400498237418
1.0
0.578929083865
0.396127072339
1.0
0.578929083865
0.396127072339
1.0
0.57786204281
0.397036902636
1.0
0.57858668891
0.396484583183
1.0
0.57963266793
0.400866637595
1.0
0.580096943656
0.399941663666
1.0
0.57887295081
0.400315392254
1.0
0.578976959534
0.399722070701
1.0
0.578794094359
0.401405432125
1.0
0.578964200799
0.401623767128
1.0
0.579437054222
0.403348995901
1.0
0.579437054222
0.403348995901
1.0
0.579816988948
0.402859291997
1.0
0.578955044489
0.401530421654
1.0
0.579242916
0.400553100794
1.0
0.578951007302
0.399853222428
1.0
0.579446577386
0.397914254986
1.0
0.578954150478
0.397189750283
1.0
0.578954150478
0.397189750283
1.0
0.57894336209
0.396685820998
1.0
0.579313642804
0.397634429684
1.0
0.579402042383
0.397335526868
1.0
0.579346154899
0.398416384527
1.0
0.57962494396
0.398508005596
1.0
0.579233205117
0.398628354118
1.0
0.579167025231
0.399463846007
1.0
0.579301059473
0.399128392817
1.0
0.579285109
0.398597935035
1.0
0.578380660918
0.398073257057
1.0
0.578380660918
0.398073257057
1.0
0.578320463819
0.398234969905
1.0
0.57902827073
0.399938977766
1.0
0.579102385157
0.399799131439
1.0
0.578082060986
0.399554635716
1.0
0.578010981666
0.400245040412
1.0
0.577674319602
0.400337128229
1.0
0.577597296259
0.401036444527
1.0
0.576954682795
0.400173710841
1.0
0.576954682795
0.400173710841
1.0
0.576885564423
0.400218326083
1.0
0.577204598696
0.40074354109
1.0
0.577160912182
0.400419183847
1.0
0.576228305586
0.400522233554
1.0
0.576226114069
0.400442448174
1.0
0.576495288702
0.398698870642
1.0
0.576660564138
0.398465639465
1.0
0.576660564138
0.398465639465
1.0
0.576193899234
0.398855143
1.0
0.575887143868
0.400628954483
1.0
0.575392900293
0.400954175349
1.0
0.575374872603
0.400952261087
1.0
0.574916530346
0.399517081414
1.0
0.575222052708
0.398532246831
1.0
0.572520673158
0.398860504624
1.0
0.572700479875
0.397893716672
1.0
0.572700479875
0.397893716672
1.0
0.565425308869
0.399739635286
1.0
0.565299773146
0.40005502344
1.0
0.556729537401
0.401755537727
1.0
0.55707717881
0.400551882021
1.0
0.550240775037
0.402756103665
1.0
0.549985576031
0.4021175355
1.0
0.548328772494
0.402964023336
1.0
0.548328772494
0.402964023336
1.0
0.546464265008
0.407497402808
1.0
0.546317719203
0.406200845027
1.0
0.543847383978
0.411258598148
1.0
0.543411413818
0.409213747762
0.99
0.536164509844
0.434766481196
0.99
0.535976202264
0.435745362208
1.0
0.534604337808
0.44019509652
1.0
0.535075148933
0.439098513577
1.0
0.535075148933
0.439098513577
1.0
0.535877691004
0.437546603296
1.0
0.534908802677
0.436767025492
1.0
0.534978303036
0.435953570465
1.0
0.535241530635
0.43633381973
1.0
0.535560095987
0.436075310313
1.0
0.536409933392
0.436204160181
1.0
0.536280108447
0.436718564192
1.0
0.536014473051
0.436364183224
1.0
0.535993690067
0.435007351792
1.0
0.535993690067
0.435007351792
1.0
0.535663115641
0.434335587421
1.0
0.536111998266
0.433767217278
1.0
0.536539561958
0.434222876412
1.0
0.536585688761
0.434726682653
1.0
0.53647412029
0.43489143419
1.0
0.53637473017
0.434704026733
1.0
0.536274873527
0.434262303022
1.0
0.536274873527
0.434262303022
1.0
0.536391787365
0.433724533766
1.0
0.536379236445
0.434638030514
1.0
0.536142823421
0.435174764837
1.0
0.536104637793
0.434585176083
1.0
0.535970851534
0.434081550912
1.0
0.53646825639
0.434379409008
1.0
0.536727756974
0.434855005931
1.0
0.536114317073
0.435364184809
1.0
0.536061656521
0.435216868669
1.0
0.536203583007
0.43469457879
1.0
0.536203583007
0.43469457879
1.0
0.536034480106
0.434334316202
1.0
0.535859510119
0.434467745668
1.0
0.536052478197
0.433974116919
1.0
0.536549840358
0.434792791136
1.0
0.536416971444
0.435831050448
1.0
0.536805851909
0.436553620219
1.0
0.536805851909
0.436553620219
1.0
0.53670726354
0.436231607451
1.0
0.53717008172
0.436750968553
1.0
0.537270055981
0.4367975497
1.0
0.536052613628
0.435179899687
1.0
0.53606653223
0.435128319235
1.0
0.536326041412
0.43627369486
1.0
0.536419856116
0.435839878542
1.0
0.53605285715
0.435545951777
1.0
0.53605285715
0.435545951777
1.0
0.53598110189
0.43629821595
1.0
0.53585950149
0.435621451876
1.0
0.535839967314
0.435799992843
1.0
0.536343536673
0.43656173299
1.0
0.53645966787
0.435974574997
1.0
0.536650442308
0.436731066795
1.0
0.536838705217
0.436355092842
1.0
0.53567807342
0.434823781589
1.0
0.535756501085
0.435466405011
1.0
0.535756501085
0.435466405011
1.0
0.535723925918
0.435290562258
1.0
0.535659301328
0.435067617989
1.0
0.535666064946
0.435488874604
1.0
0.535799430201
0.435545878438
1.0
0.535423860097
0.435036253523
1.0
0.535578316259
0.434398855248
1.0
0.535474370613
0.435413509391
1.0
0.535474370613
0.435413509391
1.0
0.535332777837
0.435434223486
1.0
0.535904465351
0.435280116906
1.0
0.536059368665
0.435977207165
1.0
0.536140734764
0.436922993674
1.0
0.536163720601
0.436833356182
1.0
0.536512694001
0.437782765565
1.0
0.536124109196
0.439357673106
1.0
0.53630689911
0.440110851757
1.0
0.536449397542
0.44032995666
1.0
0.537193928007
0.442345018392
1.0
0.537193928007
0.442345018392
1.0
0.53697251472
0.441716723608
1.0
0.537518305975
0.441120692577
1.0
0.537460356697
0.442028886923
1.0
0.539413794616
0.444932662046
1.0
0.539082132293
0.444967688604
1.0
0.53996604997
0.443172242125
1.0
0.53996604997
0.443172242125
1.0
0.539824574923
0.443184975179
0.881040575515
0.517569841746
0.396714694703
0.881040575515
0.517128141236
0.397771672839
0.881040575515
0.516205580298
0.40088414868
0.881040575515
0.516205580298
0.40088414868
0.881040575515
0.516205580298
0.40088414868
0.832789863297
0.559125726622
0.436175090376
0.832789863297
0.559125726622
0.436175090376
0.832789863297
0.557654756635
0.439737316795
0.832789863297
0.555472629648
0.445109366257
0.832789863297
0.554299456373
0.445531499679
0.746460596574
0.56698321099
0.453127511287
0.832789863297
0.564899341194
0.428808892538
0.816841226597
0.571643351285
0.441502353674
0.99
0.57205516208
0.449192316438
0.99
0.571799283838
0.4549369111
0.99
0.570755782151
0.456029513853
0.99
0.569535252126
0.457989200793
0.99
0.569535252126
0.457989200793
1.0
0.569817115084
0.459364532001
1.0
0.568982909419
0.459558301789
1.0
0.569354708234
0.465355939338
1.0
0.568183833742
0.463802259529
1.0
0.568603446535
0.464694559469
1.0
0.568145176603
0.463897682749
1.0
0.568557603811
0.462685475549
1.0
0.567507957568
0.462016057372
1.0
0.567507957568
0.462016057372
1.0
0.567855520402
0.46078835985
1.0
0.567472430667
0.459710783912
1.0
0.567786572762
0.458656098868
1.0
0.56735275393
0.457048679647
1.0
0.567741749881
0.455771103468
1.0
0.56734537653
0.457064278549
1.0
0.567889757684
0.456032296932
1.0
0.566312008115
0.454476641301
1.0
0.566233430167
0.453986080624
1.0
0.566233430167
0.453986080624
1.0
0.567196644882
0.454099326242
1.0
0.567463348467
0.453303656158
1.0
0.566608191572
0.452721653818
1.0
0.566916142889
0.451012557825
1.0
0.566665677136
0.451899935009
1.0
0.566885492807
0.451842473261
1.0
0.566885492807
0.451842473261
1.0
0.566764596873
0.451061654524
1.0
0.566740988992
0.45139253319
1.0
0.56603595019
0.451205376932
1.0
0.566044112396
0.450813212561
1.0
0.565676430206
0.451329363434
1.0
0.565789086462
0.450585908962
1.0
0.565628760745
0.447753840891
1.0
0.565628760745
0.447753840891
1.0
0.565498109961
0.448380685414
1.0
0.568177185339
0.438076733639
1.0
0.568049793513
0.438420425956
1.0
0.569727968657
0.428872070373
1.0
0.569867973737
0.429249230223
1.0
0.569990004893
0.426566985566
1.0
0.569876094511
0.426580920105
