1.0
0.360897959332
0.410211811151
1.0
0.361329158926
0.409165825842
1.0
0.361333721309
0.40893552653
1.0
0.362198747759
0.410632218904
1.0
0.362198747759
0.410632218904
1.0
0.362301964198
0.410922575066
1.0
0.362804408037
0.410917383437
1.0
0.362818574422
0.411142287519
1.0
0.363392446365
0.411507743921
1.0
0.363467331076
0.411248169234
1.0
0.363942830713
0.411336367112
1.0
0.363974973555
0.411476541177
1.0
0.363851271086
0.411761242656
1.0
0.363924032084
0.411650074592
1.0
0.364472430004
0.412115718098
1.0
0.364472430004
0.412115718098
1.0
0.364527854044
0.411885051696
1.0
0.364800288482
0.413378256707
1.0
0.364935019735
0.412967616204
1.0
0.366103553909
0.411999382324
1.0
0.366049983664
0.412212252847
1.0
0.366033574261
0.412676469164
1.0
0.366138001768
0.412261867588
1.0
0.366404787621
0.412527896806
1.0
0.366404787621
0.412527896806
1.0
0.366432281238
0.412461709187
1.0
0.366460220371
0.413053082834
1.0
0.366474843177
0.413154161849
1.0
0.366645637461
0.413180118205
1.0
0.366551644945
0.413474956407
1.0
0.366331113402
0.41302407915
1.0
0.366328741665
0.412863968223
1.0
0.366399486647
0.413015759815
1.0
0.366399486647
0.413015759815
1.0
0.366483191093
0.412580957074
1.0
0.365266611687
0.412541032126
1.0
0.365155695529
0.413390164051
1.0
0.365149430073
0.412589591406
1.0
0.365176847503
0.41238593948
1.0
0.366042361665
0.412652780076
1.0
0.365917727911
0.412684760623
1.0
0.36596666466
0.412377187819
1.0
0.36596666466
0.412377187819
1.0
0.365963963035
0.412426050167
1.0
0.365253770366
0.411997841061
1.0
0.365177984094
0.412235329196
1.0
0.365559179785
0.412384746363
1.0
0.365643695468
0.411986026712
1.0
0.365042264185
0.411057236295
1.0
0.364914638076
0.411238618377
1.0
0.364914638076
0.411238618377
1.0
0.36448836604
0.411510017907
1.0
0.364481073561
0.411603515373
1.0
0.363815789142
0.410888081732
1.0
0.363730174087
0.411046205684
1.0
0.363727877655
0.410616490886
1.0
0.363702800763
0.410596969079
1.0
0.363751339924
0.410015902012
1.0
0.363709414774
0.410287075248
1.0
0.364201652164
0.410066949893
1.0
0.364201652164
0.410066949893
1.0
0.364228992152
0.409541661519
1.0
0.363492519095
0.408864007696
1.0
0.363497684691
0.408713484162
1.0
0.36295010557
0.40831498826
1.0
0.36290930688
0.408730897949
1.0
0.362977482201
0.409193831467
1.0
0.363060987517
0.408442191703
1.0
0.363060987517
0.408442191703
1.0
0.363021926181
0.40860483189
1.0
0.362924924213
0.408983592976
1.0
0.362221519738
0.409529847506
1.0
0.362266319543
0.409424004358
1.0
0.362424774055
0.410047801409
1.0
0.362426380368
0.410297548578
1.0
0.363064030696
0.409521481472
1.0
0.363064030696
0.409521481472
1.0
0.363027073604
0.409569449207
1.0
0.362270558751
0.409531213103
1.0
0.362308780133
0.409224471928
1.0
0.362707135103
0.410110480307
1.0
0.362694617289
0.410716957087
1.0
0.362654722588
0.410249642285
1.0
0.362607881541
0.410596353858
1.0
0.362754422961
0.411312736785
1.0
0.362790783818
0.411236379921
1.0
0.363115066547
0.412014614527
1.0
0.363115066547
0.412014614527
1.0
0.363209743062
0.41205914278
1.0
0.363495727092
0.412833986253
1.0
0.363321026522
0.413274982664
1.0
0.361895229524
0.413469732419
1.0
0.361899360741
0.413767780413
1.0
0.363519254147
0.41457100351
1.0
0.363519254147
0.41457100351
1.0
0.363544797686
0.414297500336
1.0
0.363650277571
0.414493216035
1.0
0.363657807491
0.414813549592
1.0
0.36390193182
0.414661368361
1.0
0.363962688786
0.414102613907
1.0
0.363849664301
0.414093919236
1.0
0.363762788323
0.414717413061
1.0
0.364012243819
0.415672521527
1.0
0.36414885845
0.415237472181
1.0
0.363963185773
0.414875402417
1.0
0.363963185773
0.414875402417
1.0
0.363892183085
0.415048144524
1.0
0.362905738764
0.414345682594
1.0
0.362915049735
0.414356111471
1.0
0.362756642662
0.414334463872
1.0
0.36263246468
0.414692676071
1.0
0.364246924581
0.415366967557
1.0
0.364279517925
0.415690189979
1.0
0.363690126735
0.415040025408
1.0
0.363690126735
0.415040025408
1.0
0.363726048722
0.414592177291
1.0
0.363666472991
0.414654433062
1.0
0.363640217791
0.414866476912
1.0
0.364151472465
0.415206348045
1.0
0.364214854366
0.414476973341
1.0
0.36292758897
0.413436006612
1.0
0.36292758897
0.413436006612
1.0
0.362963361026
0.413704045575
1.0
0.363842856752
0.414371651227
1.0
0.363645447961
0.414985029305
1.0
0.36309734451
0.413706657262
1.0
0.36323751412
0.413352395206
1.0
0.362885513266
0.413461500796
1.0
0.362900473605
0.412933508934
1.0
0.362383384349
0.411923829285
1.0
0.362425184692
0.411722064982
1.0
0.362803651824
0.410880409104
1.0
0.362803651824
0.410880409104
1.0
0.362689868596
0.411184669562
1.0
0.363064031999
0.411784143069
1.0
0.363153483568
0.411555361184
1.0
0.362294218974
0.410967976363
1.0
0.362316763557
0.410534622409
1.0
0.363187690984
0.410839823272
1.0
0.363225265656
0.41100294011
1.0
0.363225265656
0.41100294011
1.0
0.363344870233
0.410887843164
1.0
0.363385603233
0.410215327976
1.0
0.362646788452
0.410083434214
1.0
0.362692348585
0.409975175829
1.0
0.363046856953
0.412032983477
1.0
0.363199418057
0.411887733214
1.0
0.36415086511
0.410302651234
1.0
0.36415086511
0.410302651234
1.0
0.363937042577
0.411568514144
1.0
0.364300170132
0.412143211094
1.0
0.364601415387
0.411063428706
1.0
0.36399608312
0.410996730883
1.0
0.364105807351
0.41083749781
1.0
0.364726178757
0.410904397584
1.0
0.364593475248
0.411437066434
1.0
0.364574173733
0.412495611128
1.0
0.364480003898
0.41301976795
1.0
0.364699061207
0.413285476523
1.0
0.364699061207
0.413285476523
1.0
0.364760274379
0.413290947723
1.0
0.364869719098
0.413138919696
1.0
0.364776289575
0.413968329195
1.0
0.363866660577
0.414881208574
1.0
0.364076039994
0.414097399183
1.0
0.36527067279
0.413945438831
1.0
0.36527067279
0.413945438831
1.0
0.365068165613
0.414905513648
1.0
0.364353328311
0.41485202525
1.0
0.364436939189
0.414723389864
1.0
0.365392574544
0.415206304273
1.0
0.365461446527
0.415200060735
1.0
0.365113926759
0.415166743252
1.0
0.365093793721
0.415301302647
1.0
0.365083397058
0.415146147267
1.0
0.36507211779
0.415597118042
1.0
0.365678363028
0.415329798177
1.0
0.365678363028
0.415329798177
1.0
0.365688804369
0.414727438806
1.0
0.364878501438
0.414893481379
1.0
0.364708355561
0.415173075373
1.0
0.363581148444
0.415451160741
1.0
0.363628393576
0.415311774768
1.0
0.364922712948
0.414687646963
1.0
0.364922712948
0.414687646963
1.0
0.365003217283
0.414638945194
1.0
0.36395109208
0.414059742536
1.0
0.36393057567
0.413770143514
1.0
0.363857820986
0.413292006535
1.0
0.363819480505
0.413501393798
1.0
0.364224883932
0.414326472761
1.0
0.36425789471
0.414387494911
1.0
0.363969560775
0.414328065665
1.0
0.363969560775
0.414328065665
1.0
0.363913541115
0.414150325555
1.0
0.363826057793
0.41380881208
1.0
0.363792557142
0.413914817764
1.0
0.364121995492
0.414036472635
1.0
0.364097775562
0.414569280438
1.0
0.363613264867
0.414632977818
1.0
0.363594376439
0.414335202118
1.0
0.36375923661
0.414343229025
1.0
0.363820059324
0.413897521968
1.0
0.363820059324
0.413897521968
1.0
0.36380643048
0.413875216904
1.0
0.363828284571
0.414334271744
1.0
0.363962347747
0.414273292267
1.0
0.3639184147
0.414380736519
1.0
0.363759479986
0.414479539553
1.0
0.363873798219
0.413719911603
1.0
0.364249527596
0.413356844239
1.0
0.364249527596
0.413356844239
1.0
0.364324675393
0.412842953281
1.0
0.363880021872
0.412984578294
1.0
0.363834309234
0.413572639354
1.0
0.364617153123
0.413822290932
1.0
0.36470697686
0.413710774815
1.0
0.365557978457
0.415027300996
1.0
0.365624096007
0.414503606506
1.0
0.364425867719
0.413662071978
1.0
0.364425867719
0.413662071978
1.0
0.36454564759
0.414119659861
1.0
0.364807656639
0.41430003047
1.0
0.364706486753
0.414623901059
1.0
0.36450767145
0.414832111403
1.0
0.364532677651
0.415151961361
1.0
0.364922558708
0.415417185633
1.0
0.364997610512
0.414780623989
1.0
0.365320788358
0.41515437095
1.0
0.365255382363
0.415879466844
1.0
0.365255382363
0.415879466844
1.0
0.365430953554
0.416412120057
1.0
0.365392264385
0.416714550383
1.0
0.366521896747
0.417640201929
1.0
0.366661736329
0.417608838369
1.0
0.365997024227
0.419809469305
1.0
0.365889004754
0.4198537726
1.0
0.364878869657
0.417272031315
1.0
0.364878869657
0.417272031315
1.0
0.364940797452
0.418023983814
1.0
0.365506816979
0.418844175463
1.0
0.365434850019
0.419332603104
1.0
0.365596871157
0.419626314587
1.0
0.365491933317
0.41960687544
1.0
0.365183621357
0.419557414267
1.0
0.36529782381
0.419983320066
1.0
0.365091768194
0.41988663813
1.0
0.365087320969
0.420237677415
1.0
0.365051944838
0.420658998287
1.0
0.365051944838
0.420658998287
1.0
0.364967906156
0.420604636192
1.0
0.364362328513
0.420564489609
1.0
0.364298593766
0.420514444487
1.0
0.365419431885
0.421573493313
1.0
0.365524768887
0.421920233811
1.0
0.364007137817
0.420500320747
1.0
0.364007137817
0.420500320747
1.0
0.363726526901
0.420928978411
1.0
0.363702851717
0.420885950695
1.0
0.363807636186
0.420541205704
1.0
0.364064373439
0.420413590145
1.0
0.364041619517
0.420307467441
1.0
0.364536551189
0.420777940565
1.0
0.364534119252
0.421256089203
1.0
0.364275648452
0.420812394724
1.0
0.364275648452
0.420812394724
1.0
0.364359190877
0.420443567433
1.0
0.365247172346
0.420830270037
1.0
0.365397695596
0.420168375537
1.0
0.364558632067
0.420233256918
1.0
0.364464916354
0.420220661186
1.0
0.364849400698
0.421356397638
1.0
0.365038242286
0.421468454643
1.0
0.36468848649
0.420311542443
1.0
0.36468848649
0.420311542443
1.0
0.364677179175
0.420243117044
1.0
0.36498389276
0.421113119906
1.0
0.365221530873
0.420624612766
1.0
0.365104600704
0.420751587111
1.0
0.365117924862
0.421161366576
1.0
0.366206209918
0.422230889596
1.0
0.366214431493
0.422421829972
1.0
0.366086639127
0.422896286227
1.0
0.366086639127
0.422896286227
1.0
0.366177800763
0.423009361788
1.0
0.366970414885
0.423642318209
1.0
0.366999675977
0.423732705804
1.0
0.366952278962
0.424203826948
1.0
0.366959689671
0.424595426124
1.0
0.366982680764
0.424292303316
1.0
0.367091682776
0.424211200444
1.0
0.367888442237
0.425399677785
1.0
0.367888442237
0.425399677785
1.0
0.3678901601
0.425605054801
1.0
0.36851825401
0.426431008157
1.0
0.368491021458
0.427787403388
1.0
0.3688824564
0.428244403889
1.0
0.36889098348
0.428434605485
1.0
0.369359556459
0.42898337936
1.0
0.369429795931
0.428793334889
1.0
0.368948325918
0.428993528742
1.0
0.368948325918
0.428993528742
1.0
0.368913672912
0.429524639062
1.0
0.369427002004
0.429737813729
1.0
0.369383456665
0.430776834213
1.0
0.368508325295
0.431668305509
1.0
0.368430618815
0.43224262172
1.0
0.367672454591
0.432434561134
1.0
0.367657697739
0.432444940008
1.0
0.368169906619
0.432315864595
1.0
0.368169906619
0.432315864595
1.0
0.368049755848
0.433766213827
1.0
0.368232209049
0.434294997196
1.0
0.368316967837
0.433661330947
1.0
0.36758849375
0.433881535303
1.0
0.367426475511
0.435463373127
1.0
0.367895652063
0.435767332959
1.0
0.367820922412
0.435750979154
1.0
0.367881495257
0.435957282194
1.0
0.367737511187
0.437372172468
1.0
0.367737511187
0.437372172468
1.0
0.367985214378
0.438421286299
1.0
0.367997339481
0.439429867268
1.0
0.367555894348
0.440991888448
1.0
0.367488087513
0.441639957778
1.0
0.366277235216
0.44225951337
1.0
0.366265067928
0.442827197455
1.0
0.367506228009
0.443131232356
1.0
0.367506228009
0.443131232356
1.0
0.367526904668
0.444173208909
1.0
0.367528204301
0.445028115034
1.0
0.367486854554
0.445727266268
1.0
0.368601730225
0.448644770294
1.0
0.368752370238
0.449095324658
1.0
0.368870344361
0.449542635719
1.0
0.368893812098
0.450318351383
1.0
0.369329297818
0.451739257731
1.0
0.369329297818
0.451739257731
1.0
0.369343145617
0.452203350476
1.0
0.370981761608
0.453870165189
1.0
0.371233031047
0.454265913138
1.0
0.371327328493
0.455012845271
1.0
0.371373065558
0.455913577789
1.0
0.371992974697
0.457068199871
1.0
0.372160190534
0.456884340579
1.0
0.373212892666
0.459454538769
1.0
0.373212892666
0.459454538769
1.0
0.373274185751
0.461707711466
1.0
0.378096205629
0.481809584888
1.0
0.377870776685
0.500346663637
0.99
0.379494590071
0.550298695086
0.99
0.377008682133
0.60498318518
0.99
0.377273234124
0.66688038698
0.99
0.37287974217
0.727434939962
0.99
0.375546382171
0.789526013708
0.99
0.375546382171
0.789526013708
0.99
0.371094277275
0.850950674515
0.99
0.375886692925
0.913106187558
0.99
0.371639086578
0.97645870058
0.99
0.3821956445
1.02938632151
0.99
0.378209981151
1.07677344967
0.99
0.378209981151
1.07677344967
0.99
0.378209981151
1.07677344967
0.99
0.359558969444
1.07269054728
0.99
0.347395401813
1.14515741753
0.99
0.347395401813
1.14515741753
0.99
0.338832192563
1.20601975259
0.99
0.33374656682
1.2491311875
1.0
0.328695146035
1.2628920487
0.893735604499
0.328525158247
1.27249415728
0.893735604499
0.328525158247
1.27249415728
0.95179524705
0.328472279928
1.28031170227
1.0
0.334576517938
1.28889923129
1.0
0.338709820778
1.29517179038
1.0
0.340016695326
1.29829940093
1.0
0.340016695326
1.29829940093
1.0
0.340724121524
1.29880734755
1.0
0.342761238534
1.29932742788
1.0
0.343274136679
1.29690945083
1.0
0.34486341831
1.2975282927
1.0
0.34486341831
1.2975282927
1.0
0.345928634735
1.29649644054
1.0
0.345711933289
1.29598296748
1.0
0.347415066773
1.29441586805
1.0
0.348178113425
1.29366043741
1.0
0.348178113425
1.29366043741
1.0
0.348397247948
1.29241824371
1.0
0.349016083001
1.29169809284
1.0
0.349737846873
1.29015803066
1.0
0.3498868848
1.2868282542
1.0
0.3498868848
1.2868282542
1.0
0.349603016178
1.28340598384
1.0
0.349852329428
1.2818433605
1.0
0.349814197326
1.27839271076
1.0
0.349814197326
1.27839271076
1.0
0.349107836537
1.27493165392
1.0
0.349242751459
1.27255871512
1.0
0.349214527507
1.26999667475
1.0
0.349547223211
1.26599011183
1.0
0.34958254223
1.26323495511
1.0
0.34958254223
1.26323495511
1.0
0.349390632374
1.26179309114
1.0
0.350044277575
1.25912037091
1.0
0.348639282678
1.25790293535
1.0
0.348753211445
1.2534478085
1.0
0.348753211445
1.2534478085
1.0
0.349038745574
1.25200401353
1.0
0.348965433105
1.24912764557
1.0
0.34925667123
1.24792974923
0.99
0.324669789936
1.15869024823
0.99
0.324684199021
1.15800210778
0.99
0.324684199021
1.15800210778
0.99
0.324734189695
1.15621503682
0.99
0.324617399503
1.15482872025
0.99
0.324616591456
1.1541592104
0.99
0.324868477646
1.15090517678
0.99
0.325448315552
1.12119009092
0.99
0.325456882495
1.06361353277
0.99
0.241788206615
0.940283207527
0.99
0.24460935827
0.889854123023
0.99
0.247107763157
0.843620289117
0.99
0.247107763157
0.843620289117
0.99
0.248824837956
0.811958011472
0.99
0.245433136809
0.801350764261
1.0
0.246109638656
0.788477348954
1.0
0.247019493298
0.78776988445
1.0
0.247068822417
0.785811020249
1.0
0.248098830847
0.785730062801
1.0
0.248098830847
0.785730062801
1.0
0.248241385553
0.782510205012
1.0
0.246197940493
0.781207096561
1.0
0.246327266778
0.77816014162
1.0
0.244442392954
0.778424396162
1.0
0.244370008251
0.779380136145
1.0
0.241329687186
0.778700985061
1.0
0.241338186231
0.778038210752
1.0
0.23893247535
0.77741474888
1.0
0.238898278302
0.777618407815
1.0
0.236242312034
0.776783799557
1.0
0.236242312034
0.776783799557
1.0
0.23620966778
0.777192040773
1.0
0.233523590811
0.775029952221
1.0
0.233522304712
0.774995809329
1.0
0.230786085274
0.77347031195
1.0
0.230835693019
0.772624865688
1.0
0.227758716688
0.770170467069
1.0
0.227786609238
0.769799706555
1.0
0.225084068141
0.767669902709
1.0
0.225084068141
0.767669902709
1.0
0.22516852096
0.766281701034
1.0
0.221401083887
0.76172833885
1.0
0.221528155752
0.759567382114
1.0
0.220725406151
0.757221625345
1.0
0.220871483517
0.754683555078
1.0
0.218335969846
0.751544259308
1.0
0.218562194131
0.747723401329
1.0
0.216679859211
0.74339364363
1.0
0.216679859211
0.74339364363
1.0
0.21682663835
0.74056568468
1.0
0.216495523644
0.737888760183
1.0
0.21671063911
0.73359398369
1.0
0.215320483726
0.728456674419
1.0
0.215475692943
0.725600541097
1.0
0.214899402124
0.721225248106
1.0
0.215115921359
0.716894220045
1.0
0.215246279412
0.713109285487
1.0
0.215246279412
0.713109285487
1.0
0.21544199084
0.708883377668
1.0
0.215500226339
0.703648423711
1.0
0.215768252835
0.698154210964
1.0
0.217570516342
0.695676768756
1.0
0.217776749206
0.691584499753
1.0
0.219554375583
0.688100270984
1.0
0.219801105883
0.683560514289
1.0
0.222537337238
0.679706270261
1.0
0.222537337238
0.679706270261
1.0
0.222793768038
0.675439719763
1.0
0.225463086712
0.672974857325
1.0
0.225673109618
0.669232262847
1.0
0.230360240404
0.667506042866
1.0
0.230569269332
0.664139880785
1.0
0.238606371127
0.662725043691
1.0
0.238828705692
0.658982065375
1.0
0.248437545322
0.659089834611
1.0
0.248437545322
0.659089834611
1.0
0.248469766793
0.657428215399
0.727051004939
0.255389652733
0.651867401413
0.727051004939
0.255151527635
0.653852021717
0.709307103528
0.578930206528
0.362401911174
0.709307103528
0.547087876811
0.0340892681538
0.866604168457
100.0
100.0
0.866604168457
100.0
100.0
0.866604168457
100.0
100.0
0.866604168457
-100.0
-100.0
0.848278525786
0.404300090143
-0.0131648789077
0.792141595083
0.907115514124
0.525010432753
0.911897241937
0.269629618305
0.370545141636
0.911897241937
0.269629618305
0.370545141636
0.950480331589
0.270931257969
0.355646605748
0.996221223197
0.270722796029
0.358311225559
0.919594704532
0.254715310158
0.320417417937
0.919594704532
0.254561768812
0.3221379147
0.99
0.292607274503
0.386402149636
0.989466573375
0.292804407907
0.385219526645
0.989466573375
0.289038491807
0.381246548768
0.963872928494
0.289423833074
0.37863918823
0.963872928494
0.289423833074
0.37863918823
0.963872928494
0.291962195703
0.379442851249
1.0
0.292398957149
0.377851282532
1.0
0.293702238399
0.376966797
1.0
0.294316137762
0.374466229791
1.0
0.296174907743
0.373028676776
1.0
0.296785317258
0.369094987148
1.0
0.298795864827
0.369506697935
1.0
0.299361921625
0.365370319096
1.0
0.299361921625
0.365370319096
1.0
0.301064476015
0.365459817924
1.0
0.301426093199
0.362998934912
1.0
0.302600103816
0.362230864949
1.0
0.30317564596
0.35804116016
1.0
0.305957881002
0.35941994966
1.0
0.306319358017
0.357196000288
1.0
0.307997888218
0.358532732567
1.0
0.308431787715
0.355926515415
1.0
0.308431787715
0.355926515415
1.0
0.310467832748
0.3562306122
1.0
0.310920080601
0.353112165246
1.0
0.313752700281
0.354806668483
1.0
0.314068312566
0.353608569138
1.0
0.315474031525
0.353913334126
1.0
0.315752999562
0.352418266019
1.0
0.31696099706
0.353562271591
1.0
0.317306510622
0.352318040316
1.0
0.317306510622
0.352318040316
1.0
0.319754894683
0.354175865973
1.0
0.319993001282
0.353144679852
1.0
0.32102693993
0.353093075233
1.0
0.321292695879
0.351202148316
1.0
0.322101550182
0.353185757811
1.0
0.322234083765
0.353058235015
1.0
0.323234120276
0.352879125131
1.0
0.323415324363
0.352181311014
1.0
0.323415324363
0.352181311014
1.0
0.323669632564
0.35293077925
1.0
0.323722685617
0.353025642494
1.0
0.324135093599
0.353363307234
1.0
0.324203608016
0.352532406378
1.0
0.323971311
0.353149415946
1.0
0.324081554944
0.353447500906
1.0
0.324386352992
0.353764276062
1.0
0.324457391746
0.353349024358
1.0
0.324457391746
0.353349024358
1.0
0.324993059814
0.353219798962
1.0
0.325001801567
0.353549592112
1.0
0.324361533389
0.353945468287
1.0
0.324451089869
0.353843079691
1.0
0.324650692899
0.353705939009
1.0
0.324694520462
0.353438653144
1.0
0.325757267432
0.353106668611
1.0
0.325796755865
0.352816070817
1.0
0.325796755865
0.352816070817
1.0
0.325476033981
0.354360467404
1.0
0.3255399749
0.354325956749
1.0
0.325287555492
0.354453921324
1.0
0.325414627706
0.354020333956
1.0
0.325315939393
0.354481600855
1.0
0.325324317051
0.354540698807
1.0
0.326488874546
0.35557756585
1.0
0.326587601019
0.355292489966
1.0
0.326587601019
0.355292489966
1.0
0.327020951482
0.355000700832
1.0
0.327234032
0.353672569621
1.0
0.326494042047
0.353087440924
1.0
0.326502706781
0.353330348769
1.0
0.327538353635
0.354669946218
1.0
0.327562016967
0.355094816275
1.0
0.32837495695
0.35478314627
1.0
0.328538401154
0.354151706818
1.0
0.328538401154
0.354151706818
1.0
0.329565168989
0.35442293495
1.0
0.329962627974
0.353253841685
1.0
0.331277112576
0.355916913663
1.0
0.331238980279
0.356626207732
1.0
0.332046906056
0.356995287237
1.0
0.332423289962
0.355428250306
1.0
0.332822000005
0.35625861965
1.0
0.333064553278
0.355192709662
1.0
0.333064553278
0.355192709662
1.0
0.334631048381
0.355906424969
1.0
0.334925587493
0.354867128945
1.0
0.335750433351
0.354954965443
1.0
0.336175773289
0.352662384838
1.0
0.337310651736
0.35261274707
1.0
0.337599167805
0.350946619103
1.0
0.340968028275
0.351983292045
1.0
0.34153604476
0.349556117491
1.0
0.34153604476
0.349556117491
1.0
0.343981048605
0.351061985885
1.0
0.344446699573
0.349183238228
1.0
0.346084602596
0.349509605717
1.0
0.346542090571
0.346801514588
1.0
0.348198110016
0.346557436751
1.0
0.348851242919
0.343731344226
1.0
0.350871773726
0.342916525517
1.0
0.351519120256
0.33881925849
1.0
0.351519120256
0.33881925849
1.0
0.35379525689
0.338402462352
1.0
0.354523844624
0.335155616609
1.0
0.355797104843
0.335535808258
1.0
0.356438558734
0.332134837168
1.0
0.35940554535
0.331405377079
1.0
0.359980064258
0.328687651841
1.0
0.361613950119
0.326981851488
1.0
0.362475011481
0.321554274618
1.0
0.362475011481
0.321554274618
1.0
0.363746017319
0.320725207104
1.0
0.364296102789
0.31716160656
1.0
0.366331031334
0.316321508296
1.0
0.366833172976
0.312235958809
1.0
0.368403652551
0.31140474634
1.0
0.368901660608
0.30842682005
1.0
0.367937747023
0.305100074635
1.0
0.368231615735
0.30191837704
1.0
0.368231615735
0.30191837704
1.0
0.371002670315
0.30143153012
1.0
0.371723883644
0.296128281655
1.0
0.373454630556
0.294152676175
1.0
0.373688007624
0.29122311381
1.0
0.374504245799
0.288998629172
1.0
0.374619880836
0.286194062681
1.0
0.374619880836
0.286194062681
1.0
0.375622496328
0.283487658002
1.0
0.375898189356
0.280963995434
1.0
0.377057868453
0.279258856239
1.0
0.377190360626
0.275793695623
1.0
0.378467486662
0.273884884618
1.0
0.378805442292
0.270611846802
1.0
0.380561637949
0.268933594538
1.0
0.380657476854
0.26621257561
1.0
0.381076332506
0.264956456518
1.0
0.381042388935
0.263389256268
1.0
0.381042388935
0.263389256268
1.0
0.382380204832
0.261907751153
1.0
0.382477957068
0.259215744222
1.0
0.384885892783
0.257354914465
1.0
0.384534412867
0.256959576171
1.0
0.385720950893
0.254840614603
1.0
0.385538127234
0.254240257649
1.0
0.387133548085
0.2550905017
1.0
0.386126019839
0.259062447812
1.0
0.386126019839
0.259062447812
1.0
0.390686350561
0.261505705304
1.0
0.38916979394
0.268478863635
0.872482907072
0.396388571391
0.2678248282
0.872482907072
0.396388571391
0.2678248282
0.872482907072
0.396388571391
0.2678248282
0.816592889706
0.304803128278
0.122502437142
0.816592889706
0.220705808716
-0.113931871456
0.816592889706
0.220705808716
-0.113931871456
0.816592889706
0.318547095276
0.419107069124
0.816592889706
0.318547095276
0.419107069124
0.877962053201
0.424079533304
1.07591855826
0.866596614868
0.404554014459
1.15810365085
0.99
0.405284776518
1.15937390014
0.99
0.405284776518
1.15937390014
0.99
0.405284776518
1.15937390014
1.0
0.399011804016
1.15512674161
1.0
0.39904146799
1.17917831213
1.0
0.39904146799
1.17917831213
1.0
0.398029109072
1.19098258137
1.0
0.397926137411
1.19989355677
1.0
0.398127876158
1.2066839645
1.0
0.400119591935
1.21003302775
1.0
0.400119591935
1.21003302775
1.0
0.404423423626
1.20920805222
1.0
0.407559696805
1.20536194849
1.0
0.408970363974
1.20588869299
1.0
0.4106748062
1.20587949593
1.0
0.4106748062
1.20587949593
1.0
0.412151262186
1.20754260179
1.0
0.413036711268
1.20729089601
1.0
0.412807164448
1.20774796494
1.0
0.412814874582
1.20799493802
1.0
0.412644670741
1.20849028715
1.0
0.412644670741
1.20849028715
1.0
0.41261057571
1.20815377188
1.0
0.411746513734
1.20891032506
1.0
0.410806041971
1.20935817552
1.0
0.410806041971
1.20935817552
1.0
0.41051264769
1.20949582322
1.0
0.409669545641
1.20894923315
1.0
0.40815462283
1.20751024694
1.0
0.407628174504
1.2064046896
1.0
0.407628174504
1.2064046896
1.0
0.407794025999
1.2048933465
1.0
0.406667653662
1.20421296807
1.0
0.406428113359
1.20278009976
1.0
0.405712485344
1.19944192887
1.0
0.405712485344
1.19944192887
1.0
0.406487084204
1.19712788242
1.0
0.405564799826
1.19609347679
1.0
0.406045508291
1.19446880755
1.0
0.40728741213
1.193131067
1.0
0.40728741213
1.193131067
1.0
0.407883073989
1.19281256075
1.0
0.40856424888
1.19014348783
1.0
0.409724475793
1.18901290555
1.0
0.41082077255
1.18721121364
1.0
0.41166343923
1.18678067691
1.0
0.41166343923
1.18678067691
1.0
0.413171890374
1.1864856322
1.0
0.414051710924
1.18453906049
1.0
0.415985907955
1.18314347467
1.0
0.415985907955
1.18314347467
1.0
0.417535393456
1.18264465338
1.0
0.419211311076
1.18257447444
1.0
0.419900620777
1.18190335209
1.0
0.421222133389
1.18179758547
1.0
0.421222133389
1.18179758547
1.0
0.423600159116
1.18084805759
1.0
0.425538622887
1.18185563484
1.0
0.426730572385
1.17994700008
1.0
0.428131648227
1.17879888318
1.0
0.428131648227
1.17879888318
1.0
0.428442221735
1.17827285209
1.0
0.429860690705
1.17758507308
0.724991024444
0.856505399591
0.824456822166
0.724991024444
0.856742467478
0.824350744484
0.724991024444
0.857115058573
0.823468271412
0.724991024444
0.857230343824
0.823260707782
0.724991024444
0.857445071747
0.8230080532
0.724991024444
0.857445071747
0.8230080532
0.724991024444
0.857696456085
0.822477742025
0.724991024444
0.857959649347
0.822506560776
0.724991024444
0.85829317116
0.822321907291
0.724991024444
0.858389012594
0.822023406137
0.724991024444
0.858574888101
0.822315086072
0.724991024444
0.858574888101
0.822315086072
1.0
0.554339599173
1.16589771796
1.0
0.554339599173
1.16589771796
1.0
0.555032622635
1.16679736656
1.0
0.555223630472
1.16639640967
1.0
0.555054401377
1.16588823803
1.0
0.555340912583
1.16635234623
0.99
0.385108921458
1.11669774852
0.99
0.385108921458
1.11669774852
0.99
0.384837394288
1.11627759465
0.99
0.384807854306
1.11644097389
0.99
0.384711321626
1.11694152318
0.99
0.384550733141
1.11712235341
0.99
0.384508351756
1.11734271085
0.99
0.384494690204
1.1167724524
0.99
0.38505685783
1.1151789558
0.99
0.386211866704
1.1036653976
0.99
0.391152017352
1.06673283521
0.99
0.367045125073
1.02204461155
0.99
0.367045125073
1.02204461155
0.99
0.370827050925
0.974892690686
0.99
0.356555135295
0.927615235297
0.99
0.361358374552
0.87828960041
0.99
0.35566122469
0.83786145666
0.99
0.360060889794
0.795008090464
0.99
0.354452653355
0.760483270733
0.99
0.354452653355
0.760483270733
0.99
0.358134053358
0.72350325774
0.99
0.357629110349
0.695472210186
0.99
0.36084230387
0.656683650233
0.99
0.358668712022
0.635561920798
0.99
0.361210812522
0.60820315082
0.99
0.363736900796
0.599897418533
0.992371662855
0.364618648546
0.591804486552
1.0
0.367223209549
0.593353542348
1.0
0.367415276443
0.592906902817
1.0
0.368471954338
0.591007338457
1.0
0.368471954338
0.591007338457
1.0
0.368601376783
0.588176904017
1.0
0.369075574018
0.588170921567
1.0
0.369347705023
0.587242547495
1.0
0.37012855984
0.586938170338
1.0
0.370318877956
0.586003096156
1.0
0.371270413869
0.58650697033
1.0
0.371384652467
0.585215596721
1.0
0.371384652467
0.585215596721
1.0
0.372387362689
0.585448955814
1.0
0.372733772918
0.583758746775
1.0
0.373891228635
0.584374318776
1.0
0.374049849968
0.583917185549
1.0
0.375564313175
0.583043149789
1.0
0.375728922575
0.582134200157
1.0
0.376919948034
0.580898579795
1.0
0.376919948034
0.580898579795
1.0
0.377204488805
0.57931163126
1.0
0.378006388276
0.578207305937
1.0
0.378357437948
0.576939706215
1.0
0.378517512597
0.576038086721
1.0
0.378729613545
0.574065759479
1.0
0.380896970505
0.573381246681
1.0
0.381145153331
0.571980949112
1.0
0.38174524273
0.571474943263
1.0
0.381866468616
0.570394331588
1.0
0.384828786405
0.57054611104
1.0
0.384828786405
0.57054611104
1.0
0.385013762419
0.569237784483
1.0
0.385402651329
0.568608228747
1.0
0.385586124757
0.568239274877
1.0
0.38817057895
0.567159159164
1.0
0.388460255536
0.565780318024
1.0
0.390152278847
0.566709557451
1.0
0.390342842851
0.565762116026
1.0
0.390342842851
0.565762116026
1.0
0.393225808787
0.56582422889
1.0
0.393266763882
0.565054372085
1.0
0.395453011027
0.565530549704
1.0
0.395612151733
0.564661697414
1.0
0.397737249475
0.564881029361
1.0
0.397781992197
0.564664233493
1.0
0.399141163174
0.564657833204
1.0
0.399141515794
0.563653584813
1.0
0.400952180906
0.564310188751
1.0
0.400952180906
0.564310188751
1.0
0.401180801789
0.564389462988
1.0
0.402636323942
0.562564780262
1.0
0.402730457178
0.560877990252
1.0
0.405895401005
0.562442453143
1.0
0.405630385803
0.563625844792
1.0
0.408479732135
0.564807416997
1.0
0.408015567129
0.566480523737
1.0
0.408015567129
0.566480523737
1.0
0.409865423387
0.567628237139
1.0
0.409009234907
0.568374158659
1.0
0.412365342764
0.570351426382
1.0
0.410810152952
0.574249606398
0.820803890408
0.373133772178
0.524027977644
0.820803890408
0.372039000171
0.526337761664
0.706807434696
0.375439455353
0.485764383669
0.706807434696
0.375439455353
0.485764383669
0.706807434696
0.262142178556
0.520268568046
0.883704244174
100.0
100.0
0.883704244174
100.0
100.0
0.758561622407
-100.0
-100.0
0.73730021883
100.0
100.0
0.740664476311
0.755494517794
0.126689820527
0.740664476311
0.755494517794
0.126689820527
0.740664476311
0.755494517794
0.126689820527
0.758561622407
0.440785311238
0.0446243146658
0.930024194985
0.709409351709
-0.34796332724
0.743208442036
0.439327742927
0.38469651782
0.923212734426
0.441896518507
0.367028546477
0.988906025307
0.440533009934
0.375341293352
0.905937109357
0.439942867847
0.38217190772
0.977544902136
0.439636324245
0.383463967057
0.977544902136
0.439636324245
0.383463967057
0.977544902136
0.438025034039
0.38769160633
1.0
0.437808669515
0.391549577149
1.0
0.43877161255
0.39539277875
1.0
0.438226003199
0.397904870672
1.0
0.437897395934
0.398161898215
1.0
0.438039194119
0.398433410134
1.0
0.43682353655
0.398470777581
1.0
0.43682353655
0.398470777581
1.0
0.436774444679
0.399491487878
1.0
0.436453502259
0.400009359794
1.0
0.436408722783
0.402202800365
1.0
0.435577506266
0.401612701818
1.0
0.435504973463
0.400805765537
1.0
0.435973429315
0.401569380197
1.0
0.435630795007
0.40247567603
1.0
0.434706815501
0.403177877618
1.0
0.434416452736
0.404206520775
1.0
0.434416452736
0.404206520775
1.0
0.43463603257
0.405240887898
1.0
0.434657030734
0.405406824061
1.0
0.433756748685
0.405556191577
1.0
0.433866909031
0.405122197338
1.0
0.433646646613
0.405144190679
1.0
0.433703604094
0.405649476368
1.0
0.433637269602
0.406167304405
1.0
0.43353998507
0.406686038967
1.0
0.43353998507
0.406686038967
1.0
0.433743312363
0.40683865321
1.0
0.433649990291
0.407528496421
1.0
0.432218891953
0.407021712163
1.0
0.432047358617
0.407112788079
1.0
0.431144183387
0.407884691439
1.0
0.431028774821
0.409478750954
1.0
0.43294028776
0.411361039128
1.0
0.43294028776
0.411361039128
1.0
0.432718068516
0.412991114256
1.0
0.432249180438
0.412839683376
1.0
0.432461594101
0.413248191011
1.0
0.432236190983
0.41483546577
1.0
0.431902799753
0.416050274046
1.0
0.431984809616
0.416864034758
1.0
0.431958700752
0.4185136826
1.0
0.431977256998
0.419857943467
1.0
0.431783001928
0.422100792807
1.0
0.431753762403
0.423411548246
1.0
0.431753762403
0.423411548246
1.0
0.431279336309
0.425202980948
1.0
0.431389249115
0.427092849558
1.0
0.431243962428
0.42888379914
1.0
0.430385331537
0.430246515436
1.0
0.429932102759
0.433259979925
1.0
0.431118769471
0.437509372475
1.0
0.431118769471
0.437509372475
1.0
0.430868636696
0.438589519661
1.0
0.430652564352
0.439777171762
1.0
0.430181301141
0.441952016009
1.0
0.430103014454
0.442616677091
1.0
0.429711311586
0.444627765057
1.0
0.429973498398
0.446433620523
1.0
0.429544555065
0.448364761998
1.0
0.429529587703
0.448969077908
1.0
0.429529587703
0.448969077908
1.0
0.429377281014
0.450072668396
1.0
0.428623446156
0.448759554965
1.0
0.428129483593
0.450578046214
1.0
0.427477031617
0.454165852973
1.0
0.427281327746
0.454815373108
1.0
0.42741614081
0.455009634497
1.0
0.427098493009
0.455803946178
1.0
0.426695140683
0.455769808818
1.0
0.426368780822
0.456361978562
1.0
0.426368780822
0.456361978562
1.0
0.426271057401
0.456362758704
1.0
0.426108958988
0.456027137049
1.0
0.426782741
0.455494769688
1.0
0.426506260938
0.454890984114
1.0
0.426201220334
0.454552832869
1.0
0.426112535791
0.45407760092
1.0
0.425611305573
0.453208151116
1.0
0.425611305573
0.453208151116
1.0
0.425393321653
0.452534658162
1.0
0.425432150147
0.449570756494
1.0
0.425210207327
0.448203314952
1.0
0.42604808047
0.447403064574
1.0
0.426030416751
0.445739618356
1.0
0.426132266576
0.444922703172
1.0
0.42598059589
0.444210135263
1.0
0.426154828762
0.442637049485
1.0
0.426126880175
0.440871102114
1.0
0.425973720335
0.439338025945
1.0
0.425973720335
0.439338025945
1.0
0.426024199795
0.43748561154
1.0
0.426923322331
0.435749786492
1.0
0.426848648677
0.434049810134
1.0
0.426743656378
0.432414358623
1.0
0.426608233787
0.431969156717
1.0
0.426695394426
0.430278592875
1.0
0.426695394426
0.430278592875
1.0
0.426709497878
0.427600350602
1.0
0.426047053285
0.42619784493
1.0
0.425779722429
0.425341397236
1.0
0.427186465031
0.424445180461
1.0
0.427324305861
0.423117195698
1.0
0.427506102637
0.42219025942
1.0
0.427068774779
0.421800178809
1.0
0.426877791226
0.420148855291
1.0
0.426877791226
0.420148855291
1.0
0.426906600265
0.419366588512
1.0
0.425622042492
0.416978754804
1.0
0.425469638045
0.416795212679
1.0
0.426128227769
0.416178528484
1.0
0.426258667585
0.415489158574
1.0
0.425691646894
0.415394353522
1.0
0.425056859076
0.416747909068
1.0
0.425233299433
0.416241433177
1.0
0.424974194086
0.41666329662
1.0
0.424974194086
0.41666329662
1.0
0.424428667104
0.416519844171
1.0
0.424330133191
0.416507240073
1.0
0.424277153904
0.41671698863
1.0
0.423945003471
0.418129040679
1.0
0.4238480102
0.418595681613
1.0
0.423442401612
0.420249892686
1.0
0.422896148881
0.420228712535
1.0
0.422896148881
0.420228712535
1.0
0.422461526706
0.421848910119
1.0
0.422247333182
0.422234512219
1.0
0.42198462039
0.423092519058
1.0
0.421370888957
0.424110922784
1.0
0.42126937499
0.425381816762
1.0
0.421005637471
0.426593696398
1.0
0.42073032729
0.428795627224
1.0
0.421571823767
0.431110020176
1.0
0.421571823767
0.431110020176
1.0
0.421110541157
0.433450687984
1.0
0.420874941705
0.434278293091
1.0
0.420716063562
0.435856150336
1.0
0.419524728883
0.437771027336
1.0
0.419302213699
0.439555944432
1.0
0.4195896653
0.440937998608
1.0
0.419327593007
0.443246667592
1.0
0.420135096194
0.445985676406
1.0
0.420135096194
0.445985676406
1.0
0.419951257201
0.448244112333
1.0
0.4208527493
0.45039209798
1.0
0.420764284225
0.452473909772
1.0
0.421528299677
0.453936231409
1.0
0.421081460239
0.45578876579
1.0
0.416349914857
0.45118585749
1.0
0.414721397936
0.452294585084
1.0
0.40207414617
0.440871784678
1.0
0.40207414617
0.440871784678
1.0
0.398149218131
0.444324160848
1.0
0.387626428784
0.436330050759
1.0
0.383939226807
0.444292761412
0.881318687093
0.377255469292
0.437434680731
0.881318687093
0.375595813333
0.441475086834
0.988656242255
0.374867290071
0.440472487032
0.988656242255
0.375187728815
0.44048364523
1.0
0.37146093957
0.439262170544
1.0
0.3715370475
0.44036080232
1.0
0.3715370475
0.44036080232
1.0
0.365921845733
0.43912026197
1.0
0.365810603793
0.440461583026
1.0
0.365855491997
0.442392217124
1.0
0.365816295005
0.443830299486
1.0
0.36640966143
0.445719568417
1.0
0.366218290764
0.446936987827
1.0
0.366233343221
0.448243669281
1.0
0.366233343221
0.448243669281
1.0
0.366160167715
0.449912370472
1.0
0.367977494134
0.452356531154
1.0
0.36800057582
0.454309335659
1.0
0.367466489841
0.456352367103
1.0
0.367342136581
0.456757153299
1.0
0.367180483737
0.4579057023
1.0
0.36718012625
0.45821686645
1.0
0.367328863684
0.458499282526
1.0
0.367328863684
0.458499282526
1.0
0.367324647114
0.458688760861
1.0
0.367876349895
0.459251627863
1.0
0.367887923236
0.459579040358
1.0
0.36785340198
0.45979610462
1.0
0.367727097993
0.460000260794
1.0
0.367389738062
0.459815786438
1.0
0.367426834631
0.459511163028
1.0
0.367238680408
0.45934273201
1.0
0.367238680408
0.45934273201
1.0
0.367334191431
0.458563971535
1.0
0.368196606948
0.458506801406
1.0
0.36821093503
0.458246151906
1.0
0.367179848334
0.457991999642
1.0
0.367179537367
0.457839997692
1.0
0.367001808043
0.457252825746
1.0
0.366989073442
0.456042225433
1.0
0.366622217479
0.455008111721
1.0
0.366622217479
0.455008111721
1.0
0.366681122038
0.453826561806
1.0
0.366928634437
0.453030383394
1.0
0.36698460379
0.451982896789
1.0
0.366116476374
0.450470607572
1.0
0.366200179588
0.448862466453
1.0
0.365701535055
0.447407819897
1.0
0.365586025563
0.446880379558
1.0
0.365105231956
0.445631673153
1.0
0.365105231956
0.445631673153
1.0
0.365175650979
0.444157016105
1.0
0.367720894204
0.442615616293
1.0
0.367998306319
0.440441450684
1.0
0.365914377801
0.439909263324
1.0
0.366058066129
0.438479202386
1.0
0.365237976038
0.436532166684
1.0
0.365334765066
0.435271520363
1.0
0.365698747699
0.434172122603
1.0
0.365698747699
0.434172122603
1.0
0.365810387709
0.431780243171
1.0
0.365850172086
0.429251002044
1.0
0.365865957393
0.427725110852
1.0
0.365961679239
0.426487451705
1.0
0.366127811693
0.425355957192
1.0
0.366663749963
0.425103273042
1.0
0.367031364631
0.422961045793
1.0
0.366829310732
0.421840718816
1.0
0.366829310732
0.421840718816
1.0
0.366945847935
0.420335541445
1.0
0.3687902125
0.420731764131
1.0
0.369080833974
0.418470804589
1.0
0.369039306568
0.416554748247
1.0
0.369218056576
0.414866816346
1.0
0.36913408023
0.41423682653
1.0
0.369473969982
0.412060282008
1.0
0.371243161219
0.412226011579
1.0
0.371243161219
0.412226011579
1.0
0.371520946552
0.410688809633
1.0
0.372648683189
0.410200971593
1.0
0.37294899173
0.40868813275
1.0
0.374441650367
0.408941083032
1.0
0.374727951742
0.407524779107
1.0
0.376740709906
0.408259651861
1.0
0.377166043592
0.406700027918
1.0
0.378378942388
0.406009473468
1.0
0.378378942388
0.406009473468
1.0
0.378889830493
0.402818750393
1.0
0.380958447214
0.404578648187
1.0
0.381365865541
0.403540850213
1.0
0.383403533902
0.403678029366
1.0
0.383841373434
0.402356791886
1.0
0.385244789506
0.403599820903
1.0
0.385880009662
0.40138255614
1.0
0.38757760937
0.402428262375
1.0
0.38757760937
0.402428262375
1.0
0.38800525561
0.401146007644
1.0
0.391306582168
0.402843693515
1.0
0.391817566861
0.401853639463
1.0
0.39349615724
0.403454616653
1.0
0.384821207053
0.433375858171
1.0
0.386694926023
0.434290784218
1.0
0.387037076699
0.433522155979
1.0
0.388042717149
0.434710147136
1.0
0.388042717149
0.434710147136
1.0
0.388324532824
0.434410930834
1.0
0.390291904503
0.437294174814
1.0
0.390605218485
0.437141802882
1.0
0.393159356094
0.439413440455
1.0
0.393485128243
0.439160026162
1.0
0.394809652262
0.440704344862
1.0
0.394936204804
0.441325286206
1.0
0.396116721227
0.443399339334
1.0
0.396116721227
0.443399339334
1.0
0.396371340917
0.443291297529
1.0
0.397413763535
0.445159826592
1.0
0.39760224302
0.445370372215
1.0
0.398157786218
0.446310770056
1.0
0.398194902761
0.446930117941
1.0
0.398310458808
0.44814541207
1.0
0.398404474459
0.448423649457
1.0
0.39950497521
0.450958657062
1.0
0.39950497521
0.450958657062
1.0
0.399518310806
0.452051212902
1.0
0.398860350943
0.454241882459
1.0
0.398887302126
0.455408105186
1.0
0.400503223906
0.456867692289
1.0
0.40033480983
0.457973373085
1.0
0.400385989569
0.459162466405
1.0
0.400327214816
0.460805687153
1.0
0.399662392775
0.462414036619
1.0
0.399662392775
0.462414036619
1.0
0.399617481426
0.463913425348
1.0
0.400301484169
0.46589592829
1.0
0.400157049811
0.46729167626
1.0
0.400258067513
0.46965523671
1.0
0.400216019931
0.470650648822
1.0
0.400638741811
0.471599845374
1.0
0.40058403559
0.473372544981
1.0
0.400252361946
0.474386661492
1.0
0.400252361946
0.474386661492
1.0
0.400169868322
0.476158393398
1.0
0.401353965284
0.479093889987
1.0
0.40123105148
0.480139754605
1.0
0.400185824591
0.481949787063
1.0
0.399922952351
0.483898886215
1.0
0.400360903926
0.485264277385
1.0
0.400333898039
0.486364833043
1.0
0.399769547396
0.487319274311
1.0
0.399769547396
0.487319274311
1.0
0.399646817802
0.488876195838
1.0
0.399424379587
0.490155544169
1.0
0.399431053385
0.490649007767
1.0
0.399861385584
0.491796091383
1.0
0.399769425191
0.492333397987
1.0
0.399796979408
0.493397266333
1.0
0.399791706392
0.493714605098
1.0
0.399201401797
0.49424038109
1.0
0.399201401797
0.49424038109
1.0
0.399133132975
0.494987141099
1.0
0.39964965115
0.494936083046
1.0
0.399560464775
0.495374399276
1.0
0.399811444883
0.49635100598
1.0
0.399754800654
0.495995760916
1.0
0.399282438613
0.495244364836
1.0
0.399260996913
0.494902018394
1.0
0.399260996913
0.494902018394
1.0
0.399348385561
0.494444497856
1.0
0.399374284968
0.494643224697
1.0
0.39938194105
0.493475367594
1.0
0.399256421616
0.493217344983
1.0
0.398921500635
0.491605263786
1.0
0.39908408651
0.490681680324
1.0
0.398851744514
0.489870674324
1.0
0.398766247643
0.489816695153
1.0
0.397859903724
0.488751272577
1.0
0.397859903724
0.488751272577
1.0
0.397927541392
0.487696713782
1.0
0.398248255516
0.487341148716
1.0
0.398238744233
0.486673989517
1.0
0.398849268966
0.485902630202
1.0
0.39886903775
0.485391692736
1.0
0.398716689643
0.48465195364
1.0
0.398864823505
0.483472926113
1.0
0.398546129499
0.48277693203
1.0
0.398546129499
0.48277693203
1.0
0.398545244553
0.482416128154
1.0
0.399474176969
0.48218501829
1.0
0.399368427924
0.482160095361
1.0
0.399185176522
0.481575709728
1.0
0.39915431886
0.481359247246
1.0
0.398942865671
0.480924959242
1.0
0.398990739843
0.480532734268
1.0
0.399096200177
0.480139008165
1.0
0.399096200177
0.480139008165
1.0
0.39898704187
0.480377830691
1.0
0.398575317571
0.481218534514
1.0
0.3986517517
0.481162378039
1.0
0.398116943262
0.480561307658
1.0
0.398028471044
0.480891847035
1.0
0.398352290027
0.481203417844
1.0
0.398340658435
0.481489783075
1.0
0.39757940001
0.481929331878
1.0
0.39757940001
0.481929331878
1.0
0.397455296866
0.482262362589
1.0
0.397799070017
0.48300814819
1.0
0.397816763441
0.483157448657
1.0
0.397555215283
0.483800796738
1.0
0.397501724673
0.484298408205
1.0
0.396901289188
0.484743715174
1.0
0.39668995141
0.486219314208
1.0
0.396534460346
0.487245185125
1.0
0.396534460346
0.487245185125
1.0
0.39642745526
0.487612157232
1.0
0.395639347779
0.485635866222
1.0
0.396050317242
0.483619641329
1.0
0.401516372506
0.480703820832
1.0
0.403421159963
0.471229279649
1.0
0.404253839031
0.468457564784
1.0
0.404630781617
0.465200041329
1.0
0.403747628267
0.463725469181
1.0
0.403747628267
0.463725469181
1.0
0.403514974712
0.463711752172
1.0
0.403297953086
0.463862022059
1.0
0.403146348358
0.464377951101
1.0
0.403305472524
0.464465717223
1.0
0.403171678489
0.464790586918
1.0
0.402634052079
0.464555193782
1.0
0.40270327661
0.464479228576
1.0
0.401920786034
0.464619733885
1.0
0.401920786034
0.464619733885
1.0
0.401771508216
0.465615606645
1.0
0.402058180985
0.465518019395
1.0
0.4018558829
0.46576549063
1.0
0.401385315958
0.465615886165
1.0
0.401214035221
0.466149969816
1.0
0.401386155055
0.465583986739
1.0
0.40148061563
0.464472538073
1.0
0.401146878957
0.463847333442
1.0
0.401146878957
0.463847333442
1.0
0.401059910887
0.46420184435
1.0
0.400509290089
0.463187040184
1.0
0.400575090029
0.462333187078
1.0
0.400437189257
0.462388812759
1.0
0.400377030862
0.462282174944
1.0
0.399927792849
0.460706521497
1.0
0.39989672188
0.460549853862
1.0
0.399239229052
0.459588546254
1.0
0.399239229052
0.459588546254
1.0
0.399228794251
0.459154794959
1.0
0.398699426705
0.459521754701
1.0
0.398739934185
0.458654337175
1.0
0.398831993464
0.457846107716
1.0
0.39891754823
0.457074992205
1.0
0.398223452548
0.456737002411
1.0
0.398061122058
0.45725909575
1.0
0.397966947119
0.456195993542
1.0
0.397966947119
0.456195993542
1.0
0.398090227357
0.455500837986
1.0
0.397956247204
0.455359455317
1.0
0.39781269667
0.455477697129
1.0
0.397207632147
0.454874455501
1.0
0.397127075826
0.454545989885
1.0
0.396368687159
0.454128118398
1.0
0.396335632863
0.45366490136
1.0
0.395986545938
0.452439538279
1.0
0.395986545938
0.452439538279
1.0
0.395923691622
0.452007099187
1.0
0.393288027765
0.451065769456
1.0
0.393215546241
0.450535857052
1.0
0.393361526732
0.45009863903
1.0
0.393230736037
0.450769496977
1.0
0.392877362578
0.450008325008
1.0
0.392666769531
0.450142430385
1.0
0.391931251807
0.450456458321
1.0
0.391931251807
0.450456458321
1.0
0.39197037575
0.449941654737
1.0
0.39096785786
0.448799751837
1.0
0.390742699848
0.44872942982
1.0
0.388975693983
0.448561920231
1.0
0.388911864861
0.448847000248
1.0
0.388522331207
0.448846274165
1.0
0.38843064265
0.448705164322
1.0
0.387678149902
0.448250417492
1.0
0.387678149902
0.448250417492
1.0
0.387644286655
0.447899341262
1.0
0.386991446228
0.4476084426
1.0
0.386917240776
0.44774718504
1.0
0.386467096611
0.448078383687
1.0
0.3862649049
0.449040017882
1.0
0.386226030585
0.448348702825
1.0
0.386302150674
0.44739394659
1.0
0.386275226467
0.447223604846
1.0
0.386275226467
0.447223604846
1.0
0.386183315723
0.447533457173
1.0
0.385996409696
0.447033537645
1.0
0.386043313264
0.447580091957
1.0
0.386661538669
0.448440550382
1.0
0.38662965549
0.44835992976
1.0
0.38654909516
0.448167781844
1.0
0.386518426058
0.448064128948
1.0
0.386718323037
0.448752744746
1.0
0.386718323037
0.448752744746
1.0
0.386754822002
0.448833463401
1.0
0.386510019596
0.448490708281
1.0
0.38661013842
0.447785827964
1.0
0.38785107999
0.448254727131
1.0
0.387887956287
0.448601507549
1.0
0.388390175654
0.448593538976
1.0
0.388416636302
0.448018759333
1.0
0.388416636302
0.448018759333
1.0
0.388856714769
0.448640574037
1.0
0.388912117911
0.448764035191
1.0
0.389304990847
0.448585778454
1.0
0.38941470995
0.44784032232
1.0
0.389935642626
0.447833559648
1.0
0.390110601069
0.447509435908
1.0
0.390803475
0.446763990808
1.0
0.390803674059
0.446270826546
1.0
0.390815174261
0.446880759764
1.0
0.390815174261
0.446880759764
1.0
0.390883560899
0.446852542709
1.0
0.391281314142
0.447204040182
1.0
0.391320993848
0.446811529391
1.0
0.392932847907
0.446976395633
1.0
0.392986575695
0.447093758119
1.0
0.393812884033
0.446935788847
1.0
0.393962293679
0.446792794922
1.0
0.394319486035
0.447148841785
1.0
0.394319486035
0.447148841785
1.0
0.394539010594
0.446406077483
1.0
0.394552592739
0.446123045558
1.0
0.394567685479
0.445609921065
1.0
0.39552085156
0.446026412394
1.0
0.395601899623
0.445987202715
1.0
0.395598795553
0.446217742417
1.0
0.395641582151
0.446476094505
1.0
0.396088116314
0.447337009972
1.0
0.396088116314
0.447337009972
1.0
0.396145339985
0.447551091313
1.0
0.39516795447
0.446564421325
1.0
0.395235228424
0.44588478036
1.0
0.396662393265
0.446874640705
1.0
0.396703485788
0.447151593954
1.0
0.396988716159
0.447720801817
1.0
0.396914085116
0.448261042473
1.0
0.39778379901
0.448442537783
1.0
0.39778379901
0.448442537783
1.0
0.397856514677
0.447984692455
1.0
0.397602255113
0.448000041908
1.0
0.397608221069
0.448382231666
1.0
0.397636838229
0.448604092543
1.0
0.397610970227
0.448724494672
1.0
0.397673160466
0.449041568314
1.0
0.397711447096
0.448868263975
1.0
0.398320070722
0.449720906486
1.0
0.398320070722
0.449720906486
1.0
0.398200679105
0.450066161439
1.0
0.397009344653
0.449241917626
1.0
0.397074191316
0.449080402686
1.0
0.397481949964
0.449108873575
1.0
0.397551108872
0.448644217335
1.0
0.398000609082
0.448623170927
1.0
0.397885073555
0.449246209864
1.0
0.397920430198
0.449222098702
1.0
0.397920430198
0.449222098702
1.0
0.397994986797
0.448830664463
1.0
0.397582119365
0.448707105489
1.0
0.397408639629
0.449016598411
1.0
0.397093146943
0.448315316829
1.0
0.397054612295
0.448572096066
1.0
0.39668751345
0.448555124071
1.0
0.396703897474
0.448152709714
1.0
0.396691674915
0.447138335773
1.0
0.396691674915
0.447138335773
1.0
0.396635513834
0.447218441416
1.0
0.395044979448
0.446480085373
1.0
0.394962088122
0.446142605258
1.0
0.395696262931
0.445390455772
1.0
0.395510189203
0.4459160271
1.0
0.395390510431
0.445884316034
1.0
0.395498760649
0.444846193508
1.0
0.395498760649
0.444846193508
1.0
0.395366526397
0.443818992964
1.0
0.395282911319
0.443983771414
1.0
0.394043551412
0.442335491392
1.0
0.394059512558
0.441646856759
1.0
0.394466162374
0.441445325489
1.0
0.394349673111
0.441374188352
1.0
0.39363846232
0.440599588521
1.0
0.393640155985
0.440412144317
1.0
0.393346710577
0.437976235726
1.0
0.393346710577
0.437976235726
1.0
0.393332230725
0.438058608493
1.0
0.393580701964
0.437957148578
1.0
0.393456140981
0.437250240698
1.0
0.392901276052
0.436382774888
1.0
0.393004486025
0.435695369792
1.0
0.39347895389
0.435189874318
1.0
0.39345304738
0.435240684035
1.0
0.39345304738
0.435240684035
1.0
0.393234862876
0.434916892351
1.0
0.393247945388
0.434457199745
1.0
0.393412406845
0.434238818715
1.0
0.393395937107
0.434007457114
1.0
0.392991617
0.433678375542
1.0
0.393064733318
0.433249702983
1.0
0.393458593495
0.432897696649
1.0
0.393394981723
0.432736954902
1.0
0.393499124718
0.432889007196
1.0
0.393499124718
0.432889007196
1.0
0.393415299447
0.433300323504
1.0
0.392361380066
0.431865556217
1.0
0.392455382515
0.431538023433
1.0
0.392288392941
0.431549689777
1.0
0.392269065144
0.431055573354
1.0
0.392506657013
0.431325917831
1.0
0.392576715776
0.430760818848
1.0
0.392536225872
0.430220669414
1.0
0.392536225872
0.430220669414
1.0
0.392573171758
0.430329081749
1.0
0.392618421522
0.430116485556
1.0
0.392646913271
0.429655336022
1.0
0.392457788114
0.429144389545
1.0
0.392583247652
0.428484774157
1.0
0.39207219483
0.428331217518
1.0
0.392030446501
0.427778304965
1.0
0.391276423963
0.426534955879
1.0
0.391276423963
0.426534955879
1.0
0.391186621635
0.427238723452
1.0
0.38959813258
0.425679429513
1.0
0.389604701541
0.42582155734
1.0
0.390110383109
0.426110882937
1.0
0.390232501627
0.425551240979
1.0
0.390366088738
0.426585554032
1.0
0.390153782313
0.427635948281
1.0
0.389786094346
0.426897853273
1.0
0.389786094346
0.426897853273
1.0
0.389829661984
0.426723575185
1.0
0.389436320396
0.426402230686
1.0
0.389380951709
0.426223482214
1.0
0.389063732568
0.425778231855
1.0
0.389171639079
0.425640103888
1.0
0.389365860641
0.425645530718
1.0
0.389364105841
0.425817663978
1.0
0.389364105841
0.425817663978
1.0
0.389717425414
0.42549596482
1.0
0.38975268732
0.425625526118
1.0
0.388874822531
0.426422384581
1.0
0.388831656219
0.426387169596
1.0
0.389171188844
0.426168360488
1.0
0.389083911382
0.42604293993
1.0
0.388911497534
0.42638950551
1.0
0.388911497534
0.42638950551
1.0
0.389061359915
0.426465720758
1.0
0.388743942216
0.426172060902
1.0
0.388707962492
0.426492940141
1.0
0.388630864258
0.426130571999
1.0
0.38866082368
0.42585603206
1.0
0.389081531547
0.427847514196
1.0
0.389176513716
0.427430334045
1.0
0.388769938
0.42679509157
1.0
0.388834403247
0.427019096259
1.0
0.388788702894
0.42655029009
1.0
0.388788702894
0.42655029009
1.0
0.388926583664
0.425780518921
1.0
0.390071194789
0.42760121656
1.0
0.390078184513
0.428352468508
1.0
0.390229158822
0.429086360607
1.0
0.39030992199
0.428875168978
1.0
0.389372820338
0.427809575684
1.0
0.389364038648
0.428074021872
1.0
0.389364038648
0.428074021872
1.0
0.390265690378
0.428475921998
1.0
0.390236174783
0.429322205506
1.0
0.389441292886
0.429509359173
1.0
0.389575918476
0.429639721293
1.0
0.389309357855
0.430172033582
1.0
0.389245912769
0.430680706784
1.0
0.389305761788
0.430893747813
1.0
0.389205360308
0.430988406529
1.0
0.389141264895
0.431596346973
1.0
0.389141264895
0.431596346973
1.0
0.389073547374
0.432195324319
1.0
0.389195074491
0.432695750181
1.0
0.389149159223
0.432866741627
1.0
0.389190733989
0.431632353195
1.0
0.389240491981
0.431628743022
1.0
0.388631404137
0.430849425653
1.0
0.388631404137
0.430849425653
1.0
0.388567592204
0.431104399217
1.0
0.38832693941
0.431064035064
1.0
0.388390260609
0.430751689281
1.0
0.388540007593
0.430121264227
1.0
0.388546510142
0.430074607051
1.0
0.38746120159
0.429236241441
1.0
0.387385547121
0.429214528993
1.0
0.387418067672
0.429754817977
1.0
0.387405163062
0.429648232823
1.0
0.387405163062
0.429648232823
1.0
0.387942770834
0.428888859979
1.0
0.388087669575
0.428746833638
1.0
0.38795885093
0.427974546757
1.0
0.387878033439
0.427678640749
1.0
0.387780170653
0.428000605369
1.0
0.387818188788
0.427585046275
1.0
0.387510200407
0.427626479151
1.0
0.387522594824
0.427677677978
1.0
0.388036486066
0.427986813998
1.0
0.388036486066
0.427986813998
1.0
0.38805881174
0.428068871645
1.0
0.388038640043
0.428077128329
1.0
0.38811119438
0.427521338829
1.0
0.388048818178
0.427030734376
1.0
0.388032236519
0.426896466165
1.0
0.388148652734
0.426903317304
1.0
0.388102421129
0.427701964516
1.0
0.388102421129
0.427701964516
1.0
0.388305168617
0.428015231956
1.0
0.388332329761
0.427678916543
1.0
0.387853764946
0.42866403268
1.0
0.3880463339
0.428320216334
1.0
0.387634005661
0.427834121633
1.0
0.387621701377
0.427976619875
1.0
0.388028169658
0.42833229118
1.0
0.388028169658
0.42833229118
1.0
0.387991318131
0.428544644386
1.0
0.388131704247
0.429157686014
1.0
0.388001250051
0.429611654668
1.0
0.387285487084
0.42947043253
1.0
0.38733250821
0.429484060404
1.0
0.387279677516
0.429799372964
1.0
0.387318312901
0.429734546419
1.0
0.387623149841
0.430184798844
1.0
0.387595481001
0.430218649817
1.0
0.387856159438
0.429904500508
1.0
0.387856159438
0.429904500508
1.0
0.387851790845
0.429657476345
1.0
0.387292962829
0.429276988804
1.0
0.38721444054
0.429573346107
1.0
0.386762797448
0.428946501253
1.0
0.386687001123
0.429169287796
1.0
0.386266284746
0.428694737342
1.0
0.386266284746
0.428694737342
1.0
0.386352887305
0.427522385913
1.0
0.386544458067
0.426881734598
1.0
0.386500835287
0.427064366363
1.0
0.386801768086
0.426754382006
1.0
0.387031289308
0.425753310114
1.0
0.387597155328
0.425618888972
1.0
0.38767516291
0.425381930814
1.0
0.38774161639
0.425059270712
1.0
0.387735938561
0.424417657814
1.0
0.387618803618
0.424062846668
1.0
0.387618803618
0.424062846668
1.0
0.387710454811
0.423976603404
1.0
0.389190496114
0.424432801773
1.0
0.389221046182
0.424013882983
1.0
0.388688153893
0.42286216452
1.0
0.388862995899
0.42195179451
1.0
0.389345276778
0.421904850469
1.0
0.389625356323
0.421143842808
1.0
0.389625356323
0.421143842808
1.0
0.390824575341
0.421904310288
1.0
0.391079375026
0.420602854865
1.0
0.391788072696
0.420624170153
1.0
0.391901629726
0.419701585992
1.0
0.392829556595
0.421210994687
1.0
0.392943547813
0.421268658038
