0.99
0.610030108431
0.243907856391
0.99
0.621371968029
0.236573322181
0.99
0.634008449684
0.189380100213
0.99
0.643737021978
0.198367854396
0.99
0.643737021978
0.198367854396
0.99
0.652982673357
0.174283107393
0.99
0.655412458266
0.177833299685
1.0
0.658074753753
0.173176844125
1.0
0.656078592041
0.168436367362
1.0
0.653436608511
0.172123161291
1.0
0.652155167269
0.168567286781
1.0
0.651310158395
0.170143946197
1.0
0.651310158395
0.170143946197
1.0
0.650370306105
0.169331804003
1.0
0.649424409938
0.170802424438
1.0
0.647842728795
0.167604673816
1.0
0.651232394356
0.163505185297
1.0
0.649541257629
0.159951280853
1.0
0.647880613808
0.163943671959
1.0
0.646552809386
0.162198865584
1.0
0.646552809386
0.162198865584
1.0
0.644979407208
0.16557815178
1.0
0.643538920155
0.162204320884
1.0
0.641834194825
0.165410537441
1.0
0.640341723913
0.162781595478
1.0
0.638982345028
0.166270800731
1.0
0.637853065202
0.16440846941
1.0
0.636151406874
0.167504117376
1.0
0.634359894171
0.164931110934
1.0
0.63241404203
0.169498489759
1.0
0.631086975906
0.168255224831
1.0
0.631086975906
0.168255224831
1.0
0.630295957037
0.16986820643
1.0
0.628744323565
0.166713105746
1.0
0.626479931915
0.171254806696
1.0
0.624935616955
0.169073229251
1.0
0.623688573226
0.171912952125
1.0
0.622471439893
0.169702825015
1.0
0.621592604509
0.172245900847
1.0
0.619965341059
0.169347895052
1.0
0.619965341059
0.169347895052
1.0
0.618659828431
0.172162533776
1.0
0.61748029279
0.170127588927
1.0
0.615936228287
0.173050147221
1.0
0.614857116637
0.17161042276
1.0
0.612914943975
0.176043671836
1.0
0.611994167544
0.174824802666
1.0
0.611453927079
0.175510974611
1.0
0.609973700141
0.172787160295
1.0
0.609973700141
0.172787160295
1.0
0.609121472533
0.174516973046
1.0
0.608200638466
0.172482762794
1.0
0.607654428167
0.173977125369
1.0
0.607232548006
0.173350133481
1.0
0.607033990387
0.173133118576
1.0
0.606620565236
0.172232281733
1.0
0.606620565236
0.172232281733
1.0
0.60608962485
0.172694526669
1.0
0.605626952498
0.173390730589
1.0
0.605703484057
0.17407066752
1.0
0.605142762779
0.172048691492
1.0
0.604980213541
0.171983089886
1.0
0.605301261172
0.17458483465
1.0
0.606053672963
0.176922310014
1.0
0.607894471649
0.190701807505
0.99
0.608606550584
0.206802472714
0.99
0.608606550584
0.206802472714
0.99
0.610457036484
0.238141098248
0.99
0.61017107416
0.255055147029
0.99
0.610565204479
0.262418353084
1.0
0.610781648992
0.269123313786
1.0
0.610210301195
0.270938442994
1.0
0.61199229785
0.26793108601
1.0
0.611730746099
0.267264095556
1.0
0.612893801185
0.264443742705
1.0
0.613870666955
0.266590790987
1.0
0.613870666955
0.266590790987
1.0
0.614166175546
0.266209268362
1.0
0.614485884595
0.26677849787
1.0
0.615188850079
0.265841395076
1.0
0.615577822829
0.266262293343
1.0
0.616237723749
0.264448633147
1.0
0.616674450331
0.264578494119
1.0
0.616674450331
0.264578494119
1.0
0.617719099534
0.26224291463
1.0
0.618207031578
0.262675642578
1.0
0.618453037723
0.262153402945
1.0
0.618737609462
0.26216995877
1.0
0.619453002523
0.260507451831
1.0
0.619749210067
0.260882728748
1.0
0.62080042484
0.259524006973
1.0
0.621358636887
0.260766122111
1.0
0.621358636887
0.260766122111
1.0
0.621669136698
0.260085626239
1.0
0.621697671702
0.260098642247
1.0
0.622605944111
0.258762715429
1.0
0.623174700411
0.25974488075
1.0
0.623273753952
0.259696917346
1.0
0.623666847512
0.260753361397
1.0
0.624608890382
0.26023946581
1.0
0.624915146664
0.261300133491
1.0
0.625187886786
0.26068500106
1.0
0.625357892228
0.261250360965
1.0
0.625357892228
0.261250360965
1.0
0.625516110099
0.261795577637
1.0
0.6257339513
0.262910284325
1.0
0.626295436459
0.262418164441
1.0
0.626447292831
0.262817191367
1.0
0.626497976206
0.263383894215
1.0
0.626821843972
0.264242727375
1.0
0.626821843972
0.264242727375
1.0
0.627491702582
0.262889265915
1.0
0.62759689665
0.263675749412
1.0
0.62779295322
0.263630747599
1.0
0.627754056056
0.264081420286
1.0
0.628043568207
0.264323880693
1.0
0.628230949233
0.264907875516
1.0
0.628838054352
0.263647530071
1.0
0.628627152001
0.262928368652
1.0
0.628627152001
0.262928368652
1.0
0.628902927357
0.262971691135
1.0
0.628966297544
0.263316426271
1.0
0.629209777693
0.262464026781
1.0
0.629138378342
0.262405040197
1.0
0.629539006656
0.261485198366
1.0
0.629371921867
0.260932571796
1.0
0.63010870855
0.259897919633
1.0
0.629871389553
0.259799723452
1.0
0.630171103068
0.258413532615
1.0
0.629971060466
0.258300771251
1.0
0.629971060466
0.258300771251
1.0
0.630871320833
0.25723603774
1.0
0.630809295611
0.257262493164
1.0
0.630812548092
0.257343784602
1.0
0.630903432606
0.258625628515
1.0
0.631675208652
0.257371023878
1.0
0.631591756442
0.257806234903
1.0
0.63204256172
0.258001124076
1.0
0.63204256172
0.258001124076
1.0
0.63196995539
0.25888562915
1.0
0.632434374651
0.257968680644
1.0
0.632532377712
0.25886831422
1.0
0.632834216625
0.259483215859
1.0
0.633015160465
0.259610129206
1.0
0.63401210845
0.256682226955
1.0
0.636359191317
0.253877173347
1.0
0.640529632575
0.239698084606
1.0
0.642051335857
0.232831966984
1.0
0.642051335857
0.232831966984
1.0
0.647070644922
0.213710096443
1.0
0.646413955928
0.20677506603
1.0
0.646213602805
0.204068217719
1.0
0.646833538056
0.204720856315
1.0
0.646342068271
0.208446861185
1.0
0.646734922066
0.210745031198
1.0
0.646328398513
0.210762278288
1.0
0.646328398513
0.210762278288
1.0
0.646563032046
0.21196005736
1.0
0.646644442364
0.211758945781
1.0
0.64655510682
0.211461225855
1.0
0.647039891513
0.211869435243
1.0
0.647041864183
0.212509264397
1.0
0.646486118579
0.214233363725
1.0
0.646522261522
0.214315257308
1.0
0.646522261522
0.214315257308
1.0
0.646678042709
0.214134794301
1.0
0.646722953359
0.214088967373
1.0
0.6468329647
0.213724469112
1.0
0.646677442381
0.213842143262
1.0
0.646029436125
0.214874443738
1.0
0.646090819622
0.214063270515
1.0
0.645921607818
0.214184048468
1.0
0.645876342955
0.214251480634
1.0
0.645816477095
0.213808766947
1.0
0.64552040947
0.212841285427
1.0
0.64552040947
0.212841285427
1.0
0.644703546521
0.21367780755
1.0
0.644683945995
0.213153970338
1.0
0.644055335796
0.213762517587
1.0
0.643939188008
0.21351025368
1.0
0.643635949655
0.213588121377
1.0
0.642980319338
0.212061123251
1.0
0.642517169005
0.211989035439
1.0
0.642517169005
0.211989035439
1.0
0.64198760368
0.20888673468
1.0
0.64203932401
0.208093171763
1.0
0.640354012455
0.204422543376
1.0
0.639154883082
0.205428003592
1.0
0.638884444505
0.203787645046
1.0
0.638512705015
0.203385016169
1.0
0.638161355206
0.202066376181
1.0
0.637688017411
0.202061340715
1.0
0.637218420009
0.20056314981
1.0
0.637218420009
0.20056314981
1.0
0.636648220142
0.200588217157
1.0
0.636398495535
0.199661094423
1.0
0.635512803373
0.200038316659
1.0
0.635322899747
0.199532122293
1.0
0.634838644499
0.200204634025
