0.85848328933
0.670048872236
0.562643991229
0.85848328933
0.667139966507
0.438214659377
0.99
0.6693786669
0.368002851223
0.820832999225
0.269045244278
-0.236612768147
0.715915560956
14.2712058039
100.0
0.715915560956
14.2712058039
100.0
0.871925821434
-7.9638979555
34.8961022834
0.862239096794
0.567948020503
1.21654273581
0.976907770441
0.535142937688
1.22412661549
1.0
0.535398299242
1.22886711713
1.0
0.535398299242
1.22886711713
1.0
0.549564510113
1.23449958974
1.0
0.544979372555
1.20373653701
1.0
0.542143184842
1.16550716086
1.0
0.542143184842
1.16550716086
0.99
0.522666230524
1.27083935216
0.99
0.532828347817
1.27087615919
0.99
0.526790565049
1.27122156621
0.99
0.526790565049
1.27122156621
0.99
0.523664446739
1.27411735689
0.99
0.531415769059
1.27775868909
0.99
0.525124582965
1.28857195785
0.99
0.522135911263
1.28431682627
0.99
0.537731254898
1.27961425729
0.99
0.522601595247
1.26725733427
0.99
0.517119395353
1.26365808928
0.99
0.517119395353
1.26365808928
0.746594746196
0.176376652303
0.89215184188
0.746594746196
0.176376652303
0.89215184188
0.746594746196
0.193000661408
0.795666368083
0.746594746196
0.194222274967
0.763718637056
0.746594746196
0.198411098231
0.428398588593
0.791211334651
0.218787432158
0.460964376199
0.791211334651
0.454688648759
0.544862930192
0.791211334651
0.492703143173
0.532562738986
0.99
0.485361718986
0.627923959653
0.99
0.485361718986
0.627923959653
0.99
0.484532406667
0.63091095038
0.99
0.678705224384
0.453572808856
0.945764639083
0.680631462268
0.456004610967
0.866717586099
0.678561398161
0.454109964767
0.910327854681
0.675741864818
0.450424793584
0.910327854681
0.675741864818
0.450424793584
0.815276521058
0.674817277159
0.449830159723
0.915938640208
0.672497731142
0.448762814606
0.915938640208
0.673280843132
0.453554942404
0.834672867597
0.671286296151
0.454539505205
0.834672867597
0.671617031589
0.453574789881
0.88893605359
0.671890412556
0.563131951961
0.88893605359
0.671890412556
0.563131951961
0.826938318928
0.678302592875
0.608907048543
0.822829603612
0.677074881656
0.597540924984
0.826938318928
0.677977673666
0.60367873245
0.826938318928
0.678680931828
0.606570597678
0.826938318928
0.679535509097
0.608809907113
0.826938318928
0.679535509097
0.608809907113
0.894260922271
0.668276392221
0.589608449212
0.882153071562
0.670202719207
0.594498166841
0.858375242138
0.670738139507
0.59544031564
0.858375242138
0.670738139507
0.59544031564
0.868383203441
0.670537934935
0.59867771781
0.856696634701
0.671719879089
0.602915052268
0.766290762218
0.675936834928
0.62658357943
0.970404020433
0.661862510908
0.575866243457
0.974881192527
0.660590346295
0.574281605974
0.822678320305
0.66142824341
0.575856531814
0.822678320305
0.659706282979
0.573766045825
0.942039974727
0.659164351623
0.577239632646
0.942039974727
0.659164351623
0.577239632646
0.942039974727
0.654975259893
0.575334262144
0.942039974727
0.654975259893
0.575334262144
0.942039974727
0.654975259893
0.575334262144
0.942039974727
0.654975259893
0.575334262144
1.0
0.655865461335
0.533689875655
0.726762181975
0.661500162263
0.691338262081
0.903277365076
0.646310139985
0.594366751881
0.980391756194
0.648015460148
0.597611181063
0.980391756194
0.648015460148
0.597611181063
1.0
0.642506504366
0.59674359354
1.0
0.642032962103
0.598352811113
1.0
0.640686163915
0.597396092933
1.0
0.641883637699
0.602831048943
1.0
0.641883637699
0.602831048943
1.0
0.641603201836
0.597459308762
1.0
0.641936103311
0.605665519441
1.0
0.642709896907
0.607771663091
1.0
0.64260039169
0.606883332933
1.0
0.64260039169
0.606883332933
1.0
0.642445228777
0.607550500126
1.0
0.640626874449
0.612587874834
1.0
0.639853106696
0.612397312835
1.0
0.642700990985
0.613939674767
1.0
0.642700990985
0.613939674767
1.0
0.641666411091
0.616192482529
1.0
0.641118220773
0.613858766071
1.0
0.642024818822
0.618247949383
1.0
0.642024818822
0.618247949383
1.0
0.642811050556
0.616402025785
1.0
0.64295177566
0.620539256741
1.0
0.644179595697
0.623113550953
1.0
0.646051674186
0.62474799948
1.0
0.644623252423
0.623248547556
1.0
0.644623252423
0.623248547556
1.0
0.645264076587
0.622695564464
1.0
0.644811880959
0.620132980669
1.0
0.648087834866
0.620127603522
1.0
0.648156410039
0.626205368777
1.0
0.648156410039
0.626205368777
1.0
0.647456311143
0.6281240612
1.0
0.646193773272
0.632221966111
1.0
0.648067806799
0.637663193322
1.0
0.649394411776
0.634408413719
1.0
0.649394411776
0.634408413719
1.0
0.64810955782
0.634798265749
1.0
0.650899864426
0.639165525148
1.0
0.653518763381
0.642586179997
0.980231204755
0.659877337015
0.668820508067
0.980231204755
0.661349968518
0.670406349478
0.980231204755
0.661956370121
0.672371993046
0.980231204755
0.661956370121
0.672371993046
0.980231204755
0.662120980671
0.671974314167
0.980231204755
0.662529964801
0.674115355684
0.980231204755
0.66309092577
0.678506761225
0.980231204755
0.66351607226
0.679911931402
0.980231204755
0.663352597928
0.680143937983
0.980231204755
0.664320551913
0.681169104988
0.980231204755
0.664923652212
0.682457535205
0.980231204755
0.664673895163
0.682873438646
0.980231204755
0.664673895163
0.682873438646
0.980231204755
0.663870158177
0.682987283637
0.980231204755
0.663669542923
0.683984853523
0.980231204755
0.663355947031
0.685745608508
0.954120215253
0.66303080541
0.687751093381
0.954120215253
0.665852851855
0.689109557318
1.0
0.665571003899
0.689906788108
1.0
0.665777440862
0.690498587271
0.982443668463
0.66540629781
0.690654969477
0.982443668463
0.66540629781
0.690654969477
0.982443668463
0.663450455546
0.689743906291
0.889969647473
0.663023886963
0.691164026806
0.889969647473
0.663488792854
0.69312599091
0.902944297336
0.663586225939
0.693264269938
0.902944297336
0.664009034168
0.693948276023
0.9518803529
0.66334169656
0.694875790546
0.9518803529
0.664545121283
0.695330775468
0.962298588318
0.664157998933
0.697241485203
0.962298588318
0.664157998933
0.697241485203
0.962298588318
0.662633349653
0.697832310082
0.961752723097
0.662309729191
0.700482578582
0.961752723097
0.663074118313
0.69939452707
0.922204631093
0.662706403807
0.699915180582
0.922204631093
0.66325801512
0.700339967323
0.946274654619
0.66305140876
0.700494228241
0.946274654619
0.662848420532
0.700373434072
0.946274654619
0.662848420532
0.700373434072
0.932122861747
0.662776287183
0.70149041708
0.932122861747
0.662438037308
0.70163239965
0.91085004147
0.661977201182
0.701490248359
0.91085004147
0.662987638286
0.701146277623
0.929678205509
0.663643585829
0.702267384657
0.929678205509
0.662242852247
0.700959485648
0.918265638529
0.66127841063
0.701509839931
0.918265638529
0.661666424282
0.703009712801
1.0
0.661276165729
0.702982369235
1.0
0.661276165729
0.702982369235
1.0
0.660958702704
0.700968327299
0.937761180962
0.660808044109
0.702868307005
0.937761180962
0.660155837862
0.703387550785
0.972187473969
0.659972420712
0.705638549656
0.972187473969
0.659211782088
0.703904717837
0.904434291355
0.658348441383
0.705076974715
0.904434291355
0.659210975066
0.704925795006
0.877713632206
0.658637548869
0.707056244858
0.877713632206
0.658637548869
0.707056244858
0.877713632206
0.656125615151
0.704709764946
0.839123321287
0.655589007266
0.706008364755
0.839123321287
0.655503675101
0.705411224823
0.927104256745
0.655183355666
0.704651050464
0.927104256745
0.654951084851
0.704726420714
0.887334329402
0.656120561047
0.703969788428
0.887334329402
0.657985447011
0.705045239332
0.88392651723
0.657555320851
0.704471754947
0.88392651723
0.657555320851
0.704471754947
0.88392651723
0.657448139034
0.703287849731
0.911012403104
0.657729335995
0.70299878796
0.911012403104
0.657440632738
0.704761726367
0.888017324579
0.656605797173
0.707387588868
0.888017324579
0.657902296733
0.707226916108
0.934865130534
0.657595053912
0.708777472215
0.934865130534
0.657243148323
0.710246398291
0.945016283259
0.657304684207
0.710450148519
0.945016283259
0.657304684207
0.710450148519
0.945016283259
0.658794390666
0.711409358634
0.917676626996
0.658483312764
0.712202490065
0.917676626996
0.657417905322
0.713155466236
0.896318198817
0.657620587385
0.714546611382
0.896318198817
0.65734964215
0.71345128864
0.879848659264
0.656649165536
0.716445477669
0.879848659264
0.656649165536
0.716445477669
0.879848659264
0.657787755334
0.717056336477
0.87250117778
0.656801799823
0.717655335139
0.87250117778
0.656900357262
0.718497791347
1.0
0.657194092996
0.718161067277
1.0
0.656008101066
0.714872503458
0.985089929359
0.655989591765
0.714051460822
0.985089929359
0.656582014883
0.717676213981
0.915652967447
0.657903447457
0.718921466617
0.915652967447
0.658378666688
0.721539300073
0.964810274479
0.657800018271
0.722134683528
0.964810274479
0.657800018271
0.722134683528
0.964810274479
0.659269856644
0.722801557679
0.90013647354
0.659062688378
0.723290409469
0.90013647354
0.659635212352
0.724064163583
0.934670445821
0.659897958841
0.724011270693
0.934670445821
0.659693575811
0.724966893766
0.931211422684
0.65910248877
0.724730805065
0.931211422684
0.660316372058
0.725526443664
0.94084068708
0.660514578222
0.726368830654
0.94084068708
0.660514578222
0.726368830654
0.94084068708
0.659607852236
0.726502007017
0.879485154971
0.660110798493
0.72544305632
0.879485154971
0.660968134013
0.727134853005
0.898081129086
0.660493069077
0.728010540226
0.898081129086
0.661168485497
0.728849618517
0.906322669689
0.661460268329
0.728770322681
0.906322669689
0.660821987056
0.727950630418
0.895462983457
0.66014078011
0.727533741453
0.895462983457
0.66014078011
0.727533741453
0.895462983457
0.660199642752
0.727113066692
0.926940684583
0.660146260139
0.728075014327
0.926940684583
0.660390497747
0.727289361189
0.883000808544
0.660718629559
0.728478943044
0.883000808544
0.661163844724
0.728589942699
0.953418081362
0.660703879338
0.728074941619
0.953418081362
0.660357619416
0.729490461605
0.970982796591
0.660011276266
0.729216804788
0.970982796591
0.660011276266
0.729216804788
0.970982796591
0.660156997438
0.729152755686
0.895748184562
0.660070874796
0.73040806256
0.895748184562
0.660057564187
0.731283118712
0.933307388508
0.660248469842
0.730514816815
0.933307388508
0.661238434266
0.729070098525
0.983682656643
0.660937091234
0.729867519927
0.983682656643
0.66082101254
0.733026287716
0.983682656643
0.66082101254
0.733026287716
0.953279050969
0.661195256255
0.732872629946
0.953279050969
0.661286266919
0.731209335641
0.894506159558
0.661206760096
0.73177564621
0.894506159558
0.662665322036
0.733725610803
0.886881761544
0.662326138803
0.735811395578
0.886881761544
0.661778511409
0.735764159755
0.916147144911
0.662250141127
0.73346624769
0.916147144911
0.663389786761
0.734620423567
0.867628211078
0.663402689533
0.73539213632
0.867628211078
0.663402689533
0.73539213632
0.867628211078
0.664408392312
0.736788860624
0.877856881426
0.664112931088
0.736976827105
0.877856881426
0.662933890137
0.736809137196
0.952041919925
0.663073462758
0.736477285531
0.952041919925
0.664123061254
0.73813181949
0.861837891895
0.664222170355
0.739826191553
0.861837891895
0.661925380396
0.738924336152
0.895938127022
0.661462882587
0.738927438644
0.895938127022
0.661462882587
0.738927438644
0.895938127022
0.662822196004
0.741147438739
0.876844393161
0.663766175262
0.739480510689
0.876844393161
0.663770638884
0.740165592677
0.915090666118
0.664083851511
0.738266741702
0.915090666118
0.6639011235
0.740098337394
0.872091533247
0.664231942449
0.740108304412
0.872091533247
0.663645466943
0.740731370896
0.866685282615
0.663649825355
0.741581260854
0.866685282615
0.663649825355
0.741581260854
0.866685282615
0.664514702246
0.743354084225
0.907213008325
0.664330309999
0.743024948814
0.907213008325
0.664199728625
0.742287343955
0.865408574717
0.664467337344
0.742962936099
0.865408574717
0.665201313499
0.743306319293
0.920450673166
0.664830876398
0.742993798113
0.920450673166
0.665199382985
0.744012803589
0.8588231837
0.665739927521
0.745038959829
0.8588231837
0.665739927521
0.745038959829
0.8588231837
0.665036922071
0.743609067675
0.895070478632
0.664543863202
0.742692743342
0.895070478632
0.664914803578
0.743904934193
0.894049449493
0.665667222881
0.742976731724
0.894049449493
0.665915573303
0.746113534906
0.987537205183
0.666723466865
0.744704384783
0.987537205183
0.667252983338
0.745170947373
0.918668156438
0.666975589577
0.746016679848
0.918668156438
0.666975589577
0.746016679848
0.918668156438
0.668504217104
0.746142977036
0.871080023318
0.66864843227
0.74642012735
0.871080023318
0.668707460379
0.744943198346
0.862885539627
0.669074029625
0.745837247777
0.862885539627
0.66929938995
0.747194783818
0.918518115113
0.669540429118
0.747422215566
0.918518115113
0.670455216291
0.747888549014
0.891678922153
0.670046437266
0.748194851735
0.891678922153
0.670046437266
0.748194851735
0.891678922153
0.66995231922
0.749168358149
0.947749165933
0.670461609756
0.748378560834
0.947749165933
0.67156015445
0.748387854305
0.950069679761
0.671359290099
0.749869098995
0.950069679761
0.671569498177
0.753347966408
0.893730043519
0.672062289202
0.7541962542
0.893730043519
0.673027250398
0.757127441272
0.885814341154
0.67411400887
0.756875395607
0.885814341154
0.67411400887
0.756875395607
0.885814341154
0.675199824369
0.759067308652
0.929136316896
0.674968865582
0.760122775378
0.929136316896
0.675533378618
0.758826255465
0.885610003156
0.675740418347
0.760753236219
0.885610003156
0.676797692659
0.76178382172
0.888020098508
0.67713284274
0.761682720278
0.888020098508
0.674911879357
0.760553183071
0.861218084153
0.676009486519
0.760680465701
0.861218084153
0.676009486519
0.760680465701
0.861218084153
0.678449444205
0.761830834336
0.96934926079
0.678167306146
0.763037089344
0.96934926079
0.679715519227
0.762282123321
0.929869938493
0.680023241899
0.763358651043
0.929869938493
0.680943717665
0.765345684027
0.903268801563
0.681879356013
0.766302275452
0.903268801563
0.682902042167
0.766935686923
0.917280289648
0.683178088813
0.76781726792
0.917280289648
0.683178088813
0.76781726792
0.917280289648
0.685714862306
0.771611779653
0.978062231656
0.685800929728
0.771339645178
0.985641200202
0.687520366814
0.773005352906
1.0
0.688570141085
0.773657758397
1.0
0.689965071386
0.776037214638
1.0
0.690025707947
0.777569790987
1.0
0.691258839719
0.779259652557
0.932104287732
0.692383608364
0.781028726245
0.932104287732
0.692383608364
0.781028726245
0.932104287732
0.693767688122
0.782271357451
0.961539646223
0.694340473356
0.782807914202
0.961539646223
0.695617959483
0.782997153531
0.968998027067
0.695504625698
0.784752668925
0.968998027067
0.696120036787
0.78825557867
1.0
0.696747582542
0.791397530073
1.0
0.697681507445
0.795498606732
0.966778326374
0.697827390374
0.797139814437
0.966778326374
0.697827390374
0.797139814437
0.966778326374
0.698605257671
0.799140647737
1.0
0.698687347458
0.802801636201
1.0
0.699972818749
0.805708091621
0.998310492237
0.699951280588
0.807857784676
0.982327400511
0.700649608973
0.808412203339
0.951183378501
0.701057675488
0.809698389926
0.941578683215
0.703779369405
0.812052653282
0.941578683215
0.703779369405
0.812052653282
0.941578683215
0.70376023453
0.81351170245
0.973528827752
0.707567129335
0.816737688835
0.95141583237
0.707491972999
0.819076852164
0.95141583237
0.708566097984
0.822655082109
1.0
0.708610662205
0.8246173009
1.0
0.708613984366
0.824242249041
0.976733797566
0.710103493359
0.825613708712
0.963973122268
0.71081237447
0.824052369584
0.926842388574
0.712146728174
0.82562721975
0.926842388574
0.712146728174
0.82562721975
0.922744520626
0.71254698813
0.827070276835
0.922744520626
0.71230078528
0.830236576257
0.935070075861
0.710081879933
0.83046015452
0.935070075861
0.709841163054
0.833848287525
0.920820715561
0.710852310343
0.835366662652
0.920820715561
0.711213844792
0.838451660233
0.920820715561
0.711213844792
0.838451660233
0.900345073058
0.712271319137
0.841213477367
0.900345073058
0.713340717185
0.841998078089
0.886711347825
0.712653248879
0.842094494468
