1.0
0.634565742018
0.199749530941
1.0
0.634565742018
0.199749530941
1.0
0.634268011771
0.199922581309
1.0
0.633776960153
0.197690143562
1.0
0.633497808614
0.197997035575
1.0
0.633328761033
0.198207972998
1.0
0.632817788325
0.199229879254
1.0
0.63225445245
0.1976848129
1.0
0.631916368826
0.198576158096
1.0
0.631979907854
0.199616394083
1.0
0.631979907854
0.199616394083
1.0
0.631877998533
0.199669780954
1.0
0.631626169623
0.199574716337
1.0
0.631187781428
0.200840550686
1.0
0.630980555501
0.200505605341
1.0
0.631068505855
0.200232756611
1.0
0.630716042299
0.19990958651
1.0
0.630077044678
0.201174565177
1.0
0.629763672783
0.201130524172
1.0
0.629318549317
0.202396225611
1.0
0.628826888413
0.210182351984
1.0
0.628826888413
0.210182351984
1.0
0.627465137992
0.22083030129
0.99
0.626882038294
0.256690659966
0.99
0.620674471108
0.298483829628
0.99
0.620688868472
0.31848794147
0.99
0.618527844632
0.342714687085
0.99
0.618456341738
0.34817581337
1.0
0.61842049666
0.353429665156
1.0
0.61842049666
0.353429665156
1.0
0.617127721197
0.353455105445
1.0
0.618922512338
0.350783816902
1.0
0.618590215852
0.35127474493
1.0
0.61808591513
0.35342504039
1.0
0.61814610223
0.353274766425
1.0
0.617887924879
0.353794043529
1.0
0.617965072953
0.354308637657
1.0
0.618169231698
0.354772897849
1.0
0.618145969088
0.354647823278
1.0
0.618145969088
0.354647823278
1.0
0.618054543365
0.354436817811
1.0
0.618136277882
0.354058745935
1.0
0.618034199884
0.35345885611
1.0
0.618126400493
0.353746057011
1.0
0.618360932374
0.353456419211
1.0
0.618244290818
0.353205816641
1.0
0.617954329398
0.35412472201
1.0
0.617954329398
0.35412472201
1.0
0.617833947094
0.353466374532
1.0
0.618340739017
0.351639746712
1.0
0.618378277139
0.350368462905
1.0
0.618405823588
0.350295786954
1.0
0.618606299679
0.351456158451
1.0
0.619004193217
0.350573425909
1.0
0.619076263336
0.351105032639
1.0
0.619076263336
0.351105032639
1.0
0.619218004128
0.350086223898
1.0
0.619146711727
0.34985278234
1.0
0.619408106367
0.349475497371
1.0
0.619282312652
0.348936793674
1.0
0.619011105106
0.349100341707
1.0
0.61916108378
0.34898825174
1.0
0.61915479301
0.348079782739
1.0
0.618753558704
0.346156986981
1.0
0.619042932729
0.345502314365
1.0
0.619042932729
0.345502314365
1.0
0.618755035527
0.343707889478
1.0
0.618779706207
0.34360830943
1.0
0.618479693686
0.342719238075
1.0
0.618876893867
0.340502722182
1.0
0.618717439868
0.339514431727
1.0
0.618486233357
0.339518213522
1.0
0.61846446558
0.339721040382
1.0
0.618322874741
0.339721349451
1.0
0.618322874741
0.339721349451
1.0
0.617969591101
0.338209575199
1.0
0.61774786749
0.336950841099
1.0
0.617446197031
0.335593699033
1.0
0.616782837123
0.3360634247
1.0
0.616516533245
0.335190543986
1.0
0.616489021922
0.334222365057
1.0
0.616222143268
0.33275430831
1.0
0.616222143268
0.33275430831
1.0
0.615794539102
0.333325941386
1.0
0.615343674148
0.332251549116
1.0
0.615088520158
0.332051634229
1.0
0.614983800721
0.331511103543
1.0
0.615042467041
0.331441197716
1.0
0.614888367311
0.331638143971
1.0
0.614443825492
0.332649746481
1.0
0.614157466439
0.332532192336
1.0
0.613607328366
0.333171477952
1.0
0.613607328366
0.333171477952
1.0
0.613286863147
0.332650677596
1.0
0.613213393827
0.333550807129
1.0
0.61309460664
0.33443170049
1.0
0.612775685645
0.335480847918
1.0
0.612644059806
0.336345574873
1.0
0.612888047927
0.336819338516
1.0
0.612562777559
0.337086781717
1.0
0.612562777559
0.337086781717
1.0
0.612293622408
0.337771813411
1.0
0.612429947885
0.338744010656
1.0
0.612434501675
0.339136830579
1.0
0.612294019441
0.339472669009
1.0
0.612571950262
0.339788895688
1.0
0.612391849022
0.34067495862
1.0
0.612854715606
0.340792329899
1.0
0.612652436507
0.340569206863
1.0
0.612282194432
0.341751463889
1.0
0.612282194432
0.341751463889
1.0
0.612411364572
0.342499278906
1.0
0.612644236906
0.343012568922
1.0
0.61265871728
0.34346493093
1.0
0.612559384649
0.343801497861
1.0
0.612648146178
0.345057564786
1.0
0.612721350746
0.345153360295
1.0
0.612662523482
0.346023526958
1.0
0.612903991886
0.347049762201
1.0
0.612903991886
0.347049762201
1.0
0.612801054227
0.34850706972
1.0
0.612756872141
0.350099686283
1.0
0.613029388726
0.351301592508
1.0
0.612527365406
0.352138265891
1.0
0.612231904743
0.351794632849
1.0
0.612329391089
0.351690791973
1.0
0.612398238342
0.352852103599
1.0
0.612398238342
0.352852103599
1.0
0.612336215852
0.353772145208
1.0
0.611972050295
0.35229015523
1.0
0.611374037257
0.353626489791
1.0
0.611273356209
0.353560387135
1.0
0.610746035922
0.354287800821
1.0
0.61048188103
0.354571526373
1.0
0.610283338297
0.355361154562
1.0
0.610084629616
0.355554345623
1.0
0.609586412837
0.355420756787
1.0
0.609586412837
0.355420756787
1.0
0.608647280245
0.351322934071
1.0
0.607939587682
0.351353491257
1.0
0.608384115485
0.347322656127
1.0
0.609143512223
0.341622764525
0.99
0.612542102034
0.32706343157
0.99
0.617872946175
0.299849360241
0.715025993788
0.593179003697
0.245475092167
0.715025993788
0.593179003697
0.245475092167
0.715025993788
0.598289314273
0.217992438802
0.938242107531
0.623928015048
0.260021292483
0.938242107531
0.623684222202
0.254652439816
1.0
0.622791285936
0.248537689136
1.0
0.62087037718
0.252286019749
1.0
0.620305972743
0.24783224177
1.0
0.619008163709
0.249276726826
1.0
0.618640343417
0.245172606062
1.0
0.618640343417
0.245172606062
1.0
0.618106329604
0.242879220316
1.0
0.617784715025
0.241450701206
1.0
0.617840364016
0.240860923341
1.0
0.616976000691
0.237561628124
1.0
0.61577269011
0.239164415571
1.0
0.615294583782
0.238372226847
1.0
0.614825907985
0.239299806246
1.0
0.613991360177
0.23700727334
1.0
0.61279013182
0.238761100094
1.0
0.61279013182
0.238761100094
1.0
0.61218614829
0.237825913828
1.0
0.611526421116
0.239262318735
1.0
0.611014237201
0.237830782644
1.0
0.610680434395
0.239284886014
1.0
0.610263201867
0.23993128029
1.0
0.609427501363
0.242127443905
1.0
0.608959240948
0.242863636837
1.0
0.608959240948
0.242863636837
1.0
0.607406117061
0.246349998942
1.0
0.606560815948
0.246215709535
1.0
0.605994726893
0.249581001617
1.0
0.60557338644
0.249718554533
1.0
0.605359348641
0.251309420492
1.0
0.605052378527
0.253215525194
1.0
0.604307256204
0.255099770199
1.0
0.603926308214
0.255567020484
1.0
0.60389509459
0.258763972351
1.0
0.60389509459
0.258763972351
1.0
0.603421639501
0.259520685173
1.0
0.601920478409
0.262322544212
1.0
0.601291446409
0.26244380956
1.0
0.600799233387
0.2647105511
1.0
0.600452934876
0.265773729493
1.0
0.599731633882
0.269333048342
1.0
0.59908006357
0.270084671792
1.0
0.59908006357
0.270084671792
1.0
0.598157436223
0.272577156153
1.0
0.597417552177
0.273071410062
1.0
0.596926464115
0.275733451237
1.0
0.59637576895
0.276000399502
1.0
0.59505148527
0.280591660362
1.0
0.594583972995
0.281537474066
1.0
0.594131773365
0.283700426482
1.0
0.593289311613
0.285731808426
1.0
0.593289311613
0.285731808426
1.0
0.591819932635
0.290169934663
1.0
0.590953919324
0.289153214508
1.0
0.590233597635
0.292323829065
1.0
0.589366641327
0.293421199933
1.0
0.588296844575
0.29769073838
1.0
0.58768532393
0.298891599316
1.0
0.586612364555
0.303236736458
1.0
0.585825796946
0.304226477612
1.0
0.584696375639
0.308258239581
1.0
0.584696375639
0.308258239581
1.0
0.584196770791
0.309553466293
1.0
0.583258329624
0.314132559695
1.0
0.582784931025
0.316206598114
1.0
0.582262674309
0.318773761672
0.990993774387
0.581516527889
0.319513339114
0.990993774387
0.580502593592
0.323266772099
1.0
0.580053211142
0.323292783741
1.0
0.580053211142
0.323292783741
1.0
0.579640870573
0.325672805739
0.973775461489
0.578458477533
0.325760032735
0.973775461489
0.577828089017
0.328494082217
0.990545634517
0.576983511317
0.327921391071
0.990545634517
0.576317342327
0.330561071259
1.0
0.575300394488
0.331169913635
1.0
0.574671347425
0.334380598856
0.950090239809
0.574135367251
0.335984940522
0.950090239809
0.574135367251
0.335984940522
0.950090239809
0.573678217499
0.338200517912
0.988351052568
0.572190421436
0.334532855725
0.988351052568
0.571095948033
0.334662228095
0.99
0.565927835477
0.312349070544
0.99
0.563386144724
0.304754602458
0.966003331833
0.554797486363
0.270219644919
0.966003331833
0.548733814008
0.260881997994
0.99
0.548433529996
0.256777813812
0.99
0.548433529996
0.256777813812
1.0
0.550117193249
0.250131024423
1.0
0.550541046129
0.251395386049
1.0
0.550325035473
0.252644610971
1.0
0.549717593358
0.250482298443
1.0
0.548729428622
0.250245779432
1.0
0.547481455636
0.245893647096
1.0
0.546867959254
0.246315914004
1.0
0.545471922885
0.24371347001
1.0
0.545471922885
0.24371347001
1.0
0.545714670234
0.242211935056
1.0
0.545593329333
0.241262440852
1.0
0.545373428789
0.240627860884
1.0
0.544372531507
0.237827122704
1.0
0.544893270426
0.235673922767
1.0
0.544361963903
0.233188790883
1.0
0.544332291304
0.231871428837
1.0
0.543399190884
0.229476809352
1.0
0.543399190884
0.229476809352
1.0
0.544086705752
0.226163313798
1.0
0.543770923648
0.223308703682
1.0
0.54377205679
0.222044619549
1.0
0.54309213527
0.219717826081
1.0
0.542868571077
0.217817339301
1.0
0.541809023816
0.213287778281
1.0
0.54188792418
0.211420978608
1.0
0.541941754889
0.210653491734
1.0
0.541941754889
0.210653491734
1.0
0.542140987094
0.206948613248
1.0
0.54070828398
0.201644314511
1.0
0.54070495177
0.199936912834
1.0
0.539634269468
0.195095636235
1.0
0.539698328363
0.1920018464
1.0
0.539044347456
0.188873804487
1.0
0.539173263247
0.186284154625
1.0
0.537836348845
0.181127854999
1.0
0.537836348845
0.181127854999
1.0
0.537603938881
0.178549779109
0.990984030882
0.536862604506
0.174694215429
0.990984030882
0.536458194994
0.172892774524
1.0
0.53513755937
0.168767071791
1.0
0.534717264096
0.167666739445
1.0
0.533923925155
0.165509072607
1.0
0.533519878524
0.164265366909
0.947703627113
0.532755428207
0.161846227823
0.947703627113
0.532755428207
0.161846227823
0.947703627113
0.532785172381
0.158946404814
1.0
0.531091006526
0.152190195916
1.0
0.530046984217
0.152470312711
1.0
0.52897593563
0.148633247559
1.0
0.528345987916
0.147727973833
0.983604720839
0.527188322717
0.143497467423
0.983604720839
0.526723737455
0.141559247969
1.0
0.525372133026
0.13545174394
1.0
0.525372133026
0.13545174394
1.0
0.525204010909
0.133309629585
1.0
0.524693999494
0.132319393241
1.0
0.524512881609
0.131245986233
0.987703629745
0.523017977717
0.126163579177
0.987703629745
0.522429921791
0.125740091644
1.0
0.520918357727
0.119988265951
1.0
0.520845696081
0.117407760051
1.0
0.51984036647
0.113612532573
1.0
0.51984036647
0.113612532573
1.0
0.51944501312
0.112623126472
1.0
0.51865313902
0.109529768249
1.0
0.518396715926
0.107581539809
1.0
0.517521098025
0.103563060727
1.0
0.517252057302
0.102233869057
1.0
0.517261780467
0.100074068013
1.0
0.516636080734
0.0994382166398
1.0
0.516775197928
0.0973603517316
1.0
0.516775197928
0.0973603517316
1.0
0.516947812439
0.0959422379976
1.0
0.517514775181
0.0958804608903
1.0
0.51721329261
0.0937298233738
1.0
0.51649116284
0.0912329161975
1.0
0.516331783572
0.0895331545274
1.0
0.514811623597
0.0835348379937
1.0
0.514805901902
0.0820211897368
1.0
0.513768751879
0.0779577865756
1.0
0.513768751879
0.0779577865756
1.0
0.513304236421
0.0779226182667
1.0
0.513040814521
0.0742488123508
1.0
0.513062467075
0.0722072862894
1.0
0.512623113457
0.0689593970512
1.0
0.512386234292
0.0681228811143
1.0
0.512121912648
0.0657863070085
1.0
0.512296921365
0.0630214552811
1.0
0.512567221012
0.0617285593803
1.0
0.512567221012
0.0617285593803
1.0
0.512428491426
0.0589302048638
1.0
0.512684737349
0.0561063442106
1.0
0.512458999918
0.0553348133769
1.0
0.511911341784
0.052396607133
1.0
0.512490571395
0.0492851377885
1.0
0.51306911719
0.048185422744
1.0
0.513360949965
0.044866677094
1.0
0.513250614064
0.0435249782782
1.0
0.513250614064
0.0435249782782
1.0
0.513002396235
0.0433286494784
1.0
0.513696620331
0.0431415589045
1.0
0.513612269739
0.0419898027555
1.0
0.513810596855
0.0412203997279
1.0
0.513661703642
0.0407990493987
1.0
0.514413702581
0.0396541508634
1.0
0.514174587927
0.0393859404197
1.0
0.514174587927
0.0393859404197
1.0
0.51423119206
0.037824527381
1.0
0.513633322735
0.0389367073135
1.0
0.511284656058
0.037161635157
1.0
0.506244972631
0.0491999008262
0.99
0.474624974878
0.0311230060184
0.99
0.450805041523
0.106083599844
0.99
0.435534148611
0.160313048825
0.99
0.421645850542
0.15220182521
0.99
0.408338569107
0.19538478435
0.99
0.408338569107
0.19538478435
0.99
0.394256428202
0.18774108311
0.99
0.384730025628
0.215879935923
