1.0
0.554427476993
0.523374545315
1.0
0.554336721273
0.52349122561
1.0
0.554268525359
0.52383840975
1.0
0.554187721514
0.524503234942
1.0
0.554326920448
0.524061397557
1.0
0.554326920448
0.524061397557
1.0
0.553318465936
0.524023751883
0.99
0.547126772503
0.523578926349
0.99
0.536372385371
0.529017856718
0.99
0.536513486363
0.529544866092
0.99
0.527285110971
0.53794363064
0.99
0.527137014643
0.537745540252
1.0
0.522535237147
0.541515786566
1.0
0.522850043442
0.541670974844
1.0
0.522850043442
0.541670974844
1.0
0.522432828664
0.54236676011
1.0
0.522353678548
0.542387772409
1.0
0.522591173209
0.542462795937
1.0
0.522913980678
0.543216496863
1.0
0.522975698882
0.543026151556
1.0
0.523396696812
0.543353672784
1.0
0.523443591923
0.543827280467
1.0
0.523474065669
0.544174464902
1.0
0.523474065669
0.544174464902
1.0
0.523362890701
0.5442370828
1.0
0.523486348944
0.544339999118
1.0
0.523702268341
0.5441083113
1.0
0.523669383405
0.54415411052
1.0
0.523680816136
0.544474345045
1.0
0.523616042505
0.54465821767
1.0
0.523588652553
0.545491570915
1.0
0.523674644376
0.5455848551
1.0
0.523674644376
0.5455848551
1.0
0.523629196633
0.545494676142
1.0
0.523572244275
0.545341008631
1.0
0.5234819411
0.545640892777
1.0
0.523554080184
0.545784995251
1.0
0.523655866839
0.545631309071
1.0
0.524073471124
0.546216055164
1.0
0.524096177841
0.546384996709
1.0
0.523998890975
0.54649590839
1.0
0.523998890975
0.54649590839
1.0
0.523905511094
0.546878040754
1.0
0.523986262132
0.547111996841
1.0
0.524154984534
0.547115854601
1.0
0.524245828447
0.547158250591
1.0
0.52430082081
0.547014234568
1.0
0.524138051158
0.547003982579
1.0
0.523949983973
0.54728763228
1.0
0.523976732933
0.547280136696
1.0
0.523976732933
0.547280136696
1.0
0.523833679992
0.547653526214
1.0
0.523697215695
0.54773821093
1.0
0.523862549303
0.547804751536
1.0
0.523922555242
0.548186743631
1.0
0.52368108221
0.548088360695
1.0
0.52384582335
0.548491999819
1.0
0.523729645172
0.549196161406
1.0
0.523832046525
0.549236537982
1.0
0.523832046525
0.549236537982
1.0
0.524254975903
0.548849973507
1.0
0.524273542178
0.548666990518
1.0
0.524069692619
0.548589148183
1.0
0.524009125336
0.548573016947
1.0
0.524056740089
0.548859244611
1.0
0.523952406552
0.549008859405
1.0
0.524025107083
0.548602817596
1.0
0.524155967679
0.548558410471
1.0
0.524155967679
0.548558410471
1.0
0.524026662475
0.548935801315
1.0
0.524253880067
0.54904551553
1.0
0.524473859375
0.548847087193
1.0
0.524415984732
0.548907250984
1.0
0.524460702872
0.548374646136
1.0
0.524576373758
0.548682535157
1.0
0.524487099897
0.548603269957
1.0
0.524478049596
0.5483662198
1.0
0.524478049596
0.5483662198
1.0
0.524309910767
0.548446494655
1.0
0.524341765929
0.54859600332
1.0
0.523931200606
0.54877065348
1.0
0.523804235369
0.548883082681
1.0
0.524328814716
0.548284948809
1.0
0.524356475126
0.548038393762
1.0
0.524356475126
0.548038393762
1.0
0.524619593798
0.548376901881
1.0
0.524568204218
0.548560842267
1.0
0.524348491421
0.548651954464
1.0
0.524853788348
0.548786060236
1.0
0.524953534501
0.548279409485
1.0
0.524953442091
0.548460772248
1.0
0.52518277592
0.548379015934
1.0
0.525178596442
0.548487800445
1.0
0.525119598174
0.548172808087
1.0
0.525230804801
0.548022243893
1.0
0.525230804801
0.548022243893
1.0
0.525057760183
0.548129703787
1.0
0.525181534333
0.548021526385
1.0
0.52533383151
0.548168110255
1.0
0.525315577133
0.54794687445
1.0
0.525222359195
0.547847191413
1.0
0.525379895393
0.547422458469
1.0
0.525222265255
0.54729578242
1.0
0.525142693019
0.54744399521
1.0
0.525142693019
0.54744399521
1.0
0.525272032677
0.546820692152
1.0
0.525106037854
0.546237929461
1.0
0.524906251872
0.545310308258
1.0
0.525119230123
0.545510045024
1.0
0.52538111005
0.545761435613
1.0
0.525922569524
0.544507652112
1.0
0.525802093781
0.54447634439
1.0
0.52869832746
0.543759896786
1.0
0.52869832746
0.543759896786
1.0
0.528446449243
0.543701972815
1.0
0.529347150086
0.543587912999
1.0
0.529846174997
0.541641750803
1.0
0.529733612246
0.54122846058
1.0
0.531941643067
0.536178074442
1.0
0.531619799571
0.536060417472
1.0
0.532985068466
0.532373894409
1.0
0.532709204868
0.531651207657
1.0
0.532709204868
0.531651207657
1.0
0.532581681428
0.531686437083
1.0
0.532135924855
0.532269056325
1.0
0.532266588996
0.532506164713
1.0
0.532479292428
0.531926442189
1.0
0.532547996687
0.531641475404
1.0
0.532679352475
0.531560768391
1.0
0.532300563629
0.531527122304
1.0
0.532010769953
0.531407541658
1.0
0.532010769953
0.531407541658
1.0
0.531970604923
0.531517740879
1.0
0.532171854068
0.531201759983
1.0
0.532250402038
0.53114002421
1.0
0.532126886617
0.530887925025
1.0
0.532131162653
0.530654636878
1.0
0.532097262808
0.529951381102
1.0
0.531653949408
0.529293352076
1.0
0.531502668167
0.529320259004
1.0
0.531502668167
0.529320259004
1.0
0.531773975699
0.529156872362
1.0
0.531803288272
0.528422265415
1.0
0.531791597915
0.527744505116
1.0
0.531429932877
0.527404064699
1.0
0.531350096245
0.526904991458
1.0
0.531243353589
0.526185537842
1.0
0.531210287596
0.52526002478
1.0
0.531273158095
0.524285559283
1.0
0.531273158095
0.524285559283
1.0
0.530900942612
0.523739352794
1.0
0.530866336292
0.52305121284
1.0
0.530833881119
0.522917865277
1.0
0.530886948492
0.522137321018
1.0
0.5306475704
0.521726275827
1.0
0.530527870854
0.521246169679
1.0
0.530330695198
0.52073050871
1.0
0.5299574323
0.520601958077
1.0
0.5299574323
0.520601958077
1.0
0.530321644487
0.520603146867
1.0
0.530535973649
0.520114738661
1.0
0.530361307614
0.519809068503
1.0
0.530203588877
0.51880212332
1.0
0.530343277148
0.518702253643
1.0
0.530386762687
0.517830536304
1.0
0.530396860628
0.517827619292
1.0
0.530292085036
0.517921322048
1.0
0.530292085036
0.517921322048
1.0
0.530474975099
0.517989523735
1.0
0.530792189384
0.517199715414
1.0
0.530755319592
0.517592146496
1.0
0.530806666278
0.517594467522
0.76633177148
0.52987058224
0.51710089211
0.76633177148
0.52987775241
0.516689256301
1.0
0.531033667359
0.517397316944
1.0
0.531067113749
0.518333771659
1.0
0.531067113749
0.518333771659
0.759979168961
0.530064758083
0.517831711612
0.759979168961
0.530210563689
0.518553121077
1.0
0.531699865345
0.520768540476
1.0
0.531954255164
0.520682585813
1.0
0.532444876666
0.524872813785
1.0
0.532574679091
0.525457255069
1.0
0.534270633247
0.530652622455
1.0
0.534270633247
0.530652622455
1.0
0.534314208445
0.531433851209
1.0
0.536778049553
0.537969036657
1.0
0.536710788781
0.541271774483
1.0
0.539481875154
0.547845460288
1.0
0.5398439723
0.552702675709
1.0
0.540933593942
0.556181459853
1.0
0.542933293775
0.559312167717
1.0
0.542940268097
0.559839555613
1.0
0.544541855519
0.563792634715
1.0
0.544541855519
0.563792634715
1.0
0.544190209106
0.563375184125
1.0
0.545760030564
0.565854342427
1.0
0.546138960573
0.56556390656
1.0
0.54653936102
0.566581946645
1.0
0.546805780427
0.566714231568
1.0
0.547176276789
0.566123649279
1.0
0.54723357008
0.565923490774
1.0
0.54723357008
0.565923490774
1.0
0.547161417187
0.565897156513
1.0
0.545788371868
0.56605325238
1.0
0.545717398843
0.566458400939
1.0
0.545807634108
0.566224963547
1.0
0.545746004951
0.565911578699
1.0
0.545560325703
0.565655048388
1.0
0.545453724165
0.565747002279
1.0
0.545398796637
0.566262293885
1.0
0.545538461167
0.566095924791
1.0
0.545538461167
0.566095924791
1.0
0.545694013498
0.565428898398
1.0
0.545827394349
0.565060062652
1.0
0.545819746594
0.565219965142
1.0
0.545586578133
0.565177924157
1.0
0.545490878498
0.565206613521
1.0
0.545344127441
0.565058796727
1.0
0.545550370647
0.565316060339
1.0
0.545550370647
0.565316060339
1.0
0.545533329542
0.565524128542
1.0
0.545280342359
0.565822265105
1.0
0.545469298543
0.565753842516
1.0
0.545445334937
0.565608227592
1.0
0.545324506125
0.566028015668
1.0
0.545214109067
0.566273033393
1.0
0.545395629356
0.566171924731
1.0
0.54568420013
0.566713462525
1.0
0.545695263269
0.567024799828
1.0
0.545695263269
0.567024799828
1.0
0.545461991302
0.566817315787
1.0
0.54546796822
0.567158404975
1.0
0.545543955241
0.567358455444
1.0
0.545582461891
0.567281897801
1.0
0.545544442367
0.567341886242
1.0
0.545394921837
0.568016215625
1.0
0.545426204977
0.567979483382
1.0
0.545440207044
0.56793137176
1.0
0.545440207044
0.56793137176
1.0
0.545335136034
0.567886752229
1.0
0.545521708164
0.567953902813
1.0
0.545495021588
0.568368862108
1.0
0.54555497003
0.567959052513
1.0
0.545843230181
0.567983212515
1.0
0.545706289519
0.568801797425
1.0
0.545235318591
0.568866044783
1.0
0.545235318591
0.568866044783
1.0
0.545128684089
0.56931295203
1.0
0.545320730366
0.570041412997
1.0
0.545592398896
0.570000254194
1.0
0.545706604465
0.570453931565
1.0
0.545677960998
0.570954169232
1.0
0.545591181757
0.571138203578
1.0
0.545753746911
0.571422843147
1.0
0.545664406728
0.57160434959
1.0
0.545735401799
0.571777214562
1.0
0.545735401799
0.571777214562
1.0
0.545885903927
0.57210825907
1.0
0.545780562568
0.572768482007
1.0
0.546009273964
0.573096034242
1.0
0.546063989488
0.572952423408
1.0
0.545723877867
0.573179037612
1.0
0.545726257452
0.573661386771
1.0
0.545835460967
0.574242712511
1.0
0.545843397695
0.57467456093
1.0
0.545843397695
0.57467456093
1.0
0.54586674875
0.575008133539
1.0
0.545883029711
0.575367748372
1.0
0.545999998767
0.575883977778
1.0
0.546083696226
0.576524731927
1.0
0.546133913268
0.576601291159
1.0
0.54631345482
0.576889999436
1.0
0.54631345482
0.576889999436
1.0
0.546231517312
0.576987486958
1.0
0.546184506589
0.577523894047
1.0
0.546559062963
0.578401144811
1.0
0.546643321988
0.578861789521
1.0
0.54678730192
0.579048456101
1.0
0.546865627521
0.579423046169
1.0
0.54700609777
0.579732038566
1.0
0.54707213591
0.580122070338
1.0
0.546999819707
0.5801800804
1.0
0.547161428113
0.58022419717
1.0
0.547161428113
0.58022419717
1.0
0.547064594946
0.580597390428
1.0
0.547136662812
0.580845553466
1.0
0.547238163371
0.580588507697
1.0
0.547261809033
0.581191909431
1.0
0.547329537209
0.581671247394
1.0
0.547336848495
0.581842346311
1.0
0.547376191995
0.582072535643
1.0
0.547376191995
0.582072535643
1.0
0.547451451145
0.582442615211
1.0
0.547642329689
0.582541073735
1.0
0.547952996479
0.582398297919
1.0
0.547891737028
0.58240812493
1.0
0.547817061823
0.582652812732
1.0
0.547703329129
0.5828566935
1.0
0.54759630968
0.583227815577
1.0
0.547516161826
0.582768162533
1.0
0.54750812341
0.582301134739
1.0
0.54750812341
0.582301134739
1.0
0.547598310444
0.582506817894
1.0
0.547689997661
0.582834249243
1.0
0.547756007101
0.582958144996
1.0
0.547846330297
0.583249330528
1.0
0.547755487546
0.583252948954
1.0
0.547747202371
0.583085315564
1.0
0.54793061544
0.583475598559
1.0
0.547974059064
0.583458829476
1.0
0.547974059064
0.583458829476
1.0
0.547918059752
0.583212343202
1.0
0.547903800752
0.583274074198
1.0
0.547949342783
0.583319140832
1.0
0.547640037898
0.583415051463
1.0
0.547716368758
0.583400840449
1.0
0.548057706601
0.583468162503
1.0
0.548033974488
0.583147857934
1.0
0.548092339169
0.583126392251
1.0
0.548092339169
0.583126392251
1.0
0.54807456574
0.583445862915
1.0
0.548049522695
0.583142685758
1.0
0.547959691231
0.582925290699
1.0
0.548083865878
0.583269942004
1.0
0.548269504336
0.583571316637
1.0
0.548223374432
0.583040568315
1.0
0.548221965061
0.582822276649
1.0
0.548403352261
0.582664732691
1.0
0.548403352261
0.582664732691
1.0
0.548424946986
0.582698511162
1.0
0.548542263276
0.582441904576
1.0
0.548651817958
0.582435247056
1.0
0.548811450751
0.582398901624
1.0
0.548975079798
0.582233306874
1.0
0.548997152719
0.581699606862
1.0
0.548997152719
0.581699606862
1.0
0.548917547124
0.581715808259
1.0
0.548553063776
0.582081418214
1.0
0.549004048185
0.582626216745
1.0
0.549516477402
0.582162317381
1.0
0.548985212909
0.581842162549
1.0
0.548929898821
0.581663059948
1.0
0.549029447413
0.5812585008
1.0
0.549014433138
0.581361593244
1.0
0.54915981343
0.581408805016
1.0
0.54931099302
0.581165044699
1.0
0.54931099302
0.581165044699
1.0
0.549320552854
0.581132154472
1.0
0.549263640234
0.581199230856
1.0
0.549221539363
0.581187198194
1.0
0.549082238554
0.581351855779
1.0
0.549150429065
0.581544793031
1.0
0.54936026794
0.581444492299
1.0
0.549265681491
0.581738270922
1.0
0.549226527702
0.581949621806
1.0
0.549226527702
0.581949621806
1.0
0.549063055881
0.581200199564
1.0
0.549400966355
0.580771963187
1.0
0.549513136915
0.580879421956
1.0
0.549382162032
0.581179787616
1.0
0.549239740973
0.581228085558
1.0
0.549047736913
0.58154591069
1.0
0.549140371544
0.581549129245
1.0
0.549139086566
0.581243611975
1.0
0.549139086566
0.581243611975
1.0
0.54898152924
0.581276464375
1.0
0.549025749277
0.581375737331
1.0
0.548857684921
0.581426964114
1.0
0.548932109833
0.581678424312
1.0
0.549148650075
0.581697058521
1.0
0.549007360382
0.581572523407
1.0
0.548898921632
0.581549258909
1.0
0.549064411821
0.581227991373
1.0
0.549064411821
0.581227991373
1.0
0.549455123517
0.58172430485
1.0
0.549421815833
0.582048614617
1.0
0.549358276845
0.582317839538
1.0
0.549346964032
0.582501520298
1.0
0.549228281779
0.582059922987
1.0
0.54926868118
0.581699674048
1.0
0.549231180979
0.582132136043
1.0
0.549147408787
0.582093164144
1.0
0.549147408787
0.582093164144
1.0
0.548917026161
0.581865880926
1.0
0.548914620118
0.582243952105
1.0
0.5488581914
0.582476173389
1.0
0.548752183393
0.582595114181
1.0
0.548735659629
0.582585501663
1.0
0.54888869768
0.581896328598
1.0
0.54888840096
0.582276321286
1.0
0.548732305393
0.583159528696
1.0
0.548732305393
0.583159528696
1.0
0.54856660567
0.583231743965
1.0
0.548488831998
0.583288658713
1.0
0.548413130944
0.583195104817
1.0
0.548451437328
0.582913747686
1.0
0.548331797095
0.582958767177
1.0
0.548266515342
0.583115438306
1.0
0.548306729361
0.583257778235
1.0
0.548159771881
0.58390310009
1.0
0.548159771881
0.58390310009
1.0
0.548376065649
0.583896319261
1.0
0.548328686328
0.584025791469
1.0
0.548090980013
0.583980442979
1.0
0.54818280669
0.58414144049
1.0
0.547938792586
0.584400331096
1.0
0.547883839918
0.584293060873
1.0
0.547946532872
0.584611494834
1.0
0.547938713917
0.584739998335
1.0
0.547938713917
0.584739998335
1.0
0.547809361229
0.584776312188
1.0
0.547829166789
0.584644969307
