1.0
0.5041051803
0.200623381906
1.0
0.503111954275
0.204995311245
1.0
0.503099409036
0.206451959697
1.0
0.502518463565
0.210189451029
1.0
0.502569253823
0.210202583082
1.0
0.502753746228
0.210871334056
1.0
0.50361404317
0.212212250367
1.0
0.503634279984
0.213647486424
1.0
0.503634279984
0.213647486424
1.0
0.503764460502
0.214688999198
1.0
0.503902218276
0.213588961631
0.99
0.481083721644
0.169536973707
0.99
0.479874037087
0.199070282477
0.889007961861
0.478464245614
0.166531544933
0.889007961861
0.47718661965
0.191255997721
0.889007961861
0.47718661965
0.191255997721
0.930322481936
0.477223455428
0.165362643765
1.0
0.477302877858
0.16510743065
1.0
0.477302877858
0.16510743065
1.0
0.477302877858
0.16510743065
1.0
0.477341635991
0.165630375749
1.0
0.47723692167
0.16489733388
1.0
0.477085209967
0.164491283402
1.0
0.477159073623
0.165624671814
1.0
0.474899803607
0.162846210185
1.0
0.474899803607
0.162846210185
1.0
0.473503833897
0.18032348904
0.99
0.489414182439
0.137756514247
1.0
0.486925875577
0.151737810409
1.0
0.486925875577
0.151737810409
1.0
0.486443948124
0.151084940294
1.0
0.486528540868
0.15268030322
0.856492004989
0.517113010067
0.134443572191
0.856492004989
0.517767901927
0.136207114395
0.838381688724
0.518473271557
0.137298474181
0.838381688724
0.518473271557
0.137298474181
0.838381688724
0.51811263106
0.138184763866
0.915061134034
0.516963907399
0.141971494655
0.915061134034
0.517887349766
0.144232551453
0.936438917554
0.518575141062
0.145698726824
0.936438917554
0.518575141062
0.145698726824
0.854905876586
0.517908927454
0.147729871594
1.0
0.512088361244
0.122081823051
0.957084088795
0.518575565027
0.148263775905
1.0
0.512680509639
0.121388140801
0.94817774203
0.525463195973
0.155186106043
1.0
0.519555937422
0.127871253823
1.0
0.519555937422
0.127871253823
0.99
0.549557296766
0.123613802273
0.99
0.580455795361
0.131040189598
0.99
0.594624410027
0.134737663879
0.99
0.594624410027
0.134737663879
0.99
0.594624410027
0.134737663879
1.0
0.594763302658
0.134127260452
1.0
0.594763302658
0.134127260452
0.99
-5.83810928686
16.4812036791
0.99
-5.8207017599
16.4009353986
0.99
-5.77831512428
16.2684753331
0.99
-5.76238704099
16.2229928734
0.99
-5.76238704099
16.2229928734
0.99
-5.62177259975
15.7998529604
0.991162688993
-1.63902720582
6.02970901743
0.991162688993
-1.63902720582
6.02970901743
0.991162688993
-1.63902720582
6.02970901743
0.991162688993
-1.63902720582
6.02970901743
0.849747386001
0.538341373497
0.158229592031
0.849747386001
0.538827229361
0.15945523951
0.849747386001
0.538827229361
0.15945523951
0.849747386001
0.54129714046
0.161491480373
0.849747386001
0.542511599374
0.162715362848
0.849747386001
0.544810071353
0.166324744373
0.822407790486
0.556873150681
0.189841403038
0.822407790486
0.556873150681
0.189841403038
0.849747386001
0.52563722219
0.135566950825
0.849747386001
0.52563722219
0.135566950825
0.802748559011
0.524725815118
0.163985106423
0.767727281088
0.466024297269
0.0874898737073
0.802748559011
0.503616209817
0.152120280954
0.802748559011
0.503616209817
0.152120280954
0.802748559011
0.503616209817
0.152120280954
0.802748559011
0.503616209817
0.152120280954
0.802748559011
0.503616209817
0.152120280954
0.975313021796
0.505165699872
0.0995837084441
0.991083546154
0.505874547425
0.100320815621
0.991083546154
0.505874547425
0.100320815621
0.978568935578
0.508983937785
0.100023234752
0.754124805752
0.517386830375
0.102733958135
0.991083546154
0.5150480482
0.0764638390368
0.991083546154
0.5150480482
0.0764638390368
0.991083546154
0.514589716107
0.0735812647474
0.732787976601
0.474758562227
0.033380507704
0.732787976601
0.474925105253
0.0384652380338
0.732787976601
0.475312225875
0.0395687277814
0.732787976601
0.475312225875
0.0395687277814
0.732787976601
0.476580433302
0.0393680074405
0.732787976601
0.476732228704
0.0392148390862
0.721238760108
0.473191243199
0.0393036619022
0.721238760108
0.473826759699
0.0379500326767
0.721238760108
0.473826759699
0.0379500326767
0.721238760108
0.474584800915
0.0356237371146
0.721238760108
0.474584800915
0.0356237371146
0.721238760108
0.474584800915
0.0356237371146
0.959410928015
0.509298270352
0.0967524362883
0.961721037557
0.510010577927
0.0972004224848
0.961721037557
0.506483980756
0.12206950902
0.961721037557
0.506483980756
0.12206950902
0.913906630231
0.505148688157
0.125065646184
0.961721037557
0.504003000641
0.129177056158
0.899915594202
0.503996223508
0.132218659967
0.81232125502
0.504136293697
0.134245967125
0.81232125502
0.504136293697
0.134245967125
0.81232125502
0.504136293697
0.134245967125
0.961721037557
0.507234452547
0.177831405299
0.961721037557
0.507409476239
0.177797688684
0.961721037557
0.507409476239
0.177797688684
0.961721037557
0.507969192175
0.178708726175
0.961721037557
0.508118441719
0.179962755336
0.961721037557
0.508118441719
0.179962755336
0.746283282801
0.489539476814
0.212053765381
0.746283282801
0.482655448049
0.257748907822
