1.0
0.565462125714
0.422020249808
1.0
0.565900036638
0.422213415123
1.0
0.566529692031
0.423182098963
1.0
0.566529692031
0.423182098963
0.995775941831
0.566991214987
0.422398519368
0.995775941831
0.567100753879
0.422500998641
0.995775941831
0.567464576784
0.422449269347
1.0
0.56747005831
0.422005945129
1.0
0.567512054606
0.422215000462
1.0
0.567622595887
0.421432565446
1.0
0.567381828996
0.422038231154
1.0
0.567062199961
0.422758789237
1.0
0.566789222561
0.42278480746
1.0
0.566789222561
0.42278480746
1.0
0.566504341164
0.422155189656
1.0
0.56613057025
0.422698934981
1.0
0.565531826433
0.422235207909
1.0
0.564980134188
0.421884714103
1.0
0.564757909471
0.421995786041
1.0
0.564623508759
0.421601088279
1.0
0.564623508759
0.421601088279
1.0
0.563831263674
0.42028532649
0.985953838686
0.563196224731
0.42013957423
0.985953838686
0.562775841844
0.41888161478
0.985953838686
0.56180743392
0.417277867737
0.989594054785
0.560242014899
0.417662473535
1.0
0.558654431634
0.416121628666
1.0
0.558117338514
0.415211507947
1.0
0.557316346093
0.41350626768
1.0
0.556636364422
0.412908710977
1.0
0.556636364422
0.412908710977
1.0
0.555466172829
0.410663901522
1.0
0.554827678686
0.409900431085
0.981479627745
0.553389711329
0.409801722546
0.981479627745
0.551943832601
0.407795871098
0.958458569631
0.551346636813
0.40764017397
0.958458569631
0.551346636813
0.40764017397
0.958458569631
0.550223879045
0.405022597045
0.99
0.542556518839
0.418021507952
0.99
0.539939259102
0.418274039299
0.99
0.539939259102
0.418274039299
0.99
0.530631324629
0.42865743678
0.99
0.524821465907
0.44872958422
0.99
0.514829174134
0.499174626533
0.99
0.50624036962
0.531401453567
0.956788307728
0.508832429476
0.544925587298
0.956788307728
0.509096651045
0.547229225228
0.956788307728
0.508425282347
0.550928256662
0.956788307728
0.505770067844
0.551454267808
1.0
0.502116298533
0.556444599644
