0.99
0.53321381103
0.403963500408
0.99
0.527995139827
0.386665009973
0.99
0.521645370284
0.363067128277
0.99
0.519646017646
0.358849692403
0.99
0.513176113115
0.340419254162
0.921930711965
0.511699733939
0.334706560959
0.921930711965
0.504698275098
0.321919346147
0.99
0.499503655439
0.294926385138
0.99
0.499503655439
0.294926385138
0.99
0.492551415979
0.28578014413
0.99
0.491391426937
0.280847358692
0.99
0.485785008256
0.270011124708
0.99
0.486314655981
0.268606648393
0.99
0.482549537643
0.258836213509
0.99
0.48343801487
0.257666362228
1.0
0.481872967149
0.252302931696
1.0
0.481872967149
0.252302931696
1.0
0.480637655356
0.247435461306
1.0
0.480634166683
0.247773002551
1.0
0.480134882392
0.242937031764
1.0
0.480134882392
0.242937031764
1.0
0.480853864046
0.244977723224
1.0
0.480593228562
0.242336290426
1.0
0.480793402068
0.241324968378
1.0
0.480978929425
0.241548733315
1.0
0.480998511682
0.241423800058
1.0
0.480998511682
0.241423800058
1.0
0.481572148316
0.240221292802
1.0
0.481690806293
0.240273148506
1.0
0.481511995299
0.241194459506
1.0
0.481363742648
0.241764026146
1.0
0.481653625299
0.242185568138
0.958555569395
0.481618750887
0.242873250846
0.958555569395
0.481618750887
0.242873250846
0.958555569395
0.481618750887
0.242873250846
0.958555569395
0.48123770474
0.233884063639
0.988227977519
0.481491892774
0.233105828463
0.981627310773
0.481361653073
0.23249094028
0.95600090373
0.481074596055
0.23255737383
0.936696303313
0.482442000208
0.245370691311
0.932941391571
0.482378982533
0.243896391761
0.932941391571
0.482378982533
0.243896391761
0.881355818116
0.482471692338
0.245422791968
0.949506077303
0.482405551207
0.244217652968
0.943792500423
0.482695478492
0.244570415525
0.935500471109
0.482411904226
0.244785095969
0.949506077303
0.482443004324
0.244366041867
0.950280223128
0.482981354914
0.246216555467
0.926166051642
0.482758920644
0.24651443622
0.926166051642
0.482758920644
0.24651443622
0.926166051642
0.482883998346
0.247247018275
0.920528240383
0.483174816971
0.247372535229
0.920528240383
0.483232277906
0.245837084422
0.925573013614
0.483091899639
0.245100306999
0.925573013614
0.483160470169
0.247214874041
0.875069321775
0.4828316036
0.2485251236
0.875069321775
0.482604326439
0.249033316673
0.90920450541
0.482882212495
0.247474907545
0.90920450541
0.483120992374
0.24821544216
0.90920450541
0.483120992374
0.24821544216
0.89299397247
0.48311505357
0.248429837405
0.89299397247
0.483249095833
0.249341952288
0.891408701648
0.483029200366
0.250809959226
0.891408701648
0.483321441784
0.251563781747
0.866335318667
0.483258843554
0.252173222789
0.866335318667
0.483341144788
0.252132150666
0.897595511522
0.483396481321
0.250318337956
0.897595511522
0.483556457281
0.25100327183
0.897595511522
0.483556457281
0.25100327183
0.864211319628
0.48314816612
0.252475159997
0.864211319628
0.483450787648
0.252485706514
0.843373939312
0.483215042762
0.254190226566
0.843373939312
0.483205090589
0.254080722946
0.836855752763
0.483690851341
0.254436692153
0.836855752763
0.483424195141
0.254800552858
0.808235864403
0.483359352585
0.255291876343
0.808235864403
0.483869612768
0.256122905069
0.808235864403
0.483869612768
0.256122905069
0.827361813146
0.483439833603
0.253588581699
0.827361813146
0.483937443879
0.25393054351
0.84304253355
0.483909059005
0.254549299133
0.84304253355
0.484045585604
0.254423365962
0.848872868921
0.484241947195
0.25633595208
0.848872868921
0.483886899717
0.255416698951
0.79437910224
0.483856319256
0.254947320589
0.79437910224
0.483308155472
0.253341457717
0.79437910224
0.483308155472
0.253341457717
0.751886857658
0.48228443579
0.247895871682
0.751886857658
0.482210957978
0.24664721407
0.80792580283
0.482982403998
0.251365572164
0.80792580283
0.483066920651
0.251731045521
0.805946906684
0.483384128779
0.251339136416
0.805946906684
0.483002520356
0.249197512368
0.815566233503
0.482846375078
0.250759063335
0.815566233503
0.482846375078
0.250759063335
0.815566233503
0.482890219919
0.249790371401
0.828314880308
0.482902040365
0.248371389422
0.828314880308
0.483792450319
0.249774436474
0.806364075253
0.483917636024
0.251648750943
0.806364075253
0.483515026076
0.252338579516
0.806671167186
0.483326648646
0.250952002039
0.806671167186
0.4836013387
0.250487207876
0.791182688531
0.483423546747
0.251038016129
0.791182688531
0.483097584771
0.249034274108
0.791182688531
0.483097584771
0.249034274108
0.817589217276
0.483364819006
0.249393739546
0.817589217276
0.483707859627
0.248104782067
0.72558675558
0.482862455355
0.241308442998
0.72558675558
0.483653092868
0.24226471246
0.798770786179
0.484458260397
0.248379433885
0.798770786179
0.483362266292
0.248708475131
0.800055853418
0.483166250539
0.247701451025
0.800055853418
0.483322992524
0.248448933328
0.800055853418
0.483322992524
0.248448933328
0.792575763262
0.483797075944
0.248808618823
0.792575763262
0.483882040919
0.247800619274
0.786315425272
0.483652543154
0.249258830938
0.786315425272
0.483558798594
0.249553947133
0.804697600585
0.482859207338
0.244866114178
0.802945650787
0.483505244553
0.248894333257
0.802945650787
0.484033046466
0.250734344927
0.802945650787
0.484033046466
0.250734344927
0.78572501093
0.484488151088
0.251012935282
0.783532984024
0.484555619185
0.252914319839
0.783532984024
0.484976731648
0.253742221221
0.77559446865
0.484978408249
0.254945159428
0.77559446865
0.484984510797
0.253876705199
0.782693537024
0.485266810362
0.253459479356
0.782693537024
0.485501789387
0.25379254262
0.774025254855
0.485594256026
0.254120993892
0.774025254855
0.485594256026
0.254120993892
0.774025254855
0.48542944448
0.255517460679
0.751127773963
0.485332346412
0.254892333607
0.751127773963
0.485396270861
0.25626531416
0.755814908185
0.485396445987
0.254811494713
0.755814908185
0.485935940831
0.255096386655
0.764361020186
0.48611383027
0.25697164832
0.764361020186
0.487624453003
0.259594602371
0.761897155159
0.486611900934
0.257251287867
0.761897155159
0.486611900934
0.257251287867
0.761897155159
0.490533134383
0.262513401041
0.760546455876
0.491649893955
0.267548376295
0.760546455876
0.501429342181
0.281853831625
0.752193680974
0.501284139332
0.280646411428
0.752193680974
0.504496247765
0.282403724518
0.751582584922
0.505455087903
0.282628699279
0.751582584922
0.508236817141
0.286291452575
0.776022252256
0.511522446463
0.287672091034
0.776022252256
0.513616182866
0.291924466898
0.776022252256
0.513616182866
0.291924466898
0.746841387432
0.519140313211
0.289981886056
0.746841387432
0.519182834698
0.290174526382
0.749452915498
0.525803996114
0.291836893273
0.749452915498
0.525924012697
0.295422195849
0.850761756583
0.53116325883
0.293927514865
0.850761756583
0.531513151867
0.294762196659
0.796590097489
0.533382881418
0.295498844041
0.796590097489
0.533940705043
0.297523077426
0.796590097489
0.533940705043
0.297523077426
0.832463239954
0.534628937865
0.295607646085
0.832463239954
0.534674082157
0.296386372816
0.819896670544
0.534307537632
0.298505767473
0.819896670544
0.534040568034
0.299282642484
0.819701274002
0.533765527489
0.302488975064
0.819701274002
0.533666082296
0.302411067411
0.823158931538
0.53379434851
0.300938497747
0.823158931538
0.533327119502
0.299715241771
0.823158931538
0.533327119502
0.299715241771
0.831355999912
0.532616400915
0.299715978714
0.831355999912
0.532309345683
0.300411624217
0.854216755917
0.532168443394
0.300583039096
0.854216755917
0.534359969675
0.303245259003
0.842047356797
0.534222314464
0.303011138842
0.842047356797
0.563945574488
0.351178764143
0.842047356797
0.563945574488
0.351178764143
0.829891947849
0.56407181111
0.351172751419
0.856089006357
0.563980151789
0.349961091008
0.856089006357
0.575384994309
0.355253759042
0.842419717946
0.57674837561
0.356719549995
0.818164278534
0.581957069884
0.358310855199
0.817348016706
0.591163579451
0.353108182416
0.817348016706
0.591163579451
0.353108182416
0.817348016706
0.590956736443
0.354402611577
0.755593639632
0.601637702679
0.34262151323
0.755593639632
0.60187299968
0.342497936675
0.828594052858
0.609562526288
0.340042723576
0.828594052858
0.609204141023
0.340726110385
0.969021108891
0.614673627672
0.330355489387
0.969021108891
0.614469993074
0.329811122603
0.935116653421
0.614793742343
0.331522538968
0.935116653421
0.614793742343
0.331522538968
0.935116653421
0.614763156834
0.330696122258
0.888237151632
0.614536078824
0.33298302799
0.888237151632
0.614509972808
0.334301610833
0.913405881531
0.613971302142
0.337422105347
0.913405881531
0.613818617658
0.338563810041
0.918377395157
0.613586047885
0.338701322479
0.918377395157
0.613311026803
0.337796934226
0.89498394814
0.612900151089
0.34009182573
0.89498394814
0.612900151089
0.34009182573
0.89498394814
0.61279630445
0.340012112941
0.880855209999
0.61264056797
0.340325079788
0.880855209999
0.612335000675
0.341339831591
0.928630257765
0.611835079823
0.342649089334
0.928630257765
0.611588242837
0.34284210484
0.91085631407
0.611569496783
0.343058220844
0.91085631407
0.611569496783
0.343058220844
0.91085631407
0.612577311406
0.343110178615
0.933192914277
0.61220029399
0.344545823676
0.933192914277
0.614697579469
0.344385094735
0.872102961379
0.614820358359
0.342774285569
0.764699766188
0.619904480686
0.318371016362
0.764699766188
0.619745967515
0.319121833272
0.866047509724
0.643543642343
0.342015399265
0.888590868997
0.643368357438
0.342688505134
0.888590868997
0.646916513437
0.346473104434
0.833722944451
0.648937334284
0.342987474371
0.833722944451
0.648937334284
0.342987474371
0.833722944451
0.645322155337
0.339622587637
0.853614099111
0.65675116894
0.30487590464
0.916665707732
0.665582772614
0.287775311512
0.960008378333
0.671992741532
0.280456298903
0.960008378333
0.672430452498
0.281577579055
1.0
0.674294224215
0.279087570061
1.0
0.673453406646
0.281227529704
1.0
0.673012444267
0.281981166841
1.0
0.673012444267
0.281981166841
1.0
0.671663207672
0.281416314851
1.0
0.670973539989
0.28311223567
1.0
0.66969841661
0.281263209787
1.0
0.66944360173
0.28108615573
1.0
0.668351106934
0.279664651254
1.0
0.667555398232
0.281123027406
1.0
0.667555398232
0.281123027406
1.0
0.666385505022
0.279669599437
1.0
0.665542311719
0.280227570604
1.0
0.664481646509
0.279816001476
1.0
0.663846333118
0.282332295613
1.0
0.663064713221
0.282930779258
1.0
0.662331446623
0.283904493738
1.0
0.661607048753
0.283929487186
1.0
0.660655912434
0.285242642333
1.0
0.659891835452
0.28522385625
1.0
0.658970091779
0.287472727021
1.0
0.658970091779
0.287472727021
1.0
0.657621736934
0.286391849103
1.0
0.656997496492
0.289659335801
1.0
0.656193709319
0.289376807174
1.0
0.655100884226
0.290420490667
1.0
0.654158174531
0.291739387451
1.0
0.653714912881
0.292138747318
1.0
0.649456529887
0.289922745952
1.0
0.649456529887
0.289922745952
1.0
0.648475778211
0.292876545249
0.99
0.622340878271
0.30112301996
0.989093341452
0.621673089847
0.30295181615
0.937169147293
0.620220251562
0.305410768823
0.937169147293
0.606491431841
0.282920475676
0.92490256258
0.605064836751
0.276630345376
0.92490256258
0.605064836751
0.276630345376
0.92490256258
0.598749069876
0.283489958793
0.797294665255
0.577723981862
0.319742486436
0.797294665255
0.577395932368
0.321061600435
0.939311253968
0.533937338023
0.39927567671
0.939311253968
0.534984767627
0.401729086568
0.939311253968
0.535718744217
0.401299254863
0.964775420548
0.525618284203
0.41888941953
0.964775420548
0.526223851065
0.421779094481
0.95765851566
0.525857082075
0.422712885421
0.95765851566
0.525857082075
0.422712885421
0.95765851566
0.525810009446
0.422820361631
1.0
0.52688584814
0.422538608942
1.0
0.527544382063
0.424380831679
1.0
0.529282234078
0.423553937866
1.0
0.528860538977
0.422502455345
1.0
0.529451135533
0.422841668867
1.0
0.529874410446
0.424555183256
1.0
0.529874410446
0.424555183256
1.0
0.530050512746
0.425683208964
1.0
0.52998053299
0.42666926428
1.0
0.53020463317
0.427847028055
1.0
0.530244248361
0.42760903969
1.0
0.530735059251
0.429253805866
1.0
0.530776675615
0.430396359378
1.0
0.531169367722
0.431306599395
1.0
0.531638705258
0.433298283619
1.0
0.531687297558
0.434443558028
1.0
0.531592987801
0.436098644513
1.0
0.531592987801
0.436098644513
1.0
0.531992432877
0.437558114413
1.0
0.53222147837
0.438955925493
1.0
0.532437247706
0.439944801086
1.0
0.532684541294
0.441750366333
1.0
0.532831807415
0.443048899599
1.0
0.532987356131
0.444753381548
1.0
0.533456460653
0.445313168126
1.0
0.533456460653
0.445313168126
1.0
0.532628382143
0.446066620077
1.0
0.533059641779
0.446878692491
1.0
0.528301665653
0.443661150831
1.0
0.528506715249
0.445284650502
0.936756643669
0.525278673962
0.444449425584
0.936756643669
0.525356241594
0.44642709787
0.94008490755
0.519832241622
0.443329956715
0.94008490755
0.519515629258
0.445007293144
0.94008490755
0.519515629258
0.445007293144
1.0
0.517572775643
0.44628019192
1.0
0.513953158755
0.449572341065
1.0
0.512588088652
0.450314245746
