1.0
0.468877128234
0.492772246272
1.0
0.468845389104
0.49299094959
1.0
0.46855984549
0.492467678122
1.0
0.468694893373
0.492382322939
1.0
0.468512298606
0.492726640916
1.0
0.468498191633
0.492917509649
1.0
0.468952589314
0.493001285822
1.0
0.468819074791
0.493052167801
1.0
0.468565522892
0.493215019705
1.0
0.468511620061
0.493443807662
1.0
0.468511620061
0.493443807662
1.0
0.468856847058
0.493299709348
1.0
0.468998357453
0.493094886778
1.0
0.469239098676
0.493362604688
1.0
0.469295413299
0.493240555886
1.0
0.469050024887
0.493350976044
1.0
0.468985356257
0.493590369967
1.0
0.469444812947
0.493885558306
1.0
0.469444812947
0.493885558306
1.0
0.469517004737
0.493789470748
1.0
0.469485501692
0.493735803759
1.0
0.469625306353
0.494290323268
1.0
0.469623197947
0.494390582446
1.0
0.46950031732
0.494188754215
1.0
0.469006517875
0.493612746789
1.0
0.468967637376
0.493388809239
1.0
0.469351773596
0.493552096287
1.0
0.469351773596
0.493552096287
1.0
0.469303160197
0.49353281244
1.0
0.469743949269
0.493995392089
1.0
0.470037710118
0.493771022179
1.0
0.469749171154
0.493720809115
1.0
0.469713392695
0.493703877376
1.0
0.46983328533
0.494124722865
1.0
0.469798615159
0.49459663439
1.0
0.469944625657
0.494204298513
1.0
0.469909555356
0.494056349344
1.0
0.469909555356
0.494056349344
1.0
0.469736407662
0.494175363392
1.0
0.469626371867
0.493884730634
1.0
0.469580211555
0.493670505126
1.0
0.469588762746
0.493478216004
1.0
0.469735007323
0.494115485707
1.0
0.469850979749
0.494480461747
1.0
0.469659584872
0.493774228137
1.0
0.469659584872
0.493774228137
1.0
0.469591682362
0.493714714348
1.0
0.469603305929
0.494073698017
1.0
0.469490828326
0.494547247741
1.0
0.469742973079
0.494623732609
1.0
0.469889350791
0.49492665955
1.0
0.469621414915
0.494924723313
1.0
0.4694145336
0.494270356743
1.0
0.469166212971
0.494363485912
1.0
0.46915375958
0.494574154659
1.0
0.46915375958
0.494574154659
1.0
0.46979180961
0.494679861257
1.0
0.469863252799
0.49465486043
1.0
0.471417041331
0.49281233906
1.0
0.471297207342
0.493273369786
1.0
0.475431148855
0.488458826837
1.0
0.475536734556
0.488830807202
1.0
0.47861243399
0.481565506082
1.0
0.478358812734
0.481815508861
1.0
0.478358812734
0.481815508861
1.0
0.479841796256
0.471946918578
1.0
0.480013658283
0.470878188914
1.0
0.479560065405
0.460639915353
1.0
0.480990246234
0.453901668401
1.0
0.48006391081
0.443967089054
1.0
0.481992445103
0.433113035976
1.0
0.482955147194
0.426800913105
1.0
0.482955147194
0.426800913105
1.0
0.484605705737
0.416187072251
1.0
0.484986652455
0.413072229054
1.0
0.485708256719
0.405149876749
1.0
0.486475574795
0.405683457697
0.99
0.487930659259
0.385619532837
0.99
0.488255265462
0.386254210895
1.0
0.489052333095
0.377306851028
1.0
0.488586802929
0.377851257711
1.0
0.489132686629
0.371202708368
1.0
0.489132686629
0.371202708368
1.0
0.48957728815
0.371790924137
1.0
0.489597066832
0.370982212017
1.0
0.490463890886
0.370929299608
1.0
0.490260943655
0.370580940519
1.0
0.490811212829
0.37103126545
1.0
0.490539216941
0.371788181165
1.0
0.490405550774
0.371815771133
1.0
0.490405550774
0.371815771133
1.0
0.490455105998
0.371643289087
1.0
0.490427190467
0.372298391852
1.0
0.490339592779
0.373010872413
1.0
0.490386510448
0.37392224403
1.0
0.490405057652
0.374011813419
1.0
0.490785357636
0.374091359921
1.0
0.490803817135
0.374011970041
1.0
0.490999646935
0.374510499516
1.0
0.49104801251
0.374527635831
1.0
0.49104801251
0.374527635831
1.0
0.491269133892
0.375045239704
1.0
0.491137870648
0.375958839768
1.0
0.491208806786
0.375641856642
1.0
0.491171020784
0.375834276994
1.0
0.491426907505
0.376781018038
1.0
0.491336894248
0.377510667978
1.0
0.491655439685
0.378070168158
1.0
0.491420891252
0.379061100849
1.0
0.491420891252
0.379061100849
1.0
0.492227531225
0.379961122757
1.0
0.492168271483
0.379467645946
1.0
0.491894040779
0.379974758013
1.0
0.491813165132
0.380690510046
1.0
0.492070368763
0.380990147961
1.0
0.492047119869
0.381753525807
1.0
0.492975921974
0.382378361199
1.0
0.492975921974
0.382378361199
1.0
0.492847599704
0.382718523438
1.0
0.492867120967
0.383381543418
1.0
0.492947903814
0.383445091651
1.0
0.493553769697
0.384640173188
1.0
0.493592675467
0.385261690036
1.0
0.493798151398
0.385575914484
1.0
0.493521757601
0.386232657236
1.0
0.493751140424
0.386816170663
1.0
0.493814332694
0.387153131982
1.0
0.493814332694
0.387153131982
1.0
0.492802456617
0.386343670993
1.0
0.492688366516
0.387030134994
1.0
0.482476028889
0.381299073757
1.0
0.48272611514
0.381348207228
0.99
0.464926519991
0.372282633814
0.99
0.464712753534
0.372590954174
0.99
0.446530434116
0.362026279353
0.99
0.446530434116
0.362026279353
0.99
0.446310934239
0.3624350604
0.982420624492
0.440318835912
0.360554267315
0.982420624492
0.437622659982
0.367342536655
1.0
0.43258628915
0.36927930694
0.99
0.42524887771
0.386765316327
0.99
0.424893859582
0.38869935299
0.99
0.418570126325
0.40460184932
0.99
0.418750619713
0.403965729093
0.99
0.418750619713
0.403965729093
0.99
0.413657526422
0.415631284265
0.99
0.41347297233
0.415232898889
1.0
0.41247893871
0.419589594065
0.960377804285
0.412927143281
0.419418247786
0.960377804285
0.41322305082
0.4210107393
0.972574610951
0.413980733516
0.421685897916
0.972574610951
0.414089790352
0.422054900491
1.0
0.413285805007
0.422586649015
1.0
0.413285805007
0.422586649015
1.0
0.413459589673
0.422333833222
0.983867478637
0.413934443657
0.42222344652
0.983867478637
0.413837168123
0.422471253375
1.0
0.413117406088
0.422713042065
1.0
0.413311262609
0.422508455133
1.0
0.413336946281
0.422797652134
1.0
0.413286210381
0.423491116364
1.0
0.413741008531
0.423891360688
1.0
0.413741008531
0.423891360688
1.0
0.41387542706
0.423324177682
1.0
0.413655361818
0.422793915754
1.0
0.413678203364
0.423371683832
1.0
0.41396557059
0.423433708486
1.0
0.414018269836
0.423419764488
0.961434570951
0.414123869693
0.423582645579
0.961434570951
0.414071174088
0.423889595821
1.0
0.413323638665
0.423742410425
1.0
0.413323638665
0.423742410425
1.0
0.413365518127
0.42334859026
1.0
0.413566379118
0.423603434029
1.0
0.413493198931
0.423878619459
1.0
0.413517969513
0.424177112074
1.0
0.413620989265
0.423764379289
1.0
0.413931515989
0.423677327605
1.0
0.413904535318
0.424337014099
1.0
0.413976107809
0.424472937778
1.0
0.413976107809
0.424472937778
1.0
0.414069022856
0.423802878844
1.0
0.413768647701
0.423428767111
0.999919602251
0.413805536513
0.423582287397
0.999919602251
0.413600112127
0.423300423745
1.0
0.413509984963
0.42348972323
1.0
0.413499231883
0.423800636805
0.986696391288
0.413559957492
0.423852326771
0.986696391288
0.413559957492
0.423852326771
0.986696391288
0.413708270982
0.424174029985
0.995249763477
0.413838312286
0.424204713321
1.0
0.413849891177
0.424339242148
1.0
0.413670345442
0.424138017932
1.0
0.413200393477
0.423942175283
1.0
0.413344083479
0.423890113895
1.0
0.413838131241
0.424337897915
1.0
0.413806555853
0.424789939828
1.0
0.413677684867
0.42475493318
1.0
0.413677684867
0.42475493318
1.0
0.413700261988
0.424791078934
1.0
0.413050721879
0.424800877995
0.9567406668
0.41313064244
0.424846288522
0.9567406668
0.413724053318
0.424820283889
1.0
0.413763199475
0.424923433461
1.0
0.413955055306
0.425114417114
0.999517405527
0.413818636138
0.424990582524
0.999517405527
0.413606204629
0.425675489249
0.999517405527
0.413606204629
0.425675489249
0.987002111561
0.413636731303
0.426073743702
0.977192575076
0.416769139226
0.427453167552
0.977192575076
0.416737803068
0.428263139681
0.99
0.432171109838
0.435778958748
0.99
0.432329616316
0.43606254931
0.99
0.456470184608
0.446646903211
0.99
0.456469579608
0.446537291849
0.99
0.456469579608
0.446537291849
0.99
0.475805651106
0.454016212391
0.99
0.475850878136
0.454144450889
1.0
0.479694496623
0.456326030867
1.0
0.481940665375
0.452340581881
1.0
0.48237893083
0.45251663255
0.99
0.489142084134
0.439207992082
0.99
0.490164035716
0.440150779315
0.99
0.498434764408
0.421964826417
0.99
0.499128281478
0.422541316679
0.99
0.499128281478
0.422541316679
0.99
0.507293954524
0.405855532058
0.99
0.507881830856
0.406954230518
1.0
0.510342221753
0.402559779532
1.0
0.51051850519
0.402745573811
1.0
0.51072876644
0.403380470282
1.0
0.510741981508
0.40365779073
1.0
0.51070922529
0.403073008451
1.0
0.510695684454
0.403600183541
1.0
0.510695684454
0.403600183541
1.0
0.510508112019
0.403580294558
1.0
0.51038335042
0.403616296654
1.0
0.510569327388
0.403864401839
1.0
0.510730991004
0.404437570318
1.0
0.510891098381
0.405008143247
1.0
0.511176409669
0.405361990478
1.0
0.511132981806
0.405828045933
1.0
0.511142241665
0.406700556123
1.0
0.511142241665
0.406700556123
1.0
0.511197444964
0.40722405061
1.0
0.511250675397
0.408319434462
1.0
0.511419740279
0.408403694765
1.0
0.511487030556
0.409392946272
1.0
0.511617292411
0.409602967861
1.0
0.511370285879
0.409947361573
1.0
0.511359400155
0.410477425091
1.0
0.511994978219
0.410825274434
1.0
0.511994978219
0.410825274434
1.0
0.512039401153
0.411724415803
1.0
0.511840769642
0.412409033283
1.0
0.511855282325
0.412453290656
1.0
0.511934888434
0.413309515954
1.0
0.51215578378
0.414274980155
1.0
0.512939323628
0.415685936762
1.0
0.512840628309
0.416336883115
1.0
0.51221633543
0.416446234954
1.0
0.51221633543
0.416446234954
1.0
0.51244538317
0.417028732693
1.0
0.512387590896
0.417647542471
1.0
0.512450905079
0.418038654472
1.0
0.512732562528
0.419019000815
1.0
0.512528724646
0.420151529493
1.0
0.512573664677
0.421164618882
1.0
0.512786322316
0.421876686413
1.0
0.512699286886
0.422557252004
1.0
0.512699286886
0.422557252004
1.0
0.512592715181
0.42409959988
1.0
0.512848386173
0.425072503673
1.0
0.51272200706
0.425455518436
1.0
0.512826850484
0.426933784165
1.0
0.51281803185
0.427899617021
1.0
0.5133162197
0.429646128142
1.0
0.513374784256
0.430363458615
1.0
0.513265901625
0.430865029645
1.0
0.513265901625
0.430865029645
1.0
0.513399220892
0.431716510625
1.0
0.513480175961
0.432882846885
1.0
0.513425862427
0.434038061942
1.0
0.513511152673
0.435056667817
1.0
0.513530396155
0.43631871193
1.0
0.513585113107
0.43679788784
1.0
0.513451957066
0.437538248735
1.0
0.513614238123
0.438657510511
1.0
0.513614238123
0.438657510511
1.0
0.513669341106
0.439891690113
1.0
0.513367317243
0.441057124472
1.0
0.513348766307
0.442239749527
1.0
0.505042225839
0.439732090297
1.0
0.504955320572
0.441196673795
0.99
0.488653587513
0.434501170612
0.99
0.488726687989
0.435341561715
0.99
0.488726687989
0.435341561715
0.974058598482
0.471619771672
0.430891841214
0.974058598482
0.471474702781
0.43248898378
0.99
0.454505770169
0.427850565243
0.99
0.452537564555
0.431689181938
0.961920085632
0.448688353177
0.432431978898
