0.844603558507
0.545748041816
0.356967263195
0.845393658654
0.552214179693
0.391830886297
0.823642837575
0.52949114454
0.372094070923
0.845393658654
0.54075519837
0.38083357811
0.845393658654
0.54075519837
0.38083357811
0.845393658654
0.54075519837
0.38083357811
0.845393658654
0.53986966565
0.44875707194
0.868293346131
0.54043980408
0.445105276485
0.868293346131
0.54043980408
0.445105276485
0.899022242087
0.5407468639
0.446998936348
0.941833889434
0.541293734111
0.446046963053
0.96389100833
0.54210778338
0.444666969413
0.984385307084
0.542890837399
0.4446201185
0.984385307084
0.542890837399
0.4446201185
1.0
0.543032842862
0.4445449736
1.0
0.543760610456
0.446055378731
1.0
0.576777943195
0.432630998695
1.0
0.577075497272
0.431863858388
1.0
0.577173280687
0.430852274182
1.0
0.577173280687
0.430852274182
1.0
0.577414425139
0.430884653243
1.0
0.577946025821
0.429622696011
1.0
0.578240685371
0.428675921563
1.0
0.578653278999
0.427182774598
1.0
0.579099570228
0.42643669456
1.0
0.579009932798
0.425478163064
1.0
0.57926609839
0.424581256007
1.0
0.579899075126
0.425068144025
1.0
0.579899075126
0.425068144025
1.0
0.580317136082
0.423117774722
1.0
0.586544693993
0.430493539116
1.0
0.586957020347
0.42942691646
1.0
0.587828416476
0.430998797664
1.0
0.588095175676
0.430201811866
1.0
0.588947730222
0.431358948802
1.0
0.589456938884
0.429857341138
1.0
0.589788842865
0.430774497247
1.0
0.590053111892
0.430378815883
1.0
0.590053111892
0.430378815883
1.0
0.590235545494
0.430363211367
1.0
0.590389223849
0.430756290498
1.0
0.590823485962
0.43236396236
1.0
0.591218414393
0.432035679339
1.0
0.591125999466
0.432062665353
1.0
0.591360389252
0.43248728758
0.976103612992
0.591496900261
0.432700728808
0.976103612992
0.591722966136
0.433158265993
0.976103612992
0.591722966136
0.433158265993
1.0
0.591964319128
0.433908743429
1.0
0.592217750192
0.433670308456
1.0
0.591886976086
0.433716974006
1.0
0.591993369147
0.433668097039
1.0
0.591933183515
0.433764516267
1.0
0.592037264743
0.43431900892
1.0
0.592340011541
0.435200654315
1.0
0.592343825772
0.435825361914
