1.0
0.524372426458
0.635072852223
1.0
0.524372426458
0.635072852223
1.0
0.524315514106
0.635438208463
1.0
0.524150913405
0.635846961866
1.0
0.524445205327
0.635812286007
1.0
0.524477512619
0.635878894692
1.0
0.52471168903
0.636155914544
1.0
0.52471168903
0.636155914544
1.0
0.524651686187
0.63631567541
1.0
0.524674417378
0.636301488696
1.0
0.524582431041
0.636422442501
1.0
0.524737229912
0.636602835004
1.0
0.524519420984
0.636989088973
1.0
0.524870459801
0.637544747248
1.0
0.524949729908
0.637593020586
1.0
0.524949729908
0.637593020586
1.0
0.524852418812
0.637817808665
1.0
0.52533121394
0.638497006577
1.0
0.525160613379
0.638710729218
1.0
0.525283893596
0.638902131589
1.0
0.525172962174
0.639148264517
1.0
0.525441638625
0.639455949258
1.0
0.525411745522
0.639704072347
1.0
0.525654535804
0.639812251461
1.0
0.525795350639
0.639573334479
1.0
0.525958720231
0.639342716128
1.0
0.52578316091
0.639650748096
1.0
0.52578316091
0.639650748096
1.0
0.526003001883
0.639929187775
1.0
0.525981119909
0.639980477288
1.0
0.526174701093
0.64024773232
1.0
0.526178343893
0.640025005775
1.0
0.526208379894
0.640258691311
1.0
0.526066794729
0.640591064809
1.0
0.526420550681
0.640653735932
1.0
0.526420550681
0.640653735932
1.0
0.526410180778
0.64056652781
1.0
0.526704731564
0.640779039917
1.0
0.526698058297
0.64081260987
1.0
0.526775816966
0.641085421619
0.972061975953
0.526813903543
0.640799857754
0.972061975953
0.52688813701
0.640733090132
0.972061975953
0.52688813701
0.640733090132
1.0
0.526779584278
0.640909587703
1.0
0.526852214797
0.641023307458
1.0
0.526876841504
0.640842397208
1.0
0.526913450375
0.640846783029
1.0
0.526759260356
0.641051149746
1.0
0.526855530684
0.641242551579
1.0
0.526849106125
0.641034648426
1.0
0.526775259249
0.640969340699
1.0
0.526804113674
0.641084484701
1.0
0.526626475536
0.641245933341
1.0
0.526626475536
0.641245933341
1.0
0.52690131923
0.641119946132
1.0
0.526937645071
0.641067545633
1.0
0.526882239379
0.641013317377
1.0
0.526872949138
0.64112229441
1.0
0.526997444475
0.641347962873
1.0
0.5268950631
0.641513129148
