1.0
0.416531629867
0.585086019238
1.0
0.416517283925
0.585285252526
1.0
0.422820998089
0.587462983651
1.0
0.422868655587
0.587410755308
1.0
0.523709196365
0.628474339672
1.0
0.523709196365
0.628474339672
1.0
0.523631759723
0.628593120806
1.0
0.523744358336
0.62800149468
1.0
0.528090601024
0.615681763771
0.99
0.538476663144
0.589575386407
0.99
0.536932187029
0.587145758594
0.99
0.546906303888
0.564730482486
0.99
0.544837568955
0.561081232882
1.0
0.548369387186
0.551127652918
1.0
0.548369387186
0.551127652918
1.0
0.548996070367
0.551658047197
1.0
0.550462922501
0.546844641121
1.0
0.549367034276
0.548613406424
1.0
0.54853008029
0.548874492072
1.0
0.548474707562
0.54771406603
1.0
0.548294449754
0.547571114064
1.0
0.548303961068
0.545648749654
1.0
0.548303961068
0.545648749654
1.0
0.548462427428
0.546556042704
1.0
0.547482543753
0.548100791113
1.0
0.547628826437
0.548150482387
1.0
0.547749917778
0.548052540489
1.0
0.547749917778
0.548052540489
1.0
0.547422595785
0.549187931213
1.0
0.548424172521
0.550601345534
1.0
0.548620450476
0.549737521555
1.0
0.54831428683
0.550914458726
1.0
0.548307584083
0.551401882796
1.0
0.54871131147
0.55149614241
1.0
0.548652720275
0.551522621377
1.0
0.547859514663
0.550672249293
1.0
0.547630759732
0.551602332648
1.0
0.547630759732
0.551602332648
1.0
0.547570648025
0.552655959551
1.0
0.547485331148
0.552997398727
1.0
0.547459216242
0.552681295584
1.0
0.547549240606
0.55316954686
1.0
0.547549240606
0.55316954686
1.0
0.547530155983
0.552958373322
1.0
0.545743678408
0.555869660245
1.0
0.545958377135
0.5555226968
1.0
0.535165506598
0.576543224973
1.0
0.534933192488
0.576711569815
1.0
0.534754287488
0.578654406411
1.0
0.535709601164
0.591205539136
1.0
0.533106125323
0.604736508653
1.0
0.533106125323
0.604736508653
1.0
0.530387829852
0.607273035443
1.0
0.528500785613
0.623306319361
1.0
0.52922744951
0.622440327647
1.0
0.530453753994
0.63130760093
1.0
0.530662701447
0.632872553001
1.0
0.532202330989
0.634455723994
1.0
0.531634119011
0.632415736354
1.0
0.53236713593
0.630844448298
1.0
0.532257045033
0.632746239022
1.0
0.532257045033
0.632746239022
1.0
0.532284333273
0.632087017703
1.0
0.532577349413
0.631965955149
1.0
0.5325330692
0.632012692627
1.0
0.533041175456
0.633010238415
1.0
0.532900691449
0.633126996997
1.0
0.533227288775
0.632075845168
1.0
0.533490348054
0.632340836555
1.0
0.533490348054
0.632340836555
1.0
0.533693664045
0.631840394188
1.0
0.533583202875
0.63173956979
1.0
0.533547948848
0.632312410236
1.0
0.533675677055
0.632406986652
1.0
0.533339824106
0.632975663172
1.0
0.533290631234
0.632912674709
1.0
0.533333352846
0.633100848758
1.0
0.533432625935
0.632824117046
1.0
0.533197404047
0.633864299887
1.0
0.533197404047
0.633864299887
1.0
0.533009820061
0.63388720492
1.0
0.533072897034
0.632545189543
1.0
0.533127711628
0.632536145527
1.0
0.533517160764
0.631220415303
1.0
0.53357104339
0.631202355198
1.0
0.529655274228
0.628289883859
1.0
0.52958961173
0.628101964174
1.0
0.52958961173
0.628101964174
1.0
0.484020848214
0.595640670499
1.0
0.484030706889
0.595475259394
1.0
0.483756565209
0.595762136379
1.0
0.480198114255
0.599339380028
1.0
0.47476695898
0.596851156296
1.0
0.47476695898
0.596851156296
0.99
0.468421923533
0.607606290144
0.99
0.469349109715
0.609584476187
1.0
0.466630766217
0.618088787661
1.0
0.467951859228
0.617055745093
1.0
0.46729445273
0.619334697696
1.0
0.466722784922
0.619089850772
1.0
0.466954050161
0.618285882292
1.0
0.465926877513
0.617600421486
1.0
0.466400871191
0.616720090561
1.0
0.466519826589
0.617141382927
1.0
0.466519826589
0.617141382927
1.0
0.466411066886
0.617525036746
1.0
0.465743241878
0.61708330806
1.0
0.465533382866
0.617566686714
1.0
0.465971726034
0.617954948903
1.0
0.465971145939
0.6178018061
1.0
0.466802976112
0.617056152879
1.0
0.466696376466
0.617609264108
1.0
0.466696376466
0.617609264108
1.0
0.465083280766
0.615758825823
1.0
0.465194073699
0.615031152865
1.0
0.466360608883
0.618249645253
1.0
0.466348889676
0.618504269473
1.0
0.46629352697
0.618884750316
1.0
0.466214643946
0.618762155507
1.0
0.466853413838
0.618762466913
1.0
0.466877467807
0.618937103132
1.0
0.466877467807
0.618937103132
1.0
0.466570446649
0.618289418773
1.0
0.46662821479
0.617712505715
1.0
0.464750432018
0.624564329528
1.0
0.464749556182
0.62484858638
1.0
0.463109812221
0.643877659378
1.0
0.463057985995
0.643886971508
1.0
0.459386438604
0.656856322874
1.0
0.459185176927
0.65891016262
1.0
0.458559509406
0.661083373852
1.0
0.458559509406
0.661083373852
1.0
0.457767124619
0.676084713642
1.0
0.456402867802
0.673203396234
1.0
0.456261731727
0.68771449692
1.0
0.455618211351
0.687641603488
1.0
0.456185613879
0.692112271568
1.0
0.458048608641
0.692561396075
1.0
0.458497404062
0.693375200878
1.0
0.458497404062
0.693375200878
1.0
0.457285781412
0.692581997643
1.0
0.457273325194
0.690660941656
1.0
0.457167803509
0.69102288941
1.0
0.457039463588
0.690765678021
1.0
0.45719280363
0.691078604098
1.0
0.457236085393
0.690922693776
1.0
0.457180807181
0.691446813088
1.0
0.457231214895
0.692214517883
1.0
0.456848766903
0.691470200193
1.0
0.456848766903
0.691470200193
1.0
0.456956936622
0.691714587394
1.0
0.457008713905
0.692931410695
1.0
0.456932934112
0.692560901593
1.0
0.456764556936
0.689852158698
1.0
0.456645975311
0.689978979961
1.0
0.457923037362
0.691716080267
1.0
0.457971078128
0.691760418613
1.0
0.457971078128
0.691760418613
1.0
0.457273986719
0.691227419632
1.0
0.457144878782
0.69143370233
1.0
0.466706927423
0.697692194591
1.0
0.466647659969
0.697575224167
0.602647813114
0.48315729496
0.705763105905
0.602647813114
0.483176517977
0.705618125388
1.0
0.551985687294
0.757931841035
1.0
0.551985687294
0.757931841035
1.0
0.552049178377
0.758437032618
