1.0
0.492836516295
0.582922575076
1.0
0.493143730988
0.583174302815
1.0
0.49325454871
0.583380935002
1.0
0.493043050779
0.582409249169
1.0
0.492800718942
0.582380377918
1.0
0.492786604584
0.583936728471
1.0
0.492622841075
0.584279742015
1.0
0.491972842062
0.58345512521
1.0
0.491555035208
0.583587076834
1.0
0.491555035208
0.583587076834
1.0
0.492018141754
0.584513515154
1.0
0.491952652436
0.584864771033
1.0
0.492121064055
0.585099406536
1.0
0.492273859915
0.5852408739
1.0
0.492178435114
0.585508499272
1.0
0.49186814204
0.585356579735
1.0
0.491956338411
0.586060895175
1.0
0.492351751131
0.586909885966
1.0
0.492351751131
0.586909885966
1.0
0.492479324467
0.587968753666
1.0
0.492664854191
0.588335141386
1.0
0.492046115139
0.587600792196
1.0
0.492121693209
0.588357965478
0.997961287062
0.492098246202
0.587645690948
0.997961287062
0.491942355839
0.5880116294
1.0
0.492302381315
0.587853072785
1.0
0.492594337407
0.58805133972
1.0
0.492594337407
0.58805133972
1.0
0.492810455391
0.588372845133
1.0
0.49263469432
0.588685814217
1.0
0.492605110506
0.589576661475
1.0
0.492423512708
0.589907834941
1.0
0.493008948166
0.590374070874
1.0
0.493381840864
0.590505362709
1.0
0.492871531898
0.591373508924
1.0
0.492871531898
0.591373508924
1.0
0.492838803233
0.59176764021
1.0
0.493224853779
0.593069603381
1.0
0.493308370473
0.593177193847
0.987540192659
0.492947104967
0.590754202412
0.987540192659
0.492889247567
0.590793817446
1.0
0.493461110252
0.591806791699
1.0
0.493318581394
0.591879307509
1.0
0.492915114166
0.590816200113
1.0
0.493274921658
0.591016685569
1.0
0.493274921658
0.591016685569
1.0
0.493226157829
0.591636806561
1.0
0.493125897774
0.591999685576
0.985622737174
0.492468372517
0.590827172785
0.985622737174
0.492468850525
0.591104781361
0.997624999459
0.492717349323
0.592131314743
0.997624999459
0.493349063536
0.591859348915
1.0
0.493700100203
0.592913270682
1.0
0.492749815257
0.593200741541
1.0
0.492749815257
0.593200741541
1.0
0.49331630855
0.593601875424
1.0
0.493625382168
0.593542220157
1.0
0.493717100067
0.593134422455
1.0
0.493701591382
0.593106823099
1.0
0.493676699303
0.592376632661
1.0
0.493881004308
0.592113762515
1.0
0.493652712529
0.592793041561
1.0
0.493975820708
0.593007047308
1.0
0.493975820708
0.593007047308
1.0
0.494148411534
0.59344578117
1.0
0.493901779117
0.593426496125
0.894747607656
0.493251681658
0.59181549057
0.894747607656
0.492906395219
0.592084307296
0.863417462118
0.491568362672
0.592424994492
0.863417462118
0.492280435613
0.592471346765
1.0
0.493593952328
0.592967870018
1.0
0.493448222824
0.593365185118
1.0
0.493448222824
0.593365185118
1.0
0.493838851388
0.594952113968
1.0
0.496626650766
0.59851236027
1.0
0.496931084255
0.597967006745
1.0
0.499033183097
0.602277028557
1.0
0.498848625461
0.60214854679
1.0
0.498577034891
0.602947335834
0.861153412805
0.497143395302
0.600909009279
0.861153412805
0.497143395302
0.600909009279
0.861153412805
0.497079437251
0.600899703101
1.0
0.498832689721
0.603785507999
1.0
0.498810256443
0.603368562999
1.0
0.499317005305
0.605263676615
1.0
0.49903278083
0.605172234826
0.99365839982
0.499305891473
0.605515289715
0.99365839982
0.498972270317
0.606055471261
1.0
0.499936817343
0.607466542665
1.0
0.500335556362
0.607023539161
1.0
0.500335556362
0.607023539161
1.0
0.500150188984
0.607391841056
1.0
0.500182151103
0.607500518217
1.0
0.500509074124
0.607422168231
1.0
0.500542069571
0.607489623656
0.964930231309
0.500021166829
0.607729618504
0.964930231309
0.49988271229
0.607767342453
0.956442905277
0.499926958811
0.606667402455
0.956442905277
0.499735969156
0.606503229262
0.956442905277
0.499735969156
0.606503229262
1.0
0.5002353273
0.607909623739
1.0
0.500424982151
0.607811402419
1.0
0.500711118083
0.607120105358
1.0
0.500339947573
0.60735144141
1.0
0.500068551454
0.608180399107
1.0
0.499951595895
0.608802518338
1.0
0.499951595895
0.608802518338
1.0
0.499302319653
0.60735550729
1.0
0.499757431445
0.606490092901
1.0
0.500665135243
0.606742011993
1.0
0.500612606123
0.606602780474
1.0
0.500566125272
0.60674259134
1.0
0.500207507796
0.606022060929
0.968342121672
0.49935350202
0.60503049812
0.968342121672
0.499500667262
0.604237029374
1.0
0.499894106896
0.604465645414
1.0
0.500187917773
0.604476959698
1.0
0.500187917773
0.604476959698
0.909963725474
0.499303768036
0.60366300249
0.909963725474
0.499140555204
0.603212035939
1.0
0.500428579594
0.603151081643
1.0
0.500522107683
0.603220711145
1.0
0.500698498879
0.602952179631
1.0
0.499805859412
0.602364115021
1.0
0.499628315336
0.601776575135
1.0
0.499628315336
0.601776575135
1.0
0.500612483073
0.601231796275
1.0
0.500395707442
0.600545069443
1.0
0.500173798969
0.599674019939
1.0
0.499652118018
0.598768282719
1.0
0.499985258822
0.59816250844
1.0
0.500404445302
0.598414876026
1.0
0.500007159026
0.597062692753
1.0
0.500154840748
0.596736516483
1.0
0.49999240901
0.595262121599
1.0
0.49999240901
0.595262121599
1.0
0.500219015964
0.594411314879
1.0
0.500206016557
0.593891472163
1.0
0.500447293969
0.592910445008
1.0
0.500442537787
0.592307687589
1.0
0.500409667147
0.590299158113
1.0
0.500097753425
0.589689146969
1.0
0.499780375158
0.589443056612
1.0
0.499780375158
0.589443056612
1.0
0.499898349373
0.589016782019
1.0
0.499440860226
0.587380769054
1.0
0.498864788206
0.587024965098
1.0
0.499489696635
0.587722049582
1.0
0.499461990564
0.587651250834
1.0
0.499354980167
0.588107214554
1.0
0.498930971199
0.587915326273
1.0
0.498973328954
0.587876273978
1.0
0.498973328954
0.587876273978
1.0
0.498475059137
0.587994002477
0.96302439524
0.497257138234
0.58779153997
0.96302439524
0.497244683307
0.588103006296
0.949806975838
0.496923633885
0.587272568415
0.949806975838
0.49610524594
0.587263330956
0.931676686708
0.495605199265
0.587763296042
0.931676686708
0.49599300889
0.587355791453
1.0
0.496797068406
0.588029599747
1.0
0.496159644929
0.588516464716
1.0
0.496159644929
0.588516464716
1.0
0.496653144598
0.58987819007
1.0
0.496724272084
0.589946161495
1.0
0.496672714588
0.589504227395
1.0
0.496519433771
0.589764115542
1.0
0.495932693263
0.590846739694
1.0
0.495832195592
0.59087639759
1.0
0.495832195592
0.59087639759
1.0
0.49587874925
0.591978498585
1.0
0.496127778782
0.592698606398
1.0
0.495765880766
0.59460249151
1.0
0.495765974923
0.5946740594
1.0
0.496128599944
0.594080038235
1.0
0.495737380937
0.594643447199
1.0
0.495559901131
0.595655281684
1.0
0.496631996009
0.596100710509
1.0
0.496578365317
0.596091130014
1.0
0.496347287097
0.596420996583
1.0
0.496347287097
0.596420996583
1.0
0.496488653442
0.597586417438
1.0
0.496883034661
0.59781782824
1.0
0.496917259387
0.597907178099
1.0
0.496903140389
0.598034568154
1.0
0.496863487062
0.598336576898
1.0
0.497105174112
0.59877868256
1.0
0.497105174112
0.59877868256
0.968803902569
0.496287013194
0.59682169597
0.968803902569
0.496547340321
0.596668630536
1.0
0.497234375217
0.597236188525
1.0
0.497279778465
0.597030772992
1.0
0.497442266579
0.597086540084
1.0
0.497204520698
0.596234593235
1.0
0.497651435498
0.596529079039
1.0
0.497447589814
0.595881878355
1.0
0.497373256839
0.595023768794
1.0
0.49740056218
0.594605558573
1.0
0.49740056218
0.594605558573
1.0
0.496841652761
0.592042438518
1.0
0.496997176911
0.591506819673
1.0
0.497820552754
0.590517368439
1.0
0.497606090665
0.589587708709
1.0
0.498033120743
0.58957667101
1.0
0.49797559053
0.589097644597
1.0
0.497791667672
0.58894979344
1.0
0.497791667672
0.58894979344
1.0
0.497500349424
0.587514087307
1.0
0.497251823876
0.587740647642
1.0
0.497048269061
0.586499137477
1.0
0.496542408238
0.584258986781
1.0
0.495983595784
0.583665784814
1.0
0.496136243102
0.581160939953
1.0
0.496034631341
0.580023402408
1.0
0.496422132183
0.579541193047
1.0
0.496222126122
0.579075346086
1.0
0.496222126122
0.579075346086
1.0
0.496281618407
0.579872805228
1.0
0.496016664387
0.578909720066
1.0
0.496004030226
0.577968962793
1.0
0.495946866195
0.577085746351
1.0
0.495640942455
0.576884221583
1.0
0.49534981272
0.57590067465
1.0
0.49567058283
0.574638218276
1.0
0.495378863871
0.574440197674
1.0
0.495378863871
0.574440197674
1.0
0.495027112696
0.573747923763
1.0
0.494854892725
0.573748198799
1.0
0.494854698474
0.573834120593
1.0
0.494708884077
0.573724007407
1.0
0.494727077092
0.572848425073
1.0
0.494556669673
0.572208965825
1.0
0.494284075746
0.572019975508
1.0
0.494143342266
0.573556595038
1.0
0.494143342266
0.573556595038
1.0
0.493945411124
0.574641342949
1.0
0.493844056311
0.573893310613
1.0
0.493918188901
0.573722127386
1.0
0.493880493021
0.573995444909
1.0
0.493907774034
0.574205764679
1.0
0.493746611502
0.574453079959
1.0
0.493589950509
0.574730263853
1.0
0.493589950509
0.574730263853
1.0
0.493761824982
0.575087021614
1.0
0.493643388874
0.574673012142
1.0
0.493363301492
0.57474091323
1.0
0.493292963988
0.574863138634
1.0
0.493369258884
0.575553875453
1.0
0.493247930302
0.575250639671
1.0
0.493394689076
0.575640464269
1.0
0.493600248472
0.574678617628
1.0
0.493600248472
0.574678617628
1.0
0.493128638561
0.575817464156
1.0
0.492811585689
0.57659576006
1.0
0.492246768579
0.577326850899
1.0
0.492363094892
0.578695732236
1.0
0.492097885272
0.579611046143
1.0
0.49197234583
0.580706611009
1.0
0.492108678716
0.581988031023
1.0
0.491964157679
0.583073848935
1.0
0.491964157679
0.583073848935
1.0
0.491646297191
0.584415461618
1.0
0.49175232674
0.585575232222
1.0
0.494748964466
0.590997618846
1.0
0.494643880572
0.591705438064
1.0
0.500343196462
0.600850944246
1.0
0.500767745012
0.601792756446
1.0
0.504177803274
0.607241660133
1.0
0.504177803274
0.607241660133
1.0
0.504589580078
0.609693044093
1.0
0.505300317037
0.612572536578
1.0
0.507691488688
0.615058018208
1.0
0.506184656277
0.616715066306
1.0
0.508326683151
0.615544032044
1.0
0.507697280229
0.61615739877
1.0
0.508130469493
0.62046078449
1.0
0.507387422029
0.621479843964
1.0
0.507349458466
0.62395409631
1.0
0.506551424231
0.624824299528
1.0
0.506551424231
0.624824299528
1.0
0.506626491326
0.626360952512
1.0
0.505935691011
0.628001648766
1.0
0.505410438843
0.631219447726
1.0
0.5045745954
0.632196043703
1.0
0.504308693387
0.634317584464
1.0
0.502959232481
0.636022014416
1.0
0.502556571116
0.6385916581
1.0
0.502556571116
0.6385916581
1.0
0.50240663476
0.638818050498
1.0
0.502284386207
0.640084909887
1.0
0.500923882342
0.640704440541
1.0
0.500493410357
0.642532834244
1.0
0.499985300718
0.642681968146
1.0
0.4999121223
0.644560999192
1.0
0.499501545675
0.644796393603
1.0
0.499501545675
0.644796393603
1.0
0.499394437716
0.645029572438
1.0
0.498697505041
0.645222831668
1.0
0.498550390605
0.646899380246
1.0
0.497802260739
0.647098710398
1.0
0.49740187374
0.648521925399
1.0
0.496252271906
0.648187012274
1.0
0.496008615523
0.650150481379
1.0
0.494892371848
0.650547336022
1.0
0.494849173461
0.650787421411
1.0
0.493676942968
0.649937221663
1.0
0.493676942968
0.649937221663
1.0
0.493304915468
0.650081646311
1.0
0.492164986956
0.649007168775
1.0
0.491760215309
0.650645705717
1.0
0.490600600461
0.649724644194
1.0
0.490462912652
0.649006043757
1.0
0.484283993295
0.645655257515
1.0
0.483821353719
0.644807657436
1.0
0.483821353719
0.644807657436
1.0
0.475118740809
0.6400895048
1.0
0.474535168696
0.640847205566
1.0
0.471155332876
0.639122824781
1.0
0.469272964229
0.641117266703
1.0
0.468366154451
0.640115387116
1.0
0.465423864396
0.644291548042
1.0
0.464200372363
0.642910310343
1.0
0.461659081669
0.645052874129
1.0
0.461659081669
0.645052874129
1.0
0.461191969231
0.644129947926
1.0
0.460912348744
0.642880370841
1.0
0.459350089895
0.642522080772
1.0
0.459658532758
0.642235873922
1.0
0.459978482355
0.640411389917
1.0
0.4600040521
0.639736643674
1.0
0.459028135212
0.638763440294
1.0
0.459028135212
0.638763440294
1.0
0.458640303039
0.637745242904
1.0
0.458427533935
0.637350082737
1.0
0.458483810897
0.63675109826
1.0
0.457933472325
0.635649452733
1.0
0.458053812971
0.6369586252
1.0
0.45727048349
0.635916936152
1.0
0.457266058015
0.636020246807
1.0
0.457124190146
0.635104886143
1.0
0.456727840127
0.633908775522
1.0
0.455303486257
0.632208571834
1.0
0.455303486257
0.632208571834
1.0
0.455306530313
0.631429721808
1.0
0.455817144435
0.63090235586
1.0
0.455505651787
0.629660730932
1.0
0.454417453489
0.62847371556
1.0
0.454445151528
0.627459340966
1.0
0.454135629037
0.626531104081
1.0
0.454106666602
0.626115046669
1.0
0.453853701409
0.625866791265
1.0
0.453853701409
0.625866791265
1.0
0.453710967546
0.625305796506
1.0
0.453347659528
0.62455493616
1.0
0.453522517165
0.624340394343
1.0
0.453122721704
0.623650505785
1.0
0.453021739611
0.624219031001
1.0
0.452495368967
0.623687106459
1.0
0.452495368967
0.623687106459
1.0
0.452223313594
0.622706007225
1.0
0.452456115715
0.624070701212
1.0
0.452516419072
0.622742340209
1.0
0.452177978825
0.621851292272
1.0
0.451922200659
0.620869356701
1.0
0.451751501255
0.620187461965
1.0
0.452002425729
0.620939228948
1.0
0.452238151497
0.6207709691
1.0
0.452409193659
0.620943430745
1.0
0.452409193659
0.620943430745
1.0
0.452466164522
0.620895589877
1.0
0.452694995901
0.620475262451
1.0
0.452638874305
0.620146769062
1.0
0.452670716967
0.619891177228
1.0
0.452517876562
0.61924032315
1.0
0.452511323658
0.619225039733
1.0
0.452519111753
0.61891239433
0.967607128508
0.451935372411
0.615362232075
0.967607128508
0.451935372411
0.615362232075
0.967607128508
0.451924710501
0.615044306871
1.0
0.452352833498
0.614818396186
1.0
0.452320669029
0.614045566901
1.0
0.452605743667
0.613495561175
1.0
0.452339722521
0.613126449317
1.0
0.452105491688
0.612844402251
1.0
0.451896279473
0.612443062356
1.0
0.452179106151
0.612174839245
1.0
0.452179106151
0.612174839245
1.0
0.451987516866
0.611551715688
1.0
0.451989374742
0.612009447554
1.0
0.451718864661
0.611879993519
1.0
0.451584700602
0.612299609339
1.0
0.451167515856
0.61198356735
1.0
0.451271928776
0.612556855761
1.0
0.450991860811
0.612116035539
1.0
0.450549330889
0.61080174136
1.0
0.450549330889
0.61080174136
1.0
0.450247513198
0.610917554112
1.0
0.450352129324
0.610685739342
1.0
0.450305431746
0.610594121417
1.0
0.44998085144
0.611186204231
1.0
0.449745586606
0.610648631062
0.973855325222
0.449365905038
0.608324143688
0.973855325222
0.449125161663
0.607714647416
1.0
0.4495564256
0.609281790928
1.0
0.449783456938
0.609068907431
1.0
0.449783456938
0.609068907431
1.0
0.449622105483
0.60901318491
1.0
0.449575263004
0.608968170624
1.0
0.449627773141
0.607895824682
1.0
0.449713748765
0.607919045453
1.0
0.450119582583
0.60940759679
1.0
0.450157771306
0.60996860289
0.99099758153
0.449399455891
0.608297726122
0.99099758153
0.449399455891
0.608297726122
0.99099758153
0.449682911073
0.607328708017
1.0
0.450208102863
0.607345217846
1.0
0.450712565925
0.607154769033
1.0
0.450553536676
0.606985572476
1.0
0.450427456507
0.606072974413
0.93689464109
0.449808661751
0.603572312494
0.93689464109
0.450142424701
0.602811565684
1.0
0.450671083936
0.602610147023
1.0
0.451016457051
0.60249538216
1.0
0.451016457051
0.60249538216
1.0
0.451254894341
0.60381982553
1.0
0.451133351251
0.603086495995
1.0
0.451419038558
0.602507647667
1.0
0.451626215422
0.602556740613
1.0
0.451418521071
0.602346618913
1.0
0.452120613149
0.602377562336
1.0
0.452120613149
0.602377562336
1.0
0.452379489284
0.600863403938
1.0
0.452829485677
0.599745032986
1.0
0.452921436182
0.59939959802
1.0
0.453041076782
0.598576809863
1.0
0.453103430345
0.598203951698
1.0
0.453854030221
0.597704123131
1.0
0.453702931952
0.597437471036
1.0
0.454030550198
0.596779084016
1.0
0.454030550198
0.596779084016
1.0
0.454022747149
0.593976869541
1.0
0.454232507885
0.59310316286
1.0
0.454536958733
0.592431104872
1.0
0.455096584529
0.591484726405
1.0
0.455596143008
0.590915178437
1.0
0.455789880939
0.589819350871
1.0
0.455996124413
0.589855165795
1.0
0.455564529624
0.588594251596
1.0
0.455213849989
0.587609588715
1.0
0.455213849989
0.587609588715
1.0
0.455759440856
0.587893645915
1.0
0.455893995095
0.586797949518
1.0
0.456528284929
0.586182477356
1.0
0.456573991387
0.585667535977
1.0
0.456795070148
0.585172465332
1.0
0.456922319676
0.584231481414
1.0
0.457249776726
0.584079164964
1.0
0.457359931505
0.583141015238
1.0
0.457359931505
0.583141015238
1.0
0.457872689082
0.58254365623
1.0
0.458036003661
0.582409241867
1.0
0.458498906941
0.581768357291
1.0
0.458597807847
0.580870259147
1.0
0.459231398349
0.580414425709
1.0
0.459259274523
0.579325858024
1.0
0.459394800677
0.578957872183
1.0
0.459572161996
0.578493360646
1.0
0.459572161996
0.578493360646
1.0
0.460503578376
0.577516690224
1.0
0.46062573044
0.575669820233
1.0
0.461137728181
0.57490180875
1.0
0.46109047938
0.573705687609
1.0
0.461388351897
0.573335090675
1.0
0.461612083427
0.572252638875
1.0
0.462091280806
0.57225265394
1.0
0.462091280806
0.57225265394
1.0
0.462197394482
0.571442251347
1.0
0.462320166251
0.571017955445
1.0
0.462377397976
0.569618840784
1.0
0.462646096298
0.569124360678
1.0
0.462808408901
0.568889054574
1.0
0.463712202312
0.569728476254
1.0
0.463868076506
0.569417400968
1.0
0.464469850926
0.568526930403
1.0
0.464569840585
0.568752348459
1.0
0.464569840585
0.568752348459
1.0
0.464250324433
0.56862155927
1.0
0.463961033151
0.568438482282
1.0
0.464316910853
0.568468894591
1.0
0.464633025608
0.566834160338
1.0
0.464835965419
0.566787022831
0.983612813376
0.464347069652
0.564734750507
0.983612813376
0.464672974978
0.564539053057
1.0
0.465228724316
0.565321778364
1.0
0.465228724316
0.565321778364
1.0
0.465675961351
0.565291717433
1.0
0.465935856665
0.565175935228
1.0
0.466255901728
0.565306309678
1.0
0.466212823018
0.563802500358
1.0
0.466605225644
0.563976529247
1.0
0.466849233734
0.564302270794
1.0
0.467048324855
0.564543854213
1.0
0.467382002348
0.564052068869
1.0
0.467382002348
0.564052068869
1.0
0.467663659885
0.564125253423
1.0
0.467834016803
0.564631789588
1.0
0.467906209116
0.564477728977
1.0
0.467981481522
0.564978445634
1.0
0.468249678242
0.564864717397
1.0
0.46799642678
0.565049330804
1.0
0.468208137824
0.565288631651
1.0
0.468208137824
0.565288631651
1.0
0.468302949705
0.563742161128
1.0
0.468800297253
0.564263971918
1.0
0.468766290595
0.563824718372
1.0
0.468238297906
0.563267998438
1.0
0.468263138505
0.563706398031
1.0
0.468728663068
0.563969160963
1.0
0.46876404009
0.563407730098
1.0
0.468818830425
0.562519856426
1.0
0.468686318522
0.562397757498
1.0
0.468686318522
0.562397757498
1.0
0.469155542617
0.5621854565
1.0
0.469000233646
0.56161272224
1.0
0.469120488891
0.561140794963
1.0
0.469464089335
0.56012676445
1.0
0.469409457183
0.559913718918
1.0
0.469036405694
0.560410466194
1.0
0.46916268719
0.560026163201
1.0
0.46916268719
0.560026163201
1.0
0.469312444862
0.558895946952
1.0
0.469021108168
0.561547857705
1.0
0.468767018676
0.560387017907
1.0
0.467502345617
0.570209461731
1.0
0.467777303076
0.570423635189
1.0
0.467235024044
0.587834168779
1.0
0.467235024044
0.587834168779
1.0
0.466569604442
0.591014305186
1.0
0.465147794473
0.601325083445
1.0
0.464227060426
0.607611355319
1.0
0.462571057231
0.608776004081
0.962788439472
0.461765701601
0.61403666686
0.962788439472
0.462093716556
0.613483932015
0.688840261915
0.466205860371
0.63194832252
0.688840261915
0.466205860371
0.63194832252
0.688840261915
0.466050180064
0.63156208908
0.688840261915
0.465941375539
0.631483275306
0.689271060005
0.465939352759
0.631859294991
0.689271060005
0.465961322723
0.631524013138
0.636954595798
0.465953692032
0.633044904483
0.636954595798
0.466264310842
0.633554056552
0.636954595798
0.466622846789
0.633940965101
0.636954595798
0.466622846789
0.633940965101
0.636954595798
0.466387561633
0.633213635136
0.636954595798
0.466648952429
0.633400081046
0.97494603764
0.461475509882
0.622096515221
0.97494603764
0.461650305614
0.621984740788
1.0
0.462162363232
0.625634380013
1.0
0.462139973812
0.625830645159
1.0
0.462287283609
0.625678719584
1.0
0.462287283609
0.625678719584
1.0
0.462981600919
0.625918816639
1.0
0.463332736175
0.625734932823
1.0
0.463318812151
0.625473842745
1.0
0.463226525831
0.625066276435
1.0
0.463182476571
0.624888600052
0.920024362431
0.462742756493
0.624303944969
0.920024362431
0.463758515722
0.624140898059
0.920024362431
0.463758515722
0.624140898059
1.0
0.464267651879
0.623505967932
1.0
0.463656836854
0.623530258488
1.0
0.463889761779
0.624195711427
1.0
0.463954350718
0.624200247234
1.0
0.464046126503
0.62459669145
1.0
0.464658471706
0.624905924445
1.0
0.464932654493
0.624862487605
1.0
0.465096843469
0.624793264892
1.0
0.465096843469
0.624793264892
1.0
0.46520924158
0.624473709794
1.0
0.465123303978
0.623899613578
0.981900725939
0.465060169893
0.622643361557
0.981900725939
0.465228972012
0.622999491045
1.0
0.46549626026
0.62309301688
1.0
0.465129629189
0.623456340332
1.0
0.46553858662
0.623449762821
1.0
0.466459288997
0.621525677418
1.0
0.466393292464
0.621238790984
1.0
0.466393292464
0.621238790984
1.0
0.46524966224
0.621660455211
1.0
0.465570233547
0.621058393885
1.0
0.465454543276
0.62109044374
1.0
0.465555589115
0.621489294173
1.0
0.465718199879
0.621973583037
0.937488459916
0.465143863512
0.620717372209
0.937488459916
0.464425883542
0.620243575724
0.937488459916
0.464425883542
0.620243575724
1.0
0.464915282154
0.620618648996
1.0
0.465402702737
0.62060279555
1.0
0.465515694954
0.619465895737
1.0
0.465295790058
0.619610569505
1.0
0.465697575898
0.619392329534
1.0
0.465658825045
0.620076833167
1.0
0.466108237349
0.618250007258
1.0
0.466466518438
0.617798364741
1.0
0.466517631801
0.617242539681
1.0
0.466444072231
0.617895615095
1.0
0.466444072231
0.617895615095
1.0
0.466393782462
0.61716038395
1.0
0.466259186313
0.617462591897
1.0
0.466315552624
0.617707772262
1.0
0.46644095109
0.618005969107
1.0
0.465988985487
0.616641389699
1.0
0.466202594687
0.616533789796
1.0
0.466942881755
0.61671947121
1.0
0.466942881755
0.61671947121
1.0
0.467023619081
0.616928604147
1.0
0.467668056215
0.618083342266
1.0
0.467666636132
0.61826980364
1.0
0.468088749841
0.619622664665
1.0
0.468308269805
0.620030676542
1.0
0.468771329713
0.620282610331
1.0
0.469177622656
0.619808361683
1.0
0.469177622656
0.619808361683
1.0
0.469396322875
0.61996836145
1.0
0.469317673792
0.621503518717
1.0
0.469484964706
0.620397129851
1.0
0.469697304798
0.620587554294
1.0
0.470040664365
0.621652198099
1.0
0.470457170588
0.622209979492
1.0
0.470569271643
0.621463717977
1.0
0.470444676784
0.621584314461
1.0
0.470444676784
0.621584314461
1.0
0.470403596714
0.621430891454
1.0
0.470417193638
0.621502379807
1.0
0.470764349169
0.621716432299
1.0
0.470779063574
0.62204760922
1.0
0.470524522055
0.623154277525
1.0
0.47058131061
0.623392868956
1.0
0.471342266006
0.622723348079
1.0
0.472161012901
0.623398420218
1.0
0.472161012901
0.623398420218
1.0
0.471921614538
0.622814715457
1.0
0.471514661492
0.622556422964
0.922066978068
0.470772841839
0.621159811771
0.922066978068
0.470867331688
0.62149285403
1.0
0.471750778188
0.6198457294
1.0
0.472292658777
0.62051300912
0.94368871131
0.472637367347
0.623237475362
0.94368871131
0.472904896159
0.623842116312
0.94368871131
0.472904896159
0.623842116312
1.0
0.473227308416
0.625941338311
1.0
0.473763996979
0.625839608455
1.0
0.47368326155
0.62570543112
1.0
0.474086569754
0.626951942584
1.0
0.474429251028
0.627503288721
1.0
0.47469011721
0.627660060511
0.954346118425
0.474639459334
0.627909851264
0.954346118425
0.474163313733
0.628532520454
1.0
0.474538054162
0.628896711347
1.0
0.474538054162
0.628896711347
1.0
0.47529144438
0.628461734713
1.0
0.475246385622
0.627729038646
1.0
0.47544447851
0.627970896524
1.0
0.47537413372
0.627668892475
1.0
0.47540635047
0.628437500227
1.0
0.475760306564
0.628456287036
1.0
0.476059691205
0.62880805822
1.0
0.476059691205
0.62880805822
1.0
0.476119663925
0.628329252519
1.0
0.47611648266
0.628926049075
1.0
0.475747681482
0.628274091263
1.0
0.475611916142
0.628487780524
1.0
0.475959573783
0.629506805139
1.0
0.476288834896
0.629684257074
1.0
0.47626058298
0.629843219214
1.0
0.475848920096
0.630414057371
1.0
0.475848920096
0.630414057371
1.0
0.475909589052
0.630469393807
1.0
0.476598725021
0.631711463651
1.0
0.47619974846
0.631764796965
1.0
0.475845011592
0.631717584282
1.0
0.476140024946
0.632182410289
1.0
0.476165879027
0.632721438437
1.0
0.476496552986
0.634856013363
1.0
0.476579112322
0.635327454509
1.0
0.476579112322
0.635327454509
1.0
0.476504145764
0.634923462253
1.0
0.476473488556
0.635454808496
1.0
0.476310823353
0.636514542279
1.0
0.476315323511
0.636870758626
1.0
0.476564017639
0.635957240537
1.0
0.476669461795
0.63542315195
1.0
0.476508544036
0.63602317698
1.0
0.476015765627
0.636591418528
1.0
0.476015765627
0.636591418528
0.983950532495
0.474743543028
0.635078452339
0.983950532495
0.475030978811
0.635283070987
1.0
0.475370523945
0.634121945685
1.0
0.475438562003
0.634244791178
1.0
0.475634044815
0.637488623294
1.0
0.475766554818
0.63810599305
1.0
0.476347880888
0.638980658208
1.0
0.476438162001
0.63960027636
1.0
0.476438162001
0.63960027636
1.0
0.476848807132
0.640525623085
1.0
0.476480388767
0.640713316962
1.0
0.476154416793
0.641901872323
1.0
0.475951139555
0.642172208447
1.0
0.475958298635
0.641791878358
1.0
0.47561553849
0.641762583544
1.0
0.475397302454
0.643185816489
1.0
0.474484135974
0.643281185318
1.0
0.474484135974
0.643281185318
