1.0
0.244652651029
0.529246250302
1.0
0.244656020763
0.52923008375
1.0
0.244354043772
0.529063738657
1.0
0.244354043772
0.529063738657
1.0
0.244357443774
0.529042538523
1.0
0.244649882948
0.529087903872
1.0
0.24464909912
0.52909349947
1.0
0.247839627509
0.5288572453
1.0
0.247846921668
0.52883898313
1.0
0.247361606346
0.52928074214
1.0
0.247367153544
0.529266650254
1.0
0.24849975697
0.529076450212
1.0
0.248501586417
0.529089573906
1.0
0.248501586417
0.529089573906
1.0
0.248978515784
0.528532131107
1.0
0.248990313156
0.528457936346
1.0
0.249411052449
0.528696249371
1.0
0.249421095659
0.52864440394
1.0
0.249692948511
0.528017052817
1.0
0.249693693536
0.528050916196
1.0
0.251005012356
0.529872313664
1.0
0.251006849476
0.529881781711
1.0
0.251006849476
0.529881781711
1.0
0.250917925539
0.53100070557
1.0
0.250925533312
0.53096944612
1.0
0.252826810334
0.53238085232
1.0
0.252831511599
0.532387420653
1.0
0.253147626333
0.533217193578
1.0
0.253140936555
0.533262111328
1.0
0.252547780503
0.532093826075
1.0
0.252547780503
0.532093826075
1.0
0.252552103963
0.532102204787
1.0
0.252483891816
0.531949075727
1.0
0.252481238394
0.531960063034
1.0
0.252664689592
0.531327029298
1.0
0.252666794879
0.531330287484
1.0
0.252887718451
0.531094384598
1.0
0.252891741679
0.531055642863
1.0
0.252261061362
0.530258560701
1.0
0.252262484034
0.530256359147
1.0
0.252262484034
0.530256359147
1.0
0.25246130993
0.530900874355
1.0
0.252465489381
0.530872614434
1.0
0.252222315674
0.53209211638
1.0
0.252226736659
0.532081909898
1.0
0.25247285434
0.531870847441
1.0
0.252477331755
0.531872398486
1.0
0.253500871267
0.530789281383
1.0
0.253500871267
0.530789281383
1.0
0.253510050388
0.530766524762
1.0
0.253258068264
0.530194767998
1.0
0.253260891195
0.530139620627
1.0
0.253080186707
0.530349430362
1.0
0.253086940876
0.5303281587
1.0
0.254830198341
0.530620026931
1.0
0.254829977569
0.53062927764
1.0
0.254180657443
0.530880692228
1.0
0.254180657443
0.530880692228
1.0
0.254187036515
0.530858301581
1.0
0.255024119421
0.531635527317
1.0
0.255024081014
0.53164813734
1.0
0.25672741934
0.531130294258
1.0
0.256733445905
0.531152891912
1.0
0.257613369934
0.531717396976
1.0
0.257614510187
0.531675273986
1.0
0.25763874189
0.531066978853
1.0
0.257643930521
0.531066662561
1.0
0.257643930521
0.531066662561
1.0
0.258681466635
0.530760436236
1.0
0.258686850236
0.53072459878
1.0
0.259576708243
0.531192092892
1.0
0.259589333082
0.53117096627
1.0
0.260106951395
0.530549208299
1.0
0.260110823123
0.530566754673
1.0
0.262408711472
0.532865986012
1.0
0.262409798105
0.532854060874
1.0
0.262409798105
0.532854060874
1.0
0.263564541496
0.533967486869
1.0
0.263576200202
0.533983874987
1.0
0.265445693601
0.533281040641
1.0
0.265449243671
0.533292343403
1.0
0.265565574606
0.53331171038
1.0
0.265569307108
0.533272391486
1.0
0.26591085269
0.532597065727
1.0
0.265913698536
0.532597008267
1.0
0.265913698536
0.532597008267
1.0
0.266527240239
0.531565738719
1.0
0.266531611829
0.531539607303
1.0
0.267522014271
0.531604082463
1.0
0.267523813935
0.531613265981
1.0
0.266791945677
0.529519973725
1.0
0.266804226282
0.52945674161
1.0
0.267873352723
0.529781364714
1.0
0.267873352723
0.529781364714
1.0
0.267876186299
0.529775191485
1.0
0.268826266669
0.530163956731
1.0
0.268836142595
0.530089427
1.0
0.266943780938
0.527984060836
1.0
0.266948891658
0.527966661845
1.0
0.270332038753
0.533888752224
1.0
0.270339227792
0.533851240825
1.0
0.270271853114
0.551645293271
1.0
0.270273663856
0.551653830285
1.0
0.270273663856
0.551653830285
1.0
0.272294392737
0.561747218511
1.0
0.272257351836
0.562005111684
1.0
0.271683275448
0.564309841371
1.0
0.271604578077
0.564938673597
1.0
0.27036995873
0.562271865605
1.0
0.270328265615
0.562744611559
1.0
0.270861906293
0.562985880988
1.0
0.270861906293
0.562985880988
1.0
0.270842930975
0.563102640174
1.0
0.271048467463
0.563111229449
1.0
0.271064891951
0.562986904243
1.0
0.274540474878
0.564536998031
1.0
0.274541451379
0.564557181911
1.0
0.277725398038
0.563728136157
1.0
0.277729117221
0.563719791499
1.0
0.277729117221
0.563719791499
1.0
0.27278579202
0.563278861367
1.0
0.272784700256
0.563307553618
1.0
0.271810351204
0.564973681788
1.0
0.271809061513
0.564988592841
1.0
0.272519146125
0.564759219781
1.0
0.272520324868
0.564754240641
1.0
0.272652248922
0.565472216722
1.0
0.27265248984
0.565476498446
1.0
0.27265248984
0.565476498446
1.0
0.275972257966
0.568287748058
1.0
0.275970978166
0.568288775836
1.0
0.275964753538
0.567527022619
1.0
0.275961142511
0.567582595749
1.0
0.275158485311
0.568391182152
1.0
0.275162920261
0.568394004839
1.0
0.274756081213
0.567425096263
1.0
0.274755354773
0.567410792284
1.0
0.274476494206
0.56795094518
1.0
0.274470805832
0.568011992949
1.0
0.274470805832
0.568011992949
1.0
0.274795441514
0.568259666326
1.0
0.274797335152
0.56823168715
1.0
0.275986059879
0.569298807892
1.0
0.275989337334
0.569361226598
1.0
0.275426582571
0.569416696209
1.0
0.275421761312
0.569409826376
1.0
0.275421761312
0.569409826376
1.0
0.275554061383
0.570880347124
1.0
0.27555164694
0.570881015272
1.0
0.277201951265
0.569938924937
1.0
0.277202289361
0.569967715287
1.0
0.276588752926
0.571290917204
1.0
0.276577983157
0.571323647989
1.0
0.27539292752
0.571021150967
1.0
0.275395330308
0.571023500206
1.0
0.275395330308
0.571023500206
1.0
0.276046325953
0.571018806987
1.0
0.276049877468
0.57102849863
1.0
0.276230942001
0.570991162525
1.0
0.276225160416
0.570991794495
1.0
0.276588258003
0.570683512189
1.0
0.276598241093
0.570655739191
1.0
0.275956789735
0.571040823123
1.0
0.275951797326
0.57110076815
1.0
0.275421215023
0.570076905278
1.0
0.275421215023
0.570076905278
1.0
0.275426079562
0.570042770585
1.0
0.277921811649
0.570146997443
1.0
0.277926398575
0.570112909072
1.0
0.277446078333
0.570590272008
1.0
0.277445741002
0.570606482542
1.0
0.275534637489
0.569973333891
1.0
0.275540805654
0.569938712356
1.0
0.275540805654
0.569938712356
1.0
0.278007672807
0.570361181911
1.0
0.278010994529
0.570361251406
1.0
0.278352019187
0.570306071744
1.0
0.278352715571
0.570309146729
1.0
0.277292755905
0.569871577645
1.0
0.277298446566
0.569844033954
1.0
0.275917784629
0.568694477288
1.0
0.275921639009
0.568665364206
1.0
0.278551685598
0.570337658091
1.0
0.278551685598
0.570337658091
1.0
0.278547860474
0.570317598335
1.0
0.277373158847
0.568065172225
1.0
0.27737756713
0.568056324878
1.0
0.278093450808
0.568977655189
1.0
0.278103904157
0.568942528511
1.0
0.278475267873
0.568753839866
1.0
0.278473578933
0.568773836773
1.0
0.27834905983
0.568278566684
1.0
0.27834905983
0.568278566684
1.0
0.278350713117
0.568274123573
1.0
0.278791423922
0.568389422136
1.0
0.278793089458
0.568409883092
1.0
0.279694242936
0.568395536983
1.0
0.279694104062
0.568359014771
1.0
0.279369107921
0.568376281238
1.0
0.27936937446
0.568381077159
1.0
0.281343636947
0.569714129208
1.0
0.281343636947
0.569714129208
1.0
0.281343917495
0.569701190629
1.0
0.280934317745
0.568108483131
1.0
0.280936914153
0.5681168036
1.0
0.280498935483
0.570542311103
1.0
0.280497674859
0.570551081413
1.0
0.280129886481
0.570907604764
1.0
0.28013007202
0.57091149691
1.0
0.280055452754
0.56994390851
1.0
0.280055452754
0.56994390851
1.0
0.280051114884
0.569951029069
1.0
0.280275684927
0.571000806599
1.0
0.280276445455
0.57097960982
1.0
0.280881939038
0.572077352486
1.0
0.280882876862
0.572092490034
1.0
0.280179161261
0.570825020804
1.0
0.280175227293
0.570838814296
1.0
0.280463508334
0.573661807047
1.0
0.280463508334
0.573661807047
1.0
0.280462398326
0.573676682626
1.0
0.282568077784
0.573697432909
1.0
0.282572249203
0.573693642924
1.0
0.280521935391
0.57203973909
1.0
0.280518709491
0.572044362941
1.0
0.28180126124
0.573514593957
1.0
0.281799641337
0.573542817416
1.0
0.281799641337
0.573542817416
1.0
0.282449638334
0.57317437729
1.0
0.28245405178
0.573154178337
1.0
0.283949125647
0.574195836434
1.0
0.283949734781
0.574194182151
1.0
0.283994772887
0.573958937228
1.0
0.283996834272
0.573978494609
1.0
0.28541664123
0.574390076791
1.0
0.28542209245
0.574375715095
1.0
0.2848186165
0.575278279581
1.0
0.2848186165
0.575278279581
1.0
0.284820288087
0.575298865153
1.0
0.287085068134
0.577150896411
1.0
0.287084722857
0.577130488007
1.0
0.288013687153
0.577020893897
1.0
0.288015063142
0.577064684691
1.0
0.286299890379
0.577652995377
1.0
0.286302730926
0.577643504326
1.0
0.286302730926
0.577643504326
1.0
0.2880531014
0.579353159427
1.0
0.288055220323
0.579383403592
1.0
0.287681113341
0.579910881317
1.0
0.287680216233
0.57993566236
1.0
0.286613738833
0.579536875077
1.0
0.286611466795
0.579552537808
1.0
0.287300085955
0.580627428793
1.0
0.287296649573
0.580681213586
1.0
0.286711192411
0.581865706535
1.0
0.286711192411
0.581865706535
1.0
0.286712306346
0.581858837842
1.0
0.286901247158
0.582648181931
1.0
0.286894998764
0.582738983332
1.0
0.287102677337
0.583581173502
1.0
0.287093451749
0.583608207233
1.0
0.288257533775
0.585248497759
1.0
0.288259749838
0.585252266217
1.0
0.287313985399
0.58577865817
1.0
0.287306523771
0.585834343209
1.0
0.287306523771
0.585834343209
1.0
0.288211559986
0.588066684987
1.0
0.288210703329
0.588093649684
1.0
0.289305570544
0.589328111801
1.0
0.289304670992
0.58937366679
1.0
0.288284125446
0.590813719782
1.0
0.288281609884
0.590850775171
1.0
0.288413658925
0.592228027025
1.0
0.288413658925
0.592228027025
1.0
0.288411915395
0.592269475862
1.0
0.287660000576
0.594098152495
1.0
0.287660312599
0.594161628665
1.0
0.289289447093
0.595502428475
1.0
0.289277272462
0.595573967427
1.0
0.287408102382
0.597440073958
1.0
0.287401275733
0.59752672008
1.0
0.287401275733
0.59752672008
1.0
0.288074040343
0.599339834244
1.0
0.288069685865
0.599366115963
1.0
0.288640649723
0.60186180521
1.0
0.288637817717
0.601937025709
1.0
0.288007948756
0.602402191317
1.0
0.288003334559
0.60244810642
1.0
0.286385272433
0.601985717169
1.0
0.286381110424
0.602006335576
1.0
0.286455743482
0.60284495095
1.0
0.286455743482
0.60284495095
1.0
0.286456615138
0.60288214026
1.0
0.285820734221
0.603870177452
1.0
0.285810134047
0.60393668225
1.0
0.283114132017
0.603385136673
1.0
0.283112055746
0.60342768758
1.0
0.280398695931
0.60187024861
1.0
0.280389029246
0.601953809245
1.0
0.280389029246
0.601953809245
1.0
0.265872320548
0.587868972375
1.0
0.265872870411
0.587855191576
1.0
0.252777512109
0.575200579004
1.0
0.252766607339
0.575162371457
1.0
0.254388951405
0.573903696839
1.0
0.254350779577
0.573661246368
1.0
0.254839942469
0.574302729495
1.0
0.25482560011
0.574101513012
1.0
0.252714964758
0.572335027238
1.0
0.252740551643
0.572198291919
1.0
0.252740551643
0.572198291919
1.0
0.251392879673
0.572130649473
1.0
0.25139042048
0.57217303257
1.0
0.249727312876
0.57308717768
1.0
0.249718561144
0.573121318775
1.0
0.249761558604
0.574885542108
1.0
0.249764899458
0.574831160733
1.0
0.249764899458
0.574831160733
1.0
0.248370981286
0.572861135025
1.0
0.248356401827
0.57294522101
1.0
0.247543507065
0.5728743811
1.0
0.247544542392
0.572867686272
1.0
0.246009383231
0.57241609221
1.0
0.245999331561
0.57248734442
1.0
0.245177073325
0.57277156823
1.0
0.245174212353
0.572779704328
1.0
0.245174212353
0.572779704328
1.0
0.244412181842
0.572881334658
1.0
0.244410166877
0.572896794759
1.0
0.242985456813
0.572482293161
1.0
0.242986427855
0.572461255949
1.0
0.242394285388
0.573309179031
1.0
0.242392190925
0.573334145596
1.0
0.243270671554
0.573732468038
1.0
0.24326462937
0.573767051135
1.0
0.24326462937
0.573767051135
1.0
0.244653640597
0.574541145248
1.0
0.244655276066
0.574541803796
1.0
0.244357398202
0.574525202054
1.0
0.244362012495
0.574532521123
1.0
0.24514124509
0.574405322232
1.0
0.24514142476
0.574412936314
1.0
0.245701083699
0.574821882446
1.0
0.245703841644
0.574808701277
1.0
0.244259181578
0.573506046965
1.0
0.244259181578
0.573506046965
1.0
0.244269168998
0.573479364928
1.0
0.244946430117
0.572436735428
1.0
0.244953718382
0.5724631933
1.0
0.246258864915
0.57364546605
1.0
0.246265982654
0.573582231217
1.0
0.246776785965
0.573383757573
1.0
0.246783881765
0.573387037692
1.0
0.246783881765
0.573387037692
1.0
0.247275490535
0.572671393283
1.0
0.2472807368
0.572593556873
1.0
0.248256559181
0.571643268343
1.0
0.248274450473
0.571564337209
1.0
0.248364729649
0.57013160859
1.0
0.248367347235
0.570124665674
1.0
0.248363457352
0.569869470821
1.0
0.248370816437
0.56981720761
1.0
0.248360009473
0.568575172256
1.0
0.248360009473
0.568575172256
1.0
0.248372134466
0.568530918813
1.0
0.246810979871
0.565952336851
1.0
0.246821418406
0.56588606239
1.0
0.249525802321
0.563919866865
1.0
0.249534088651
0.563856928004
1.0
0.249166428612
0.561568221357
1.0
0.249186806458
0.561475425286
1.0
0.249186806458
0.561475425286
1.0
0.249264376575
0.559131255776
1.0
0.249280661086
0.559033132604
1.0
0.249849852686
0.557866596869
1.0
0.24985785659
0.557771511817
1.0
0.248983018203
0.555520942373
1.0
0.248999153963
0.555443356996
1.0
0.248609667962
0.554827777124
1.0
0.248617591182
0.554752985501
1.0
0.248617591182
0.554752985501
1.0
0.247810666602
0.553786774835
1.0
0.247817951723
0.553711127297
1.0
0.246888010213
0.551394622458
1.0
0.24689353412
0.551306248838
1.0
0.236864767496
0.548658678765
1.0
0.236870684557
0.548607311686
1.0
0.220895563892
0.546297380796
1.0
0.220890489679
0.546248049573
1.0
0.220890489679
0.546248049573
1.0
0.214123483907
0.548845231825
1.0
0.214069441772
0.548929627386
1.0
0.214392667222
0.55119155556
1.0
0.21431253
0.551537792288
1.0
0.214196414358
0.550041413537
1.0
0.214155997099
0.550277219468
1.0
0.213724611281
0.548602778406
1.0
0.213711588893
0.548710627501
1.0
0.212925622661
0.548327897755
1.0
0.212925622661
0.548327897755
1.0
0.212930055744
0.548261420277
1.0
0.21310627992
0.549935684057
1.0
0.213104349908
0.549940507814
1.0
0.213871350011
0.547656368833
1.0
0.21387042074
0.547681203438
1.0
0.213865545404
0.547561514502
1.0
0.213868572098
0.547520807619
1.0
0.213868572098
0.547520807619
1.0
0.213799740521
0.546891667786
1.0
0.213801731309
0.546894143754
1.0
0.214367889242
0.546802697777
1.0
0.214369109304
0.546798690525
1.0
0.215078933378
0.546835129129
1.0
0.215088453543
0.546802351204
1.0
0.216831326913
0.546733697139
1.0
0.216837008599
0.546708119171
1.0
0.216837008599
0.546708119171
1.0
0.219385656137
0.54690699113
1.0
0.219396473785
0.546811265513
1.0
0.219772672476
0.546566013062
1.0
0.219774855318
0.546606971978
1.0
0.222319869634
0.546672334466
1.0
0.222328203492
0.546649907646
1.0
0.224488211673
0.547282399888
1.0
0.224497682124
0.547278244153
1.0
0.224497682124
0.547278244153
1.0
0.225494188796
0.54701186481
1.0
0.225511994504
0.546940512007
1.0
0.226851362878
0.545879503761
1.0
0.226854667552
0.545892972011
1.0
0.227213802728
0.546039648109
1.0
0.227226485552
0.545965147161
1.0
0.228171069357
0.545039325068
1.0
0.22817417592
0.545100230967
1.0
0.22864141356
0.544659385174
1.0
0.22864141356
0.544659385174
1.0
0.228662675707
0.544552439672
1.0
0.228791997594
0.543924221861
1.0
0.228792498708
0.543895578885
1.0
0.227049326731
0.54076019333
1.0
0.227053328156
0.540703039452
1.0
0.228095628008
0.541472675177
1.0
0.228101102762
0.541455073206
1.0
0.228101102762
0.541455073206
1.0
0.231079589502
0.539084793499
1.0
0.231085830393
0.539065289598
1.0
0.231058664527
0.538299703805
1.0
0.231067723772
0.538226255259
1.0
0.230844030696
0.536345576609
1.0
0.23086489827
0.53619579808
1.0
0.232395548291
0.53670836449
1.0
0.23239819046
0.536679873979
1.0
0.232220082744
0.535034554074
1.0
0.232220082744
0.535034554074
1.0
0.232224184434
0.535004117621
1.0
0.232766915078
0.534252651069
1.0
0.232776394721
0.534187600322
1.0
0.233638450825
0.535112381596
1.0
0.23364141747
0.53509264371
1.0
0.23408215605
0.540309217646
1.0
0.234089142958
0.540298312407
1.0
0.234089142958
0.540298312407
1.0
0.236119445641
0.551293454612
1.0
0.236130721248
0.551252592237
1.0
0.234735821691
0.555408612656
1.0
0.234724228427
0.555578807091
1.0
0.234239539121
0.555911179129
1.0
0.234193911382
0.556299956926
1.0
0.235072975164
0.556949959692
1.0
0.235044556881
0.557137483643
1.0
0.236455267967
0.556327614157
1.0
0.236455267967
0.556327614157
1.0
0.236443252946
0.556450782502
1.0
0.236941739441
0.559712311563
1.0
0.236960885578
0.559627639617
1.0
0.239173448255
0.559997776181
1.0
0.2391767687
0.560072681537
1.0
0.240703597402
0.561864697012
1.0
0.240709617054
0.561880518086
1.0
0.240709617054
0.561880518086
1.0
0.242816514467
0.563037943728
1.0
0.242818908235
0.563003600788
1.0
0.245325407174
0.56536294615
1.0
0.245326721062
0.565433198086
1.0
0.246954405165
0.567690963666
1.0
0.246961524974
0.567726206415
1.0
0.248260825506
0.569734112732
1.0
0.248265412913
0.56976357214
1.0
0.248265412913
0.56976357214
1.0
0.250335041889
0.573098586001
1.0
0.250345422282
0.573097578352
1.0
0.253065481191
0.573624902502
1.0
0.253067069779
0.573692736843
1.0
0.253821131653
0.576930012841
1.0
0.253824173019
0.576979086328
1.0
0.256894614834
0.579440440383
1.0
0.256903146899
0.579449414008
1.0
0.256903146899
0.579449414008
1.0
0.259794505134
0.58168802763
1.0
0.259800527076
0.581754946188
1.0
0.261346913199
0.583650294679
1.0
0.261353883042
0.583682907344
1.0
0.264608862607
0.586409256779
1.0
0.264617408399
0.586490917644
1.0
0.267491392782
0.58841911785
1.0
0.267499743379
0.588429784577
1.0
0.267499743379
0.588429784577
1.0
0.269001468979
0.590206266765
1.0
0.269005244141
0.59028271137
1.0
0.270619691193
0.590980023753
1.0
0.270632487782
0.59101317939
