1.0
0.579614007658
0.371410899863
1.0
0.579635603658
0.371951946031
1.0
0.579632690828
0.371606384953
1.0
0.579531231813
0.372484937191
1.0
0.579373653649
0.373023640173
1.0
0.579670344989
0.372329165262
1.0
0.579714967614
0.372279609326
1.0
0.579434936609
0.37228442472
1.0
0.579352570852
0.372688317123
1.0
0.57920659934
0.37275996652
1.0
0.578990843358
0.37292825069
1.0
0.578990843358
0.37292825069
1.0
0.578675109463
0.37302707277
1.0
0.57873371631
0.373348911991
1.0
0.580491848432
0.374222420647
1.0
0.580464597287
0.373978847988
1.0
0.579902550455
0.37264734315
1.0
0.579728806393
0.372629880731
1.0
0.579728806393
0.372629880731
1.0
0.579804648198
0.37317704636
1.0
0.579873265598
0.373338270816
0.987677765019
0.580098360495
0.373310799992
0.987677765019
0.57984905819
0.374151624445
1.0
0.579322212227
0.372585566067
1.0
0.579328626129
0.372753758335
1.0
0.579646123409
0.37417439513
1.0
0.57961314814
0.373654143329
1.0
0.57961314814
0.373654143329
1.0
0.579796500556
0.373919985604
1.0
0.579477842741
0.373748296682
1.0
0.579796719316
0.373260292449
1.0
0.579958178399
0.372600252313
1.0
0.580107964439
0.372783143935
1.0
0.580112202415
0.372022008995
1.0
0.579739556779
0.372101085707
1.0
0.57953975307
0.373069790088
1.0
0.57989174887
0.372638736227
1.0
0.57989174887
0.372638736227
1.0
0.580074867066
0.371507462102
1.0
0.580539409753
0.372547283689
1.0
0.580340693595
0.371813575551
1.0
0.579946787873
0.37038100068
1.0
0.580142172813
0.369998341746
1.0
0.579936425314
0.369156919383
1.0
0.579650387244
0.369570368816
1.0
0.579650387244
0.369570368816
1.0
0.580110352948
0.370796505916
1.0
0.580176784357
0.369957923709
1.0
0.580495601951
0.369543298995
1.0
0.580565087465
0.369256185386
1.0
0.580502649501
0.369417956564
1.0
0.580726654039
0.368537353183
1.0
0.58072574515
0.368330652471
1.0
0.580775337156
0.36835568675
1.0
0.580811540672
0.368155350592
1.0
0.580909254895
0.367461013259
1.0
0.580909254895
0.367461013259
1.0
0.581215538451
0.367594194979
1.0
0.581317726348
0.365992850938
1.0
0.581488218446
0.365134294016
1.0
0.581536832504
0.365520345446
1.0
0.581710236792
0.364770039186
1.0
0.582053341426
0.363905233258
1.0
0.582053341426
0.363905233258
1.0
0.581734609862
0.363781938319
1.0
0.58169423446
0.363609370458
1.0
0.581668694414
0.362727163089
1.0
0.581549976789
0.362470720272
1.0
0.582165394187
0.362949758926
1.0
0.582403209826
0.361606505562
1.0
0.581957261429
0.361426766537
1.0
0.581960354533
0.360837079699
1.0
0.581960354533
0.360837079699
1.0
0.582231206162
0.361400707993
1.0
0.582549511958
0.360874002154
1.0
0.582918148483
0.362275879772
1.0
0.582905130149
0.361238069338
1.0
0.582815299199
0.361683624062
1.0
0.582742495145
0.361229527435
1.0
0.582770127494
0.361133203163
1.0
0.582592591429
0.362114005199
1.0
0.582041789859
0.360246576396
1.0
0.582041789859
0.360246576396
1.0
0.582267164477
0.35889229855
1.0
0.582467246978
0.359579740081
1.0
0.582325933558
0.360108458291
1.0
0.582874991982
0.3615177918
1.0
0.582942884543
0.361561323322
1.0
0.582476240607
0.360690476924
1.0
0.58240637107
0.359950922612
1.0
0.58240637107
0.359950922612
1.0
0.582406645021
0.360171037902
1.0
0.582340309726
0.360501956487
1.0
0.582261992661
0.361045863131
1.0
0.582218156643
0.360352303812
1.0
0.582449210884
0.360873304594
1.0
0.582385088636
0.360575366236
1.0
0.582651766593
0.360640409313
1.0
0.582568754149
0.360248237848
1.0
0.582568754149
0.360248237848
1.0
0.582358045288
0.359989946092
1.0
0.582259718207
0.359743514532
1.0
0.582382527585
0.36012788869
1.0
0.582415543785
0.359852603642
1.0
0.582645459234
0.35942288973
1.0
0.58255482064
0.359401062827
1.0
0.582613332451
0.360280432279
1.0
0.582704758516
0.359883737402
1.0
0.582704758516
0.359883737402
1.0
0.582506935501
0.359370257553
1.0
0.582356869039
0.359261938498
1.0
0.582927210714
0.359262296049
1.0
0.582885290819
0.359318791512
1.0
0.582310704563
0.358530101338
1.0
0.582236867088
0.359063782694
1.0
0.582336157683
0.360482942687
1.0
0.582296245226
0.360360737186
1.0
0.582296245226
0.360360737186
1.0
0.582562894221
0.360531224129
1.0
0.58267656589
0.360450519909
1.0
0.582959761391
0.361474753966
1.0
0.583064106328
0.361030166538
1.0
0.583241027546
0.361223233672
1.0
0.583165392066
0.361235163861
1.0
0.583262615373
0.35985798261
1.0
0.583316451945
0.359382733786
1.0
0.583500577849
0.360616347252
1.0
0.583500577849
0.360616347252
1.0
0.583607571263
0.360621065797
1.0
0.583466379474
0.361175674987
1.0
0.58367926662
0.36009546651
1.0
0.583423740682
0.359070264179
1.0
0.583323915469
0.35939980841
1.0
0.583897102215
0.36113782286
1.0
0.583763705319
0.360730798587
1.0
0.583763705319
0.360730798587
1.0
0.583854109432
0.360807509406
1.0
0.58397799296
0.361074366301
1.0
0.583941284763
0.359775558856
1.0
0.584200792822
0.359694519078
1.0
0.584168040503
0.359704402309
1.0
0.584117769333
0.359904583255
1.0
0.584560573733
0.361699899347
1.0
0.584727164453
0.360579632192
1.0
0.584727164453
0.360579632192
1.0
0.584505361102
0.359824212911
1.0
0.584386253633
0.359192570477
1.0
0.584915806683
0.36139391198
1.0
0.584962062258
0.361389529418
1.0
0.585210687593
0.362839995023
1.0
0.585433719917
0.36280328441
1.0
0.585693730311
0.362283795777
1.0
0.585408826503
0.363209539278
1.0
0.585408826503
0.363209539278
1.0
0.585387623465
0.363442710357
1.0
0.585586968088
0.36303213056
1.0
0.585779855971
0.36319931622
1.0
0.585666168693
0.36350654764
1.0
0.585357512403
0.363293095245
1.0
0.585443198298
0.362450286113
1.0
0.585735031487
0.363492992092
1.0
0.585802264381
0.363557220545
1.0
0.585802264381
0.363557220545
1.0
0.585719138705
0.36441559127
1.0
0.585627085437
0.364507968445
1.0
0.5858735485
0.363996919941
1.0
0.585733732943
0.364478559463
1.0
0.585816501816
0.365154833332
1.0
0.58584369667
0.365511738324
1.0
0.585642933215
0.367300814515
1.0
0.585649226275
0.367198784196
1.0
0.585254640651
0.367438506133
1.0
0.585254640651
0.367438506133
1.0
0.585138436942
0.367901551116
1.0
0.585257746693
0.368046163414
1.0
0.58537202683
0.368526549516
1.0
0.585149123539
0.369880247204
1.0
0.585133253779
0.369401673601
1.0
0.585009553181
0.369025667878
1.0
0.584774936575
0.370150666459
1.0
0.584774936575
0.370150666459
1.0
0.584834165858
0.371905447991
1.0
0.584783752255
0.373206174283
1.0
0.584689495478
0.374137519086
1.0
0.584773702154
0.375046020342
1.0
0.584649731679
0.376305458017
1.0
0.584747771935
0.377139828652
1.0
0.584844155675
0.379462109879
1.0
0.584549269502
0.381814006771
1.0
0.584549269502
0.381814006771
1.0
0.58450557802
0.383694391156
1.0
0.584324963851
0.385889818444
1.0
0.584257906163
0.388167182523
1.0
0.584296477072
0.389202941356
1.0
0.584350061285
0.391951213498
1.0
0.584420757566
0.394354020433
1.0
0.584341007516
0.395902047662
1.0
0.58405403963
0.398437688011
1.0
0.58405403963
0.398437688011
1.0
0.583319947712
0.398441752755
1.0
0.582944242803
0.402133033858
1.0
0.583082088301
0.404419504982
1.0
0.582989426085
0.405980963642
1.0
0.583516665682
0.409677893455
1.0
0.583409053713
0.412581538322
1.0
0.583485210536
0.415095963958
1.0
0.58361085988
0.417379726002
1.0
0.58361085988
0.417379726002
1.0
0.58382526658
0.419476359283
1.0
0.583857730497
0.422209431014
1.0
0.583982644816
0.42487536048
1.0
0.583874959127
0.426590660858
1.0
0.584149672077
0.428752364606
1.0
0.584267788495
0.431648913736
1.0
0.583866221104
0.432644019504
1.0
0.584185071997
0.434990973312
1.0
0.584185071997
0.434990973312
1.0
0.584612432422
0.43729369713
1.0
0.584858765945
0.440365106286
1.0
0.585083666815
0.442028432603
1.0
0.585687274455
0.444178537312
1.0
0.585045257366
0.445034538239
1.0
0.585485114825
0.447383551075
1.0
0.585042352972
0.447643521374
1.0
0.585414722374
0.449317346628
1.0
0.585414722374
0.449317346628
1.0
0.585028545628
0.449821679466
1.0
0.585410273342
0.45180920936
1.0
0.584947416118
0.453191585415
1.0
0.584977191188
0.454723616031
1.0
0.584305323766
0.454545965036
1.0
0.584577211916
0.456029916426
1.0
0.5843933181
0.456495818872
1.0
0.584425247435
0.457742831422
1.0
0.584425247435
0.457742831422
1.0
0.583675199619
0.457821181223
1.0
0.583729738416
0.459208572942
1.0
0.583122965368
0.458174902774
1.0
0.583021419366
0.458959875035
1.0
0.583011836492
0.460509888761
1.0
0.582742114561
0.460368864693
1.0
0.581939088472
0.460243830828
1.0
0.581473056494
0.461639091041
1.0
0.581473056494
0.461639091041
1.0
0.581053701852
0.461668298766
1.0
0.580765454796
0.462773774176
1.0
0.579942951072
0.461715138307
1.0
0.579653511127
0.46196340527
1.0
0.57905834507
0.461705031457
1.0
0.578792717212
0.462967728922
1.0
0.578610267727
0.464096598735
1.0
0.578684160631
0.4653675287
1.0
0.578684160631
0.4653675287
1.0
0.578614929656
0.465963442652
1.0
0.578085402509
0.466696890687
1.0
0.577558672123
0.466962563577
1.0
0.577622340905
0.467574899408
1.0
0.57702659621
0.466943346204
1.0
0.577226340011
0.467984933977
1.0
0.576958788004
0.467931963833
1.0
0.576643502351
0.469472313672
1.0
0.576643502351
0.469472313672
1.0
0.576170233157
0.468448578919
1.0
0.576091828076
0.468691002749
1.0
0.5755683949
0.468085751541
1.0
0.575475595639
0.468367466008
1.0
0.574888120823
0.467143819691
1.0
0.57480689064
0.467352544666
1.0
0.574837149397
0.466754805903
1.0
0.574950222696
0.466876613927
1.0
0.574950222696
0.466876613927
1.0
0.574312575108
0.4650191028
1.0
0.573931780841
0.4655618254
1.0
0.573872054521
0.464722571532
1.0
0.574134205553
0.464431595104
1.0
0.573740741285
0.462497300812
1.0
0.573843029135
0.461236418694
1.0
0.573759117905
0.459515851447
1.0
0.573704286769
0.457721652375
1.0
0.573704286769
0.457721652375
1.0
0.57327174877
0.456695382049
1.0
0.573241037973
0.455993991215
1.0
0.573437995465
0.454424207531
1.0
0.573945531875
0.451628126041
1.0
0.573764473544
0.44990639271
1.0
0.574092695592
0.448594881128
1.0
0.574491142751
0.44738041727
1.0
0.575059560936
0.445161222171
1.0
0.575059560936
0.445161222171
1.0
0.575556813139
0.44456187115
1.0
0.575937790616
0.441623178505
1.0
0.576229224136
0.440397245806
1.0
0.576870339986
0.438281479911
1.0
0.5770260026
0.437891663155
1.0
0.577685717646
0.435057413462
1.0
0.578206813938
0.434552572439
1.0
0.578755234688
0.431942270963
1.0
0.578755234688
0.431942270963
1.0
0.578950784922
0.430797049634
1.0
0.579777574085
0.428252847234
1.0
0.580125266665
0.42795370104
1.0
0.580875666741
0.425488293623
1.0
0.580910110461
0.423650291224
1.0
0.581671358945
0.420866321402
1.0
0.5812102727
0.419853517743
1.0
0.5816960314
0.41777704741
1.0
0.5816960314
0.41777704741
1.0
0.579538006225
0.417000265481
1.0
0.580055888941
0.414499029497
1.0
0.575953054094
0.411811546723
1.0
0.576643196924
0.40915127106
0.99
0.567076769647
0.404372246724
0.99
0.567568899285
0.402491203278
0.913600350883
0.565884401979
0.400623681559
0.913600350883
0.563827793791
0.400792858132
0.913600350883
0.563827793791
0.400792858132
0.96201428255
0.561800660631
0.400100162563
0.96201428255
0.554070215634
0.408112544156
0.99
0.552289819635
0.407783643479
