0.99
0.498252696928
0.695226340135
0.99
0.547624339682
0.726362614027
1.0
0.545870900609
0.729220731919
1.0
0.545870900609
0.729220731919
1.0
0.544887673322
0.728281734474
1.0
0.543588242539
0.726378235342
1.0
0.517687809544
0.655365802246
1.0
0.517407549547
0.655017121299
1.0
0.517171712088
0.654308572223
1.0
0.517066786027
0.654095256796
1.0
0.517066786027
0.654095256796
1.0
0.517179094419
0.653815307121
1.0
0.517342031744
0.652914827324
1.0
0.517342031744
0.652914827324
1.0
0.517177031685
0.651740424989
1.0
0.517135953771
0.651872328409
1.0
0.517278457579
0.652093548408
0.99
0.459366827241
0.572053944359
0.99
0.459366827241
0.572053944359
1.0
0.461527543601
0.574964391951
1.0
0.46192197631
0.575907347781
1.0
0.46319710528
0.578692357385
1.0
0.463533845947
0.578575024675
1.0
0.463810901975
0.578403410539
1.0
0.464551903253
0.579447867704
1.0
0.464979193116
0.580169719532
1.0
0.464928092515
0.579599746766
1.0
0.465033132326
0.579417290559
1.0
0.464812578985
0.578822469242
1.0
0.464812578985
0.578822469242
