0.99
0.584387043718
0.291003138754
0.99
0.583977800215
0.290444804575
1.0
0.58306860288
0.287414311885
1.0
0.58306860288
0.287414311885
1.0
0.582791117386
0.286363097722
1.0
0.581643078061
0.287086959979
1.0
0.581603690194
0.287108957143
1.0
0.581470858737
0.288619119822
1.0
0.581474487993
0.288301901032
1.0
0.581160622247
0.289935440411
0.970674475062
0.581196401259
0.291072615192
0.970674475062
0.581196401259
0.291072615192
0.970674475062
0.581271697562
0.292193854656
1.0
0.580929425686
0.292450957938
1.0
0.580919602911
0.293699616571
1.0
0.580895901153
0.295149367917
1.0
0.580613852529
0.296184542836
0.991123288434
0.580077821443
0.296082703
0.991123288434
0.579806896244
0.296600019866
1.0
0.580087523859
0.29690410214
1.0
0.580087523859
0.29690410214
1.0
0.579716543128
0.299095622893
1.0
0.579594544286
0.299003671053
1.0
0.57958294316
0.299224837972
1.0
0.579525589119
0.299086892082
1.0
0.579520773344
0.300224318544
1.0
0.579854136821
0.300665747507
1.0
0.579419816643
0.301257565864
1.0
0.580662456992
0.303981100141
1.0
0.580662456992
0.303981100141
1.0
0.580505195574
0.305302103245
1.0
0.592795489196
0.330711787332
1.0
0.592447285923
0.331874836017
1.0
0.59273459809
0.331884375101
1.0
0.592676274493
0.332603567314
1.0
0.592676274493
0.332603567314
1.0
0.593865445972
0.336635658203
1.0
0.594574074232
0.340582877591
0.825130306453
0.594702552318
0.343602823334
0.825130306453
0.595628849318
0.346585709423
0.99
0.602582367734
0.354030271995
0.99
0.602583171985
0.35336495732
1.0
0.604136528271
0.355276334099
1.0
0.604661322524
0.357006082965
1.0
0.605372519344
0.358202280597
1.0
0.60502976414
0.358194594343
1.0
0.60502976414
0.358194594343
1.0
0.604846317717
0.358566282391
1.0
0.604963620255
0.358738159224
1.0
0.604528531014
0.35977769491
1.0
0.60460285769
0.361118101411
1.0
0.604865990951
0.361207681783
1.0
0.605011257519
0.36159821405
1.0
0.605011257519
0.36159821405
1.0
0.604770590944
0.361903153569
1.0
0.604408639865
0.362000532574
1.0
0.60436827319
0.362753572982
1.0
0.604633796358
0.363194180996
1.0
0.604591239994
0.363667519445
1.0
0.604276252692
0.362995100966
1.0
0.604371550751
0.363315347449
1.0
0.604340491365
0.363901078048
1.0
0.604340491365
0.363901078048
1.0
0.604115226409
0.364524002984
1.0
0.604189380216
0.365187008979
1.0
0.604224515742
0.364762531094
1.0
0.603787608558
0.364410096747
1.0
0.603731579157
0.364897847611
1.0
0.603957980886
0.366704773148
1.0
0.603882723908
0.367711446938
1.0
0.60346677156
0.367313354904
1.0
0.60346677156
0.367313354904
1.0
0.603319195439
0.367755985911
1.0
0.604837346351
0.370073212656
1.0
0.604475809048
0.371115705545
1.0
0.608745584786
0.374022050138
1.0
0.608840196139
0.374444796626
1.0
0.612708905558
0.378771545192
1.0
0.6123429324
0.37944882114
1.0
0.61493295504
0.38193755352
1.0
0.61493295504
0.38193755352
1.0
0.615172699531
0.381945388939
1.0
0.615451610293
0.383289327975
1.0
0.617522417011
0.381399838877
1.0
0.617443538013
0.382029684906
1.0
0.619689771686
0.379505550812
1.0
0.619233142191
0.379871859666
1.0
0.622204599472
0.377502337168
1.0
0.621647150728
0.37618658004
1.0
0.623925326321
0.374418490917
1.0
0.624166666187
0.376018217622
1.0
0.624166666187
0.376018217622
1.0
0.624719125288
0.375561787673
1.0
0.624416158107
0.374983153223
1.0
0.624137354194
0.375408324799
1.0
0.623977851841
0.376111574665
1.0
0.623880432476
0.376346949149
1.0
0.623310235108
0.374875711533
1.0
0.623310235108
0.374875711533
1.0
0.623169554195
0.374956026515
1.0
0.623254342389
0.375441855576
1.0
0.623236729915
0.375717704047
1.0
0.623360499104
0.376109246675
1.0
0.623040599643
0.376256716792
1.0
0.623012822226
0.377240245661
1.0
0.623194973991
0.378146922171
1.0
0.623156823604
0.378927302551
1.0
0.623156823604
0.378927302551
1.0
0.62305758578
0.37896539791
1.0
0.623147401273
0.378639830144
1.0
0.623161331536
0.378681731162
1.0
0.623114043917
0.379142140929
1.0
0.622958065602
0.379951573798
1.0
0.622955218961
0.379579447402
1.0
0.622954019234
0.379775797454
1.0
0.622742883956
0.379619965093
1.0
0.62272433814
0.379738620221
1.0
0.62272433814
0.379738620221
1.0
0.622740238152
0.379611320602
1.0
0.622699888618
0.37972597261
1.0
0.622667904958
0.379558522497
1.0
0.622757576221
0.379698426455
1.0
0.622784209939
0.379591049322
1.0
0.622937812597
0.379522461894
1.0
0.622807800619
0.379436575331
1.0
0.622807800619
0.379436575331
1.0
0.622682254061
0.379888135296
1.0
0.622598944593
0.379944257982
1.0
0.622548518993
0.379876559294
1.0
0.622323945784
0.379296904604
1.0
0.622282657408
0.379173486164
1.0
0.622453806716
0.379448435196
1.0
0.6224332935
0.379261599268
1.0
0.622479847767
0.379044159298
1.0
0.622479847767
0.379044159298
1.0
0.62240160935
0.379107264243
1.0
0.622461242248
0.379150557331
1.0
0.622333749253
0.379156503409
1.0
0.622473527248
0.378979200813
1.0
0.622465840342
0.379336110474
1.0
0.622574243001
0.380061694493
1.0
0.622541684302
0.3800846978
1.0
0.622549342699
0.380510940498
1.0
0.622549342699
0.380510940498
1.0
0.62245532042
0.38025714573
1.0
0.622305801613
0.379948990723
1.0
0.622368304043
0.379442681342
1.0
0.622626146403
0.379723796883
1.0
0.622551368819
0.3798227382
1.0
0.622515590451
0.379396600248
1.0
0.62242241528
0.379205731158
1.0
0.622239273916
0.37840777439
1.0
0.622239273916
0.37840777439
1.0
0.622413907805
0.378038685957
1.0
0.622543824332
0.377220271471
1.0
0.62253033751
0.37690116598
1.0
0.62246742362
0.376481461959
1.0
0.622491936981
0.376490907641
1.0
0.622713528734
0.377275496182
1.0
0.622431508376
0.377360965351
1.0
0.622169362418
0.376711716645
1.0
0.622354767067
0.376181206276
1.0
0.622354767067
0.376181206276
1.0
0.622536276753
0.376546861149
1.0
0.62261329833
0.376381146756
1.0
0.622678527995
0.376025974555
1.0
0.622563784577
0.375412118374
1.0
0.622763441697
0.375627214497
1.0
0.622767212955
0.375266208325
1.0
0.622640533153
0.375215880872
1.0
0.622640533153
0.375215880872
1.0
0.622408897246
0.375269722923
1.0
0.622372977333
0.375183504814
1.0
0.622583812752
0.374721966691
1.0
0.622509141605
0.373979765771
1.0
0.622534541219
0.37391686058
1.0
0.622568063084
0.373886222766
1.0
0.622403469124
0.373966066354
1.0
0.622332694692
0.373167374795
1.0
0.622332694692
0.373167374795
1.0
0.622360533683
0.373268761944
1.0
0.622377352232
0.372873169182
1.0
0.622184004178
0.373070537123
1.0
0.622266851161
0.373634712424
1.0
0.622318743256
0.37332622458
1.0
0.622523175024
0.37367361756
1.0
0.622456447005
0.373405151897
1.0
0.61596606956
0.400765447227
1.0
0.61596606956
0.400765447227
1.0
0.615705020673
0.400639948376
1.0
0.615789380938
0.400139066262
1.0
0.615619001836
0.400047712712
1.0
0.615712883638
0.399573454299
1.0
0.61569862037
0.399155496848
1.0
0.61549818284
0.39899386242
1.0
0.615459506852
0.398648321231
1.0
0.615347739265
0.396887808924
1.0
0.615347739265
0.396887808924
1.0
0.615107301276
0.397048312924
1.0
0.615000409281
0.397228663264
1.0
0.614881721379
0.397144404892
1.0
0.614793651144
0.397710990875
1.0
0.614812792824
0.397670713203
1.0
0.613909656017
0.398970872894
1.0
0.613665009546
0.398420665172
1.0
0.612609117517
0.40091554023
1.0
0.612609117517
0.40091554023
1.0
0.612546689802
0.400132250189
1.0
0.611799281899
0.402279167669
1.0
0.611604585928
0.402643679206
1.0
0.611628241529
0.402934368436
1.0
0.610115187292
0.405682933582
1.0
0.610312833804
0.405600976848
1.0
0.608394539755
0.412411645885
1.0
0.608286510244
0.411348843398
1.0
0.608286510244
0.411348843398
1.0
0.606415082575
0.418952436568
1.0
0.607131044859
0.41931519575
1.0
0.607281020618
0.421807998623
1.0
0.60708166813
0.421688754706
1.0
0.607991707397
0.420630118061
1.0
0.608161018239
0.420004471349
1.0
0.608464744769
0.419199382675
1.0
0.608807437987
0.419619126192
1.0
0.608807437987
0.419619126192
1.0
0.608827352255
0.418843009472
1.0
0.608958127047
0.418650994541
1.0
0.609245126148
0.417492055308
1.0
0.60904559074
0.416301290198
1.0
0.609093967283
0.415604635973
1.0
0.609052426934
0.414789743645
1.0
0.609122649873
0.413738572899
1.0
0.609089205483
0.413846113171
1.0
0.609089205483
0.413846113171
1.0
0.609149627711
0.413745736467
1.0
0.609291002711
0.41313923398
1.0
0.609559021202
0.411652005157
1.0
0.609340721912
0.41086918389
1.0
0.609464549321
0.410353913945
1.0
0.609484834987
0.409746013789
1.0
0.609563196041
0.409359709181
1.0
0.609916798495
0.41018717227
1.0
0.609916798495
0.41018717227
1.0
0.610167278612
0.409877424077
1.0
0.610146862407
0.409699311163
1.0
0.610052949298
0.409097867211
1.0
0.609902212971
0.408583265433
1.0
0.610060721087
0.408411803201
1.0
0.609910723834
0.408055376513
1.0
0.609898660339
0.407841740618
1.0
0.609898660339
0.407841740618
1.0
0.610026252056
0.407392872917
1.0
0.609855010191
0.406952515657
1.0
0.609561161916
0.405766759944
1.0
0.609509136821
0.405359731124
1.0
0.609353570749
0.404707670517
1.0
0.609586532996
0.404130411681
1.0
0.609936412219
0.405615507671
1.0
0.610018229157
0.405357579695
1.0
0.609869613952
0.40416338153
1.0
0.609869613952
0.40416338153
1.0
0.610126664104
0.40299544444
1.0
0.610233023238
0.403360432632
1.0
0.610019898668
0.403376242581
1.0
0.610089189936
0.403053964026
1.0
0.610029596549
0.403221448783
1.0
0.609811967693
0.402630856178
1.0
0.609729552138
0.402576811558
1.0
0.609925980087
0.403402032715
1.0
0.609925980087
0.403402032715
1.0
0.610086691273
0.40342711082
1.0
0.610021214126
0.403423714491
1.0
0.609912581331
0.4043003292
1.0
0.609752081805
0.404210992268
1.0
0.609665496523
0.403889694489
1.0
0.609341735669
0.402652278735
1.0
0.609082581095
0.402014168238
1.0
0.609186018778
0.401913916656
1.0
0.609186018778
0.401913916656
1.0
0.609196819053
0.402575627429
1.0
0.609978072433
0.403572518595
1.0
0.610085702201
0.403151257244
1.0
0.612026869839
0.407800134347
1.0
0.611934336336
0.407212981485
1.0
0.614462241076
0.413634934647
1.0
0.614414626264
0.414419785774
1.0
0.615729991772
0.418939218874
1.0
0.615729991772
0.418939218874
1.0
0.615924309835
0.41894425114
1.0
0.615900782302
0.420343398002
1.0
0.616398007957
0.422905611443
1.0
0.615893957182
0.42120496622
1.0
0.617097635011
0.424705765106
1.0
0.61706246977
0.424696212083
1.0
0.618639160404
0.427895034928
1.0
0.618854126089
0.427689360849
1.0
0.618854126089
0.427689360849
1.0
0.620227266111
0.42934006893
1.0
0.620324748307
0.429535514085
1.0
0.620652822399
0.430089302126
1.0
0.620505628528
0.429692611778
1.0
0.620264056147
0.428826270732
1.0
0.62036740898
0.428737856802
1.0
0.620470373482
0.428375957478
1.0
0.620386804026
0.428491873883
1.0
0.620386804026
0.428491873883
1.0
0.620303325476
0.428406429585
1.0
0.620156166239
0.428028641577
1.0
0.620226041728
0.427812997114
1.0
0.620335211153
0.428027888001
1.0
0.620270863887
0.427934282337
1.0
0.62015993609
0.427570319277
1.0
0.620107713818
0.427662630361
1.0
0.620361035742
0.427921935647
1.0
0.620361035742
0.427921935647
1.0
0.620260115592
0.427528896226
1.0
0.620006948981
0.426643848881
1.0
0.61992752159
0.426781929466
1.0
0.619888502277
0.426912655809
1.0
0.620069698897
0.426826053718
1.0
0.620379710056
0.426370292039
1.0
0.620382187635
0.425917012725
1.0
0.620116831606
0.424734266102
1.0
0.620116831606
0.424734266102
1.0
0.62000229841
0.425192527909
1.0
0.619934711235
0.424678975566
1.0
0.619939639893
0.424455339049
1.0
0.620224903222
0.425241546798
1.0
0.620325111391
0.424639433925
1.0
0.62029972505
0.424960549579
1.0
0.620186168356
0.425402807192
1.0
0.620708716664
0.425409928785
1.0
0.620708716664
0.425409928785
1.0
0.620981982754
0.424571318183
1.0
0.620772172503
0.424218056639
1.0
0.620749691254
0.423960673412
1.0
0.620876502597
0.423254230253
1.0
0.621074821629
0.422092242326
1.0
0.621235247934
0.422594766608
1.0
0.621559623542
0.422450903664
1.0
0.621539514811
0.422323190615
1.0
0.621539514811
0.422323190615
1.0
0.621590087272
0.422068324207
1.0
0.621844665051
0.421992541202
1.0
0.621808215947
0.42205743253
1.0
0.621548242688
0.421373010708
1.0
0.621517928798
0.420652170776
1.0
0.621717435422
0.420984421927
1.0
0.622011468773
0.421052057134
1.0
0.62229731549
0.421931693802
1.0
0.62229731549
0.421931693802
1.0
0.622362729497
0.421211690592
1.0
0.622452963609
0.420527102375
1.0
0.622653575354
0.420571896972
1.0
0.622814847955
0.420737951759
1.0
0.622703889961
0.420198396388
1.0
0.622757652346
0.420263720016
1.0
0.623101091829
0.419999162574
1.0
0.622963220901
0.419187635607
1.0
0.622963220901
0.419187635607
1.0
0.623101235898
0.418702509264
1.0
0.623232860177
0.419577275115
1.0
0.623301928796
0.419355667972
1.0
0.62336796083
0.418333296001
1.0
0.623565181129
0.418089752088
1.0
0.623629164468
0.418418207141
1.0
0.623694786948
0.417981746246
1.0
0.623966170928
0.418150242076
1.0
0.623966170928
0.418150242076
1.0
0.624115527824
0.417836350829
1.0
0.624082918444
0.417873570284
1.0
0.624200075959
0.417812514372
1.0
0.624049778532
0.417364932957
1.0
0.624180450794
0.417081662343
1.0
0.623959030997
0.416042719972
1.0
0.623866105574
0.416274344926
1.0
0.624161155893
0.41716661769
1.0
0.624161155893
0.41716661769
1.0
0.624086208378
0.416785212979
1.0
0.624052562659
0.41669856249
1.0
0.62426689954
0.416386244296
1.0
0.624026065096
0.415519282627
1.0
0.624057713148
0.415423016969
1.0
0.624192143001
0.415145113566
1.0
0.624191053856
0.415097631067
1.0
0.624156676793
0.414815200104
