1.0
0.656832398078
0.873055066142
1.0
0.656028159462
0.873349560158
1.0
0.655736436354
0.873841732448
1.0
0.655146799726
0.873437207758
1.0
0.654639840824
0.874195388067
1.0
0.653748517646
0.872930283861
1.0
0.653315146318
0.874001251725
1.0
0.65232388306
0.873762852163
0.908434135581
0.650040257886
0.874047454241
0.908434135581
0.648902379141
0.873963711962
0.908434135581
0.648902379141
0.873963711962
1.0
0.649483646592
0.875447211576
1.0
0.648959206969
0.874686435989
1.0
0.648388980778
0.875619751892
1.0
0.647938217477
0.875597055219
1.0
0.64720006442
0.876690439216
1.0
0.646055389966
0.875696550713
1.0
0.645416065292
0.877148947626
1.0
0.645416065292
0.877148947626
1.0
0.644400525721
0.875960445428
1.0
0.643624465012
0.877307116992
1.0
0.642657446925
0.876292306975
1.0
0.641852985454
0.877539854594
1.0
0.64008478323
0.869931970084
1.0
0.639092011441
0.871020136462
0.99
0.634657317269
0.845068009168
0.99
0.633763600971
0.846125486237
0.99
0.626590462869
0.808614891849
0.99
0.626590462869
0.808614891849
0.99
0.625658789086
0.809734252882
0.99
0.620242559907
0.772563757062
0.99
0.619287705205
0.77028834274
0.99
0.609539171339
0.732573208143
0.99
0.609434079989
0.709488221629
0.99
0.598462375578
0.668546918145
0.911573622804
0.603946880522
0.607792018823
0.911573622804
0.595335083926
0.570757509449
0.911573622804
0.595335083926
0.570757509449
0.99
0.58840298936
0.530205121129
0.99
0.581647754456
0.50090247227
0.985993778186
0.577439251138
0.449823923798
0.985993778186
0.572581311621
0.423823317689
0.99
0.565351132814
0.381984778231
0.99
0.56360502746
0.373579982084
0.99
0.554665628553
0.344964567838
0.99
0.554665628553
0.344964567838
0.99
0.550294521329
0.321921008359
0.99
0.543224266315
0.294623806989
0.99
0.541825415439
0.291967385465
0.99
0.536583714738
0.271021631691
0.99
0.535911787557
0.271840091367
0.99
0.532308156545
0.255405052614
0.99
0.532215581108
0.25658653789
1.0
0.530030681931
0.252252942619
1.0
0.53025185453
0.253226815002
1.0
0.53025185453
0.253226815002
0.99
0.526079531006
0.245139242805
0.99
0.525654292852
0.246770975923
1.0
0.523733623357
0.249800162686
1.0
0.523122858549
0.251975464123
1.0
0.52265400585
0.253957036703
1.0
0.522877009624
0.25668347644
1.0
0.522504966288
0.257951456489
1.0
0.521757743236
0.258157814916
1.0
0.521757743236
0.258157814916
1.0
0.521322485677
0.260359627359
1.0
0.521162626123
0.262610093955
1.0
0.520396868194
0.264671642919
1.0
0.519856495244
0.263910735628
1.0
0.519016426798
0.266141952599
1.0
0.518825265718
0.266428268461
1.0
0.518101280304
0.26830877014
1.0
0.517457194136
0.267406441924
1.0
0.517457194136
0.267406441924
1.0
0.516760903092
0.269242707033
1.0
0.516525100515
0.271073054771
1.0
0.51593277159
0.273408438138
1.0
0.515565276367
0.273660111373
1.0
0.514668420493
0.275991141474
1.0
0.514189992151
0.275462256458
1.0
0.513641528705
0.277631994903
1.0
0.513028731562
0.279005457997
1.0
0.513028731562
0.279005457997
1.0
0.512563887075
0.279518458659
1.0
0.512099455868
0.278850819564
1.0
0.511551728822
0.281304367622
1.0
0.511220479976
0.282997265558
1.0
0.510652655213
0.284259760306
1.0
0.510250467332
0.285395797937
0.991531064135
0.509936083918
0.288074964227
0.991531064135
0.509936083918
0.288074964227
0.991531064135
0.508240158732
0.29215824775
1.0
0.50788789752
0.29270550061
1.0
0.504774902385
0.294161951949
1.0
0.504466231014
0.295392485103
0.99
0.494615027764
0.318250120947
0.99
0.494615027764
0.318250120947
0.971135767359
0.493846073694
0.321211231346
0.99
0.491604760634
0.325048606144
0.957566372113
0.490894838249
0.327057947886
0.957566372113
0.483757218136
0.343486007891
0.979901031834
0.482964312202
0.343320636078
0.979068137514
0.474557537902
0.362007844198
0.979068137514
0.474023819891
0.360480249575
0.987416308936
0.467525543048
0.37361530292
0.987416308936
0.467525543048
0.37361530292
