1.0
0.503150519457
0.391107021731
1.0
0.503354892381
0.391080500913
1.0
0.50300829069
0.391620610174
1.0
0.502865206893
0.391466348013
1.0
0.503104150552
0.39121046241
1.0
0.503071845425
0.391138481514
1.0
0.502959024797
0.390461952114
1.0
0.503014962337
0.390533530732
1.0
0.503014962337
0.390533530732
1.0
0.503078066792
0.390562131158
1.0
0.503033930996
0.390414984531
1.0
0.502988393073
0.39057002833
1.0
0.502922684939
0.390657192476
1.0
0.503164973632
0.390476333955
1.0
0.503348290852
0.390280789348
1.0
0.503348290852
0.390280789348
1.0
0.5031297325
0.389631313191
1.0
0.502983701212
0.389678985165
1.0
0.50293118327
0.390132822437
1.0
0.502749918034
0.389870171887
1.0
0.502747919968
0.389459417722
1.0
0.502944516513
0.389328454793
1.0
0.502866495336
0.389582432203
1.0
0.503288618749
0.389561520777
1.0
0.503277652694
0.389436409087
1.0
0.503277652694
0.389436409087
1.0
0.502932260111
0.389401934212
1.0
0.503310254758
0.389112482955
1.0
0.503182242222
0.389088920515
1.0
0.502723964636
0.389059130426
1.0
0.502757611996
0.388849115216
1.0
0.502752580966
0.388804127958
1.0
0.502787982859
0.388875574818
1.0
0.503024999264
0.388460371026
1.0
0.503024999264
0.388460371026
1.0
0.502821671833
0.387873394372
1.0
0.502837445204
0.387752856733
1.0
0.502840263296
0.387988423176
1.0
0.502680945373
0.387940227865
1.0
0.502438740409
0.38758683264
1.0
0.502682999775
0.387422449381
1.0
0.503365268246
0.387224959238
1.0
0.50320791622
0.38718400205
1.0
0.50320791622
0.38718400205
1.0
0.502994842468
0.387395549697
1.0
0.502719820192
0.387616368132
1.0
0.50256183621
0.387197197491
1.0
0.502725756557
0.386986361382
1.0
0.502497665638
0.386874520418
1.0
0.502663408493
0.386601163088
1.0
0.503006622104
0.386701857233
1.0
0.503006622104
0.386701857233
1.0
0.502850525494
0.386761994169
1.0
0.50275177094
0.386629637222
1.0
0.502850439407
0.386831369268
1.0
0.502789477226
0.386523564477
1.0
0.502832787549
0.385811766445
1.0
0.502674189856
0.385831543574
1.0
0.502508357909
0.385997429916
1.0
0.502537853185
0.386205640021
1.0
0.502554588366
0.385892005725
1.0
0.502554588366
0.385892005725
1.0
0.502849585011
0.385632946292
1.0
0.502774134174
0.38572475341
1.0
0.502851461894
0.385769695878
1.0
0.503109075762
0.385177630258
1.0
0.503119138563
0.385082454852
1.0
0.503343403962
0.385161752745
1.0
0.503343403962
0.385161752745
1.0
0.503442163838
0.385232788789
1.0
0.503256353685
0.38480032438
1.0
0.503299004456
0.384838705154
1.0
0.502933898818
0.384601567735
1.0
0.502938903724
0.384660063148
1.0
0.503325108643
0.384500476043
1.0
0.503178396083
0.384455913573
1.0
0.503179844565
0.384406164415
1.0
0.503159879027
0.384140844497
1.0
0.503045219116
0.384030035067
1.0
0.503045219116
0.384030035067
1.0
0.503724752215
0.384614732703
1.0
0.504073986478
0.384272959009
1.0
0.504080818689
0.384445722147
1.0
0.503814617155
0.384974623187
1.0
0.503618967151
0.384948669422
1.0
0.503428953571
0.38481700859
1.0
0.503273635278
0.384765558221
1.0
0.503352798934
0.385071941304
1.0
0.503352798934
0.385071941304
1.0
0.503396545893
0.385235559865
1.0
0.503462307177
0.385663704549
1.0
0.50344421743
0.3856784004
1.0
0.503591054
0.385733899951
1.0
0.50385338925
0.386023792546
1.0
0.503963128215
0.386019689551
1.0
0.504049878663
0.386401020924
1.0
0.504049878663
0.386401020924
1.0
0.503828343585
0.387194431289
1.0
0.504161744625
0.387311009319
1.0
0.50401046811
0.3867681797
1.0
0.503819480613
0.386948623265
1.0
0.503892494349
0.387463178618
1.0
0.504040000199
0.387554978329
1.0
0.504196112784
0.387707128265
1.0
0.504089484355
0.38807271938
1.0
0.503961600053
0.388664963095
1.0
0.503961600053
0.388664963095
1.0
0.503770404024
0.388923876277
1.0
0.504012383712
0.388817541251
1.0
0.504559366412
0.38954205579
1.0
0.504128817013
0.390027658127
1.0
0.503908113803
0.389978635034
1.0
0.504237318682
0.390648001037
1.0
0.504357885801
0.391087429512
1.0
0.503943549695
0.39159779704
1.0
0.503943549695
0.39159779704
1.0
0.504072168291
0.392390562483
1.0
0.50445897356
0.392573192768
1.0
0.504500099968
0.392955223901
1.0
0.504337868362
0.393336930174
1.0
0.504479412341
0.393790038509
1.0
0.504766977941
0.3942492164
1.0
0.504970562601
0.395013892561
1.0
0.504970562601
0.395013892561
1.0
0.504948664746
0.395586390899
1.0
0.505046931755
0.396257762504
1.0
0.504948019931
0.397689054722
1.0
0.504960085728
0.398453070365
1.0
0.50516744379
0.398663290439
1.0
0.505381022353
0.399635834888
1.0
0.505651891648
0.40072923262
1.0
0.505781874189
0.401643847945
1.0
0.505781874189
0.401643847945
1.0
0.50571512666
0.402410442936
1.0
0.506158857929
0.402913233
1.0
0.506191445292
0.403712471408
1.0
0.506461362614
0.405292947911
1.0
0.50684855773
0.406684097067
1.0
0.506905011049
0.407528090314
1.0
0.506770189043
0.4088442337
1.0
0.50700802604
0.409682546696
1.0
0.507049207294
0.410601787215
1.0
0.507049207294
0.410601787215
1.0
0.507345093696
0.411989900217
1.0
0.507620304037
0.4128257218
1.0
0.507917125573
0.413602389137
1.0
0.508115471373
0.414892956128
1.0
0.508713018453
0.416539289269
1.0
0.509085330557
0.417067780119
1.0
0.509776361835
0.418694472214
1.0
0.510067623752
0.420817925199
1.0
0.510067623752
0.420817925199
1.0
0.510738606013
0.422242490256
1.0
0.510558803397
0.423381761705
1.0
0.511145990441
0.424460467148
1.0
0.511722391356
0.425726068176
1.0
0.51242355264
0.427822177035
1.0
0.513123324099
0.428120524073
1.0
0.514638811223
0.430137070421
1.0
0.515165632315
0.431189736085
1.0
0.515165632315
0.431189736085
1.0
0.519404962563
0.435843965915
1.0
0.520177296302
0.436406858128
0.99
0.527206127959
0.444914298563
0.99
0.527705357353
0.446578276019
1.0
0.528972048283
0.450933891105
1.0
0.529568732557
0.45146111841
1.0
0.53057363854
0.454308706823
1.0
0.532846642442
0.453440287367
1.0
0.532846642442
0.453440287367
1.0
0.533126686098
0.454687971122
1.0
0.537446371531
0.452313370669
1.0
0.537874616655
0.453722938777
1.0
0.542237739871
0.452932931923
1.0
0.542570535172
0.453900881015
1.0
0.54453573676
0.457585140906
1.0
0.544706375947
0.458539196535
1.0
0.544706375947
0.458539196535
1.0
0.545206278486
0.461506073217
1.0
0.545458836797
0.462883389762
1.0
0.546044319242
0.46370932345
1.0
0.54577323319
0.465274798728
1.0
0.546510999226
0.466465974051
1.0
0.546017614607
0.465978436504
1.0
0.546395338026
0.467105536892
1.0
0.546086850832
0.467979978078
1.0
0.546469595627
0.469229002883
1.0
0.546469595627
0.469229002883
1.0
0.546234732331
0.470210682429
1.0
0.546609676641
0.471897223463
1.0
0.546439730414
0.47238844713
1.0
0.546319901393
0.47422967325
1.0
0.546001734155
0.474097338235
1.0
0.546096828685
0.475648086818
1.0
0.545534048424
0.47509846789
1.0
0.545325123464
0.475918021636
1.0
0.545325123464
0.475918021636
1.0
0.54538209659
0.475135492387
1.0
0.545273619249
0.475839486645
1.0
0.544097535253
0.47495059496
1.0
0.543948215438
0.475950288183
1.0
0.543790835354
0.475430703505
1.0
0.54418411369
0.474192065877
1.0
0.543920539959
0.473176276825
1.0
0.543696659351
0.473490703484
1.0
0.543696659351
0.473490703484
1.0
0.543617034331
0.472855085665
1.0
0.543406631994
0.472570227247
1.0
0.543111036405
0.471845053957
1.0
0.543037944911
0.47095567146
1.0
0.543039209203
0.470724815855
1.0
0.5431631503
0.469936400095
1.0
0.543215929518
0.469748642672
1.0
0.543215929518
0.469748642672
1.0
0.543285527359
0.467973678011
1.0
0.543161936421
0.467753724842
1.0
0.543015984943
0.467034274006
1.0
0.542878785082
0.467428846361
1.0
0.543124603315
0.466852863381
1.0
0.542991170659
0.467042453459
1.0
0.543040847062
0.466838006861
1.0
0.542739178799
0.467386445871
1.0
0.542595537505
0.467581935532
1.0
0.542595537505
0.467581935532
1.0
0.540605105111
0.467636573636
1.0
0.540843809493
0.468097336654
0.949773251242
0.536886073874
0.467523164094
0.949773251242
0.536894549095
0.468916088722
1.0
0.533381758682
0.469302461231
1.0
0.533583717105
0.470486908764
1.0
0.530181005058
0.471742834727
1.0
0.530181005058
0.471742834727
1.0
0.52920442262
0.4747354981
1.0
0.527991321831
0.476737521291
1.0
0.523446311867
0.486156060059
1.0
0.522962469659
0.487541426824
1.0
0.51842433281
0.498098862376
1.0
0.517881858601
0.498322143803
1.0
0.513657808946
0.508859568524
1.0
0.513657808946
0.508859568524
1.0
0.513102879687
0.508787787512
1.0
0.509966818919
0.519095139242
1.0
0.509538198104
0.518532756914
1.0
0.509097258968
0.521955905827
1.0
0.508492734217
0.522311655868
1.0
0.508540753274
0.523583993279
1.0
0.508256941969
0.523282858977
1.0
0.508045531149
0.525290191739
1.0
0.507646098535
0.52468563895
1.0
0.507161393406
0.526363901149
1.0
0.507161393406
0.526363901149
1.0
0.50676528701
0.525581914151
1.0
0.506465303744
0.526365883362
1.0
0.506312327963
0.525624541987
1.0
0.506265601664
0.526155337759
1.0
0.505931821211
0.525302600464
1.0
0.50570782102
0.525755021164
1.0
0.505401878674
0.524124103555
1.0
0.505401878674
0.524124103555
1.0
0.505256961828
0.523832463649
1.0
0.504884217936
0.523160561083
1.0
0.504562974544
0.522908503009
1.0
0.504440025702
0.520912081002
1.0
0.504433541893
0.519693866246
1.0
0.503841847488
0.518819584105
1.0
0.504085948535
0.517538965119
1.0
0.504106473793
0.516198576582
1.0
0.504502131523
0.514474320934
1.0
0.504502131523
0.514474320934
1.0
0.504885054705
0.512627099037
1.0
0.504462582223
0.511289629559
1.0
0.504276897905
0.510617410871
1.0
0.504393881305
0.508275752975
1.0
0.504197130883
0.506314944375
1.0
0.504304686419
0.504263963672
1.0
0.504304686419
0.504263963672
1.0
0.504554037318
0.502955065921
1.0
0.504936380909
0.499633346834
1.0
0.505046025845
0.49834368042
1.0
0.505198766635
0.4960261939
1.0
0.505302428708
0.49462656676
1.0
0.505828270362
0.491536956474
1.0
0.505885418482
0.490536605921
1.0
0.506106101918
0.487876584157
1.0
0.506488861809
0.487239720519
1.0
0.506488861809
0.487239720519
1.0
0.506888495238
0.484045443024
1.0
0.506877998913
0.482729804518
1.0
0.507039080204
0.480651145002
1.0
0.507028605244
0.479486741985
1.0
0.507304737402
0.476685093856
1.0
0.507721631835
0.475639112804
1.0
0.507927349559
0.473419716722
1.0
0.508312112074
0.472968397571
1.0
0.508919131836
0.470970000757
1.0
0.508919131836
0.470970000757
1.0
0.509167976244
0.469974903016
1.0
0.509316581335
0.467292421339
1.0
0.509393963344
0.466466050248
1.0
0.509961306141
0.463373320247
1.0
0.510190961575
0.462332274931
1.0
0.510336855349
0.460459129099
1.0
0.508654841388
0.460099801986
1.0
0.509420433972
0.456677480438
1.0
0.509420433972
0.456677480438
1.0
0.507247803411
0.45763699502
1.0
0.507368565019
0.456221204782
1.0
0.506075211143
0.456981878924
1.0
0.506474064764
0.454532117175
1.0
0.506201025085
0.456776668443
1.0
0.505670791835
0.455803475337
1.0
0.505670791835
0.455803475337
1.0
0.506247427149
0.456243602954
1.0
0.50368579762
0.462697121427
1.0
0.5040074273
0.462229099918
1.0
0.501470989547
0.469889118167
1.0
0.501654993582
0.469718598653
1.0
0.500239219268
0.475341423206
1.0
0.500563370791
0.474844681462
1.0
0.500710401594
0.475638335483
1.0
0.500770500063
0.475510750829
1.0
0.500770500063
0.475510750829
1.0
0.501601023276
0.473421248167
1.0
0.502182946974
0.474062957351
1.0
0.502240222405
0.473427744951
1.0
0.502262317847
0.4734923437
1.0
0.502617572488
0.473285586557
1.0
0.503121141576
0.472546209106
1.0
0.503371702924
0.471392626113
1.0
0.503371702924
0.471392626113
1.0
0.503613772146
0.47163873968
1.0
0.503816765652
0.470883497543
1.0
0.50412140117
0.470802809942
1.0
0.504413703128
0.469672337678
1.0
0.504757032104
0.469534578824
1.0
0.505301237216
0.46874655062
1.0
0.505350522035
0.468700032807
1.0
0.505634111902
0.468051989812
1.0
0.506015658653
0.467707194641
1.0
0.506327168676
0.46652967397
1.0
0.506327168676
0.46652967397
1.0
0.506395624929
0.467417977201
1.0
0.506800474006
0.46692962944
1.0
0.50688562667
0.466735554358
1.0
0.506944226222
0.466167169579
1.0
0.507414536941
0.466458948467
1.0
0.50787542225
0.465527185697
1.0
0.50787542225
0.465527185697
1.0
0.507933451274
0.465439945569
1.0
0.50826108813
0.465038831695
1.0
0.50841353299
0.465027408741
1.0
0.50862642562
0.464505422551
1.0
0.509002331987
0.464629397281
1.0
0.509261559929
0.46408715391
1.0
0.509422120454
0.464095745185
1.0
0.509819784883
0.463587616208
1.0
0.509971367579
0.463594731697
1.0
0.509971367579
0.463594731697
1.0
0.51014190387
0.463265893799
1.0
0.510203261492
0.463511590749
1.0
0.510552844451
0.462817811664
1.0
0.510567931502
0.462804254616
1.0
0.511241675635
0.461604063582
1.0
0.511626170818
0.461973029478
1.0
0.51162787731
0.461475106738
1.0
0.511743906968
0.461538437912
1.0
0.512064496801
0.461828052622
1.0
0.512064496801
0.461828052622
1.0
0.512025048818
0.461732112589
1.0
0.512388272572
0.461488707983
1.0
0.512526355791
0.461443451347
1.0
0.512479112898
0.461287234048
1.0
0.51256865448
0.461399180159
1.0
0.512941017167
0.461270791359
1.0
0.512941017167
0.461270791359
1.0
0.512861151339
0.461079141999
1.0
0.512941118558
0.461003366207
1.0
0.513177587956
0.461185412732
1.0
0.513636241268
0.460180523781
1.0
0.514059617992
0.460872162853
1.0
0.513958311562
0.460657114079
1.0
0.513597497971
0.460170471869
1.0
0.513947789393
0.460474203216
1.0
0.514205933116
0.460759631781
1.0
0.514205933116
0.460759631781
1.0
0.51427931974
0.460268660552
1.0
0.514512726322
0.46038846036
1.0
0.514646391992
0.460563614527
1.0
0.514593757788
0.460875441916
1.0
0.514788743143
0.460288160434
1.0
0.514683354083
0.459882839965
1.0
0.514711059066
0.46009579376
1.0
0.514666738765
0.459394586865
1.0
0.514875917504
0.459782518799
1.0
0.514875917504
0.459782518799
1.0
0.51469793567
0.460257201565
1.0
0.51460449797
0.460273218761
1.0
0.515195758165
0.460878376652
1.0
0.51512790971
0.460740790656
1.0
0.514722398498
0.460072595888
1.0
0.514733244788
0.459507242332
1.0
0.51475989876
0.459005712769
1.0
0.51475989876
0.459005712769
1.0
0.515017095848
0.458234249202
1.0
0.515188368484
0.458849509863
1.0
0.514914074487
0.459281443837
1.0
0.515044431314
0.458617088742
1.0
0.515268444234
0.459708627182
1.0
0.515362066206
0.459534520238
1.0
0.5158640994
0.457430975104
1.0
0.515977917466
0.457372114343
1.0
0.515740248273
0.457023535798
1.0
0.515740248273
0.457023535798
1.0
0.515727954546
0.456841111742
1.0
0.515640401016
0.457192928502
1.0
0.515835412488
0.457664928231
1.0
0.516287455289
0.457179565423
1.0
0.516342265578
0.45661900895
1.0
0.516348640671
0.455540537413
1.0
0.516348640671
0.455540537413
1.0
0.51668181191
0.455352586538
1.0
0.51698330746
0.455080402311
1.0
0.516913998639
0.455024837295
1.0
0.517210437392
0.454519879305
1.0
0.517623492261
0.45429423911
1.0
0.517540046869
0.453585523755
1.0
0.517412775374
0.453748355555
1.0
0.517810741241
0.452557402531
1.0
0.517923811325
0.452299048058
1.0
0.517923811325
0.452299048058
1.0
0.518311597666
0.451989637378
1.0
0.51849361927
0.4522776706
1.0
0.518714611292
0.451383919903
1.0
0.519169643875
0.451740324063
1.0
0.519343348993
0.45134950119
1.0
0.519441799247
0.450749222318
1.0
0.519731615189
0.450390232153
1.0
0.519848238147
0.45036176072
1.0
0.519733910152
0.450108744205
1.0
0.519733910152
0.450108744205
1.0
0.520073891248
0.4500407684
1.0
0.520242503016
0.449353492178
1.0
0.520515394347
0.449507073904
1.0
0.520735783413
0.449102889301
1.0
0.521019350095
0.449246076305
1.0
0.521244248783
0.448490331005
1.0
0.521452180982
0.448620693872
1.0
0.521452180982
0.448620693872
1.0
0.521544810106
0.448519228278
1.0
0.521789550656
0.448319927982
1.0
0.522174082863
0.44672571818
1.0
0.522369451683
0.447268383895
1.0
0.522262413722
0.447776984086
1.0
0.522503477077
0.447477423389
1.0
0.52254279469
0.447284145753
1.0
0.52254279469
0.447284145753
1.0
0.522817702006
0.447254156206
1.0
0.523183130546
0.446484713167
1.0
0.523613088551
0.446963690973
1.0
0.52383906774
0.446147630918
1.0
0.524133935605
0.445868220243
1.0
0.524474322039
0.445694937208
1.0
0.524654491853
0.446122052041
1.0
0.524950009875
0.445602483993
1.0
0.525452273434
0.446053836101
1.0
0.525452273434
0.446053836101
1.0
0.525433111306
0.446203357793
1.0
0.525619837332
0.446512841081
1.0
0.525943825803
0.445907882879
1.0
0.526005885265
0.446412907698
1.0
0.526165755532
0.446041436991
1.0
0.526745070717
0.446087096103
1.0
0.526773768261
0.446110166165
1.0
0.526952055572
0.446505807757
1.0
0.526952055572
0.446505807757
1.0
0.526963334494
0.447111325949
1.0
0.52725527529
0.447270743765
1.0
0.527350893721
0.447229971178
1.0
0.527647370595
0.447263291657
1.0
0.527528984616
0.44748412757
1.0
0.527529588087
0.446778609173
1.0
0.527564045586
0.446659990751
1.0
0.523956298496
0.440356735367
1.0
0.523969964476
0.44037008562
1.0
0.523969964476
0.44037008562
0.99
0.514519769227
0.418847620743
0.99
0.514554134601
0.418875130708
0.99
0.514802050039
0.417920136756
1.0
0.511991196945
0.412651974224
1.0
0.510187969667
0.411362460243
0.671926298231
0.505798563383
0.397308984396
0.671926298231
0.505798563383
0.397308984396
0.671926298231
0.500174489812
0.394239201438
0.671926298231
0.496574209468
0.3877380594
0.730827481803
0.496056375742
0.387393047007
0.730827481803
0.492815088977
0.382749888587
1.0
0.495997766719
0.387354986453
0.99
0.491855618986
0.377414002662
0.99
0.49237985283
0.376117831501
1.0
0.491715797527
0.370648560931
1.0
0.491715797527
0.370648560931
1.0
0.491927635499
0.369838731873
1.0
0.491317456068
0.367894391144
1.0
0.491688537481
0.36802506337
1.0
0.49182366288
0.367418590369
1.0
0.492394632813
0.368048699254
1.0
0.492292920755
0.368414951817
1.0
0.492572257185
0.368575762276
1.0
0.49293350109
0.367954616014
1.0
0.49293350109
0.367954616014
1.0
0.493289295008
0.368347359723
1.0
0.493056248266
0.367833246213
1.0
0.49345127371
0.36817756307
1.0
0.493794959239
0.368408789797
1.0
0.493784885354
0.368391455138
1.0
0.493721047431
0.368147852919
1.0
0.494308259629
0.36850478696
1.0
0.494690028884
0.368024082019
1.0
0.494690028884
0.368024082019
1.0
0.495144639586
0.368625101685
1.0
0.495502837948
0.368170936747
1.0
0.496094432588
0.368707567909
1.0
0.496310974283
0.368576631937
1.0
0.496504466777
0.368978097953
1.0
0.496764872448
0.369247969764
1.0
0.497024476813
0.369399942426
1.0
0.497024476813
0.369399942426
1.0
0.497447074907
0.369058478134
1.0
0.497835056888
0.369153830561
1.0
0.498146871232
0.369287439763
1.0
0.498239740574
0.369352851683
1.0
0.498262137099
0.368957131051
1.0
0.498657124084
0.369381106657
1.0
0.499111544193
0.369239034353
1.0
0.499792564464
0.369746159717
1.0
0.500060163224
0.369676739454
1.0
0.500060163224
0.369676739454
1.0
0.500320746356
0.369640887196
1.0
0.50070259733
0.369183162157
1.0
0.500891364282
0.369486619669
1.0
0.501025802981
0.36924492732
1.0
0.50151431638
0.369569298923
1.0
0.502173962111
0.368510233551
1.0
0.502342139768
0.36886882011
1.0
0.502601682102
0.368624767561
1.0
0.502601682102
0.368624767561
1.0
0.505427700657
0.371528026327
1.0
0.505538844368
0.371212461542
0.99
0.513565236532
0.38128006173
0.99
0.513608735636
0.381364382919
0.99
0.520515485852
0.394789165307
0.99
0.520832932851
0.394865557658
0.99
0.525032225274
0.406132397365
0.99
0.525722574375
0.406247038197
0.99
0.525722574375
0.406247038197
1.0
0.526920896423
0.410390377615
1.0
0.530273863598
0.411011793269
1.0
0.530321227548
0.411318650251
0.998951129805
0.532520154709
0.414788928782
0.998951129805
0.532464024932
0.414254561579
0.99
0.542123539644
0.419320544792
0.99
0.542150287995
0.419012428975
0.99
0.542150287995
0.419012428975
1.0
0.543343248934
0.423810774222
1.0
0.542674574003
0.422664196308
1.0
0.543927164068
0.426631777349
1.0
0.544324996915
0.427137060327
1.0
0.544596286704
0.427803238538
1.0
0.544723508093
0.427443241672
1.0
0.544914838382
0.425916748363
1.0
0.544949053497
0.425842602393
1.0
0.544949053497
0.425842602393
1.0
0.545018784085
0.425048447301
1.0
0.545142125963
0.424832049108
1.0
0.545331170347
0.424494730674
1.0
0.545236552368
0.424206095601
1.0
0.545290945334
0.422949938517
1.0
0.545260385618
0.422830619689
1.0
0.545561362365
0.421752216557
1.0
0.545030270987
0.421413738969
1.0
0.545007537283
0.420903109804
1.0
0.545007537283
0.420903109804
1.0
0.545657924084
0.420778301492
1.0
0.546083491591
0.420232179481
1.0
0.54588753622
0.419879824229
1.0
0.545783469076
0.419606684867
1.0
0.545830053994
0.419006612766
1.0
0.546171800193
0.418315155991
1.0
0.546226444046
0.417805882485
1.0
0.546226444046
0.417805882485
1.0
0.546502669658
0.417134254471
1.0
0.546405988036
0.416683935349
1.0
0.546591418547
0.415846745912
1.0
0.54645330457
0.415357069504
1.0
0.546912820505
0.414337155542
1.0
0.546962233087
0.414005820765
1.0
0.547096884222
0.412448533573
1.0
0.546817311176
0.4123393815
1.0
0.546820661418
0.411143086985
1.0
0.546820661418
0.411143086985
1.0
0.547058001461
0.410624689273
1.0
0.547283809738
0.409739250738
1.0
0.547579422002
0.409875275921
1.0
0.547614548323
0.409440590287
1.0
0.547424913645
0.408949195079
1.0
0.547644590131
0.407501263388
1.0
0.547623484633
0.407178674967
1.0
0.547623484633
0.407178674967
1.0
0.547952515564
0.406158775979
1.0
0.547953063944
0.4062269225
1.0
0.548150992657
0.405412812044
1.0
0.548158312578
0.405392395535
1.0
0.548249923585
0.404895996133
1.0
0.548276260618
0.404725592683
1.0
0.548589821327
0.404273932475
1.0
0.548670740374
0.404956944949
1.0
0.548670740374
0.404956944949
1.0
0.548794430849
0.40374335926
1.0
0.549235651117
0.40386819553
1.0
0.549681382711
0.403104855697
1.0
0.549875193615
0.403180873369
1.0
0.550194093796
0.402520287174
1.0
0.550557812705
0.40304257112
1.0
0.551017156382
0.402556333656
1.0
0.551224394325
0.402833992069
1.0
0.551381614597
0.402548959142
1.0
0.551381614597
0.402548959142
1.0
0.551440021199
0.402955341529
1.0
0.551725645608
0.403257465936
1.0
0.551896644194
0.403634187508
1.0
0.551962060555
0.403094669111
1.0
0.552168960133
0.40379320229
1.0
0.552634122498
0.403752622894
1.0
0.552546518297
0.404086565342
1.0
0.552924854836
0.403777666429
1.0
0.552924854836
0.403777666429
1.0
0.553778465446
0.405025050004
1.0
0.553994697022
0.405731890439
1.0
0.554237620978
0.406188916782
1.0
0.554803414895
0.406323286138
1.0
0.554873779818
0.407311161882
1.0
0.554704926597
0.408172576438
1.0
0.554704926597
0.408172576438
1.0
0.555087114518
0.408945394862
1.0
0.555462194027
0.409641327898
1.0
0.555633952815
0.410210554717
1.0
0.555917255876
0.411475659887
1.0
0.55606853753
0.412175661689
1.0
0.556282541771
0.412466891891
1.0
0.556523250973
0.412977547189
1.0
0.556733805632
0.41337622177
1.0
0.556721498658
0.414201057357
1.0
0.556978056392
0.415191837014
1.0
0.556978056392
0.415191837014
1.0
0.557199051223
0.415289436666
1.0
0.557273114046
0.416215466897
1.0
0.557359154264
0.416882733501
1.0
0.557633834388
0.417333855989
1.0
0.557528522588
0.417790792153
1.0
0.557899884623
0.418192811757
1.0
0.557885972603
0.418119790977
1.0
0.557885972603
0.418119790977
1.0
0.557928997593
0.418705713135
1.0
0.55793896438
0.419134599105
1.0
0.557837396165
0.42023963072
1.0
0.557671006765
0.420849129864
1.0
0.557759117053
0.421576012322
1.0
0.557763868474
0.421936695975
1.0
0.557678644908
0.423178375454
1.0
0.557793771025
0.42385752406
1.0
0.55764193449
0.424748775429
1.0
0.55764193449
0.424748775429
1.0
0.557308463693
0.425132477315
1.0
0.557099386515
0.42674073076
1.0
0.556913158971
0.426900925175
1.0
0.556698197168
0.427180644234
1.0
0.556703644176
0.427475969583
1.0
0.556654883054
0.428241918233
1.0
0.556505505456
0.428313954971
1.0
0.556505505456
0.428313954971
1.0
0.556403664977
0.429078764374
1.0
0.556360368654
0.429005894768
1.0
0.555931598735
0.430632843795
1.0
0.555841527146
0.430991229531
1.0
0.555499448981
0.431966092233
1.0
0.555387925143
0.432097648483
1.0
0.555390705562
0.43326158379
1.0
0.554992650498
0.433060330439
1.0
0.554992650498
0.433060330439
1.0
0.554632303605
0.433270539316
1.0
0.55483270862
0.432736047281
1.0
0.554839014831
0.433368114129
1.0
0.554527409221
0.433152308979
1.0
0.554065109068
0.434031519118
1.0
0.55385104862
0.433362581443
1.0
0.553818697675
0.433506663338
1.0
0.553783008356
0.43334293915
1.0
0.553783008356
0.43334293915
1.0
0.553302963072
0.433642475735
1.0
0.553089114453
0.432926959972
1.0
0.552727317239
0.432949808293
1.0
0.552506006161
0.432321794385
1.0
0.552363407622
0.431668788945
1.0
0.552360883495
0.431815604602
1.0
0.552215519925
0.431901897419
1.0
0.55207043758
0.431622243631
1.0
0.55207043758
0.431622243631
1.0
0.551817156142
0.431233962359
1.0
0.551973825217
0.430746041825
1.0
0.551966682251
0.429797243164
1.0
0.552207221004
0.43032753467
1.0
0.552055797944
0.430257938282
1.0
0.552622327408
0.430680172436
1.0
0.55244293342
0.430846432159
1.0
0.552685278748
0.431758182233
1.0
0.552685278748
0.431758182233
1.0
0.552914033257
0.430600141365
1.0
0.553429020212
0.43190614758
1.0
0.553161533431
0.432238842168
1.0
0.553944731072
0.432748415092
1.0
0.553814182513
0.432896743473
1.0
0.55598151444
0.435441826756
1.0
0.555716707099
0.435812900776
1.0
0.55745870665
0.437240411489
1.0
0.557283088636
0.438560745176
1.0
0.557283088636
0.438560745176
1.0
0.557912405196
0.440063657374
1.0
0.557248417478
0.441150696502
1.0
0.558128579017
0.442159152929
1.0
0.55792482234
0.442272495333
1.0
0.558274628015
0.443388834601
1.0
0.558460804986
0.44271526763
1.0
0.558460804986
0.44271526763
0.938488087797
0.558974842041
0.44349580043
0.938488087797
0.559178112986
0.444251718755
1.0
0.558505170048
0.443643400584
1.0
0.558488250553
0.446005652945
1.0
0.557340438609
0.445867356945
1.0
0.557824519331
0.445664863636
1.0
0.557262869559
0.446392070231
1.0
0.558117465883
0.444552746295
1.0
0.557791612863
0.445266137128
1.0
0.558558105327
0.444431529353
1.0
0.558558105327
0.444431529353
1.0
0.558446612043
0.445426802687
1.0
0.558540925212
0.446026586161
1.0
0.557765091998
0.446805792783
1.0
0.558100420792
0.44739640741
1.0
0.55816145109
0.449923190381
1.0
0.558587061098
0.452139604596
1.0
0.558344197406
0.454043550789
1.0
0.558344197406
0.454043550789
1.0
0.558655412074
0.457367104068
1.0
0.558425245603
0.459362275881
1.0
0.558138256929
0.462204844619
1.0
0.557948119718
0.464056803231
1.0
0.558242166672
0.467339300375
1.0
0.558142711538
0.469500457396
1.0
0.558225319016
0.472653798935
1.0
0.558277441121
0.474768964193
1.0
0.558277441121
0.474768964193
1.0
0.558181621362
0.479692119886
1.0
0.558249446493
0.481331375921
1.0
0.558222084968
0.485349248973
1.0
0.558399333416
0.486190289423
1.0
0.558240536192
0.492047791247
1.0
0.55769735349
0.4932322074
1.0
0.55748820314
0.497076733813
1.0
0.55741718748
0.497386162427
1.0
0.55741718748
0.497386162427
1.0
0.557121720558
0.501200415264
1.0
0.556925037241
0.501704569652
1.0
0.556984701297
0.503971917039
1.0
0.556789788844
0.504518214001
1.0
0.556546694159
0.506744948775
1.0
0.556429079847
0.507004347151
1.0
0.556122057816
0.509296030566
1.0
0.555980515945
0.509345933206
1.0
0.555980515945
0.509345933206
1.0
0.555421800461
0.510677297719
1.0
0.555105166715
0.510458233502
1.0
0.554204533275
0.512903162728
1.0
0.554260223444
0.513476916025
1.0
0.554011602506
0.514704864825
1.0
0.553764740148
0.514291265942
1.0
0.553764740148
0.514291265942
1.0
0.553484093146
0.51467285622
1.0
0.553155129497
0.514306664697
1.0
0.552784529265
0.515411411479
1.0
0.552506977831
0.514758971292
1.0
0.552041133151
0.516624227159
1.0
0.551849370385
0.515599366448
1.0
0.551740290936
0.515643550512
1.0
0.550433345547
0.51221882013
1.0
0.550217702339
0.51160964507
1.0
0.547381640511
0.506738256579
1.0
0.547381640511
0.506738256579
1.0
0.54672262172
0.508015822053
0.99
0.542829801602
0.497125691127
0.99
0.5429873104
0.495156905793
1.0
0.540602984018
0.489355686513
1.0
0.539974086034
0.48890732941
1.0
0.538424089211
0.483652061991
1.0
0.536426095989
0.479630843726
1.0
0.53611730454
0.477541502593
1.0
0.53611730454
0.477541502593
1.0
0.533207267269
0.472732320373
1.0
0.533375425753
0.472319119941
1.0
0.531304109636
0.466273161486
1.0
0.53123430779
0.46544832937
1.0
0.529758800932
0.459465564845
1.0
0.529551719655
0.45920734249
1.0
0.528723136659
0.454492245013
1.0
0.528987738766
0.453860180976
1.0
0.528837015101
0.452202942226
1.0
0.528837015101
0.452202942226
1.0
0.52859575324
0.451083461815
1.0
0.52827058876
0.450558238126
1.0
0.528215080103
0.449586543733
1.0
0.52800983799
0.449112247442
1.0
0.527793110887
0.448514671501
1.0
0.527700994341
0.446272281227
1.0
0.52759441967
0.445370657619
1.0
0.52759441967
0.445370657619
1.0
0.527613178948
0.444799113936
1.0
0.527471990211
0.443773226597
1.0
0.52742525244
0.44251977407
1.0
0.527179824088
0.441673316858
1.0
0.527089081748
0.440829131508
1.0
0.526774222109
0.439967230491
1.0
0.526482928475
0.439116246137
1.0
0.526577271259
0.438703610431
1.0
0.526577271259
0.438703610431
1.0
0.526630764335
0.436496217926
1.0
0.526418196587
0.436691093977
1.0
0.526490294649
0.436420473996
1.0
0.526176859455
0.435773083651
1.0
0.525854067229
0.435644762847
1.0
0.52556533739
0.4354845952
1.0
0.525124507297
0.435535485701
1.0
0.524859148686
0.435181850433
1.0
0.524859148686
0.435181850433
1.0
0.524635680907
0.434464246348
1.0
0.524295344636
0.4339466579
1.0
0.524092359972
0.433619507903
1.0
0.523880883389
0.432623965284
1.0
0.523490051195
0.432503980406
1.0
0.52318168048
0.431963271552
1.0
0.5227762069
0.43231588926
1.0
0.5227762069
0.43231588926
1.0
0.522645109767
0.431644865155
1.0
0.522471347138
0.431260198224
1.0
0.522083115517
0.430717288708
1.0
0.521547339428
0.430720289013
1.0
0.521164146738
0.429943587143
1.0
0.52058000039
0.430085327419
1.0
0.520394207503
0.429729623608
1.0
0.520031398127
0.429359994759
1.0
0.519778322945
0.429226806502
1.0
0.519778322945
0.429226806502
1.0
0.519531406679
0.42902720386
1.0
0.518988646258
0.428780920764
1.0
0.518660180771
0.428504762798
1.0
0.518359836604
0.428343472487
1.0
0.518128176738
0.428892687648
1.0
0.517920719146
0.428777527342
1.0
0.517336891599
0.429513833634
1.0
0.516914240693
0.429497896833
1.0
0.516914240693
0.429497896833
1.0
0.516558839454
0.430363510556
1.0
0.516486668084
0.43025757848
1.0
0.51597715969
0.430946950621
1.0
0.515712136682
0.430791625231
1.0
0.515395351284
0.431289533293
1.0
0.51518997456
0.431004415941
1.0
0.514703498568
0.431690182847
1.0
0.514443908126
0.431297684109
1.0
0.514443908126
0.431297684109
1.0
0.513991032205
0.43187213079
1.0
0.513651154677
0.431793930052
1.0
0.513057068452
0.432225449492
1.0
0.5129697708
0.432089205732
1.0
0.512515638223
0.432641916086
1.0
0.512346425575
0.432426609401
1.0
0.512127597851
0.433016243705
1.0
0.511773787013
0.432667866707
1.0
0.511133223672
0.43324580156
1.0
0.511133223672
0.43324580156
1.0
0.510962178885
0.433080915274
1.0
0.51045767613
0.434147886636
1.0
0.510393395672
0.434276725379
1.0
0.510417486924
0.43434396938
1.0
0.510401934244
0.433978898813
1.0
0.509770337206
0.434776654306
1.0
0.509632907699
0.434854306397
1.0
0.509632907699
0.434854306397
1.0
0.509606391768
0.434837444835
1.0
0.509269687124
0.434320606382
1.0
0.508905730398
0.43454755169
1.0
0.508789168378
0.434431257226
1.0
0.508550893794
0.435008517531
1.0
0.508306884467
0.434925502944
1.0
0.508010928403
0.434736334081
1.0
0.507463221766
0.434485053161
1.0
0.507463221766
0.434485053161
1.0
0.50746536158
0.43518151355
1.0
0.507592898563
0.435030284655
1.0
0.50745071591
0.434827140693
1.0
0.507293833345
0.434428444244
1.0
0.507124316139
0.434641766774
1.0
0.507166889974
0.434365451515
1.0
0.507037857009
0.434120217283
1.0
0.506543120895
0.43362332262
1.0
0.506543120895
0.43362332262
1.0
0.506665016446
0.432894265751
1.0
0.506654984038
0.432627223096
1.0
0.506584273461
0.432681128601
1.0
0.50653339531
0.432591573251
1.0
0.506633189476
0.431940573718
1.0
0.506531029161
0.431464441142
1.0
0.506638712311
0.431044910147
1.0
0.506419184983
0.430933899761
1.0
0.506419184983
0.430933899761
1.0
0.506328278644
0.430529934105
1.0
0.506662766742
0.430261859724
1.0
0.506497523035
0.430285915661
1.0
0.506604295466
0.430472522082
1.0
0.506339852884
0.430104061265
1.0
0.506443995829
0.430175229765
1.0
0.506437883202
0.429798714543
1.0
0.506643424458
0.429900684176
1.0
0.506643424458
0.429900684176
1.0
0.506741003667
0.429928172997
1.0
0.508174362031
0.430593970575
1.0
0.507745178939
0.430147058558
1.0
0.50900801334
0.430723457338
1.0
0.509204597217
0.431250464903
0.824398257688
0.497188586855
0.396917254805
0.824398257688
0.497188586855
0.396917254805
0.824398257688
0.496698995776
0.397484668565
0.824398257688
0.495887548348
0.397186179275
0.76753749534
0.314320013849
0.225793178026
0.76753749534
0.312602671576
0.227753613367
0.76753749534
0.31094486776
0.230595375714
0.76753749534
0.31094486776
0.230595375714
0.76753749534
0.309658980437
0.231606871696
0.985085511644
0.385670466156
0.241798914383
0.985085511644
0.391784154366
0.209710515025
0.985085511644
0.393121174677
0.188199694082
0.816710968967
0.696556756213
-0.230529567863
0.816710968967
0.696556756213
-0.230529567863
0.816710968967
0.696556756213
-0.230529567863
0.816710968967
0.696556756213
-0.230529567863
0.816710968967
0.37104388306
-0.371711882001
0.808609061784
0.508705131709
0.419580431205
0.93160698199
0.505952797887
0.474385045124
0.923479166106
0.507130694173
0.464860555575
0.926529975605
0.507861512838
0.465719636009
0.812263271411
0.508283864395
0.492366686607
0.927887441493
0.511848428815
0.477193947962
0.927887441493
0.511848428815
0.477193947962
0.964069291651
0.510812363364
0.482496549726
1.0
0.510650800789
0.482820600478
1.0
0.510034551018
0.48786732868
0.895282742721
0.510479775077
0.490256162718
0.895282742721
0.51083426792
0.491140987134
1.0
0.510084832671
0.489968813051
1.0
0.510656080561
0.4898896119
1.0
0.510818002279
0.489878463486
1.0
0.510818002279
0.489878463486
1.0
0.511517297706
0.488547292433
1.0
0.510937517795
0.487955874254
1.0
0.511375982085
0.487104577009
1.0
0.511268485593
0.486394920698
1.0
0.511733144107
0.485969269587
1.0
0.511827322895
0.485829105969
1.0
0.512071735396
0.485086571911
1.0
0.511670986329
0.484503421824
1.0
0.511670986329
0.484503421824
1.0
0.512076965708
0.483572414493
1.0
0.51196404427
0.483684579171
1.0
0.512245528537
0.48309318968
1.0
0.512041461702
0.483026467905
1.0
0.512312835182
0.482343000039
1.0
0.512194355385
0.481732736876
1.0
0.512474445083
0.481382070714
1.0
0.512409750428
0.481582235944
1.0
0.512409750428
0.481582235944
1.0
0.512328423228
0.480744331401
1.0
0.51214884137
0.480532110532
1.0
0.512009870341
0.480535069675
1.0
0.511896944132
0.480543000119
1.0
0.512267945613
0.47998024745
1.0
0.511836640273
0.479418762246
1.0
0.511892003724
0.478759786803
1.0
0.511726229318
0.478534836361
1.0
0.511726229318
0.478534836361
1.0
0.511530802169
0.477988763033
1.0
0.511144650894
0.477595751414
1.0
0.511163642519
0.477051446681
1.0
0.510793556037
0.476522758419
1.0
0.510434838888
0.47670327573
1.0
0.510334165411
0.476596717679
1.0
0.510340642368
0.476420559694
1.0
0.510061789019
0.4764347147
1.0
0.510061789019
0.4764347147
1.0
0.510070465008
0.476083538083
1.0
0.510079660978
0.475586352788
1.0
0.510034261759
0.475956813296
1.0
0.510045329055
0.476003259749
1.0
0.50977191575
0.475652220487
1.0
0.509660942804
0.475286805937
1.0
0.509512080912
0.475120241554
1.0
0.509444010711
0.475153722189
1.0
0.509444010711
0.475153722189
