0.99
0.430856257774
0.381034615981
0.99
0.404003227256
0.35947068326
0.99
0.398838062166
0.372039160604
0.99
0.394751223143
0.366734834208
0.99
0.394751223143
0.366734834208
0.99
0.388955758397
0.380106034381
0.99
0.381879281767
0.375804328522
0.99
0.376579325745
0.385073209067
0.99
0.37571736172
0.383525383734
1.0
0.37325625583
0.387318990888
1.0
0.372935205918
0.387080386606
1.0
0.37198728939
0.389363252598
1.0
0.37153573673
0.389675956278
1.0
0.37153573673
0.389675956278
1.0
0.371841867071
0.389047925427
1.0
0.372294935454
0.389061882394
1.0
0.372388021801
0.388951318395
1.0
0.372680513265
0.389192316923
1.0
0.372725223873
0.389485887096
1.0
0.373088066887
0.38993900734
1.0
0.37307857916
0.389660598884
1.0
0.373319470457
0.389916132984
1.0
0.373319470457
0.389916132984
1.0
0.373318222848
0.38991721195
1.0
0.373195211204
0.390322730652
1.0
0.373201193671
0.390002456455
1.0
0.373250108443
0.389916381265
1.0
0.373167197421
0.390548694816
1.0
0.373139973506
0.390923369424
1.0
0.373188900865
0.390922685753
1.0
0.372849803843
0.391097591153
1.0
0.372849803843
0.391097591153
1.0
0.372821152214
0.391170983256
1.0
0.373061248754
0.391833153614
1.0
0.373048303215
0.392238404008
1.0
0.372546648497
0.39266557321
1.0
0.372533118363
0.393026481614
1.0
0.371965180611
0.393674104068
1.0
0.371945790467
0.393802461179
1.0
0.371945790467
0.393802461179
1.0
0.372761594137
0.393807333505
1.0
0.372699336493
0.394775452154
1.0
0.372910946027
0.394869600691
1.0
0.372875649952
0.394995582067
1.0
0.37283289426
0.395197809787
1.0
0.372873138292
0.395099789574
1.0
0.372851238507
0.395769151045
1.0
0.372791263097
0.396001946088
1.0
0.372654907588
0.395890672187
1.0
0.372654907588
0.395890672187
1.0
0.37269064597
0.396200650011
1.0
0.372777770673
0.396565749816
1.0
0.372836148622
0.39648828974
1.0
0.372601626446
0.396269002257
1.0
0.372540012183
0.396368266971
1.0
0.372956558109
0.397420207538
1.0
0.372952084025
0.397702677507
1.0
0.373100429124
0.398159586987
1.0
0.373100429124
0.398159586987
1.0
0.373076439274
0.398294741156
1.0
0.373146608528
0.398371092335
1.0
0.373207549528
0.39855498402
1.0
0.373803041
0.399651445487
1.0
0.37379541817
0.399774760843
1.0
0.374026394957
0.399864948622
1.0
0.374033653532
0.399912979997
1.0
0.370718124866
0.394892550961
1.0
0.370718124866
0.394892550961
1.0
0.370772076801
0.394980718406
1.0
0.364449370916
0.384838918849
1.0
0.364459066821
0.384888448698
1.0
0.3608175669
0.379062411156
1.0
0.36057998543
0.378149681262
1.0
0.361586177834
0.379030211357
1.0
0.360708335574
0.375582804953
1.0
0.36149712904
0.37540246541
1.0
0.36149712904
0.37540246541
1.0
0.360571292278
0.375050714296
1.0
0.360693065081
0.375283128721
1.0
0.360772791386
0.374078442787
1.0
0.360056977199
0.372780880838
1.0
0.360091913888
0.372846500593
1.0
0.361410036613
0.37418761734
1.0
0.361475532039
0.373840444713
1.0
0.361557008501
0.373876214419
1.0
0.361557008501
0.373876214419
1.0
0.361569504234
0.373710936929
1.0
0.361667644531
0.373293340616
1.0
0.361671450896
0.373476510617
1.0
0.362395227188
0.374272911787
1.0
0.362472720894
0.373945347218
1.0
0.362937817855
0.375061098545
1.0
0.362997885301
0.374853844428
1.0
0.362935206183
0.373903572893
1.0
0.362935206183
0.373903572893
1.0
0.362998640451
0.373711215421
1.0
0.363199026555
0.373788573198
1.0
0.36320664985
0.373864451029
1.0
0.363749588349
0.374454251023
1.0
0.36382275662
0.374285015935
1.0
0.364243385168
0.374495974273
1.0
0.364320259277
0.373974670909
1.0
0.364512887615
0.37411430585
1.0
0.364512887615
0.37411430585
1.0
0.364700727189
0.373397645113
1.0
0.365085154298
0.373893453473
1.0
0.365140076669
0.373918316127
1.0
0.365916085826
0.374255115015
1.0
0.366141104639
0.37379657875
1.0
0.366030610538
0.374175178743
1.0
0.36603549547
0.37434438366
1.0
0.366661934142
0.374237822862
1.0
0.366661934142
0.374237822862
1.0
0.366730181138
0.373751483842
1.0
0.367637837284
0.37384819858
1.0
0.367693145391
0.373552281423
1.0
0.368101215666
0.373650763624
1.0
0.36817649168
0.373640308388
1.0
0.368361347465
0.373747610363
1.0
0.368361347465
0.373747610363
1.0
0.36847851321
0.373295055538
1.0
0.36962305828
0.374635716257
1.0
0.369571926142
0.374698451106
1.0
0.369129792696
0.374531150121
1.0
0.369142724104
0.37460720641
1.0
0.36951439223
0.375155442352
1.0
0.369632661778
0.375024272371
1.0
0.368612997407
0.374653435551
1.0
0.368528882527
0.374911316288
1.0
0.369561358887
0.375337498509
1.0
0.369561358887
0.375337498509
1.0
0.369649122387
0.375234619201
1.0
0.370025427323
0.375341538855
1.0
0.369968677017
0.375732278117
1.0
0.369732009776
0.375753790898
1.0
0.369755920416
0.375871928128
1.0
0.369742295128
0.375798566937
1.0
0.369676890368
0.376232308801
1.0
0.369899083738
0.376696128472
1.0
0.369899083738
0.376696128472
1.0
0.369875018565
0.3770741562
1.0
0.369364515897
0.376901476974
1.0
0.369317866881
0.377457775006
1.0
0.370010785309
0.378154047891
1.0
0.370067251915
0.377912614324
1.0
0.36972480166
0.37782796701
1.0
0.369692280383
0.378145645785
1.0
0.37001730507
0.378467151027
1.0
0.37001730507
0.378467151027
1.0
0.369991756215
0.378571850256
1.0
0.369197349698
0.3770754494
1.0
0.369194749464
0.377174466962
1.0
0.369410663258
0.377498999133
1.0
0.369384042238
0.378089460538
1.0
0.369164551378
0.378221550332
1.0
0.369176128193
0.377329751192
1.0
0.369223882039
0.377785637447
1.0
0.369223882039
0.377785637447
1.0
0.369194648687
0.378027066284
1.0
0.369968843271
0.378275968644
1.0
0.369984815001
0.378789840688
1.0
0.369623503837
0.378624089958
1.0
0.369614728239
0.378583457528
1.0
0.370233162613
0.379787779061
1.0
0.370231694664
0.379899388127
1.0
0.369634631799
0.37922791561
1.0
0.369634631799
0.37922791561
1.0
0.369581848311
0.380131344953
1.0
0.369673038849
0.380189329915
1.0
0.36963498113
0.38047452632
1.0
0.369530660459
0.380374281877
1.0
0.369625918061
0.380391021839
1.0
0.370016530687
0.380559399512
1.0
0.370035999714
0.380949924045
1.0
0.373303942663
0.384205419178
1.0
0.373303942663
0.384205419178
1.0
0.373315196866
0.384672668453
1.0
0.379676162615
0.39052458349
1.0
0.379722987243
0.39047734685
1.0
0.381804493558
0.394861202069
1.0
0.382488414305
0.39380798552
1.0
0.382816837893
0.396539975714
1.0
0.383911206723
0.395744053179
1.0
0.383476586213
0.395257052945
1.0
0.383476586213
0.395257052945
1.0
0.384165214948
0.396091883639
1.0
0.38411767419
0.39657762103
1.0
0.384181186212
0.398121714431
1.0
0.384642860266
0.397545654962
1.0
0.384703943745
0.398058881125
1.0
0.384025056767
0.397687815627
1.0
0.384066395533
0.397658724669
1.0
0.384066395533
0.397658724669
1.0
0.384130193661
0.397801460068
1.0
0.384136769753
0.397706744916
1.0
0.384464032877
0.397706524165
1.0
0.384448640367
0.397654885371
1.0
0.384610233474
0.397232967785
1.0
0.384517681191
0.39754092085
1.0
0.38428415577
0.398243654297
1.0
0.384315240771
0.39788730655
1.0
0.384315240771
0.39788730655
1.0
0.38471431597
0.397940619419
1.0
0.384724476294
0.397929025851
1.0
0.384769115846
0.397851881235
1.0
0.384729243751
0.397942180256
1.0
0.384766334278
0.398554689192
1.0
0.384702618891
0.398431907808
1.0
0.384776561292
0.398485497228
1.0
0.384777799295
0.398628317509
1.0
0.384951020591
0.399035592528
1.0
0.384951020591
0.399035592528
1.0
0.384859524781
0.399330644349
1.0
0.384927247195
0.399526021653
1.0
0.384955356352
0.399342566804
1.0
0.385132048062
0.39967084086
1.0
0.385066566304
0.400220775749
1.0
0.385355764759
0.401252920779
1.0
0.385450426279
0.400957328495
1.0
0.385450426279
0.400957328495
1.0
0.385447051777
0.400226962708
1.0
0.385438930998
0.400266672234
1.0
0.385612498869
0.400645070879
1.0
0.385581776932
0.400901089884
1.0
0.385914306439
0.401344286828
1.0
0.385979787498
0.400982044685
1.0
0.38605406849
0.401350570523
1.0
0.385997118798
0.401564650208
1.0
0.386087170085
0.401506989215
1.0
0.386087170085
0.401506989215
1.0
0.386088009318
0.401506583798
1.0
0.386185368051
0.401459900801
1.0
0.386291087421
0.401320661237
1.0
0.386156592983
0.401493346889
1.0
0.386151688547
0.401459145028
1.0
0.38560790224
0.40144241776
1.0
0.385603405967
0.401574569275
1.0
0.386417552289
0.401980220586
1.0
0.386417552289
0.401980220586
1.0
0.386450173771
0.401595468318
1.0
0.386466468963
0.401310083742
1.0
0.386490374297
0.401452193649
1.0
0.386026962148
0.401190271229
1.0
0.386027295051
0.401017057139
1.0
0.386187153709
0.4009033257
1.0
0.386195597244
0.400945938212
1.0
0.38610609717
0.400898512292
1.0
0.38610609717
0.400898512292
1.0
0.386179117954
0.400553478917
1.0
0.386337327678
0.400495722516
1.0
0.386352251018
0.400042134226
1.0
0.386173184499
0.399887201444
1.0
0.386206925522
0.399595340717
1.0
0.386214494359
0.400104766235
1.0
0.386172224035
0.400259413094
1.0
0.386762032278
0.40077629629
1.0
0.386762032278
0.40077629629
1.0
0.386787173465
0.400949940944
1.0
0.386898097299
0.401274600731
1.0
0.386927031728
0.401396129415
1.0
0.386901332524
0.401576211896
1.0
0.38688031133
0.401539239527
1.0
0.387223935089
0.40193757576
1.0
0.387345018217
0.402075601037
1.0
0.387294472831
0.402870071328
1.0
0.387294472831
0.402870071328
1.0
0.387264121953
0.403051544135
1.0
0.387705310629
0.403845955108
1.0
0.387872726137
0.403745427874
1.0
0.387988250657
0.404349697565
1.0
0.388008190664
0.404653536025
1.0
0.388539371963
0.405196069217
1.0
0.388577421681
0.405216145963
1.0
0.388732980013
0.405634829043
1.0
0.388732980013
0.405634829043
1.0
0.388746847555
0.405818970744
1.0
0.388845968595
0.406226168392
1.0
0.388970053457
0.406324325344
1.0
0.38919667276
0.406692138551
1.0
0.389168777383
0.407286131381
1.0
0.389550803198
0.407678290451
1.0
0.389723853404
0.407860871568
1.0
0.389632391375
0.408020274043
1.0
0.389632391375
0.408020274043
1.0
0.389722705431
0.407724311178
1.0
0.390221100755
0.408182879012
1.0
0.390241884396
0.408543514964
1.0
0.389982229198
0.408981832384
1.0
0.390039190078
0.409421688487
1.0
0.390061944874
0.408877096864
1.0
0.390152666074
0.408883472056
1.0
0.390626359209
0.40908888055
1.0
0.390626359209
0.40908888055
1.0
0.39059757819
0.408677603434
1.0
0.390328533731
0.408457183984
1.0
0.390377213931
0.408750687872
1.0
0.390377650965
0.408689036599
1.0
0.390442159647
0.408483903623
1.0
0.390269308622
0.408254542876
1.0
0.390283223204
0.407913133771
1.0
0.390283223204
0.407913133771
1.0
0.390240247934
0.40775615392
1.0
0.390167995237
0.408334773988
1.0
0.390153910876
0.408140631896
1.0
0.390198524629
0.408083541321
1.0
0.390134867614
0.408496357143
1.0
0.390128061407
0.408482092779
1.0
0.389917625474
0.408284102167
1.0
0.389917625474
0.408284102167
1.0
0.389911092847
0.408228461962
1.0
0.387682771046
0.40626664625
1.0
0.387684630371
0.406173294251
1.0
0.38092628699
0.401938546206
1.0
0.381000497264
0.401701002308
1.0
0.377356479696
0.400911249222
1.0
0.376862641387
0.402057559032
1.0
0.376465196401
0.40222802551
1.0
0.374945635765
0.405418444562
1.0
0.374975076696
0.405265268741
1.0
0.374975076696
0.405265268741
1.0
0.373939742776
0.409210942483
1.0
0.373859242662
0.409147674515
1.0
0.373637262721
0.410010282801
1.0
0.372967202804
0.409399507309
1.0
0.373142022116
0.408818627589
1.0
0.373632364692
0.409884474395
1.0
0.373678689173
0.409547341557
1.0
0.374206353993
0.409210972307
1.0
0.374206353993
0.409210972307
1.0
0.374174006959
0.409510359465
1.0
0.374033912736
0.410069849653
1.0
0.374170366688
0.409876624198
1.0
0.374694230083
0.409722815718
1.0
0.374640493038
0.410013175291
1.0
0.374517112655
0.410287525864
1.0
0.374489104408
0.410421816099
1.0
0.37424272978
0.410332608354
1.0
0.37424272978
0.410332608354
1.0
0.374313977615
0.410418221892
1.0
0.374435180651
0.410454962072
1.0
0.374476445847
0.410685102297
1.0
0.37383844337
0.410559006932
1.0
0.373710963493
0.410430748771
1.0
0.373985166725
0.410370969081
1.0
0.374028599529
0.410515405704
1.0
0.374028599529
0.410515405704
1.0
0.374208392129
0.410094198409
1.0
0.374143005283
0.410116902355
1.0
0.374022893344
0.409901345677
1.0
0.374034809646
0.409855515267
1.0
0.373959372274
0.409812972111
1.0
0.373925536743
0.409900520578
1.0
0.373802154564
0.40960054878
1.0
0.373704996803
0.409697405256
1.0
0.373704996803
0.409697405256
1.0
0.373562939653
0.409491247712
1.0
0.37356810848
0.4092035457
1.0
0.372976517204
0.408483076953
1.0
0.372949671118
0.408993697217
1.0
0.37231587962
0.408376788534
1.0
0.372288383878
0.407517232655
1.0
0.372138378841
0.406884734466
1.0
0.372114650937
0.406688370445
1.0
0.372572059493
0.406441721066
1.0
0.372572059493
0.406441721066
1.0
0.372467199535
0.406495227305
1.0
0.372064116229
0.406174088757
1.0
0.372076965731
0.406070691694
1.0
0.372268146798
0.405906837454
1.0
0.372236579589
0.405799441138
1.0
0.372156250427
0.405519447876
1.0
0.372087470862
0.405515468148
1.0
0.372377041899
0.405701832118
1.0
0.372377041899
0.405701832118
