1.0
0.39839139847
0.570075494809
1.0
0.398572506171
0.569114501073
1.0
0.398652487009
0.56876475206
1.0
0.398721982628
0.568940039466
1.0
0.398721982628
0.568940039466
1.0
0.398721301098
0.568570653626
1.0
0.399056551581
0.568777835979
1.0
0.398832277456
0.569515859149
1.0
0.399019300354
0.569890557235
1.0
0.399008278852
0.570419419695
1.0
0.399180115809
0.569415779863
1.0
0.399362834653
0.568861015649
1.0
0.399362834653
0.568861015649
1.0
0.399858113784
0.568287481908
1.0
0.4000564733
0.567471484698
1.0
0.400015258039
0.566747419915
0.999662275272
0.399978449726
0.566513592063
0.999662275272
0.399784834629
0.565347268416
0.990936423885
0.399755717635
0.565107767392
0.990936423885
0.399755717635
0.565107767392
1.0
0.399872498039
0.564272810691
1.0
0.400059824842
0.563353392953
1.0
0.400033649545
0.56298046602
1.0
0.400268375254
0.561304766647
1.0
0.399739649711
0.560995119152
1.0
0.399565888347
0.560619838509
1.0
0.399039703075
0.56030058384
1.0
0.399039703075
0.56030058384
1.0
0.398987272208
0.56010747106
1.0
0.398617015898
0.560043628924
1.0
0.398920690474
0.559168222734
1.0
0.398683989398
0.55931282101
1.0
0.398574817636
0.559635885234
1.0
0.398732779773
0.559557191184
1.0
0.39827895752
0.560601283193
1.0
0.398167774977
0.560250461425
1.0
0.39775436209
0.560391931388
1.0
0.397466183495
0.561669359444
1.0
0.396788993331
0.563975258152
1.0
0.396668713289
0.563654323952
1.0
0.396886410254
0.563320095625
1.0
0.396886410254
0.563320095625
1.0
0.396948097046
0.563247170092
1.0
0.397022474805
0.563452483339
1.0
0.397022474805
0.563452483339
1.0
0.397022474805
0.563452483339
1.0
0.397196057336
0.564273887429
1.0
0.397258645155
0.564257371027
1.0
0.39730475036
0.564397292142
1.0
0.397744750198
0.564297969214
1.0
0.398096177069
0.565837795325
1.0
0.398097071174
0.565577494345
1.0
0.398597573381
0.565509365323
1.0
0.3987865928
0.565645510047
1.0
0.399546389337
0.566306010854
1.0
0.399537888219
0.566713130726
1.0
0.399537888219
0.566713130726
1.0
0.400216572039
0.567349348753
1.0
0.400349421582
0.567291532267
1.0
0.400358099705
0.568098240808
1.0
0.400552329571
0.567660792543
1.0
0.400573416094
0.568345070783
1.0
0.400885211511
0.569100243264
1.0
0.400885211511
0.569100243264
1.0
0.400943895957
0.569970273721
1.0
0.401230254365
0.570564474295
1.0
0.401363000284
0.571157814646
1.0
0.401348677828
0.571193393081
1.0
0.401511479506
0.572031604645
1.0
0.401657935438
0.573408600365
1.0
0.401657935438
0.573408600365
1.0
0.402184490358
0.574028474039
1.0
0.402301785093
0.573975082493
1.0
0.402582707964
0.57498281406
1.0
0.402608810949
0.575976319054
1.0
0.402820134262
0.576347547758
1.0
0.402878650765
0.577191357535
1.0
0.402878650765
0.577191357535
1.0
0.40313604779
0.577856329091
1.0
0.403214139113
0.578971204875
1.0
0.403904190331
0.580536418479
1.0
0.403951929253
0.581064732445
1.0
0.404101312542
0.581811100783
1.0
0.404295063112
0.581618307417
1.0
0.404295063112
0.581618307417
1.0
0.40434684095
0.583144135002
1.0
0.404548852781
0.58365676039
1.0
0.404642335481
0.58405973502
1.0
0.404684789621
0.583952667456
1.0
0.40470208449
0.584013492168
1.0
0.40470208449
0.584013492168
1.0
0.405091530917
0.584360027973
1.0
0.405401967597
0.584238344022
1.0
0.405805299667
0.584255703883
1.0
0.406231738399
0.584667170172
1.0
0.406982198565
0.585590720433
1.0
0.407434691182
0.586580605283
1.0
0.408218665886
0.586247349099
1.0
0.408218665886
0.586247349099
1.0
0.408856374889
0.58647003233
1.0
0.409324666786
0.586987462182
1.0
0.409758543997
0.587690636361
1.0
0.41008967714
0.588582318835
1.0
0.412280859515
0.589509786797
1.0
0.413171225805
0.588849888885
1.0
0.413604112692
0.58927666108
1.0
0.413604112692
0.58927666108
1.0
0.414225892534
0.589525494373
1.0
0.414734817961
0.589701839635
1.0
0.415430212004
0.590332012705
1.0
0.417416938182
0.589212712256
1.0
0.417416938182
0.589212712256
1.0
0.418500880328
0.589985289757
1.0
0.421380864783
0.591969076807
1.0
0.422650760749
0.591470599622
1.0
0.424110498985
0.592707615305
1.0
0.424110498985
0.592707615305
1.0
0.42493623209
0.592726783647
1.0
0.425769140416
0.594199666952
1.0
0.426409744994
0.594755616484
1.0
0.426864706588
0.595159627846
1.0
0.426864706588
0.595159627846
1.0
0.428652982754
0.597160108616
1.0
0.42952169563
0.596905775602
1.0
0.430717366858
0.598545325611
1.0
0.430967765344
0.598914324198
1.0
0.431913325064
0.5984876903
1.0
0.433493087849
0.600227158186
1.0
0.434109839131
0.599639064707
1.0
0.434482215478
0.600010257983
1.0
0.434909507044
0.600242026896
1.0
0.434909507044
0.600242026896
1.0
0.435553113555
0.600480865615
1.0
0.436500698876
0.600894642004
1.0
0.436980360807
0.601566082165
1.0
0.437532676543
0.600887883476
1.0
0.437532676543
0.600887883476
1.0
0.438573795517
0.602258551044
1.0
0.439404751793
0.601750312758
1.0
0.439877798676
0.601604060785
1.0
0.440624291829
0.602147701372
1.0
0.440624291829
0.602147701372
1.0
0.441698713221
0.598734731704
1.0
0.441950083728
0.598324325847
1.0
0.443023754248
0.598209150327
1.0
0.443954814627
0.595438968932
1.0
0.444444470987
0.59561400548
1.0
0.446422940816
0.595134064337
1.0
0.447095835792
0.592858940505
1.0
0.447686283105
0.591437240355
1.0
0.44821322896
0.590952321742
1.0
0.449244134822
0.587834403122
1.0
0.45033536777
0.587011411325
1.0
0.45033536777
0.587011411325
1.0
0.45033536777
0.587011411325
1.0
0.452738261866
0.580165496498
1.0
0.45520248654
0.578999604473
1.0
0.456795628705
0.578654726201
1.0
0.457735429725
0.576390741277
1.0
0.45841918365
0.575688743351
1.0
0.459145613953
0.573360841343
1.0
0.461240345887
0.571801979107
1.0
0.462409788511
0.567155346862
1.0
0.464109046343
0.561788954786
1.0
0.464109046343
0.561788954786
1.0
0.466474751503
0.560342284889
1.0
0.468443976511
0.557850956911
1.0
0.469924924802
0.553864938927
1.0
0.470983305871
0.55322992417
1.0
0.470983305871
0.55322992417
1.0
0.472387526772
0.54830077564
1.0
0.475953657393
0.546009589076
1.0
0.475953657393
0.546009589076
1.0
0.477272542042
0.545089612446
0.9340337712
0.477779665255
0.542847399234
0.9340337712
0.481138660381
0.540205500275
0.888060851671
0.482939755724
0.53236470616
0.888060851671
0.48718580952
0.531153457439
0.888060851671
0.48718580952
0.531153457439
0.99
0.497726512564
0.492560036236
0.99
0.502302782857
0.492184104663
1.0
0.503609096753
0.488589567259
1.0
0.506617038303
0.488365815503
1.0
0.508478003357
0.483520800599
1.0
0.508478003357
0.483520800599
1.0
0.513097528343
0.483764235745
1.0
0.513682003739
0.482144452319
1.0
0.515392446625
0.482537654429
1.0
0.515985870703
0.480657762459
1.0
0.521390636677
0.481161602436
1.0
0.521390636677
0.481161602436
0.920485110843
0.522845088249
0.478113701954
0.920485110843
0.526246252775
0.478142013097
0.932789679366
0.527421207086
0.47563816577
0.971095115117
0.528956252976
0.472301731303
0.971095115117
0.528956252976
0.472301731303
0.971095115117
0.531598137567
0.472056060048
0.928229566066
0.533393070915
0.466946421999
0.928229566066
0.537279184784
0.466887711252
0.975630938542
0.539638561246
0.463747485435
0.975630938542
0.539638561246
0.463747485435
0.881790124124
0.542275094301
0.459318576547
0.881790124124
0.54681492288
0.460975363206
0.881790124124
0.550335130211
0.463899289341
0.894718408052
0.552191253598
0.461417469705
0.95823326119
0.553681523807
0.458309536314
0.95823326119
0.555168666314
0.45952918075
0.885142051684
0.556436821007
0.457228604762
0.885142051684
0.557188057039
0.45811378809
0.885142051684
0.557188057039
0.45811378809
0.885142051684
0.558241962607
0.458822623492
0.885142051684
0.558774581162
0.45887453506
0.885142051684
0.559138086349
0.458600442373
0.885142051684
0.560370611707
0.459215605002
0.889452946071
0.561672048322
0.457928501463
0.889452946071
0.562223725279
0.458638032591
0.931176862005
0.562699383778
0.457308157863
0.931176862005
0.564191980635
0.46075906211
0.931176862005
0.564191980635
0.46075906211
0.914780795621
0.564857373782
0.460026340504
0.941526193987
0.56541123467
0.460659927457
0.874644739046
0.565517522887
0.461712713743
0.90324665551
0.56535649117
0.461362030979
0.90324665551
0.565245550484
0.462989327343
0.895111852879
0.564278799126
0.464952209141
0.895111852879
0.563996547345
0.46518432509
0.895111852879
0.563996547345
0.46518432509
0.890023598329
0.563631409783
0.467526132214
0.890023598329
0.563198799149
0.468039020432
0.890023598329
0.56240386751
0.467865277635
0.865085046079
0.562450691472
0.469683057427
0.877337061625
0.561135339218
0.47329493277
0.877337061625
0.559822005642
0.472990889935
0.877337061625
0.559822005642
0.472990889935
0.877337061625
0.559164183779
0.472334857267
0.872322090403
0.559656542609
0.472837212967
0.872322090403
0.558364729646
0.472489766298
0.968962711093
0.556506694152
0.475298999287
0.968962711093
0.555868985405
0.475413280627
0.968962711093
0.554390991396
0.475497775884
