0.99
0.496398300934
0.584660001141
0.99
0.494654935515
0.589286466797
0.99
0.494637932992
0.592444600674
0.99
0.494790951638
0.592963233317
0.99
0.494654985186
0.593039506114
0.99
0.494654985186
0.593039506114
0.99
0.495039674026
0.59324663465
0.99
0.495473668676
0.593762016462
0.99
0.495731555232
0.593926656697
0.99
0.495077689885
0.59313526729
0.99
0.495348915567
0.593280693784
0.99
0.495822862005
0.592992351066
0.99
0.495196895804
0.592480619036
0.99
0.495586220289
0.592662496455
1.0
0.495693432013
0.592167266238
1.0
0.495693432013
0.592167266238
1.0
0.495466437348
0.591829433276
1.0
0.49541614796
0.591971700852
1.0
0.495693096228
0.592757119566
1.0
0.495784864446
0.592173928141
1.0
0.495613769958
0.591967554988
1.0
0.495681828937
0.591796454698
1.0
0.495345493647
0.590622721407
1.0
0.495345493647
0.590622721407
1.0
0.495192213709
0.590610721368
1.0
0.495254710554
0.590665202996
1.0
0.495354488916
0.590256869374
1.0
0.495426918957
0.589812633866
1.0
0.495340288083
0.589368611771
1.0
0.496010572836
0.589079741672
1.0
0.496116156842
0.588390845849
1.0
0.495243834142
0.585743515007
1.0
0.495260891096
0.584779075343
1.0
0.495517993839
0.583814744403
1.0
0.495517993839
0.583814744403
1.0
0.495623213132
0.582512808337
1.0
0.495191232211
0.580712790135
1.0
0.495235540068
0.57919821427
1.0
0.49536204077
0.57820027365
1.0
0.495483570252
0.576645852124
1.0
0.49504999696
0.575560718385
1.0
0.49504999696
0.575560718385
1.0
0.495150705758
0.574750019546
1.0
0.495623385894
0.573393393297
1.0
0.495517607402
0.57256587295
1.0
0.495397913572
0.571296054553
1.0
0.495712187942
0.56931380813
1.0
0.495203056587
0.568073171083
1.0
0.49515792607
0.567210132259
1.0
0.495426958452
0.567063306095
1.0
0.495426958452
0.567063306095
1.0
0.495458471348
0.566063232458
1.0
0.495455006887
0.565875177625
1.0
0.495532252433
0.565527739022
1.0
0.495607092689
0.565513323014
1.0
0.495701621004
0.564748902218
1.0
0.495421120893
0.563505501049
1.0
0.495538537345
0.56296679868
1.0
0.495618637124
0.562898830646
1.0
0.495681577066
0.562680838526
1.0
0.495681577066
0.562680838526
1.0
0.495692912601
0.562968643145
1.0
0.495896053934
0.562389766319
1.0
0.495446800838
0.562320319481
1.0
0.495465932891
0.562835151545
1.0
0.495346544285
0.562930972358
1.0
0.495323987341
0.563132577814
1.0
0.494308668406
0.560061116368
1.0
0.494308668406
0.560061116368
1.0
0.494387386347
0.560771488169
0.993824752245
0.491634966109
0.556820667525
0.993824752245
0.491618252406
0.556476781586
0.977477975759
0.490085749347
0.553580106514
0.977477975759
0.488898105336
0.547711191501
1.0
0.488365031101
0.5470634654
1.0
0.486271044959
0.541656965173
1.0
0.486704200909
0.542895962765
1.0
0.486704200909
0.542895962765
1.0
0.48614138397
0.539497176151
1.0
0.486357507135
0.540232513828
1.0
0.486344373731
0.543442208101
1.0
0.48635735727
0.543775755379
1.0
0.486499430996
0.546729877704
1.0
0.485661620269
0.546793785315
1.0
0.48534377321
0.548467661888
1.0
0.485274306016
0.549229677172
1.0
0.485088215602
0.550658337115
1.0
0.485088215602
0.550658337115
1.0
0.484662567374
0.552287924589
1.0
0.48461402269
0.55487382638
1.0
0.484257139289
0.556376596608
1.0
0.48435812614
0.558936915386
1.0
0.483678980878
0.559760023694
1.0
0.48348370134
0.562007471657
1.0
0.483020553701
0.562995616017
1.0
0.483020553701
0.562995616017
1.0
0.48288652394
0.565470125631
1.0
0.482770723097
0.567067263574
1.0
0.4827318637
0.568912255288
1.0
0.482087581372
0.569961289672
1.0
0.482111992782
0.57203866455
1.0
0.482372763859
0.573179577014
1.0
0.482452786853
0.574605754901
1.0
0.482310159225
0.575915703711
1.0
0.482324169873
0.577152787021
1.0
0.482324169873
0.577152787021
1.0
0.482817956047
0.578195230296
1.0
0.482994731514
0.579695340704
1.0
0.483987951577
0.580809778532
1.0
0.484269792161
0.581566972315
1.0
0.484649633734
0.583328075548
1.0
0.484912195034
0.583920613012
1.0
0.48647520864
0.584914001535
1.0
0.48647520864
0.584914001535
1.0
0.486870837946
0.585594825058
1.0
0.487528072968
0.586734830898
1.0
0.487879111792
0.587426899498
1.0
0.488734708592
0.587679528324
1.0
0.489079238434
0.587874516814
1.0
0.489902103414
0.589377526599
1.0
0.490562250949
0.589149059554
1.0
0.491521370499
0.590542453669
1.0
0.491521370499
0.590542453669
1.0
0.492053999999
0.590569331297
1.0
0.492818991716
0.591188924124
1.0
0.493272314853
0.590749624548
1.0
0.493951438515
0.591565596553
1.0
0.494578541056
0.591522347933
1.0
0.495649362275
0.592940210989
1.0
0.496446636934
0.592646528174
1.0
0.497796668202
0.593741700197
1.0
0.497796668202
0.593741700197
1.0
0.498415142684
0.594947072438
1.0
0.499319244922
0.596118975159
1.0
0.500184936108
0.59625916797
1.0
0.501225945363
0.598287765446
1.0
0.501986125391
0.598570298079
1.0
0.503524215621
0.599893952968
1.0
0.504370908379
0.600139177267
1.0
0.505544680615
0.602217537724
1.0
0.505544680615
0.602217537724
1.0
0.506130318226
0.603045967622
1.0
0.507721197637
0.605054517644
1.0
0.508407960703
0.605722056311
1.0
0.508909051635
0.606969918953
1.0
0.509769553569
0.60797426708
1.0
0.511503937486
0.611248535592
1.0
0.512244852519
0.611919741313
1.0
0.513332323399
0.614505486225
1.0
0.513332323399
0.614505486225
1.0
0.514004230146
0.614836161713
1.0
0.514626926273
0.617478919507
1.0
0.515255778534
0.618744052424
1.0
0.515961829845
0.620760965935
1.0
0.516474124259
0.622205456553
1.0
0.517463303732
0.624340520557
1.0
0.518054084034
0.625648727808
1.0
0.518361701808
0.62715563807
1.0
0.518361701808
0.62715563807
1.0
0.519097004996
0.62847051554
1.0
0.520576173284
0.629651748053
1.0
0.520891351583
0.631140707674
1.0
0.52172742474
0.633364398011
1.0
0.522170139729
0.633963756617
1.0
0.522422953116
0.635368498842
1.0
0.522758687131
0.636713596869
1.0
0.52358295676
0.638467571732
1.0
0.52358295676
0.638467571732
1.0
0.524266789209
0.640046533978
1.0
0.524503930272
0.641318636446
1.0
0.525185609542
0.641595165926
1.0
0.526290841149
0.643427912944
1.0
0.526913046833
0.644318801543
1.0
0.527546611186
0.645950188052
1.0
0.527965123927
0.647487919882
1.0
0.528857733902
0.64971045128
1.0
0.529333811721
0.650322545974
1.0
0.529333811721
0.650322545974
1.0
0.529543109164
0.650075332741
1.0
0.530013633275
0.650772395442
1.0
0.530662308204
0.652093631416
1.0
0.531215127444
0.65351309808
1.0
0.532333752134
0.65475362662
1.0
0.532668433136
0.654886775621
1.0
0.5336964745
0.656566945259
