1.0
0.40631189927
0.302980288806
1.0
0.406808194509
0.302893507732
1.0
0.407059771683
0.302411039001
1.0
0.407059771683
0.302411039001
1.0
0.407949268604
0.303060107959
1.0
0.408254793625
0.302832832571
1.0
0.408160989523
0.302107921301
1.0
0.408491894318
0.300978224779
1.0
0.410196637145
0.303032947289
1.0
0.410746680807
0.30301655423
1.0
0.414229267626
0.310719059577
1.0
0.415596524078
0.314072621011
1.0
0.415596524078
0.314072621011
1.0
0.418811938633
0.323571462494
1.0
0.419885781781
0.327537265895
1.0
0.420914978887
0.332949544093
1.0
0.421380886413
0.334817575178
1.0
0.421370149876
0.337090295409
1.0
0.42181718218
0.335492930925
1.0
0.422444477293
0.335894034325
1.0
0.422657489022
0.335105936901
1.0
0.422657489022
0.335105936901
1.0
0.422783698494
0.334716661261
1.0
0.422811041195
0.334274399171
1.0
0.423908552709
0.335951686545
1.0
0.424162591512
0.335495249387
1.0
0.424039016922
0.335091694861
1.0
0.424370372322
0.334483556318
1.0
0.425287790556
0.335859744462
1.0
0.425292983738
0.335830247556
1.0
0.425292983738
0.335830247556
1.0
0.425708701579
0.335862870456
1.0
0.425857272704
0.336035752989
1.0
0.426398206346
0.336811006239
1.0
0.426484608387
0.337116665613
1.0
0.426248451932
0.337742663551
1.0
0.426479437174
0.33739981815
1.0
0.426728809599
0.337449509933
1.0
0.426906237835
0.337518429066
1.0
0.426990249987
0.338653239663
1.0
0.426990249987
0.338653239663
1.0
0.427117444672
0.338639291799
1.0
0.427120212454
0.339251022018
1.0
0.427162410161
0.339730833049
1.0
0.427361371833
0.340029553993
1.0
0.427507269729
0.340323065791
1.0
0.427991965366
0.340594465285
1.0
0.428004812128
0.341168086379
1.0
0.428004812128
0.341168086379
1.0
0.428125870156
0.341279543891
1.0
0.428305151787
0.340982859979
1.0
0.428164932281
0.34084397747
1.0
0.42827782439
0.34087679861
1.0
0.428231847837
0.341301593729
1.0
0.428221314437
0.341301030992
1.0
0.428948525474
0.342434965008
1.0
0.428939531891
0.342692178213
1.0
0.428933258042
0.342714036937
1.0
0.428933258042
0.342714036937
1.0
0.429106526694
0.34244548379
1.0
0.429099161272
0.342717098685
1.0
0.429147213256
0.342802567689
1.0
0.429376962252
0.343086805576
1.0
0.429425894725
0.343015184463
1.0
0.429328204697
0.341456917139
1.0
0.429398694528
0.34086731613
1.0
0.429398694528
0.34086731613
1.0
0.429399605555
0.341480054511
1.0
0.429490933632
0.341511715736
1.0
0.429891125774
0.34232481422
1.0
0.429848953213
0.342483027412
1.0
0.429342108554
0.340475311296
1.0
0.429464843019
0.33996544562
1.0
0.429420756744
0.339806784392
1.0
0.429384230855
0.339914348735
1.0
0.429384230855
0.339914348735
1.0
0.429625778928
0.340158894437
1.0
0.429621816175
0.340130660994
1.0
0.429800255815
0.340482086058
1.0
0.429750725643
0.3405106377
1.0
0.429615645787
0.340613986004
1.0
0.429689411191
0.34038459153
1.0
0.429436371335
0.339152348229
1.0
0.429292933921
0.339257181289
1.0
0.429231407439
0.339226244558
1.0
0.429231407439
0.339226244558
1.0
0.429193522259
0.339273842891
1.0
0.429070451554
0.338398550828
1.0
0.429112695278
0.338254825563
1.0
0.429298765176
0.338641692675
1.0
0.42911284124
0.338795737233
1.0
0.428938851883
0.338287543628
1.0
0.428932298367
0.338123884769
1.0
0.428932298367
0.338123884769
1.0
0.42902830574
0.337886713205
1.0
0.42886456943
0.337929139308
1.0
0.429204058746
0.338021469744
1.0
0.429238564146
0.33795959114
1.0
0.428684793135
0.337053176581
1.0
0.428447255738
0.337066896009
1.0
0.428330305717
0.33557575758
1.0
0.428371279123
0.335593205188
1.0
0.428371279123
0.335593205188
1.0
0.428291028639
0.335693630748
1.0
0.428338788488
0.335427560772
1.0
0.428465759946
0.334813501134
1.0
0.428471949868
0.334399831798
1.0
0.429086867192
0.335417566656
1.0
0.42907191562
0.335588482539
1.0
0.428909003189
0.335857636174
1.0
0.428955807426
0.335414980112
1.0
0.428955807426
0.335414980112
1.0
0.429182615958
0.335044347251
1.0
0.429218668519
0.335140127959
1.0
0.42877815002
0.333832922656
1.0
0.428820092857
0.333808915912
1.0
0.429236487584
0.333689515476
1.0
0.429229279787
0.333436729231
1.0
0.43006310361
0.33511682549
1.0
0.430266046814
0.33495388806
1.0
0.430266046814
0.33495388806
1.0
0.430298480307
0.334110228035
1.0
0.430260889029
0.334448289064
1.0
0.430058512481
0.334809205118
1.0
0.430187249184
0.334807437453
1.0
0.430659415649
0.335023066207
1.0
0.430918392644
0.334930585392
1.0
0.431456148152
0.33629019156
1.0
0.431550769484
0.336302397284
1.0
0.432612513114
0.337329543298
1.0
0.432612513114
0.337329543298
1.0
0.432769917825
0.337586180183
1.0
0.433188631902
0.338016137618
1.0
0.43332849953
0.337709642085
1.0
0.434082176998
0.33881318245
1.0
0.434256048907
0.338632837375
1.0
0.434699897895
0.338031321482
1.0
0.435033669894
0.337726585774
1.0
0.435033669894
0.337726585774
1.0
0.436048034795
0.338879519115
1.0
0.436128962975
0.338694682556
1.0
0.436433928199
0.338854269433
1.0
0.436630686739
0.338017011969
1.0
0.436873831203
0.337615186225
1.0
0.437136417611
0.337097287508
1.0
0.43752793602
0.336663483263
1.0
0.437600761244
0.336651113139
1.0
0.437600761244
0.336651113139
1.0
0.438255995376
0.337223129488
1.0
0.438386313149
0.336979488717
1.0
0.438957640283
0.337858445702
1.0
0.439071436217
0.337606708246
1.0
0.43917215816
0.336946840171
1.0
0.439469244884
0.336675515602
1.0
0.440001317323
0.338263594907
1.0
0.44014715219
0.338515226693
1.0
0.44014715219
0.338515226693
1.0
0.440898160309
0.33946679276
1.0
0.441072520482
0.34032645391
1.0
0.441639373421
0.342284153098
1.0
0.441835287955
0.342734872419
1.0
0.442489577067
0.345484937904
1.0
0.442756345043
0.34646351942
1.0
0.442917921427
0.347105146196
1.0
0.44314671428
0.348428582376
1.0
0.44314671428
0.348428582376
1.0
0.444034011576
0.351831637779
1.0
0.444536508519
0.352830936555
1.0
0.445106523596
0.356121271763
1.0
0.445421534225
0.357694916353
1.0
0.446540262587
0.360717490015
1.0
0.446760052799
0.362152106724
1.0
0.447464293695
0.364621281114
1.0
0.447959529741
0.366233938111
1.0
0.447959529741
0.366233938111
1.0
0.448797654546
0.37011027777
1.0
0.449094633144
0.372123533602
0.957940284963
0.450005925426
0.375564080964
0.957940284963
0.450681916234
0.376994828067
0.940375281923
0.451826203778
0.381081979413
0.940375281923
0.452071387643
0.383411157135
0.976318249704
0.453011085855
0.386309197338
0.976318249704
0.453720481291
0.387384512021
0.976318249704
0.453720481291
0.387384512021
0.948173663393
0.4540514289
0.389399266718
0.948173663393
0.454452228649
0.391619616205
0.974134398038
0.455349232197
0.39574508961
0.974134398038
0.455796474235
0.39747444337
0.943369869777
0.456593711458
0.400487708169
0.943369869777
0.457007674799
0.402060708342
0.952825164243
0.456694732934
0.403550713314
0.952825164243
0.457057948587
0.404932014271
0.952825164243
0.457057948587
0.404932014271
0.959392966091
0.458223132623
0.408099974916
0.959392966091
0.458649425453
0.408810499482
0.991547605675
0.459595456699
0.411883802083
0.991547605675
0.460126879138
0.4121698989
0.966915044034
0.459821509726
0.412412448071
0.966915044034
0.460237080954
0.413259428657
1.0
0.460713144856
0.415403670609
1.0
0.461125907163
0.415476638269
1.0
0.461125907163
0.415476638269
0.957085638724
0.46077135088
0.414785021686
0.957085638724
0.46085335374
0.415099154192
0.953327611566
0.460953174141
0.416363677494
0.953327611566
0.461544461829
0.416234912465
0.992427803792
0.462401480204
0.418037257732
0.992427803792
0.46251267927
0.418051072461
0.957631528738
0.46191357452
0.41718899758
0.957631528738
0.462008669565
0.417235233793
0.957631528738
0.462008669565
0.417235233793
0.934802084508
0.462009250988
0.417760829974
0.934802084508
0.462295698511
0.417525843403
0.958416754217
0.46126079204
0.415728790316
0.958416754217
0.461393510074
0.415482601166
0.941652077968
0.461592519934
0.415471882713
0.941652077968
0.461774243679
0.414666156573
0.903924178101
0.461509263687
0.414251343212
0.903924178101
0.461636904918
0.413553933795
0.903924178101
0.461636904918
0.413553933795
0.950478362346
0.461154049777
0.412187301818
0.950478362346
0.461377568672
0.411012633486
0.946200574524
0.460460688465
0.409216896876
0.946200574524
0.460322000479
0.408766491733
0.912533159824
0.459224006564
0.405825110723
0.912533159824
0.459291575375
0.404827842705
0.951104152847
0.458194004067
0.402270147679
0.951104152847
0.457980246888
0.401091607218
0.951104152847
0.457980246888
0.401091607218
0.924747802715
0.458490565845
0.401277767811
0.924747802715
0.458477630562
0.400270658743
0.981228887451
0.458047151514
0.399065158147
0.981228887451
0.458138759354
0.39760207578
0.925363842686
0.45657021613
0.393472736776
0.925363842686
0.456404235644
0.3926407315
0.954694634092
0.455470207876
0.391235194457
0.954694634092
0.455470207876
0.391235194457
0.954694634092
0.455479072808
0.389832108991
1.0
0.455352040703
0.388386722816
1.0
0.455596777196
0.386664672189
0.959980750125
0.455280359391
0.385561161062
0.959980750125
0.45518449181
0.384356507516
0.922013231585
0.453707191923
0.378683529257
0.922013231585
0.453658896303
0.37690445443
0.980662817646
0.453904811135
0.376310796346
0.980662817646
0.453965746669
0.374675860149
0.980662817646
0.453965746669
0.374675860149
1.0
0.454473718366
0.374225659067
1.0
0.454634762836
0.371743705516
1.0
0.454324811502
0.369753942797
1.0
0.454364352155
0.367654251125
1.0
0.454478161286
0.365802716427
1.0
0.454890482691
0.362800874573
1.0
0.454005153746
0.35992298099
1.0
0.454254056307
0.356736414529
1.0
0.454254056307
0.356736414529
