1.0
0.594468160432
0.535162503084
1.0
0.594163062016
0.536441174632
1.0
0.594069368546
0.536628787075
1.0
0.593684145606
0.537542162218
0.699967563941
0.59368766274
0.536853668437
0.699967563941
0.59368766274
0.536853668437
0.699967563941
0.593519488682
0.537266860036
1.0
0.592935236437
0.53921235453
1.0
0.592634489949
0.540363520361
1.0
0.592681361849
0.54133035366
1.0
0.59257534934
0.542025164151
1.0
0.591798971548
0.542494931501
1.0
0.591798971548
0.542494931501
1.0
0.591451618037
0.543321332442
1.0
0.591488805117
0.543257979059
1.0
0.591110207385
0.544166553835
1.0
0.591027628029
0.544749117131
1.0
0.590682132431
0.545313263764
1.0
0.590817259874
0.545124138884
1.0
0.590581406478
0.545977241589
1.0
0.596249306796
0.544252482882
1.0
0.596249306796
0.544252482882
1.0
0.595945347228
0.54509036194
1.0
0.603731347509
0.547161497913
1.0
0.603596407132
0.547406618439
1.0
0.615705043594
0.552839871895
1.0
0.618261908749
0.546498143817
1.0
0.618261908749
0.546498143817
1.0
0.622321880632
0.539533929886
1.0
0.625525904852
0.534419886241
1.0
0.62797517774
0.529214373341
1.0
0.628254191544
0.527992657239
1.0
0.62825379148
0.529578637142
1.0
0.627876920821
0.531326604829
1.0
0.627876920821
0.531326604829
1.0
0.627717567768
0.532522876234
1.0
0.627212884405
0.533757126608
1.0
0.626966704524
0.534223631956
1.0
0.627192255768
0.535111320996
1.0
0.627291917338
0.535978079991
1.0
0.62688872965
0.537763245617
1.0
0.626659275354
0.538546059825
1.0
0.626232317567
0.53972969365
0.623658967276
0.626609389084
0.538620827856
0.623658967276
0.626609389084
0.538620827856
0.623658967276
0.62636663348
0.539585402438
0.623658967276
0.626300479223
0.540436702608
0.99
0.594183765859
0.514377829988
0.99
0.593803452889
0.515263148006
0.99
0.593282664557
0.515996003009
0.99
0.575796700016
0.507085817222
0.99
0.571182120436
0.509155302248
1.0
0.56528268116
0.507141564205
1.0
0.56528268116
0.507141564205
0.99
0.556008898672
0.515490967803
0.99
0.552982936617
0.513887442069
0.99
0.541348380429
0.532667851524
0.99
0.541123431119
0.532574443736
0.99
0.541078850187
0.532406442278
1.0
0.541389632529
0.533066714373
1.0
0.541389632529
0.533066714373
1.0
0.541772854182
0.53373232978
1.0
0.542157341086
0.533501775031
1.0
0.542447364711
0.533738936049
1.0
0.542760782201
0.532321264656
1.0
0.542799245706
0.532591327707
1.0
0.542876016784
0.532576261931
1.0
0.543549742026
0.533009851405
1.0
0.543685869397
0.533269204811
1.0
0.543658932469
0.533373846184
1.0
0.543861341335
0.533324474129
1.0
0.543861341335
0.533324474129
1.0
0.543975463486
0.53350195493
1.0
0.543969853638
0.533591339723
1.0
0.5439750618
0.533989604218
1.0
0.544173424394
0.533910263327
1.0
0.544238575555
0.533838714102
1.0
0.544188620245
0.534025602894
1.0
0.544147449603
0.534035280516
1.0
0.544031249895
0.534293043811
1.0
0.544031249895
0.534293043811
1.0
0.543903774523
0.534037228343
1.0
0.544059466166
0.533767668863
1.0
0.544228836303
0.534187739895
1.0
0.543889801654
0.534768441026
1.0
0.543948422212
0.535066619706
1.0
0.544113304963
0.53510989422
1.0
0.544015178714
0.535037953921
1.0
0.544015178714
0.535037953921
1.0
0.544062069685
0.534823441027
1.0
0.544126023054
0.535203489857
1.0
0.543971328868
0.535843049238
1.0
0.544108643197
0.535940756187
1.0
0.544103481654
0.535972101803
1.0
0.543767894695
0.535747147852
1.0
0.543567755792
0.536126055595
1.0
0.543567755792
0.536126055595
1.0
0.543643320291
0.536339324265
1.0
0.543649070451
0.536288783766
1.0
0.543544730613
0.536576878962
1.0
0.543371386267
0.537192060452
1.0
0.543430050666
0.537330785816
1.0
0.543414699799
0.537702585901
1.0
0.543384057843
0.537866256876
1.0
0.543090457484
0.538237324394
1.0
0.543105032955
0.538694944053
1.0
0.543062040783
0.538994898267
1.0
0.543062040783
0.538994898267
1.0
0.543192110507
0.539390448992
1.0
0.543087891158
0.539832205836
1.0
0.543319002928
0.53974216615
1.0
0.543207938306
0.53981211022
1.0
0.542641158695
0.539672917586
1.0
0.54243095961
0.540462320589
1.0
0.542442774532
0.540401879169
1.0
0.542442774532
0.540401879169
1.0
0.542391333153
0.540527925498
1.0
0.542360007835
0.540812400685
1.0
0.542373278834
0.540794758979
1.0
0.542196441346
0.540851744858
1.0
0.542128791424
0.541045955456
1.0
0.54233234448
0.54153018438
1.0
0.542076932274
0.542418806862
1.0
0.542031511823
0.543421174819
1.0
0.542031511823
0.543421174819
1.0
0.54184741664
0.543666111531
1.0
0.541486229116
0.542994091812
1.0
0.541418697382
0.543244193214
1.0
0.541132234738
0.543094311809
1.0
0.541027425753
0.543348592773
1.0
0.541787994872
0.542437772537
1.0
0.541644624831
0.542495127739
1.0
0.541644624831
0.542495127739
1.0
0.547070147018
0.534671721548
1.0
0.546855755336
0.534837869
0.99
0.557254537981
0.521709299058
0.99
0.557626639147
0.521030685899
0.99
0.565889464064
0.511769352461
0.99
0.569088246075
0.50022106499
1.0
0.57146059709
0.494927051927
0.99
0.578069923025
0.470147097684
0.99
0.57870609053
0.471082225708
0.99
0.57870609053
0.471082225708
0.99
0.584739382548
0.447372454445
0.99
0.58444975378
0.447907033001
1.0
0.585634356712
0.43945501221
1.0
0.585038911072
0.440480996333
1.0
0.584548876912
0.441299082598
1.0
0.584773805123
0.44154252509
1.0
0.584075205832
0.442775809752
1.0
0.584075205832
0.442775809752
1.0
0.583780289796
0.443546785903
1.0
0.583906271219
0.443879983917
1.0
0.583505656764
0.444188569105
1.0
0.582699335584
0.446477215645
1.0
0.582293472048
0.446583714831
1.0
0.581967039161
0.447603974611
1.0
0.582083160707
0.447992981654
1.0
0.581805304777
0.448287550213
1.0
0.581805304777
0.448287550213
1.0
0.581811020617
0.448829074949
1.0
0.581595361588
0.449791451554
1.0
0.581279599814
0.45044692876
1.0
0.581105034245
0.450833632924
1.0
0.578485876106
0.450887192461
1.0
0.578188581567
0.452139465219
0.99
0.566654056725
0.454087525271
0.99
0.566361637366
0.45495207788
0.99
0.566361637366
0.45495207788
0.99
0.550386249864
0.458017501818
0.99
0.549337750061
0.460380983656
0.99
0.530890812169
0.462522451476
0.99
0.525698878735
0.478209391011
0.99
0.509696874198
0.479180630959
