1.0
0.532623034821
0.760514228612
1.0
0.532182394201
0.760258767216
1.0
0.532182394201
0.760258767216
1.0
0.532163800191
0.760185647982
1.0
0.531712131679
0.760335163308
1.0
0.531734494187
0.76022334176
1.0
0.532268824486
0.759623198047
1.0
0.532250935918
0.759592657198
1.0
0.532242795906
0.760305400893
1.0
0.532229895537
0.760267299724
1.0
0.531771628523
0.759839317677
1.0
0.531771628523
0.759839317677
0.961294663127
0.531794337915
0.76000258291
0.961294663127
0.531706690914
0.760250226712
1.0
0.531704652619
0.760161044033
1.0
0.53152045723
0.759907907498
1.0
0.53152796828
0.759955552477
1.0
0.531564013659
0.760322043296
0.975318580944
0.53157059219
0.760216488278
0.975318580944
0.531069348509
0.759512582545
0.975318580944
0.531069348509
0.759512582545
0.976471728739
0.531076172035
0.759443224844
0.976471728739
0.531276044668
0.759967616696
1.0
0.531248808762
0.759985920449
1.0
0.531102679707
0.759616614247
1.0
0.531112243136
0.759573958611
1.0
0.530679891596
0.759518913691
0.990553914556
0.530657808155
0.759519707577
0.990553914556
0.530623918346
0.758428339825
0.990553914556
0.530623918346
0.758428339825
1.0
0.530656839632
0.758493630895
1.0
0.530575464522
0.757882694138
1.0
0.530571927416
0.757915699052
1.0
0.530836904286
0.757913634334
1.0
0.530873794219
0.757830761702
1.0
0.530735164089
0.757118464974
0.927348647205
0.530670605761
0.757005753598
0.927348647205
0.530702383974
0.756849792535
0.927348647205
0.530702383974
0.756849792535
0.964218117826
0.530729203723
0.756869433578
0.964218117826
0.531075338652
0.757506027736
1.0
0.53109908678
0.757519414669
1.0
0.529730159409
0.756161037844
1.0
0.529723811278
0.756227389527
1.0
0.530805998077
0.757040455119
1.0
0.530817084929
0.756980904554
1.0
0.530800477627
0.756267680315
1.0
0.530800477627
0.756267680315
1.0
0.53082206304
0.756339815318
1.0
0.530342411287
0.756824206006
1.0
0.53030876189
0.756632026047
1.0
0.530198515787
0.756664379769
0.91546525585
0.530133669583
0.756621259046
0.91546525585
0.530162017807
0.756633855575
1.0
0.530235621617
0.756773571107
1.0
0.530025346846
0.756597742122
1.0
0.530025346846
0.756597742122
0.977235969472
0.529975833041
0.756464831307
0.977235969472
0.530008494352
0.75679898624
0.966136826264
0.530037816852
0.756741589019
0.966136826264
0.529259260869
0.756392113825
1.0
0.52925562599
0.756597424145
1.0
0.529040628585
0.755696962061
1.0
0.529065095383
0.755683710517
1.0
0.530220481785
0.75667645356
1.0
0.530220481785
0.75667645356
1.0
0.53020311018
0.756632982888
1.0
0.529981065315
0.757298127968
1.0
0.529978479798
0.7573348537
1.0
0.529982800331
0.756829007651
1.0
0.529973655953
0.756724497135
1.0
0.529865908858
0.756590718979
1.0
0.529867511102
0.756650629825
1.0
0.529867511102
0.756650629825
1.0
0.529637823134
0.756680862349
0.826374158189
0.529578759757
0.756228538029
0.826374158189
0.529438125036
0.755714327482
1.0
0.529499058146
0.756133307735
1.0
0.529923817267
0.756713142044
0.977185039464
0.529915981935
0.756890240511
0.977185039464
0.529156769506
0.756645568459
0.935019776149
0.529149998142
0.756323519303
0.935019776149
0.529993726849
0.757308111079
0.935019776149
0.529993726849
0.757308111079
1.0
0.529992467105
0.757615833105
1.0
0.530559719106
0.75803452541
1.0
0.530571655693
0.757969298658
1.0
0.53032970318
0.757893106249
1.0
0.53032898902
0.75795052577
1.0
0.529981432467
0.758746392726
1.0
0.529982176515
0.758767471011
1.0
0.530097729488
0.759132911655
1.0
0.530097729488
0.759132911655
1.0
0.53007879199
0.759116826495
1.0
0.529708111399
0.759643305369
1.0
0.52968772716
0.759741000883
1.0
0.52866021783
0.759455098296
1.0
0.528647713461
0.759578750847
1.0
0.528795099974
0.761311409188
1.0
0.528732747408
0.761307841105
1.0
0.528882742037
0.763326266048
1.0
0.528882742037
0.763326266048
1.0
0.528878584648
0.763430550459
1.0
0.528205361922
0.763960999403
1.0
0.52813824
0.764127038456
1.0
0.528503939812
0.765551355173
1.0
0.528496043746
0.765564713136
1.0
0.527981052884
0.766536296556
0.890527740656
0.527899200879
0.766447235195
0.890527740656
0.52745275952
0.767154069701
0.890527740656
0.52745275952
0.767154069701
1.0
0.527429518032
0.767401086217
1.0
0.526656250186
0.768544231278
1.0
0.52667013357
0.768659113269
1.0
0.525962056514
0.768347186439
1.0
0.525903159592
0.768514803986
1.0
0.525504189003
0.770662752193
1.0
0.525504189003
0.770662752193
1.0
0.525446014292
0.770673038025
1.0
0.525917613698
0.772091452354
0.935720438447
0.525873020442
0.772204316766
0.935720438447
0.525551233387
0.774055416109
0.783536399166
0.525400318701
0.774735935578
0.783536399166
0.524580622075
0.776436031392
0.99
0.524650704705
0.776093320483
0.99
0.523619133502
0.777570814391
1.0
0.523554096684
0.77774839108
1.0
0.521929357956
0.779533959373
1.0
0.521929357956
0.779533959373
1.0
0.521896257108
0.779657601608
1.0
0.520567963314
0.780973403196
1.0
0.520482753469
0.781169477343
1.0
0.518410334123
0.782166655308
1.0
0.518322780573
0.782273509617
1.0
0.517811827406
0.784781963819
0.97770566229
0.51770431912
0.784756181565
0.97770566229
0.51770431912
0.784756181565
0.97770566229
0.517775464005
0.785582862527
1.0
0.517702304124
0.786007925186
1.0
0.515838332958
0.787357316983
1.0
0.51578400489
0.787459542991
1.0
0.515475301954
0.789046809106
0.907426989319
0.515398292042
0.788950965788
0.907426989319
0.514640570745
0.791118287311
0.926982004248
0.514539718236
0.791358513308
0.926982004248
0.513677780215
0.793711400945
0.926982004248
0.513677780215
0.793711400945
1.0
0.513668057791
0.794184269313
1.0
0.512525396344
0.793904016241
0.894054200808
0.512447441483
0.793813994141
0.894054200808
0.511897947332
0.796112710771
0.871714512576
0.51180173155
0.796097375743
0.871714512576
0.510849927972
0.79728533129
0.960808794601
0.510776939691
0.797567157455
0.960808794601
0.510342419563
0.798060743384
0.960808794601
0.510342419563
0.798060743384
0.878384008189
0.510268157051
0.79804834692
0.878384008189
0.509557633329
0.799727691936
1.0
0.509643943301
0.80006076568
1.0
0.509189985985
0.800443016988
0.875300802342
0.509079294973
0.800718468061
0.875300802342
0.507780017068
0.801522983797
1.0
0.50780240568
0.801587784938
1.0
0.506412718073
0.800720569632
1.0
0.506412718073
0.800720569632
1.0
0.506398052063
0.800819657392
1.0
0.504500175623
0.801358335111
0.985581983142
0.504453486289
0.801221837372
0.985581983142
0.502840624461
0.800977755584
1.0
0.502738108414
0.801199105829
1.0
0.501797323119
0.800416708278
0.772643227187
0.501756600041
0.800017129531
0.772643227187
0.502203670308
0.80108608908
0.772643227187
0.502203670308
0.80108608908
0.772643227187
0.501268622693
0.800193464392
0.99
0.501260829701
0.800558465242
0.99
0.499994972739
0.799070930818
1.0
0.499996123503
0.799224445952
1.0
0.498391240272
0.798631547528
0.772936958775
0.498302069495
0.797837608412
0.772936958775
0.497845797233
0.797322782126
0.772936958775
0.497845797233
0.797322782126
0.7513799117
0.497798809431
0.797344901324
0.7513799117
0.497334146246
0.796880206662
0.7513799117
0.497743773476
0.795882022713
0.895287049729
0.483528548416
0.870320290405
0.895287049729
0.482150845942
0.870333573195
0.841898649641
0.496401042382
0.795838791136
0.841898649641
0.496401042382
0.795838791136
0.841898649641
0.494775722642
0.79445092851
0.772670199961
0.494755499647
0.795052562563
0.772670199961
0.494285063901
0.794564325829
0.99
0.494416500945
0.794407378999
0.99
0.493758669759
0.793722710585
1.0
0.493740451704
0.793532798231
1.0
0.492947325351
0.792425389626
0.894884618321
0.49288376149
0.792190647354
0.894884618321
0.490996776253
0.790324818766
0.894884618321
0.490996776253
0.790324818766
1.0
0.491042369008
0.790512772026
1.0
0.489733174041
0.788962348796
0.82478110409
0.489627044381
0.788277727349
0.82478110409
0.488684675753
0.785076275372
1.0
0.488780087408
0.785461269119
1.0
0.488137780779
0.784207215582
1.0
0.488137780779
0.784207215582
1.0
0.488145357639
0.78411469047
1.0
0.487037335285
0.780947899478
1.0
0.487026687984
0.780900000193
1.0
0.485701194075
0.778863727972
1.0
0.485711643759
0.778670207729
1.0
0.484807211355
0.775932610586
1.0
0.484901877322
0.775549046499
1.0
0.484221449545
0.773600559999
1.0
0.484251179421
0.773457529699
1.0
0.482622373062
0.771257152223
1.0
0.482622373062
0.771257152223
0.906610525869
0.482596921722
0.770901496846
0.906610525869
0.481201460995
0.768413829788
0.98575737609
0.481213364753
0.768412820048
0.98575737609
0.481212611996
0.765654699655
0.963454853449
0.481235658781
0.765415302482
0.963454853449
0.480415801572
0.764424609798
1.0
0.480451418671
0.764420744941
1.0
0.480451418671
0.764420744941
1.0
0.479309264116
0.76319775969
1.0
0.479322268987
0.763129341052
1.0
0.477497617448
0.760719056723
0.938058095421
0.477502137639
0.76027953567
0.938058095421
0.477354054557
0.758628906697
0.938058095421
0.477354054557
0.758628906697
0.99
0.477409806641
0.758132926526
0.99
0.476348601009
0.756975874491
0.99
0.476686341652
0.755900218657
0.99
0.475487902899
0.754581119444
0.99
0.473697468645
0.753265713152
0.99
0.473354090636
0.752741013207
1.0
0.473382024057
0.75277508595
1.0
0.474424768417
0.75038317597
1.0
0.474429125789
0.750247440538
1.0
0.474429125789
0.750247440538
1.0
0.474413661407
0.749808472573
0.835789918216
0.474417613018
0.749399101041
0.835789918216
0.474117627832
0.748723792543
1.0
0.474134135014
0.748979762442
1.0
0.473999874088
0.748416882333
1.0
0.474000175399
0.74821023175
1.0
0.474000175399
0.74821023175
1.0
0.473442194031
0.7471653806
0.953648113313
0.473476372237
0.746941419342
0.953648113313
0.473666397089
0.746030520474
0.988762588092
0.473653278577
0.745975520202
0.988762588092
0.472309890352
0.743166552349
1.0
0.472398356069
0.743193353802
1.0
0.473195764779
0.741311279758
1.0
0.473195764779
0.741311279758
0.932259352116
0.473160440047
0.741014773168
0.932259352116
0.473138595958
0.740160720085
0.899002832839
0.473179885724
0.739945694075
0.899002832839
0.473607356674
0.738881894954
1.0
0.473659694798
0.739013368647
1.0
0.474478968659
0.739218644135
0.842694429153
0.474426739321
0.738871338381
0.842694429153
0.475861675315
0.738366382495
1.0
0.476035951789
0.738464368533
1.0
0.476858920918
0.737786513901
1.0
0.476858920918
0.737786513901
0.994867540883
0.476873370365
0.737666394837
0.994867540883
0.476444497151
0.736389845319
1.0
0.476516523582
0.736366821935
1.0
0.478683782417
0.734591487406
1.0
0.478711936837
0.73453216369
1.0
0.479002281678
0.733131320674
0.901721965818
0.478995556692
0.732664570292
0.901721965818
0.48010505806
0.732030830747
0.901721965818
0.48010505806
0.732030830747
0.969251902128
0.480174311283
0.732008482219
0.969251902128
0.480493846605
0.73039255855
1.0
0.480567696878
0.730417861388
1.0
0.480775490941
0.729091953106
0.843668693497
0.480810329083
0.728692770802
0.843668693497
0.481655207159
0.729107664768
0.994391239576
0.48173872043
0.729290583342
0.994391239576
0.482037927284
0.728343060229
0.994391239576
0.482037927284
0.728343060229
0.976969373476
0.482174210554
0.72833731647
0.976969373476
0.481619899665
0.725958447059
0.785439944479
0.481510882637
0.725161608153
0.785439944479
0.483717853271
0.724264289799
0.88838593345
0.483800177341
0.724512806154
0.88838593345
0.494060604923
0.724111217454
0.88838593345
0.494060604923
0.724111217454
0.885820177142
0.494150587191
0.723790432785
0.885820177142
0.516290172562
0.725442271166
0.804361058216
0.516316573433
0.725084026741
0.804361058216
0.534778781038
0.722335378518
0.722470103068
0.535163700728
0.722145323454
0.722470103068
0.539847212916
0.716914221331
1.0
0.526298969423
0.784347666954
1.0
0.526259267127
0.782327750872
0.99
0.54176125673
0.713202385839
0.99
0.542328786262
0.712305191127
0.99
0.542328786262
0.712305191127
1.0
0.5428080501
0.71151236643
1.0
0.54333652923
0.710109518528
1.0
0.543393595219
0.709952418462
1.0
0.543834834003
0.709225575378
1.0
0.543846429002
0.709133273936
1.0
0.544356164892
0.707228957088
1.0
0.544434004574
0.707011034101
1.0
0.545011268114
0.704548375794
1.0
0.545011268114
0.704548375794
1.0
0.545089025201
0.704420115341
1.0
0.545568056982
0.701624934488
1.0
0.545633641684
0.701342032439
1.0
0.546160162933
0.699977434573
1.0
0.546215891458
0.699788389164
1.0
0.546840268218
0.698224754232
1.0
0.546936953277
0.698013518436
1.0
0.546936953277
0.698013518436
1.0
0.547249693697
0.696268788835
1.0
0.547303131066
0.696100047025
1.0
0.548867232153
0.695553789671
1.0
0.548939573743
0.69533154659
1.0
0.548970930298
0.693184664626
1.0
0.549093645699
0.692935844841
1.0
0.550328877926
0.692508206474
1.0
0.550382136536
0.692380103964
1.0
0.550382136536
0.692380103964
1.0
0.550992331342
0.690823720604
1.0
0.551024342955
0.690707149814
1.0
0.551975204135
0.690009211368
1.0
0.552038492245
0.689918072117
1.0
0.552205424401
0.688174787869
1.0
0.552308983419
0.68797334103
