1.0
0.372399607928
0.40581116738
1.0
0.372589847066
0.405969018143
1.0
0.372632373303
0.405421072258
1.0
0.372107536216
0.405142768131
1.0
0.372110035956
0.405117545634
1.0
0.372553419341
0.40587324804
1.0
0.372553419341
0.40587324804
1.0
0.37250018543
0.406180867389
1.0
0.372587729707
0.405594009427
1.0
0.372669889369
0.4050884192
1.0
0.372943387472
0.405225743394
1.0
0.372916364746
0.405132426785
1.0
0.373105027942
0.405409036599
1.0
0.373123016707
0.40554069465
1.0
0.37355455233
0.406465527042
1.0
0.373639494935
0.406300644987
1.0
0.374164587057
0.407008177948
1.0
0.374164587057
0.407008177948
1.0
0.37412428696
0.407106754566
1.0
0.37411104018
0.40757998225
1.0
0.374049747054
0.408127085644
1.0
0.374007583586
0.409088723877
1.0
0.373969583375
0.409391146193
1.0
0.374209326919
0.409858629418
1.0
0.374209326919
0.409858629418
1.0
0.374078726651
0.410779206948
1.0
0.374476206797
0.410854075961
1.0
0.374389925449
0.411687520169
1.0
0.373654526091
0.411890382773
1.0
0.373654841322
0.412283295288
1.0
0.37362875893
0.413068021554
1.0
0.373585134823
0.414040577124
1.0
0.373615382617
0.414898646597
1.0
0.373513907907
0.415553011568
1.0
0.373513907907
0.415553011568
1.0
0.373508590334
0.416711921436
1.0
0.373460156323
0.417283592122
1.0
0.37324139751
0.417700401118
1.0
0.3731971858
0.418247709188
1.0
0.372795396618
0.419361623031
1.0
0.372754744049
0.420332508792
1.0
0.372092277042
0.420362258236
1.0
0.371949885695
0.42150114623
1.0
0.372732177496
0.421818442566
1.0
0.372732177496
0.421818442566
1.0
0.372770917033
0.422581217854
1.0
0.372197012989
0.422795604404
1.0
0.372076793361
0.423063734627
1.0
0.372304285804
0.423051115434
1.0
0.372311791278
0.423586569216
1.0
0.372167363186
0.423659939299
1.0
0.372112549866
0.423767732866
1.0
0.372110626994
0.4239041495
1.0
0.372110626994
0.4239041495
1.0
0.372077667233
0.424248712761
1.0
0.372385238386
0.424702859744
1.0
0.372427345599
0.424515516125
1.0
0.372066760403
0.423972436888
1.0
0.371993432741
0.424880899046
1.0
0.371484121213
0.424890183509
1.0
0.371403794631
0.425238821091
1.0
0.372169212056
0.425317615832
1.0
0.372169212056
0.425317615832
1.0
0.372305302123
0.42466293204
1.0
0.372326327847
0.424489062313
1.0
0.372273555895
0.425034724242
1.0
0.372708255046
0.425350311964
1.0
0.37276568517
0.425121333138
1.0
0.372464165021
0.424751768335
1.0
0.372710102446
0.423829010238
1.0
0.372688531885
0.423474571842
1.0
0.372688531885
0.423474571842
1.0
0.37258020158
0.423812299929
1.0
0.372852917985
0.423773268891
1.0
0.372933598253
0.423567705852
1.0
0.372793947267
0.423286806605
1.0
0.372818923904
0.422680202427
1.0
0.371751073875
0.422602740161
1.0
0.371751073875
0.422602740161
1.0
0.371753533248
0.422731864725
1.0
0.373207572991
0.421844737158
1.0
0.373181879306
0.421459851918
1.0
0.377707280512
0.421337693103
1.0
0.377933457397
0.420712229738
1.0
0.385460848914
0.422995612436
1.0
0.385443913162
0.422564501973
1.0
0.389304259677
0.42435084281
1.0
0.390251800425
0.420580294901
1.0
0.392299632832
0.422790646101
1.0
0.392299632832
0.422790646101
1.0
0.394096114963
0.416363025186
1.0
0.393609537561
0.41669846497
1.0
0.394531877986
0.414680461083
1.0
0.393213183138
0.413710536215
1.0
0.393642362405
0.413441266377
1.0
0.394515791038
0.413724149749
1.0
0.394515791038
0.413724149749
1.0
0.394650393399
0.413338454645
1.0
0.393900499755
0.412787146859
1.0
0.393999579466
0.412179278998
1.0
0.394051272783
0.412632450174
1.0
0.39410057565
0.411927652971
1.0
0.394269032148
0.412226752292
1.0
0.394198643847
0.413290759164
1.0
0.393943195985
0.413124737375
1.0
0.394010179019
0.412962489551
1.0
0.393792895529
0.41347726022
1.0
0.393792895529
0.41347726022
1.0
0.393717688819
0.41359431025
1.0
0.393876700634
0.413961893726
1.0
0.393863266225
0.414281742093
1.0
0.393674828827
0.415430404175
1.0
0.393678945977
0.415917941625
1.0
0.393825577929
0.416927298926
1.0
0.393825577929
0.416927298926
1.0
0.393781875797
0.417255625471
1.0
0.39409155748
0.417627966712
1.0
0.394093642939
0.418031910579
1.0
0.394249115742
0.418879383746
1.0
0.394242950435
0.419226196012
1.0
0.39433144351
0.419964238527
1.0
0.394322272738
0.420679618158
1.0
0.394506236099
0.421655543928
1.0
0.394615968748
0.422508076988
1.0
0.39431152686
0.422963862318
1.0
0.39431152686
0.422963862318
1.0
0.394243964155
0.423360901197
1.0
0.394426260532
0.423834324464
1.0
0.3945147305
0.424419718269
1.0
0.393912888327
0.42467893504
1.0
0.393862759686
0.425289344032
1.0
0.393991694039
0.426378930849
1.0
0.393971481282
0.426772124958
1.0
0.394059378188
0.427656207289
1.0
0.394059378188
0.427656207289
1.0
0.394187179997
0.42815897146
1.0
0.394779820773
0.429135205812
1.0
0.394683177782
0.430541782259
1.0
0.395059557464
0.431515188784
1.0
0.395163593066
0.431768264563
1.0
0.395544427168
0.433248000317
1.0
0.3958569639
0.433393619585
1.0
0.3958569639
0.433393619585
1.0
0.396110763484
0.434495923507
1.0
0.396179018488
0.435309772844
1.0
0.396801282509
0.437241636272
1.0
0.397011472638
0.437821863035
1.0
0.397389203873
0.439024048391
1.0
0.397576178058
0.440040466211
1.0
0.398008193977
0.442338395181
1.0
0.398008193977
0.442338395181
1.0
0.398223754469
0.442894353793
1.0
0.399771598628
0.444640006164
1.0
0.399958204577
0.445729797379
1.0
0.40056037202
0.447615675887
1.0
0.400938413188
0.448036559193
1.0
0.401652843443
0.4497908695
1.0
0.401879789379
0.450953412711
1.0
0.402421535082
0.452183385572
1.0
0.402700858903
0.452441689995
1.0
0.403415101947
0.45331663982
1.0
0.403415101947
0.45331663982
1.0
0.403745390502
0.453715158502
