0.877015126347
0.506286195924
0.679289052572
0.877015126347
0.506404207635
0.67990473361
0.877015126347
0.506404207635
0.67990473361
0.923869371721
0.505649940982
0.680692068043
0.923869371721
0.503729729134
0.680253686284
0.942517778224
0.503527207274
0.679435032886
0.942517778224
0.503088022211
0.677605313633
0.979606232166
0.499810219392
0.674974165833
0.979606232166
0.499810219392
0.674974165833
0.884092125923
0.498580330907
0.671982524046
0.866004371229
0.495020274056
0.667149979854
0.866004371229
0.495020274056
0.667149979854
0.866004371229
0.495020274056
0.667149979854
0.866004371229
0.495020274056
0.667149979854
0.866004371229
0.493870506786
0.714986394521
0.866004371229
0.493870506786
0.714986394521
0.918614089061
0.450419164634
0.688864303626
1.0
0.450881882072
0.674383605767
0.980808572201
0.451933247527
0.669448203988
0.980808572201
0.451933247527
0.669448203988
0.765274050713
0.46149923079
0.600569150399
0.765274050713
0.46249186251
0.600960114872
0.765274050713
0.464190967419
0.601052976072
0.765274050713
0.464190967419
0.601052976072
0.765274050713
0.465272674021
0.600598003136
0.765274050713
0.466393742428
0.601308554891
0.765274050713
0.46658787261
0.602402761895
0.765274050713
0.467385623776
0.600926183949
0.765274050713
0.468717528291
0.602368862268
0.765274050713
0.469044644145
0.601883203275
0.765274050713
0.469044644145
0.601883203275
0.765274050713
0.453836381525
0.546479564678
0.765274050713
0.463409819627
0.540676706004
0.804131213568
0.48514853331
0.452448557716
0.804131213568
0.487045185269
0.44947991579
0.804131213568
0.487045185269
0.44947991579
0.804131213568
0.487045185269
0.44947991579
0.876602816334
0.530818195481
0.494920092311
0.977023751652
0.548662681293
0.454286211386
0.904459363904
0.56746522571
0.426369925838
0.904459363904
0.571030128579
0.429122524453
0.904459363904
0.573439686991
0.430279907933
0.90080809228
0.574557038986
0.429577860812
0.90080809228
0.574557038986
0.429577860812
0.90080809228
0.574557038986
0.429577860812
0.90080809228
0.574557038986
0.429577860812
0.90080809228
0.574557038986
0.429577860812
0.90080809228
0.600493546371
0.428812692621
0.864203699778
0.602356217272
0.420909170308
0.837148984306
0.604771542461
0.416931941682
0.805574149289
0.624050830198
0.441415018587
0.793945995693
0.62702580831
0.432307571475
0.793945995693
0.62702580831
0.432307571475
0.793945995693
0.629086291517
0.433610808137
0.793945995693
0.630709794482
0.434479108918
0.793945995693
0.632310020435
0.43655607559
0.759831819491
0.634177559832
0.44858097663
0.759831819491
0.634177559832
0.44858097663
0.759831819491
0.634177559832
0.44858097663
0.759831819491
0.634177559832
0.44858097663
0.759831819491
0.680675317632
0.492893340248
0.759831819491
0.680675317632
0.492893340248
0.759831819491
0.680675317632
0.492893340248
0.83883784697
0.682893708568
0.49616472953
0.70774914979
0.69145835833
0.461539899546
0.792454986739
0.670375838203
0.507062265953
0.792454986739
0.667207126801
0.507273423389
0.792454986739
0.667207126801
0.507273423389
0.792454986739
0.663566108167
0.507603768874
0.792454986739
0.663566108167
0.507603768874
0.792454986739
0.663566108167
0.507603768874
0.805697104697
0.652186757168
0.499430263097
0.805697104697
0.652186757168
0.499430263097
0.805697104697
0.652186757168
0.499430263097
0.805697104697
0.652186757168
0.499430263097
0.805697104697
0.563574449302
0.398585493738
0.852588724497
0.561575071884
0.389028023517
0.852588724497
0.561575071884
0.389028023517
0.852588724497
0.549865060007
0.473097464146
0.909008404685
0.600199040779
0.569788267971
0.909008404685
0.600199040779
0.569788267971
0.909008404685
0.600199040779
0.569788267971
0.809995846252
0.538960843911
0.538906298142
0.871205078189
0.535452714877
0.542142096563
0.871205078189
0.535452714877
0.542142096563
0.871205078189
0.535452714877
0.542142096563
0.884597303513
0.548507848966
0.597873933311
0.884597303513
0.548507848966
0.597873933311
0.884597303513
0.548507848966
0.597873933311
0.884597303513
0.548507848966
0.597873933311
0.884597303513
0.548507848966
0.597873933311
0.884597303513
0.548507848966
0.597873933311
0.884597303513
0.533368415494
0.668967441737
0.884597303513
0.533368415494
0.668967441737
0.966990028247
0.531230704289
0.665503585525
0.941971040531
0.530905210136
0.668974098932
0.913558442585
0.529179198509
0.6706780152
0.955329740517
0.5273716551
0.666443776446
0.979506388334
0.527623457927
0.671597996589
0.877434708438
0.528819174914
0.66736039656
0.877434708438
0.528819174914
0.66736039656
0.890251649098
0.52804154653
0.668308802888
0.812086374613
0.523446233849
0.664609087526
0.812086374613
0.523446233849
0.664609087526
0.806555384227
0.549612030145
0.51444130103
0.806555384227
0.548725307989
0.514763801964
0.806555384227
0.54871712434
0.515086251001
0.806555384227
0.54871712434
0.515086251001
0.802269248046
0.488740489533
0.408274276404
0.806555384227
0.503795352693
0.414861045994
0.806555384227
0.50406273085
0.415449567542
0.806555384227
0.512095335949
0.411010296515
0.806555384227
0.561519850368
0.473896993892
0.806555384227
0.561519850368
0.473896993892
0.806555384227
0.563781073457
0.458536131813
0.806555384227
0.566272715513
0.46269719959
0.806555384227
0.566272715513
0.46269719959
0.806555384227
0.566272715513
0.46269719959
0.812571321539
0.573729007776
0.493620995109
0.812571321539
0.583253170996
0.418263614059
0.812571321539
0.667879479886
0.532071262798
0.819533603671
0.668472459063
0.541759593509
0.819533603671
0.668472459063
0.541759593509
0.819533603671
0.668472459063
0.541759593509
0.819533603671
0.668472459063
0.541759593509
0.819533603671
0.668472459063
0.541759593509
0.819533603671
0.668472459063
0.541759593509
0.819533603671
0.668472459063
0.541759593509
0.819533603671
0.668472459063
0.541759593509
0.819533603671
0.668472459063
0.541759593509
0.819533603671
0.668472459063
0.541759593509
0.819533603671
0.668472459063
0.541759593509
0.819533603671
0.668472459063
0.541759593509
0.819533603671
0.668472459063
0.541759593509
0.819533603671
0.668472459063
0.541759593509
0.819533603671
0.668472459063
0.541759593509
1.0
0.667850160764
0.551861603353
1.0
0.667850160764
0.551861603353
1.0
0.672293652971
0.555865554675
1.0
0.672293652971
0.555865554675
1.0
0.675446883953
0.557103317657
1.0
0.67830045698
0.562353017998
1.0
0.684456436804
0.572228628606
1.0
0.685919904753
0.579418726079
1.0
0.687740885088
0.582148803772
0.935688600077
0.687788262366
0.582820283383
1.0
0.689919179729
0.580242394646
1.0
0.693582778804
0.584819007111
0.811352202462
0.610474470847
0.471193618636
0.811352202462
0.610474470847
0.471193618636
0.811352202462
0.609333699777
0.448352198475
0.811352202462
0.608237084242
0.438025548384
0.811352202462
0.608237084242
0.438025548384
1.0
0.610384918354
0.418281479864
1.0
0.610384918354
0.418281479864
1.0
0.609002206846
0.418522315012
0.945332631023
0.605230807871
0.420238393934
0.945332631023
0.605230807871
0.420238393934
0.945332631023
0.605230807871
0.420238393934
1.0
0.600200700989
0.420076714111
1.0
0.600653884516
0.419283732821
0.955576140631
0.59696548834
0.419166439457
0.979890423476
0.593533282466
0.418928759829
0.979890423476
0.593533282466
0.418928759829
0.862900370073
0.586308411447
0.418128253439
0.983857589238
0.578769063104
0.417913952133
0.959637114337
0.573092983216
0.415716725915
0.959637114337
0.573092983216
0.415716725915
0.896378159699
0.56734391274
0.411637288365
0.879602128039
0.563982990765
0.412222960645
0.879602128039
0.563982990765
0.412222960645
0.879602128039
0.563982990765
0.412222960645
0.879602128039
0.563982990765
0.412222960645
0.879602128039
0.563982990765
0.412222960645
0.879602128039
0.563982990765
0.412222960645
0.879602128039
0.563982990765
0.412222960645
0.879602128039
0.563982990765
0.412222960645
0.879602128039
0.563982990765
0.412222960645
0.879602128039
0.563982990765
0.412222960645
0.99
0.523641061395
0.445605260559
1.0
0.522839177977
0.43355315365
1.0
0.520785350999
0.438397125825
1.0
0.519948989258
0.442977227931
1.0
0.519948989258
0.442977227931
0.947432721051
0.517874264943
0.443398798597
1.0
0.51582619567
0.443661054416
1.0
0.51582619567
0.443661054416
1.0
0.513667868454
0.442827629818
1.0
0.511913736918
0.445654472833
0.965477350828
0.513239470819
0.445236393324
1.0
0.521202776437
0.448273330353
0.738075994174
0.478809839596
0.0721214295311
0.738075994174
0.478809839596
0.0721214295311
0.738075994174
0.478809839596
0.0721214295311
0.738075994174
0.478809839596
0.0721214295311
0.738075994174
0.632486382909
0.11125762074
0.730142221333
0.587447820685
0.0955645364625
0.784878195669
0.71211780632
0.337015375267
0.784878195669
0.71211780632
0.337015375267
0.784878195669
0.71211780632
0.337015375267
0.806068329721
0.452584563766
0.397784830694
0.896254098783
0.453993599738
0.409906594286
0.896254098783
0.453993599738
0.409906594286
0.896254098783
0.453993599738
0.409906594286
0.896254098783
0.453993599738
0.409906594286
0.896254098783
0.453993599738
0.409906594286
0.896254098783
0.453993599738
0.409906594286
0.896254098783
0.453993599738
0.409906594286
