0.90642988752
0.489226590395
0.391292599754
0.775259580978
0.491410644994
0.572692337848
0.775259580978
0.491410644994
0.572692337848
0.775259580978
0.486028962082
0.576406913605
0.775259580978
0.484013732114
0.57897706153
0.775259580978
0.481670053511
0.581752701948
0.775259580978
0.477675566727
0.584509110543
0.775259580978
0.472715051366
0.586456599674
0.775259580978
0.469888881121
0.587811539317
0.775259580978
0.467896819106
0.588892258374
0.775259580978
0.464954101321
0.590949559665
0.775259580978
0.464954101321
0.590949559665
0.775259580978
0.462357632735
0.591747274791
0.970086648184
0.478168626068
0.594001512807
0.916962705663
0.474160556725
0.595387960314
0.909662999437
0.470131328107
0.595522655582
0.909662999437
0.470131328107
0.595522655582
0.836572691461
0.470041107892
0.595501567717
0.868934572726
0.466336160629
0.587620046297
0.868934572726
0.466336160629
0.587620046297
0.868934572726
0.463029433138
0.588462949207
0.868934572726
0.461579042625
0.586902394128
0.868934572726
0.461579042625
0.586902394128
0.809434912575
0.457988876546
0.577663439833
0.809434912575
0.457125245929
0.577317140669
0.809434912575
0.413173555906
0.577336331864
0.809434912575
0.413173555906
0.577336331864
0.712438171106
0.423979267603
0.599319382354
0.75204583995
0.439147620977
0.634383395354
0.887353974841
0.421958385773
0.600841998497
0.887353974841
0.424713168978
0.598144769027
0.887353974841
0.424713168978
0.598144769027
0.887353974841
0.42579250152
0.596020397595
0.887353974841
0.426021406655
0.596991421481
0.754466359047
0.426036634564
0.595800045959
0.754466359047
0.427047830324
0.594068894646
0.754466359047
0.427047830324
0.594068894646
0.754466359047
0.426636105041
0.59282327485
0.754466359047
0.426636105041
0.59282327485
0.754466359047
0.426636105041
0.59282327485
0.754466359047
0.426636105041
0.59282327485
1.0
0.333146284663
0.295411688414
1.0
0.333146284663
0.295411688414
1.0
0.332719172201
0.293455464112
1.0
0.329836152073
0.287381075769
1.0
0.329836152073
0.287381075769
0.810792703863
0.431915681791
0.604326560421
0.810792703863
0.432005072591
0.604151450825
0.810792703863
0.431794237966
0.603049345799
0.810792703863
0.431478745415
0.603428263318
0.810792703863
0.430383104619
0.606551161722
0.810792703863
0.429667804714
0.608709049821
0.810792703863
0.430031653194
0.608130439791
0.810792703863
0.430021474185
0.60745321532
0.810792703863
0.430243579443
0.608354625101
0.810792703863
0.430243579443
0.608354625101
0.810792703863
0.430023093459
0.607139586369
0.810792703863
0.430023093459
0.607139586369
0.810792703863
0.430509379772
0.608360443746
0.810792703863
0.430509379772
0.608360443746
0.810792703863
0.430509379772
0.608360443746
0.762606828581
0.429426803779
0.583141734237
0.762606828581
0.429470655428
0.583284884016
0.762606828581
0.430010084191
0.583377685364
0.762606828581
0.430946535985
0.58513367452
0.762606828581
0.432593321673
0.58469246035
0.762606828581
0.434615857532
0.586095726999
0.762606828581
0.438903740985
0.579178515142
0.762606828581
0.441805564345
0.57448167426
0.762606828581
0.441805564345
0.57448167426
0.762606828581
0.442800110559
0.574874770301
0.984880855098
0.484959257385
0.64329573548
0.984880855098
0.484959257385
0.64329573548
0.99
0.485858017018
0.644291524195
0.982448180536
0.487887314101
0.644962924434
0.982448180536
0.487887314101
0.644962924434
0.99
0.488954886793
0.64340358779
0.99
0.488954886793
0.64340358779
0.981083996198
0.489373004366
0.64420042078
0.99
0.488387371959
0.649852744815
0.963476146566
0.432492374226
0.586391092184
0.963476146566
0.43050379499
0.638046277565
0.963476146566
0.43050379499
0.638046277565
0.99
0.43909344656
0.66557036655
0.872444129193
0.445536499604
0.725727336241
0.919949938077
0.448131461283
0.717932227584
0.919949938077
0.448131461283
0.717932227584
0.822227462602
0.449141351998
0.720231235629
0.822227462602
0.449935145853
0.723840447649
0.882786365417
0.450128625169
0.723590561151
0.92506278739
0.451627002664
0.724440021137
0.870840975762
0.453918219971
0.723995352602
0.870840975762
0.454089972493
0.724794254892
0.84715772809
0.454389648578
0.724207617949
0.84715772809
0.454389648578
0.724207617949
0.84715772809
0.454389648578
0.724207617949
0.84715772809
0.456376320363
0.723053220546
0.943857696486
0.456486078528
0.723393469877
0.943857696486
0.456350640481
0.723563455581
0.877270582521
0.457374179285
0.723453965345
0.877270582521
0.457383069679
0.724132508875
0.877270582521
0.457383069679
0.724132508875
0.900280179727
0.458896128682
0.723229361353
0.900280179727
0.458957062358
0.7233528237
0.887837151509
0.459198554667
0.72735664934
0.887837151509
0.459703172937
0.729025015071
0.87928944173
0.460790643209
0.731560398781
0.888516398444
0.462665879268
0.730735090844
0.888516398444
0.462665879268
0.730735090844
0.888516398444
0.462852834721
0.731299494407
0.884828024781
0.465311983053
0.729209044705
0.884828024781
0.465576690368
0.730335147145
0.884828024781
0.466156061105
0.731000041959
0.915044197235
0.467152594572
0.730693020471
0.884177585142
0.467858632853
0.73090468337
0.884177585142
0.467858632853
0.73090468337
0.884177585142
0.467877956449
0.730375538866
0.980327340198
0.468953120369
0.728892673044
0.980327340198
0.469065048242
0.728902409464
0.94482617569
0.47062729816
0.729693834395
0.94482617569
0.47062729816
0.729693834395
0.94482617569
0.470706267871
0.730108951704
0.911239250852
0.472296316342
0.732613461058
0.911239250852
0.472430090668
0.732839325025
0.943866057348
0.472373107059
0.734721998939
0.880609757899
0.473164756678
0.734773973434
0.880609757899
0.473164756678
0.734773973434
0.880609757899
0.473105702739
0.734956881305
0.880609757899
0.473104154991
0.734364453556
0.88034230006
0.472732380068
0.736943953582
0.88034230006
0.473940247512
0.737884887038
0.88034230006
0.473940247512
0.737884887038
0.938544347706
0.473088990643
0.740952313093
0.938077803775
0.508526819789
0.719018864714
0.938077803775
0.508526819789
0.719018864714
0.938077803775
0.514120304857
0.725146183027
0.938077803775
0.514120304857
0.725146183027
0.938077803775
0.514120304857
0.725146183027
0.938077803775
0.514120304857
0.725146183027
0.832013826971
0.497191627484
0.716464737622
0.832013826971
0.49799104958
0.722985387186
0.832013826971
0.49799104958
0.722985387186
0.832013826971
0.49799104958
0.722985387186
0.832013826971
0.49799104958
0.722985387186
0.832013826971
0.49799104958
0.722985387186
0.832013826971
0.49799104958
0.722985387186
0.832013826971
0.49799104958
0.722985387186
0.832013826971
0.49799104958
0.722985387186
0.832013826971
0.49799104958
0.722985387186
0.832013826971
0.49799104958
0.722985387186
0.832013826971
0.49799104958
0.722985387186
0.832013826971
0.49799104958
0.722985387186
0.832013826971
0.49799104958
0.722985387186
0.832013826971
0.49799104958
0.722985387186
0.832013826971
0.49799104958
0.722985387186
0.832013826971
0.49799104958
0.722985387186
0.832013826971
0.504867039958
0.784850353293
0.832013826971
0.504867039958
0.784850353293
0.871159054608
0.53444890271
0.779783523548
0.88630421802
0.533807279619
0.778870787481
0.798032648616
0.53343809361
0.778051093613
0.868588791551
0.419137913827
0.752663468571
0.864516030919
0.418965879519
0.752485541169
0.902770606721
0.419163584774
0.753629974636
1.0
0.419324043123
0.753925542771
0.83600127694
0.418984452612
0.753990395695
0.83600127694
0.418984452612
0.753990395695
0.836282038284
0.422235537712
0.751972340222
0.902539253925
0.42017328781
0.746259720756
0.998949547066
0.409677169158
0.740288611934
0.99
0.421379674995
0.771521743516
0.99
0.422223081706
0.775012992685
0.99
0.422938758073
0.777115783306
0.99
0.422938758073
0.777115783306
1.0
0.425012602742
0.777118688595
1.0
0.425793554036
0.77953721101
1.0
0.426416266651
0.781195503232
1.0
0.426416266651
0.781195503232
1.0
0.428210353315
0.779118964655
1.0
0.429023866422
0.780287805303
1.0
0.429023866422
0.780287805303
1.0
0.429996620133
0.780688089121
1.0
0.432162638104
0.776338687371
1.0
0.432162638104
0.776338687371
0.988107716224
0.433540052097
0.777146220003
0.962919796414
0.434582659392
0.774650072411
0.962919796414
0.434582659392
0.774650072411
0.962919796414
0.435728740526
0.775055211482
0.967549774544
0.437285587831
0.771954721747
1.0
0.438868859258
0.77259408357
0.937493971289
0.441127967252
0.77067824758
0.937493971289
0.441127967252
0.77067824758
0.937493971289
0.442941258794
0.772187687783
0.937493971289
0.442941258794
0.772187687783
0.878846357112
0.44529243424
0.769075771687
0.870889401677
0.449414748776
0.76377725114
0.870889401677
0.45061491196
0.764700257662
0.870889401677
0.455287736914
0.763004757409
0.822381444844
0.457005889931
0.760140032164
0.822381444844
0.457005889931
0.760140032164
0.888077420457
0.460377763395
0.75339558374
0.839239430571
0.463796953172
0.750184918805
0.988150510714
0.489970139548
0.721895844636
0.988150510714
0.494968644442
0.727159229482
0.957266768783
0.495763126827
0.727773207238
0.957266768783
0.50086969444
0.722310348084
1.0
0.501525580643
0.722121602008
1.0
0.502141105368
0.72109925524
0.984192634718
0.50703423024
0.717084740434
0.984192634718
0.507520148869
0.717024424517
1.0
0.509099841004
0.716720162937
1.0
0.509099841004
0.716720162937
1.0
0.509099841004
0.716720162937
0.968887142818
0.51074094322
0.713899252308
0.968887142818
0.511009713371
0.713644624079
0.942270236918
0.513349016442
0.713771360547
0.942270236918
0.513349016442
0.713771360547
0.942270236918
0.513785480824
0.713720260058
0.942270236918
0.513560672103
0.712799207675
0.942270236918
0.513757422068
0.712618674718
0.923243406039
0.51468601416
0.710647025272
0.923243406039
0.514905102152
0.711017880163
0.923243406039
0.514905102152
0.711017880163
0.923243406039
0.514990959148
0.710475886341
0.948488438935
0.511431993529
0.711612375229
0.948488438935
0.511431993529
0.711612375229
0.948488438935
0.508501216897
0.722121254347
0.84519873054
0.493761283562
0.796394849238
0.914148029835
0.494321270828
0.788306658335
0.914148029835
0.494321270828
0.788306658335
0.915457906963
0.497026865087
0.788706186188
0.973008552252
0.496270216347
0.791439434073
0.973008552252
0.496270216347
0.791439434073
0.922105138552
0.493005908069
0.792331827145
0.922105138552
0.493005908069
0.792331827145
0.87553350374
0.49256837335
0.792228576298
0.87553350374
0.491085143121
0.794362960715
0.87553350374
0.487659282629
0.79750895435
0.897901641553
0.487863107362
0.801419785455
0.897901641553
0.487863107362
0.801419785455
0.871882903128
0.482941292459
0.806003353634
0.871882903128
0.4826196584
0.807077782146
0.884390453383
0.479153533385
0.80854731447
0.884390453383
0.479153533385
0.80854731447
0.884390453383
0.478322922699
0.807144836259
0.884390453383
0.478322922699
0.807144836259
0.884390453383
0.478322922699
0.807144836259
0.884390453383
0.438966282423
0.743333115225
0.884390453383
0.438966282423
0.743333115225
0.821164145644
0.438148363108
0.740081305321
0.99
0.42170154697
0.687982150487
0.99
0.42170154697
0.687982150487
0.996852100996
0.421775005656
0.686543358253
0.996852100996
0.421775005656
0.686543358253
