0.906401507266
0.437389999385
0.172715649314
0.906401507266
0.437389999385
0.172715649314
0.906401507266
0.437389999385
0.172715649314
0.906401507266
0.354634048585
0.320505788606
0.885336411232
0.353820679258
0.324019301997
0.747740635151
0.352281749091
0.352557458927
0.757765878091
0.321683705146
0.675869349846
0.757765878091
0.327591610345
0.685302188059
0.757765878091
0.339183955526
0.711917826754
0.757765878091
0.345948026689
0.720404050358
0.757765878091
0.345948026689
0.720404050358
0.855120826732
0.349526476055
0.697651660502
0.855120826732
0.379183298703
0.723605851763
0.99
0.374916073804
0.746234389997
0.99
0.396309260495
0.763369342616
0.99
0.396396556292
0.773859445999
0.99
0.415239455304
0.781201616242
0.953801995188
0.416546294996
0.784704553241
0.953801995188
0.430994393648
0.79913502441
0.953801995188
0.430994393648
0.79913502441
0.99
0.437497276004
0.803677856762
0.99
0.445327596784
0.808879315615
0.99
0.451556449923
0.809535273296
0.99
0.451867131221
0.812661823587
0.99
0.459512327684
0.814025665213
0.99
0.457429869522
0.814625563581
0.866944015988
0.458747779586
0.81593677795
0.866944015988
0.459160560139
0.816228904611
0.866944015988
0.459160560139
0.816228904611
0.99
0.468946234726
0.820821629691
0.99
0.46876868879
0.821764197041
1.0
0.470375319568
0.824544911828
1.0
0.470956416663
0.824947089669
1.0
0.471340562124
0.827657009895
1.0
0.471979230647
0.828947065703
1.0
0.472591780812
0.828834169009
1.0
0.473110847408
0.828662901632
1.0
0.473411753685
0.829092165725
1.0
0.473411753685
0.829092165725
1.0
0.474690233232
0.828846262009
1.0
0.475129041966
0.829579807477
1.0
0.476269479118
0.830389613591
1.0
0.476734938608
0.830515121797
1.0
0.476411935467
0.832014515471
1.0
0.476844749004
0.831926601089
1.0
0.479205655944
0.834266770285
1.0
0.479205655944
0.834266770285
1.0
0.479967808268
0.834700393436
1.0
0.481746587052
0.835755281571
1.0
0.481829907576
0.836220443661
1.0
0.4818029647
0.835670397829
1.0
0.482580796306
0.836081366143
1.0
0.48300166356
0.83562794315
1.0
0.483192657796
0.835716248489
1.0
0.483192657796
0.835716248489
1.0
0.484065454292
0.835785402261
1.0
0.484890014807
0.836792012375
1.0
0.484794973576
0.838389507433
1.0
0.485074357742
0.838210201778
1.0
0.478596581466
0.837101555048
1.0
0.479335355033
0.83683636149
1.0
0.473431147139
0.837714938966
1.0
0.473933064429
0.835907322616
1.0
0.471902473303
0.837882386767
1.0
0.471902473303
0.837882386767
1.0
0.472378529725
0.838030773622
1.0
0.473503562657
0.837723886894
1.0
0.47151469568
0.840368980277
1.0
0.473521629732
0.841671561646
1.0
0.471092184937
0.844082854699
1.0
0.47201456958
0.844946270315
1.0
0.470091135683
0.848869828437
1.0
0.470929563462
0.849008518544
1.0
0.470929563462
0.849008518544
1.0
0.471034698204
0.850326312135
1.0
0.47172654405
0.851320449354
1.0
0.472710557708
0.850901878309
1.0
0.47354992081
0.852451038401
1.0
0.474078556461
0.851618424714
1.0
0.474770844443
0.853031041267
1.0
0.475037531236
0.855771011376
1.0
0.475037531236
0.855771011376
1.0
0.476420778786
0.857408080769
1.0
0.476670739431
0.858115077548
1.0
0.47655314751
0.854905744996
1.0
0.476769088379
0.857251297383
1.0
0.476199676433
0.862245671449
1.0
0.476706913236
0.862467999073
1.0
0.475924915614
0.863331828558
1.0
0.475577703096
0.865713138688
1.0
0.475577703096
0.865713138688
1.0
0.475696846197
0.867813020926
1.0
0.475867745921
0.869471570328
1.0
0.475279196729
0.870890751449
1.0
0.475578846409
0.872228424074
1.0
0.474534853566
0.872030743047
1.0
0.474500555197
0.872566754838
1.0
0.475004330448
0.874247054146
1.0
0.474848449274
0.875604974609
1.0
0.474848449274
0.875604974609
1.0
0.47422187988
0.876807422059
1.0
0.474197052443
0.877717768152
1.0
0.47331015006
0.877891178336
1.0
0.473195421272
0.877835059227
1.0
0.474192778769
0.877732796567
1.0
0.474215713329
0.878256502281
1.0
0.472942850999
0.879006455796
1.0
0.472649218001
0.880493620895
1.0
0.472649218001
0.880493620895
1.0
0.472497217398
0.882026305901
1.0
0.472639331748
0.882202247731
1.0
0.471902580215
0.882645401509
1.0
0.472061127417
0.882884592793
1.0
0.471404098504
0.88357395577
1.0
0.471629515557
0.883775663501
1.0
0.470940997233
0.883811659253
1.0
0.470543125845
0.885511393931
1.0
0.470543125845
0.885511393931
1.0
0.469726535262
0.884705835848
1.0
0.469488588548
0.885673053435
1.0
0.46778780588
0.885154455663
1.0
0.467879461382
0.885571463586
1.0
0.466549892226
0.885684708899
1.0
0.466556329974
0.886146346066
1.0
0.460509690919
0.880872232389
1.0
0.460324822468
0.879406655085
1.0
0.460324822468
0.879406655085
1.0
0.455580643513
0.878968541062
1.0
0.455671003531
0.878720013936
1.0
0.455214013146
0.877975739642
1.0
0.454640514407
0.877793687384
1.0
0.454145079616
0.877686417732
1.0
0.45203615489
0.878061179437
1.0
0.451313166021
0.879027084962
1.0
0.449425428181
0.880257719883
1.0
0.448642823417
0.879867413985
1.0
0.448642823417
0.879867413985
1.0
0.448889224709
0.877940025188
1.0
0.447530266564
0.876719795407
1.0
0.447562781174
0.876132825002
1.0
0.447231057681
0.875672138545
1.0
0.446995767888
0.875910194071
1.0
0.445590694126
0.876197860582
1.0
0.445130065369
0.87603355214
1.0
0.445634193424
0.875654149033
1.0
0.445634193424
0.875654149033
1.0
0.445653302968
0.87431864994
1.0
0.446485919115
0.873419495569
1.0
0.446151689621
0.872725274118
1.0
0.443846301272
0.871961461418
1.0
0.443848945019
0.871468311497
1.0
0.444173436813
0.872656618225
1.0
0.444069408974
0.872071115992
1.0
0.444069408974
0.872071115992
1.0
0.444187165879
0.872043189885
1.0
0.444230836733
0.872078128028
1.0
0.444970448925
0.872487117578
1.0
0.444593605982
0.871317168287
1.0
0.444634710469
0.871162573438
1.0
0.444484474475
0.871904715312
1.0
0.442443960329
0.861157757697
1.0
0.442443960329
0.861157757697
1.0
0.441924435551
0.861985739134
0.99
0.434112081106
0.828987456742
0.99
0.433692073645
0.829818411995
0.99
0.426009676171
0.796115473467
0.99
0.425870178146
0.796157913726
0.99
0.417305732022
0.754899527503
0.99
0.41753827115
0.750301383817
0.99
0.409680228635
0.710491338486
0.99
0.412444061331
0.683854880001
0.99
0.412444061331
0.683854880001
0.99
0.40684788953
0.647318664378
0.99
0.411833656193
0.606377991405
0.99
0.412731797835
0.57986090967
0.99
0.418464255576
0.534609509533
0.99
0.421774637884
0.511474621671
0.99
0.425803964969
0.468703188065
0.99
0.430267093277
0.447773409837
0.99
0.433992329996
0.405180701217
0.99
0.433992329996
0.405180701217
0.99
0.438633363716
0.386634361492
0.99
0.440437665221
0.352625908982
0.99
0.4402784121
0.344850455438
0.99
0.443002281783
0.311972137625
0.952233091783
0.443703356736
0.30507422432
0.952233091783
0.44581166454
0.278388026471
0.952233091783
0.44581166454
0.278388026471
0.678388063723
0.438683798412
0.249255165366
0.678388063723
0.44240454748
0.202856697957
0.678388063723
0.442528715303
0.193813058805
0.657898644353
0.446893224797
0.19727799552
0.657898644353
0.446657262304
0.19119919742
0.657898644353
0.446187472866
0.190391278197
0.692141963933
0.445885588678
0.192954386665
0.692141963933
0.445885588678
0.192954386665
0.692141963933
0.444960159095
0.195350094666
0.941047765462
0.452640885635
0.218765751049
0.851383540589
0.451771114447
0.221139025852
0.851383540589
0.451661517631
0.221203400978
0.911840823814
0.451442217351
0.222649196509
0.849860503825
0.450876064898
0.226000940462
0.849860503825
0.450876064898
0.226000940462
0.849860503825
0.450838203422
0.222303944906
0.793912124194
0.450123414617
0.224800995149
0.863356603581
0.449517828261
0.226424213926
0.878904841383
0.446960793544
0.209200294232
0.99
0.447008140754
0.208595408165
0.906960612223
0.446232872456
0.21049627547
0.906960612223
0.446232872456
0.21049627547
0.906960612223
0.446323707955
0.210335091433
0.895447379658
0.446322954743
0.210076783045
0.895447379658
0.448403895356
0.209676068849
0.876488605416
0.448118927275
0.211738104485
0.876488605416
0.447611827536
0.212086115773
0.782359272281
0.448794886396
0.205407169185
0.782359272281
0.448738780127
0.204291892545
0.726201881495
0.447540522685
0.216155622905
0.726201881495
0.447540522685
0.216155622905
0.719943914935
0.441991567413
0.212905285856
0.719943914935
0.441991567413
0.212905285856
0.719943914935
0.445254357396
0.186927615241
0.909831785032
0.45418208438
0.19010682882
0.61435693352
0.448097904277
0.192593680864
0.909831785032
0.452456522644
0.187062033804
0.909831785032
0.452858572095
0.184714157766
0.909831785032
0.452933022079
0.183598826939
0.909831785032
0.452933022079
0.183598826939
0.663770376925
0.447471178993
0.180494083925
0.614977353211
0.446703836028
0.178729232296
0.614977353211
0.446703836028
0.178729232296
0.614977353211
0.445956128878
0.183036950029
0.614977353211
0.445899364451
0.183851397266
0.814862116276
0.452399882576
0.176343415676
0.830091100453
0.451876907023
0.176583639205
0.830091100453
0.451876907023
0.176583639205
0.904489077474
0.454010539602
0.147882344655
0.904489077474
0.45497557961
0.148337540353
0.904489077474
0.456118741782
0.144803481471
0.904489077474
0.458184017222
0.13884247622
0.904489077474
0.458184017222
0.13884247622
0.901902003189
0.460495513224
0.126196131062
0.87113714749
0.461939544755
0.130055197337
0.87113714749
0.4629114063
0.119505913314
0.8531310666
0.463813950066
0.119532111365
0.834484605555
0.464439380099
0.113414095984
0.834484605555
0.465758551781
0.109686043476
0.806053605569
0.465033335094
0.108447478075
0.806053605569
0.466140251664
0.106900152846
0.806053605569
0.466140251664
0.106900152846
0.833479755426
0.466141988457
0.103379411819
0.857264045249
0.467019375978
0.104061805367
0.826759363402
0.467065386455
0.1032770346
0.826759363402
0.46785221961
0.103545900445
0.85336538771
0.468106348897
0.101465327816
0.893035977743
0.46977274193
0.103277992465
0.874573654165
0.471944864041
0.0896240966571
0.874573654165
0.471944864041
0.0896240966571
0.874573654165
0.471944864041
0.0896240966571
0.874573654165
0.474418936144
0.105271570123
0.895344910074
0.473833044935
0.104919636647
0.895344910074
0.473833044935
0.104919636647
0.912033775745
0.475121806237
0.104894705264
0.932596550823
0.474454308055
0.106797801404
0.633614282315
0.478013321644
0.0932246023749
0.633614282315
0.478452771739
0.0947019614461
0.633614282315
0.4786148677
0.095081939865
0.633614282315
0.478964250771
0.0943814196396
0.633614282315
0.478964250771
0.0943814196396
0.633614282315
0.479245564808
0.0962401524353
0.633614282315
0.479001158103
0.0995821177743
0.633614282315
0.479321952191
0.0988118124331
0.600019036763
0.479471212337
0.0963775097293
0.600019036763
0.480463780846
0.0931255914649
0.600019036763
0.480463780846
0.0931255914649
0.887060352682
0.482801807069
0.117350385942
0.993670372257
0.483793022149
0.117272401912
0.956680472994
0.486164487957
0.117481439751
0.956680472994
0.486164487957
0.117481439751
0.82032439617
0.484624735443
0.125099395728
0.95050687419
0.484834151539
0.125965606497
0.938142535549
0.478760246098
0.0951280066968
0.856860467268
0.478328055398
0.0967079606384
0.950337941855
0.478866704136
0.0911264642349
0.964673524319
0.478552521089
0.0952402194651
0.964673524319
0.478552521089
0.0952402194651
0.938632776911
0.477516544155
0.0993303118878
0.981763092197
0.477118001467
0.100084492727
0.838733559545
0.476820476989
0.103262524833
0.838733559545
0.474124064851
0.102488448919
0.99996197014
0.473404147017
0.104207520123
0.99996197014
0.469351387357
0.102848101868
0.831111251246
0.468841370284
0.103383221997
0.919780590071
0.46820782448
0.107438896331
0.919780590071
0.465624398114
0.10650160921
0.919780590071
0.465624398114
0.10650160921
0.958574418767
0.464481095929
0.109569228351
0.910716868744
0.463704370818
0.10937091872
0.910018070757
0.464039018557
0.106910923568
0.910018070757
0.460750289567
0.106697686678
0.938785506273
0.459557291868
0.110813805778
0.998987857727
0.459193064117
0.109268070929
0.960712995878
0.458754206186
0.110265175823
0.960712995878
0.456600797265
0.110276043925
0.960712995878
0.456600797265
0.110276043925
0.756647315729
0.455283754213
0.121620131697
0.756647315729
0.455029302126
0.122573091195
0.848988715021
0.455018490487
0.116470095595
0.961075833871
0.451361778476
0.113777323003
0.963474229923
0.450887177251
0.114234853694
0.963474229923
0.447045188566
0.141924452103
0.963474229923
0.447045188566
0.141924452103
0.840698155216
0.446263337157
0.146549540246
0.873711266273
0.445942717448
0.146380873662
0.822295643181
0.445238941983
0.151613392084
0.827605926193
0.445091717305
0.159913089498
0.827605926193
0.445550076178
0.16260604407
0.827605926193
0.445550076178
0.16260604407
1.0
0.444624051553
0.18710504406
1.0
0.44487778185
0.187562455862
1.0
0.444697444608
0.188823057892
1.0
0.444123950235
0.189863001834
1.0
0.445028597157
0.188749199233
1.0
0.444637431794
0.189550427998
0.959822592756
0.445060882397
0.189276772433
1.0
0.445409860323
0.190163167078
1.0
0.445409860323
0.190163167078
1.0
0.445395982318
0.189655799819
0.969234053324
0.445034671342
0.191007392634
0.969234053324
0.444731202395
0.189182329626
1.0
0.445022946613
0.189620318412
1.0
0.445460461119
0.189099611205
0.978201795059
0.445228205049
0.189993516381
0.978201795059
0.445015737058
0.188387724983
0.978201795059
0.445015737058
0.188387724983
1.0
0.444911386546
0.189294525458
1.0
0.445722492143
0.189769202158
0.990827199896
0.445555578896
0.190258184028
0.990827199896
0.445866621574
0.19117333694
0.938932388799
0.445855325247
0.19164845813
0.938932388799
0.445898991103
0.191320526811
1.0
0.446134998149
0.188677807001
1.0
0.446344307506
0.189593660066
1.0
0.446344307506
0.189593660066
0.931978960716
0.446343940759
0.19151193584
0.931978960716
0.44705585084
0.191966844096
1.0
0.447260858386
0.189766113767
1.0
0.44757921747
0.188620602029
0.96878420204
0.448131744092
0.186332084767
0.96878420204
0.448956926561
0.186192068007
1.0
0.449084132891
0.184689960244
1.0
0.448876436416
0.182908552217
1.0
0.448876436416
0.182908552217
1.0
0.448748360791
0.181999262742
1.0
0.448834236825
0.182005099471
0.995765636757
0.449045295317
0.180842886753
0.995765636757
0.450342417724
0.181165137982
1.0
0.450145741615
0.181365975791
1.0
0.451053171654
0.182586711537
0.994470482552
0.451487162295
0.180475402389
0.994470482552
0.451998882964
0.180026879254
0.924052759137
0.452304948938
0.180211425678
0.924052759137
0.452304948938
0.180211425678
0.924052759137
0.452418016067
0.180704417346
0.974719086716
0.452397492786
0.180535725641
0.974719086716
0.452898448922
0.181038804022
1.0
0.45344652192
0.178288259648
1.0
0.45501270853
0.175394459438
1.0
0.455187406406
0.172876656898
1.0
0.455599227533
0.172997122648
1.0
0.455599227533
0.172997122648
1.0
0.455858143394
0.172264620246
1.0
0.456266985218
0.172641206202
1.0
0.456575552422
0.170499412621
1.0
0.456600332282
0.169305038653
0.957931888369
0.456811910075
0.169091602088
0.957931888369
0.457054060412
0.168508949392
0.977847616487
0.456882216232
0.168749222156
0.977847616487
0.45708281605
0.168775311232
0.998352892722
0.457466664412
0.168510218305
0.998352892722
0.457466664412
0.168510218305
0.998352892722
0.457633363959
0.168726782727
0.952826071182
0.45799625645
0.166130491389
0.952826071182
0.458050332445
0.166539721841
1.0
0.458554196011
0.165441293443
1.0
0.458878222246
0.163194150782
0.963382128642
0.458832785311
0.164246874279
0.963382128642
0.461332635343
0.168105817785
0.963382128642
0.461332635343
0.168105817785
1.0
0.46145904689
0.16675577821
1.0
0.461638949614
0.1666533533
0.975518436388
0.461976625708
0.164098693024
0.975518436388
0.461722271794
0.162100661284
0.901212599804
0.461809158579
0.16180980315
0.901212599804
0.463253342577
0.16341272976
1.0
0.463482823267
0.16091613836
1.0
0.462834233611
0.161567825785
1.0
0.462834233611
0.161567825785
1.0
0.463363965989
0.160464177774
1.0
0.46350529856
0.161022536344
1.0
0.463396382791
0.161236730017
1.0
0.463698311516
0.161305636348
0.930125362537
0.463964519431
0.1612326407
0.930125362537
0.464366268852
0.163750005131
0.964311118901
0.464683130054
0.163031620995
0.964311118901
0.464652533122
0.165649654924
0.964311118901
0.464652533122
0.165649654924
1.0
0.464924136439
0.163344432874
1.0
0.465392771132
0.162361093506
1.0
0.465607844658
0.163206000346
1.0
0.466684851112
0.165068207134
1.0
0.46641884878
0.167093664839
1.0
0.465329934704
0.166160012215
1.0
0.465486631637
0.166536107092
1.0
0.466014819032
0.167331672041
1.0
0.466014819032
0.167331672041
1.0
0.466577734936
0.165128511209
1.0
0.466742222773
0.165550534015
1.0
0.467014718202
0.163752673079
1.0
0.467904509538
0.165766585624
1.0
0.468064732238
0.16585577654
1.0
0.469324377236
0.168389874373
1.0
0.469341869869
0.170473718831
1.0
0.470223326897
0.171758289284
1.0
0.470223326897
0.171758289284
0.968384902174
0.470548561517
0.170994102633
0.968384902174
0.47194444788
0.168546252526
0.892842576644
0.472199179368
0.167928761583
0.892842576644
0.476274801681
0.168018502906
0.989904290872
0.47676780099
0.168504767034
0.989904290872
0.478397199307
0.169624000396
0.920206636522
0.477769364807
0.173065812955
0.920206636522
0.47918696338
0.176963630358
0.920206636522
0.47918696338
0.176963630358
1.0
0.480005779811
0.176940034535
1.0
0.480099763279
0.182515171612
0.990762356614
0.481794780034
0.176175239316
0.990762356614
0.482158901134
0.178238686751
0.920577582995
0.482905001303
0.177430446855
0.920577582995
0.483801373945
0.183209561723
1.0
0.48475176231
0.183972231108
1.0
0.485534865688
0.188480941787
1.0
0.485534865688
0.188480941787
0.955923097534
0.485560548509
0.193187413421
0.955923097534
0.48670395112
0.197815992277
0.993705920799
0.487175949628
0.199119059662
0.993705920799
0.487064345213
0.205071983809
1.0
0.487639401715
0.206598506499
1.0
0.487999948634
0.210045810084
1.0
0.488339975541
0.213172852458
1.0
0.488344521384
0.215525944758
1.0
0.488344521384
0.215525944758
1.0
0.488692702067
0.217466045753
1.0
0.489161271716
0.220045421922
1.0
0.48901184562
0.225021605262
1.0
0.489268999467
0.228726768457
1.0
0.48975575738
0.230503627095
1.0
0.490513824957
0.231965431309
1.0
0.490756329199
0.2350731215
1.0
0.490756329199
0.2350731215
1.0
0.491033200517
0.235772703564
1.0
0.490810896643
0.234428314537
1.0
0.491625795198
0.235335480745
1.0
0.492325530131
0.237506036476
0.972082462352
0.492977593084
0.240487351355
0.972082462352
0.493216464621
0.241117933792
1.0
0.4946629026
0.240735375126
1.0
0.495092208006
0.239839587603
1.0
0.495092208006
0.239839587603
1.0
0.496021379518
0.239503133869
1.0
0.496124703604
0.239438057656
1.0
0.496013711677
0.239576952463
1.0
0.496491228654
0.237767362549
0.99
0.504576483126
0.29620083415
0.99
0.505069983735
0.29573884321
0.99
0.505069983735
0.29573884321
0.99
0.504956016346
0.295220951707
0.987782210431
0.529501855629
0.283195616009
0.987782210431
0.529649533771
0.283574835062
0.876021705082
0.527053343352
0.33839162799
0.876021705082
0.52733176131
0.342714383346
0.876021705082
0.52733176131
0.342714383346
0.876021705082
0.52733176131
0.342714383346
0.824499782925
0.544478609753
0.503318012763
0.824499782925
0.542806285022
0.52985780852
0.824499782925
0.542806285022
0.52985780852
0.824499782925
0.542849809173
0.546282358274
0.786640379796
0.566383360327
0.477688908748
0.824499782925
0.53624639584
0.702121174325
0.854254879689
0.537261431206
0.728712746676
0.953467420064
0.538264737895
0.745420748986
0.888738715607
0.532878500348
0.797191252909
0.888738715607
0.533720284034
0.811065565922
0.99
0.538091644878
0.800605074793
0.99
0.538091644878
0.800605074793
0.99
0.539110673433
0.800943176548
0.99
0.536658467453
0.81441946174
0.99
0.536420847708
0.808496938747
1.0
0.536907891606
0.822226929238
1.0
0.536629278319
0.822132943965
1.0
0.537828986837
0.827993679368
1.0
0.538421402677
0.827749291889
1.0
0.539879913106
0.82751603633
1.0
0.539879913106
0.82751603633
1.0
0.540548934539
0.826758933482
1.0
0.54202601949
0.825166644681
1.0
0.542267444938
0.824767609348
1.0
0.543159903667
0.824681745685
1.0
0.543029236899
0.82469890236
1.0
0.544247298884
0.825133762931
1.0
0.545247508179
0.824181926984
1.0
0.546138299362
0.82254763658
1.0
0.545827300745
0.822603252465
1.0
0.545827300745
0.822603252465
1.0
0.5466522109
0.822929204421
1.0
0.546962835023
0.823316263394
1.0
0.547268701515
0.822986876666
1.0
0.54862099783
0.822526505587
1.0
0.549238210461
0.821992695468
1.0
0.548588980653
0.821564143082
1.0
0.548588980653
0.821564143082
1.0
0.549390982414
0.821395939549
1.0
0.549704339833
0.821607269938
1.0
0.550676641772
0.820525474068
1.0
0.550141102355
0.821102329048
1.0
0.550603909505
0.820816690509
1.0
0.550729094639
0.821354771525
1.0
0.550903307905
0.821955259225
1.0
0.551166225024
0.821382909559
1.0
0.551318875552
0.821515224881
1.0
0.551318875552
0.821515224881
1.0
0.551058280295
0.822802245316
1.0
0.551591093206
0.822400953948
1.0
0.552179046754
0.82341284899
1.0
0.552396046889
0.823114651235
1.0
0.552036866954
0.824677043495
1.0
0.55226509859
0.824951330344
1.0
0.554101708077
0.823739411265
1.0
0.554207070562
0.824243069047
1.0
0.554207070562
0.824243069047
1.0
0.552690805429
0.824285601269
1.0
0.552772059761
0.824653915963
1.0
0.552286173036
0.827206566972
1.0
0.551911846284
0.828203138664
1.0
0.551873417538
0.828289124555
1.0
0.552086529818
0.828572406062
1.0
0.552248641103
0.828733099566
1.0
0.552071209083
0.82928342919
1.0
0.551228058016
0.830350076192
1.0
0.551228058016
0.830350076192
1.0
0.551274309652
0.83110870515
1.0
0.551191770889
0.832039622431
1.0
0.551265551493
0.832195664211
1.0
0.550821830178
0.832318895658
1.0
0.55050469488
0.833792787593
1.0
0.550639274093
0.834065997878
1.0
0.550439067669
0.832760125608
1.0
0.551359407512
0.832297562532
1.0
0.551359407512
0.832297562532
1.0
0.551365284488
0.833950351311
1.0
0.550135236795
0.834972184865
1.0
0.55006938748
0.835620023116
1.0
0.549899070345
0.836636181644
1.0
0.549991982248
0.837715566068
1.0
0.550586161125
0.837949918657
1.0
0.550749791022
0.838075457524
1.0
0.550749791022
0.838075457524
1.0
0.55040641067
0.839188831656
1.0
0.550081063026
0.839711182055
1.0
0.549709636354
0.840551679102
1.0
0.549547193423
0.841649469578
1.0
0.549828736133
0.841702213389
1.0
0.549726318189
0.841826873337
1.0
0.549135672756
0.841709030875
1.0
0.548915687212
0.843336376847
1.0
0.548915687212
0.843336376847
1.0
0.548620621652
0.843957459114
1.0
0.548690011651
0.844910774992
1.0
0.548557014125
0.844626781392
1.0
0.548918254891
0.84414024777
1.0
0.548999690437
0.84550279429
1.0
0.548787929691
0.846942088341
1.0
0.548642960036
0.84879854469
1.0
0.548065854086
0.849987580747
1.0
0.548065854086
0.849987580747
1.0
0.54709745365
0.851657176385
1.0
0.547085043542
0.852516120893
1.0
0.547783336002
0.853475249713
1.0
0.547822419334
0.854613425483
1.0
0.546650513569
0.856055531493
1.0
0.546299107391
0.856989120481
1.0
0.54643637639
0.856967615698
1.0
0.546494313334
0.858224583031
1.0
0.546494313334
0.858224583031
1.0
0.546526921762
0.859558899109
1.0
0.546437905384
0.859645939325
1.0
0.546714893917
0.860729166822
1.0
0.546553879568
0.861851603211
1.0
0.545742942333
0.859093491799
1.0
0.545497303665
0.859317155392
1.0
0.545972656374
0.861940689866
1.0
0.546226915108
0.863344272535
1.0
0.546226915108
0.863344272535
1.0
0.54596652821
0.863231606302
1.0
0.54620181447
0.862778600001
1.0
0.547341877121
0.862266931934
1.0
0.547695929058
0.863236855311
1.0
0.547867981386
0.861076492625
1.0
0.548182310551
0.860006003064
1.0
0.548905973294
0.859183467186
1.0
0.548905973294
0.859183467186
1.0
0.549141634156
0.860116094803
1.0
0.549880288851
0.857878658268
1.0
0.550209584025
0.857573840507
1.0
0.550633819675
0.854888729585
1.0
0.551542351562
0.854448471515
1.0
0.551527230755
0.853210583722
1.0
0.552181663
0.851534407143
1.0
0.552703096673
0.851284673885
1.0
0.552813211303
0.851043180987
1.0
0.553260130717
0.849909787942
1.0
0.553260130717
0.849909787942
1.0
0.554196459615
0.848010200745
1.0
0.553079932445
0.846060925791
1.0
0.553441650393
0.845487384922
1.0
0.553270588271
0.845984181568
1.0
0.553550793427
0.846617175881
1.0
0.55353412876
0.846878731907
1.0
0.553684016854
0.846551351813
1.0
0.553684016854
0.846551351813
1.0
0.553715953267
0.846889865511
1.0
0.553685085182
0.845824863071
1.0
0.553550445913
0.845393332537
1.0
0.553658208313
0.845590894695
1.0
0.553758107135
0.845596821173
1.0
0.553867921594
0.844667646429
1.0
0.553275727736
0.846203762467
1.0
0.553275727736
0.846203762467
1.0
0.553388656102
0.846731456331
1.0
0.553871363632
0.847805762539
1.0
0.553839507649
0.848053837666
1.0
0.553323181813
0.848004966291
1.0
0.553028064424
0.849560970298
1.0
0.552582297307
0.850817043848
1.0
0.552509432442
0.849583190936
1.0
0.550143361127
0.84568451976
1.0
0.550193399338
0.847373865832
1.0
0.550193399338
0.847373865832
0.99
0.5420560699
0.820588527401
0.99
0.541743831604
0.820801595748
0.99
0.528139459017
0.787513025121
0.99
0.527835181888
0.7890965513
0.99
0.512182613142
0.753443357412
0.99
0.511403033327
0.752130636462
0.99
0.496005428536
0.714428104228
0.99
0.496320235994
0.702979606979
0.99
0.496320235994
0.702979606979
0.99
0.479710995607
0.666336765161
0.99
0.481590074279
0.631343628572
0.99
0.464384791646
0.594170779525
0.99
0.465728701318
0.559579895775
0.99
0.452923429403
0.526826558448
0.99
0.453674418305
0.489996238898
0.99
0.445485370548
0.462482452809
0.99
0.444931566592
0.434108902394
0.99
0.444931566592
0.434108902394
0.99
0.441329540903
0.417675833251
0.99
0.439916686788
0.390764331886
0.986539541261
0.437654106828
0.381141189819
0.986539541261
0.436397462155
0.359194588163
0.99
0.435026863587
0.35567250087
0.99
0.434030158585
0.335371111339
0.99
0.430769016259
0.331952312767
0.99
0.430769016259
0.331952312767
0.99
0.430280814886
0.316260631487
0.99
0.430941760555
0.316848202077
1.0
0.430429403251
0.305823248901
1.0
0.428425935191
0.307094689014
1.0
0.427469463512
0.305672129261
1.0
0.427088439705
0.306763189612
1.0
0.426112430449
0.310767127774
1.0
0.424217436079
0.312458091616
1.0
0.423350472162
0.317296196091
1.0
0.423350472162
0.317296196091
1.0
0.423315247751
0.318695138232
1.0
0.422847587638
0.32155287513
1.0
0.421431445067
0.321845392072
1.0
0.421249413729
0.322661670342
1.0
0.419812640842
0.323322679556
1.0
0.419298829847
0.326548583825
1.0
0.418345807058
0.326478427719
1.0
0.41863314867
0.326746518427
1.0
0.417485252243
0.328099505925
1.0
0.417485252243
0.328099505925
1.0
0.417063622233
0.33161020099
1.0
0.416358069295
0.33232282534
1.0
0.416201027075
0.333791106473
1.0
0.41498710407
0.333811033595
1.0
0.414822948619
0.335800011049
1.0
0.41404085899
0.33490536185
1.0
0.41404085899
0.33490536185
1.0
0.413803891643
0.337337673345
1.0
0.41267869898
0.337197356074
1.0
0.412706573496
0.33815468513
1.0
0.411624013438
0.337809684477
1.0
0.411770944906
0.337215008987
1.0
0.410479259096
0.336164156314
1.0
0.410737664644
0.336144662151
1.0
0.409288616546
0.337328480476
1.0
0.409288616546
0.337328480476
0.958177708933
0.409420225465
0.335815457547
0.958177708933
0.40754649146
0.332948291035
0.952333204494
0.407304109144
0.336099656783
0.952333204494
0.405935051843
0.33826596803
1.0
0.406074130846
0.338411253687
1.0
0.405146518343
0.336525226652
1.0
0.404863317411
0.336187333306
1.0
0.402917609622
0.334165008661
1.0
0.402968800103
0.332273431915
1.0
0.402968800103
0.332273431915
1.0
0.401149994604
0.331604466213
1.0
0.400766494121
0.334240462485
1.0
0.400217940385
0.334187025687
0.928224663255
0.400327458151
0.331536424642
0.928224663255
0.399021464986
0.330538977181
0.995195834019
0.398978022292
0.329873816198
0.995195834019
0.397074425698
0.327848083104
0.995195834019
0.397074425698
0.327848083104
1.0
0.397042848338
0.3264930556
1.0
0.396492562839
0.324442007193
1.0
0.396272305497
0.3217951913
1.0
0.395588592603
0.316394937713
1.0
0.395427908151
0.312920287508
1.0
0.400123150263
0.307819354526
1.0
0.400243177895
0.305660053435
0.99
0.418240257148
0.278128117334
0.99
0.418240257148
0.278128117334
0.958402367028
0.419269485422
0.273948296538
0.958402367028
0.43585029937
0.269534499573
0.99
0.435167193571
0.267366351513
0.99
0.435167193571
0.267366351513
0.99
0.435167193571
0.267366351513
1.0
0.471702454088
0.250693459258
1.0
0.474015951256
0.237589561897
0.958663255853
0.482137583275
0.202374839946
0.99
0.488327344327
0.165411359481
0.99
0.495316393504
0.138191552711
0.99
0.495316393504
0.138191552711
0.879219213756
0.495672336135
0.13606840169
0.843415421108
0.496578357514
0.132617916269
0.809358403807
0.497038068341
0.131140192435
0.809358403807
0.497038068341
0.131140192435
0.809358403807
0.497038068341
0.131140192435
0.899616156736
0.508790843112
0.088628537283
0.899616156736
0.513503384688
0.0874391060624
0.857942404703
0.512271607942
0.0864915940958
0.857942404703
0.512271607942
0.0864915940958
0.899616156736
0.512385453689
0.0851268674311
0.899616156736
0.513447913905
0.0873581172104
0.899616156736
0.514224811188
0.0857950842963
0.899616156736
0.512676154731
0.0820775032008
0.899616156736
0.512545377514
0.0822806630747
0.899616156736
0.513432827541
0.085588769244
0.899616156736
0.51451989965
0.089330726457
0.899616156736
0.513954413531
0.088014681652
0.899616156736
0.513125330152
0.0878916188995
0.899616156736
0.513125330152
0.0878916188995
0.899616156736
0.512704800527
0.0877615766867
0.801092047279
0.512387831695
0.0870304261622
0.801092047279
0.513312586912
0.0901160931619
0.827277626269
0.513433396383
0.0895297957656
0.827277626269
0.51295292652
0.0901786264649
0.899836984106
0.512594149525
0.0928628057342
0.899836984106
0.512299373629
0.0901554608854
0.899836984106
0.512299373629
0.0901554608854
0.947627922129
0.512196682224
0.0891064747843
0.971740284562
0.512189694156
0.0934399226499
0.904084972602
0.512325237118
0.0928632503726
0.904084972602
0.512779328813
0.090913417483
0.872189524002
0.512795830352
0.0912750003126
0.872189524002
0.513098835753
0.092750680882
1.0
0.513207139738
0.0919913837066
1.0
0.513246544974
0.091003735541
0.976602466713
0.512374420823
0.0923244503632
0.976602466713
0.512374420823
0.0923244503632
0.976602466713
0.512102896733
0.0926276457817
0.916441534863
0.512505797951
0.0934191650899
0.916441534863
0.511845326256
0.0962257116477
0.87362572877
0.511981125244
0.0959605471231
0.87362572877
0.512850543117
0.0981685385074
0.968034860051
0.512347130154
0.100194039272
0.968034860051
0.512646347211
0.102939291042
1.0
0.513062916336
0.100001664352
1.0
0.513062916336
0.100001664352
1.0
0.513107065486
0.101716525183
0.963295885626
0.512855899032
0.104067129003
0.963295885626
0.513701956781
0.105679652191
0.83909317205
0.513439882447
0.106951249818
0.83909317205
0.514969817226
0.108020181459
1.0
0.514902788887
0.111060489053
1.0
0.521751733345
0.114311515665
0.933442388582
0.521544930325
0.116495204282
0.933442388582
0.521544930325
0.116495204282
0.926323513958
0.526654891751
0.120194568285
0.926323513958
0.526757323338
0.122924618039
0.988797650172
0.527491060641
0.118087122877
1.0
0.528115886939
0.116320844211
0.956206022309
0.527677942549
0.115668369791
0.956206022309
0.529560269129
0.112930761655
1.0
0.530966884241
0.113421685229
0.832236145287
0.531788431485
0.11216367389
0.832236145287
0.531788431485
0.11216367389
0.832236145287
0.532289177363
0.113866434284
0.913004776273
0.5355952524
0.0878927328864
0.913004776273
0.535506432208
0.0894143289966
1.0
0.535451850313
0.0891875781069
1.0
0.536125915207
0.0896519653948
1.0
0.53560035567
0.093504689368
1.0
0.535562504384
0.0945018836377
1.0
0.535562504384
0.0945018836377
0.949387686637
0.535512951274
0.0967093324395
0.949387686637
0.534656471865
0.0953927626289
0.969805884181
0.534426969424
0.0970494056563
0.969805884181
0.534856409066
0.0991150284434
1.0
0.534593581277
0.101561187838
1.0
0.534892326701
0.103856382399
1.0
0.534473575612
0.108728064001
1.0
0.534374277441
0.109479639235
1.0
0.534374277441
0.109479639235
1.0
0.534661742916
0.104199269671
0.978179280337
0.535256636698
0.106461447735
0.978179280337
0.535890667679
0.106290600429
1.0
0.535681252132
0.107173446658
1.0
0.535325429602
0.110733439228
1.0
0.536396886482
0.111828590427
1.0
0.535869320839
0.111704948712
1.0
0.534571286783
0.109356196567
1.0
0.534571286783
0.109356196567
1.0
0.534706770206
0.110321080914
1.0
0.533631416348
0.108360275319
1.0
0.533774673773
0.108638054038
1.0
0.53382580361
0.108224494965
1.0
0.533118587235
0.111419114369
1.0
0.532287433327
0.112007660476
1.0
0.532190451575
0.112461211147
1.0
0.532855183284
0.112882792821
1.0
0.532855183284
0.112882792821
1.0
0.532241817836
0.111878893232
1.0
0.532369989552
0.112342141
1.0
0.532144526658
0.114832835599
1.0
0.530603854161
0.114088769005
1.0
0.530227429187
0.115255347291
1.0
0.530815324316
0.117848263061
1.0
0.530621725615
0.118995977019
1.0
0.530701582969
0.119471970578
1.0
0.530701582969
0.119471970578
1.0
0.530131033759
0.11954276226
1.0
0.529162322313
0.118368984716
1.0
0.528926062785
0.122748349552
1.0
0.528400080783
0.122293286327
1.0
0.528004798527
0.123229504564
1.0
0.527776078583
0.125788686643
1.0
0.527912597466
0.124156493862
1.0
0.527323320938
0.123381991249
1.0
0.527323320938
0.123381991249
1.0
0.527109179437
0.124380788959
0.997344337134
0.527337268903
0.125136557848
0.997344337134
0.52636170031
0.128346716956
0.994621803216
0.524807596384
0.128078955249
0.994621803216
0.524851665309
0.128117870405
1.0
0.524341130655
0.132075348204
1.0
0.523837476155
0.134874206499
1.0
0.523118491873
0.1344303666
1.0
0.523118491873
0.1344303666
1.0
0.522634840691
0.135742081892
1.0
0.522811425654
0.13754311978
1.0
0.522751765913
0.137034177966
1.0
0.523754843043
0.140231082124
1.0
0.523235287519
0.143067392416
1.0
0.522019963968
0.144668943951
1.0
0.521684933358
0.14656339271
1.0
0.521993156612
0.147502214097
1.0
0.521993156612
0.147502214097
1.0
0.521752841084
0.150986670497
1.0
0.521488125884
0.150896748822
1.0
0.52192141981
0.150801776774
1.0
0.520205705281
0.152962875064
1.0
0.519149182996
0.155287767268
0.957385842127
0.518850950443
0.1542741564
0.957385842127
0.518668506888
0.155970591796
1.0
0.518613245631
0.158863924863
1.0
0.518613245631
0.158863924863
1.0
0.518541221322
0.16128650143
1.0
0.517723056245
0.162556129817
1.0
0.517057840486
0.165623178315
1.0
0.516734319443
0.166170849414
1.0
0.516519316996
0.168970427194
1.0
0.516218590713
0.168990321715
1.0
0.515681689749
0.170588334546
1.0
0.514955924829
0.170746791979
1.0
0.51489546384
0.171872299523
1.0
0.51489546384
0.171872299523
1.0
0.51453651782
0.172404332044
1.0
0.513963907454
0.174520249484
1.0
0.513250968554
0.172925818641
1.0
0.512220482274
0.177520783792
1.0
0.512569929446
0.178124553395
1.0
0.512305856982
0.177556441161
1.0
0.512459633421
0.174533074992
1.0
0.512074730176
0.176226152349
1.0
0.512074730176
0.176226152349
1.0
0.513224703894
0.176749144107
1.0
0.513344005194
0.175771057516
0.972549398321
0.513288971067
0.17299407569
0.972549398321
0.512657635467
0.173667528174
0.988632357604
0.512839863258
0.169604463582
0.988632357604
0.513090200912
0.164646336733
1.0
0.522104087834
0.128424394532
1.0
0.522104087834
0.128424394532
1.0
0.521886931868
0.126697659214
1.0
0.522073093394
0.124007942717
1.0
0.522147166509
0.118671534774
0.957214339461
0.522528496645
0.116292527249
0.957214339461
0.524056751439
0.104053786648
0.869247970006
0.52455620532
0.103216066263
0.869247970006
0.524634386286
0.0825249657092
0.872559537509
0.526577637539
0.0803732283638
0.984539616753
0.531284069497
0.0593134251422
0.984539616753
0.531284069497
0.0593134251422
0.840227865929
0.530840515864
0.0573711214771
0.840227865929
0.53132840904
0.0517052043067
0.839973661656
0.531113690447
0.0517373914038
0.839973661656
0.531051860957
0.0470042768772
0.961737496666
0.535467972287
0.0343726290785
0.919550451153
0.534955474854
0.0315637812001
0.919550451153
0.534955474854
0.0315637812001
0.888360843029
0.535069749003
0.0270063697516
0.949022843813
0.53483914682
0.0254626650306
0.908621458332
0.533855517495
0.0241963737004
0.908621458332
0.53368006536
0.0233462389621
0.86065521784
0.534851609634
0.0220891642423
0.86065521784
0.534298666249
0.0246156449878
0.927474144905
0.533715766574
0.0209777470786
0.897783772593
0.533714879891
0.0195403696255
0.897783772593
0.533714879891
0.0195403696255
0.927474144905
0.533836634905
0.0169641025717
0.907076352425
0.533929821063
0.0178332844673
0.849751733689
0.533966501278
0.0138061070569
0.849751733689
0.533729366326
0.0113182655644
0.891169462269
0.533303492942
0.0106984127811
0.891169462269
0.533303492942
0.0106984127811
0.891169462269
0.533303492942
0.0106984127811
0.891169462269
0.533303492942
0.0106984127811
0.954226575905
0.535362075367
0.0262098562224
0.881784691175
0.534800513732
0.0256161569262
1.0
0.533937365732
0.0230826639511
1.0
0.532581841915
0.0328826829906
1.0
0.532581841915
0.0328826829906
0.836680589492
0.530731033067
0.0309499372455
0.886087102134
0.531729372856
0.0262997441938
1.0
0.531143714615
0.0220918414768
0.89111626683
0.532523771522
0.0176739585004
0.89111626683
0.532523771522
0.0176739585004
1.0
0.529872132679
0.0215435896294
0.870788585286
0.526970512666
0.0301136305386
0.928334320166
0.526047374186
0.0339827867039
0.892949288461
0.500464176158
0.00482953411505
0.882627352318
0.498134789264
0.00974023236875
0.89079783198
0.495675803818
0.0164326149978
0.89079783198
0.495675803818
0.0164326149978
0.873102234443
0.4942118258
0.0232714983419
0.892949288461
0.493340623358
0.0246874245326
0.827849640229
0.493612995753
0.0227387533406
0.892851672635
0.493559988347
0.0241024944159
0.892851672635
0.493559988347
0.0241024944159
0.892851672635
0.489352079385
0.0262821762274
0.827224923329
0.488961105949
0.0280981941433
0.906612287627
0.488149914306
0.0317025618945
0.864879250077
0.487937770479
0.0327913264794
0.906612287627
0.487521993168
0.0348051234304
0.902517981296
0.487498521458
0.0371070000702
0.902517981296
0.48682740201
0.0383398811662
0.868916178181
0.486234319672
0.0387754910626
0.868916178181
0.485966155461
0.0410335582331
0.907083636162
0.48544509866
0.047374473748
0.907083636162
0.48544509866
0.047374473748
0.840185771759
0.485166164847
0.0484147831393
0.840185771759
0.485451367037
0.0456169663957
0.901302371343
0.484127415183
0.0447176771768
0.901302371343
0.483452717511
0.0466144066615
0.895840086171
0.482404412233
0.0461342744028
0.895840086171
0.482661400036
0.0459736379901
0.917002148105
0.4835771513
0.0460849948024
0.917002148105
0.4835771513
0.0460849948024
0.917002148105
0.482530401693
0.050405905124
0.949118746929
0.482750139151
0.0504924450215
0.981568530333
0.483353249472
0.0506537305831
0.905358019959
0.48290884953
0.0503831190154
0.905358019959
0.482608755877
0.0515304946149
0.936127602663
0.482130348966
0.0547113552711
0.922884457988
0.482885794587
0.0564916397127
0.922884457988
0.482941125685
0.0594961445846
0.922884457988
0.482941125685
0.0594961445846
0.880091050864
0.481840417441
0.0587567931436
0.86364879659
0.482020671834
0.0562107803186
0.86364879659
0.481194773846
0.0574985651196
0.908860432308
0.480731639324
0.0586181700385
0.908860432308
0.482202946792
0.0587624556387
0.93330181575
0.482564680759
0.0578840058109
0.892229444913
0.483397063786
0.0589295331041
0.892229444913
0.483064416627
0.0629323430813
0.892229444913
0.483064416627
0.0629323430813
0.911853524198
0.483926957667
0.0654075259512
0.911853524198
0.484585171647
0.0587187263205
0.935056073054
0.4852231505
0.0580703677269
0.848668005619
0.485504816746
0.059340484568
0.848668005619
0.486653895224
0.0618504744959
0.999728509894
0.485842875014
0.0665790988311
1.0
0.485830889459
0.0670648272206
1.0
0.485917586535
0.0687705421479
1.0
0.485917586535
0.0687705421479
0.960362319032
0.486414676503
0.070931081002
0.870432339708
0.486868665899
0.0698281032784
0.870432339708
0.486266916184
0.0705737704842
0.90638697338
0.486610359765
0.0701913504714
0.90638697338
0.486449849789
0.0725440373459
0.938260579938
0.486265223963
0.0751901748459
0.968369722983
0.485867514001
0.0768793642637
0.978960488426
0.485713100283
0.0795208431587
0.978960488426
0.485713100283
0.0795208431587
1.0
0.485115404775
0.0799813610559
0.962386492106
0.485725751017
0.076775161461
0.962386492106
0.484631592863
0.0810256146813
1.0
0.484441150809
0.0817816048382
1.0
0.484118875555
0.0839993878503
0.926293669743
0.484152292836
0.0850967797539
0.926293669743
0.484951728435
0.0853917920663
1.0
0.48439424519
0.0880825845789
1.0
0.483205943582
0.0900209949979
1.0
0.483205943582
0.0900209949979
1.0
0.483195679343
0.0883733026225
0.99838212762
0.483096648219
0.0919009251241
0.99838212762
0.482917478287
0.0949393994476
0.981089589053
0.481912844958
0.0996197654
0.887551629554
0.482092132178
0.0986380104127
0.887551629554
0.482754554363
0.107495738207
0.887551629554
0.482754554363
0.107495738207
1.0
0.481872753985
0.111109301496
0.99
0.476896374447
0.134099823376
0.99
0.476323424819
0.138476880534
0.99
0.476049702612
0.15138731381
0.877733363024
0.476669020052
0.154379335735
0.742467125416
0.478321972501
0.163035191624
0.742467125416
0.470357229056
0.224778012232
0.711934682419
0.479101896234
-0.00836746028985
0.711934682419
0.479101896234
-0.00836746028985
0.711934682419
0.453110773759
-0.00971497372055
0.711934682419
0.453110773759
-0.00971497372055
0.711934682419
0.453110773759
-0.00971497372055
0.736367829885
0.428126440772
0.321436854528
0.92737516955
0.440373213397
0.534166958242
0.844243296682
0.454544414997
0.565839881739
0.99
0.453417914654
0.570364302345
0.99
0.453417914654
0.570364302345
1.0
0.45276533952
0.573917990676
1.0
0.45149735797
0.577054092648
1.0
0.451905917048
0.583520234006
1.0
0.449839096632
0.585351863272
1.0
0.449143859935
0.593298636662
1.0
0.448966694846
0.595012031171
1.0
0.448312536477
0.600698657802
1.0
0.446753931805
0.599916054636
1.0
0.446753931805
0.599916054636
1.0
0.446654756958
0.600058324238
1.0
0.446088744503
0.599824407572
1.0
0.446002661189
0.599596797915
1.0
0.443198699579
0.600604782189
1.0
0.443024653353
0.60199736413
1.0
0.442387573764
0.60273213169
1.0
0.442178834423
0.604026246991
1.0
0.441543981325
0.603589085237
1.0
0.441220688836
0.604966781401
1.0
0.441220688836
0.604966781401
1.0
0.440820987209
0.606321693737
1.0
0.440730107818
0.607200413142
1.0
0.440263814603
0.607788906885
1.0
0.440059612766
0.608198164306
1.0
0.439989064007
0.609772639747
1.0
0.439989064007
0.609772639747
1.0
0.439745609528
0.610914168942
1.0
0.440302650034
0.612527211323
1.0
0.440249623247
0.613759359741
1.0
0.439696534361
0.615523151595
1.0
0.439427306408
0.617143203476
1.0
0.440094474874
0.617283736593
1.0
0.440077616981
0.618481107635
1.0
0.441020930823
0.620233775292
1.0
0.441121646608
0.62235244042
1.0
0.441121646608
0.62235244042
1.0
0.441799100718
0.624409261082
1.0
0.44175384348
0.625425354488
1.0
0.441982298581
0.631349975699
1.0
0.4420258042
0.632410225052
1.0
0.441797662205
0.645801828902
1.0
0.441957653352
0.646693820397
0.99
0.439941261615
0.669952995935
0.99
0.439941261615
0.669952995935
0.99
0.440131312453
0.671474355986
0.99
0.439107240688
0.693542523522
0.99
0.438714064678
0.696857238281
0.99
0.438891353364
0.719860167055
0.99
0.437375067319
0.733463264443
0.928530197951
0.438622586654
0.741436961173
0.928530197951
0.437497903163
0.750659970992
0.964715522691
0.440210496564
0.765512577155
0.99
0.436830560888
0.799690982361
0.99
0.436830560888
0.799690982361
0.99
0.44015234686
0.80840025107
0.99
0.437845864127
0.831203062808
0.99
0.439561926109
0.833249919136
1.0
0.43821576977
0.844922065326
1.0
0.438569207153
0.845270212295
0.880027815509
0.438500224341
0.850455989852
0.880027815509
0.438766182828
0.851405013826
0.880027815509
0.438766182828
0.851405013826
0.99
0.43744175522
0.872706572888
0.99
0.438061560358
0.872687518985
1.0
0.438779527376
0.873624616442
1.0
0.438980004898
0.873863392855
1.0
0.439336710231
0.873928343721
1.0
0.43998929194
0.874883237191
1.0
0.439954306596
0.876029981733
1.0
0.440168662154
0.875277703532
1.0
0.440355763212
0.87543896452
1.0
0.440355763212
0.87543896452
1.0
0.4397784925
0.875399933996
1.0
0.439838753352
0.876147913493
1.0
0.440609855626
0.87656772591
1.0
0.440616470008
0.875980441026
1.0
0.440783080192
0.875243628738
1.0
0.441167249516
0.876118222318
1.0
0.441656042528
0.876873294574
1.0
0.441397715227
0.87742605718
1.0
0.441397715227
0.87742605718
1.0
0.442202532918
0.877910018537
1.0
0.442291898264
0.879049071239
1.0
0.442809456975
0.879319534146
1.0
0.443081173935
0.878299587941
1.0
0.443256072758
0.876882546761
1.0
0.443102314419
0.87788699533
1.0
0.44371981219
0.877921374091
1.0
0.443597194093
0.878434404662
1.0
0.443597194093
0.878434404662
1.0
0.444660898377
0.87861315775
1.0
0.44482162359
0.877395260553
1.0
0.445012368818
0.877599108623
1.0
0.445100759581
0.87815706619
1.0
0.446389368591
0.878103251113
1.0
0.44648874339
0.877093908677
1.0
0.447051603533
0.876555195432
1.0
0.446990436424
0.87690429178
1.0
0.446990436424
0.87690429178
1.0
0.447352899888
0.877905071169
1.0
0.447759800757
0.877482677732
1.0
0.449490568144
0.877146718248
1.0
0.44960735415
0.875686734439
1.0
0.450418770461
0.876154096623
1.0
0.450455361497
0.877057003537
1.0
0.451967852527
0.877116707449
1.0
0.451967852527
0.877116707449
1.0
0.452343932822
0.877160207815
1.0
0.452842913325
0.877822366791
1.0
0.453195906071
0.876432527153
1.0
0.455841110498
0.877184694872
1.0
0.455810853225
0.877323081805
1.0
0.456447018146
0.877263856485
1.0
0.456744576117
0.878519235713
1.0
0.457338402733
0.878695377265
1.0
0.457338402733
0.878695377265
1.0
0.457699840981
0.877899526303
1.0
0.459627215922
0.879655889761
1.0
0.460124483445
0.879989510446
1.0
0.461333022811
0.879989732101
1.0
0.461469877181
0.879913060125
1.0
0.462428486154
0.880023628825
1.0
0.462973737062
0.880076563402
1.0
0.465283083793
0.8816978459
1.0
0.46539899874
0.882685186905
1.0
0.46539899874
0.882685186905
1.0
0.466213367442
0.882688837657
1.0
0.466527941744
0.883361567848
1.0
0.468292624986
0.884602999073
1.0
0.468739664065
0.884555842065
1.0
0.469417735952
0.882570633236
1.0
0.469393242347
0.883250208759
1.0
0.471174117797
0.885594314452
1.0
0.471174117797
0.885594314452
1.0
0.471548458749
0.885700468972
1.0
0.47273051538
0.886625616785
1.0
0.473288723601
0.886968742368
1.0
0.474118281469
0.886692410719
1.0
0.474372493576
0.887143572929
1.0
0.475650489098
0.888753992577
1.0
0.47584999103
0.889269714558
1.0
0.47625313615
0.889414110233
1.0
0.476892315587
0.887929651178
1.0
0.476892315587
0.887929651178
1.0
0.478062459921
0.888941110005
1.0
0.477971117621
0.890583204655
1.0
0.479222333055
0.891050686607
1.0
0.47957468855
0.891211293657
1.0
0.479707491993
0.890712167545
1.0
0.480118416397
0.892089182474
1.0
0.481885692041
0.892398288876
1.0
0.481995296568
0.891183118506
1.0
0.481995296568
0.891183118506
1.0
0.483304583749
0.889729142828
1.0
0.483643410202
0.890121450057
1.0
0.483258056914
0.892516448308
1.0
0.483281152721
0.89309789761
1.0
0.484393681247
0.893789869551
1.0
0.484601883007
0.893233392049
1.0
0.484807658126
0.892699617808
1.0
0.484884417936
0.894510772509
1.0
0.484884417936
0.894510772509
1.0
0.485182014604
0.895771338953
1.0
0.485190409048
0.895971672163
1.0
0.485919440606
0.894915300202
1.0
0.486114545986
0.896112549283
1.0
0.484673564213
0.887165603627
1.0
0.48484524384
0.886943860127
0.99
0.479938046893
0.85596119259
0.99
0.479938046893
0.85596119259
0.99
0.4798580666
0.856051637494
0.99
0.472134425255
0.819608704129
0.99
0.472623839614
0.818814778021
0.99
0.464737526059
0.777659430746
0.99
0.465369985391
0.774627608009
0.99
0.459741605122
0.730342948957
0.99
0.461978646672
0.712862190688
0.99
0.456771552687
0.678412833994
0.99
0.456771552687
0.678412833994
0.99
0.462643880425
0.635721535159
0.99
0.462301995134
0.608816045528
0.99
0.46791875602
0.563353027191
0.99
0.469917685743
0.542109829858
0.99
0.475179214666
0.493121399822
0.99
0.479928215697
0.475420382357
0.99
0.483260620866
0.432571334398
0.99
0.489582677586
0.422911132879
0.99
0.489582677586
0.422911132879
0.99
0.491653381421
0.388870181914
0.99
0.496537361728
0.380708322286
0.99
0.497889306912
0.354967306313
0.99
0.50186823125
0.351602566832
0.99
0.503736131334
0.329189611818
0.99
0.506083939546
0.32848666818
1.0
0.508181871291
0.31146720466
1.0
0.510222199159
0.311426619867
1.0
0.510222199159
0.311426619867
1.0
0.511239340348
0.301227574167
