1.0
0.485056949371
0.501541118347
0.99
0.476776740745
0.487060136457
0.99
0.476979724845
0.4870465779
0.99
0.468543648287
0.472114557609
0.99
0.468493921373
0.472168887512
0.92707455949
0.466046049631
0.466287655349
0.92707455949
0.465091872898
0.465386393522
0.99
0.459869315556
0.448841855272
0.99
0.455472784934
0.447097885283
0.99
0.455472784934
0.447097885283
0.99
0.456298084332
0.442005028826
0.99
0.450236194327
0.440269814203
0.99
0.452197941733
0.437819555278
0.99
0.447468108434
0.435372330969
0.99
0.448380168083
0.434809171034
0.99
0.445403739943
0.429076487966
0.99
0.446082148841
0.428715972704
0.99
0.446082148841
0.428715972704
1.0
0.445751381938
0.422619224855
1.0
0.445811204462
0.42266365993
1.0
0.446467559871
0.416327547829
1.0
0.447294387748
0.417811700282
1.0
0.447777313834
0.415066846161
1.0
0.447674365035
0.415028511845
1.0
0.447986300536
0.414645862949
1.0
0.448328831444
0.415528393241
1.0
0.448610437496
0.415582670396
1.0
0.448610437496
0.415582670396
1.0
0.44874995135
0.415851955736
1.0
0.44883815504
0.415740440273
1.0
0.449539823078
0.416530265242
1.0
0.449715849784
0.416716670396
1.0
0.449804827891
0.416806142
1.0
0.449845083896
0.416809540407
1.0
0.44993301868
0.417273910996
1.0
0.449902001517
0.417684371409
1.0
0.449902001517
0.417684371409
1.0
0.450280527763
0.417963431077
1.0
0.450270224709
0.418216359272
1.0
0.450440621481
0.418135652506
1.0
0.450566462597
0.418313661964
1.0
0.450887037823
0.418887815982
1.0
0.450872017254
0.419210113969
1.0
0.451446080005
0.420237639757
1.0
0.451352074331
0.420497658793
1.0
0.451394002913
0.421143679134
1.0
0.451394002913
0.421143679134
1.0
0.451364396104
0.421120010473
1.0
0.451679987166
0.42076735038
1.0
0.451767932633
0.420797406608
1.0
0.452343708213
0.42162681671
1.0
0.452291296439
0.421759214516
1.0
0.452525478252
0.421674430269
1.0
0.452432050707
0.422039540577
1.0
0.452432050707
0.422039540577
1.0
0.452713835055
0.422615458728
1.0
0.452772306916
0.422624418107
1.0
0.452903097871
0.423051270027
1.0
0.452733411868
0.423504146626
1.0
0.452640894028
0.423169368171
1.0
0.452565138828
0.423286774892
1.0
0.452835164311
0.423430088511
1.0
0.452962025959
0.423401375218
1.0
0.453162888597
0.42358707694
1.0
0.453162888597
0.42358707694
1.0
0.453064945233
0.423821891254
1.0
0.453374436978
0.423875929992
1.0
0.453389158121
0.423979091038
1.0
0.453927280738
0.424938072007
1.0
0.453840902859
0.425066424404
1.0
0.453896415061
0.424908590134
1.0
0.453705221133
0.425336117282
1.0
0.453705221133
0.425336117282
1.0
0.454057393479
0.425819203729
1.0
0.454010094695
0.426145124597
1.0
0.454322684388
0.426477809484
1.0
0.454297116932
0.426389230209
1.0
0.454353430089
0.426609258608
1.0
0.454401794249
0.426646888114
1.0
0.454628946226
0.426649634584
1.0
0.454468739881
0.42691115091
1.0
0.454468739881
0.42691115091
1.0
0.451363680336
0.423216615583
1.0
0.451320337951
0.423319889606
0.99
0.441396102506
0.412519944199
0.99
0.441433501074
0.412508233013
0.859000266905
0.438606319625
0.408908934913
0.859000266905
0.438685785005
0.408865946677
0.897588999092
0.431795077627
0.402462348951
0.897588999092
0.431795077627
0.402462348951
0.897588999092
0.430812937005
0.403099703931
1.0
0.426916712393
0.39870089328
0.99
0.421319980081
0.402921000427
0.99
0.418868366384
0.39918822402
0.99
0.412114837805
0.406156813743
0.99
0.413134220465
0.406470656049
1.0
0.410050421972
0.409487184052
1.0
0.409820677298
0.409730053481
1.0
0.407980142096
0.409668036136
1.0
0.407980142096
0.409668036136
1.0
0.407747663135
0.409792957254
1.0
0.407959508077
0.408965559607
1.0
0.408580603161
0.409601400815
1.0
0.408779063166
0.410001624577
1.0
0.409365361575
0.411160000735
1.0
0.409608389076
0.41153139481
1.0
0.409701193721
0.411256574757
1.0
0.409701193721
0.411256574757
1.0
0.409841942067
0.411242707793
1.0
0.410175053524
0.41219732487
1.0
0.410481774758
0.412091253668
1.0
0.410472659651
0.412169390964
1.0
0.410570940196
0.412374915811
1.0
0.410749390034
0.412533433815
1.0
0.410808813277
0.412618914185
1.0
0.410689805854
0.41247363137
1.0
0.410728411122
0.412945651012
1.0
0.410728411122
0.412945651012
1.0
0.411071196973
0.413850171583
1.0
0.41122820744
0.41402361106
1.0
0.41114239022
0.413883401956
1.0
0.411169732752
0.413930529195
1.0
0.411442023054
0.414055041879
1.0
0.411524924871
0.414114714042
1.0
0.411382570553
0.413817164068
1.0
0.411382570553
0.413817164068
1.0
0.4113952571
0.413993016806
1.0
0.411399457813
0.413515635803
1.0
0.411453875452
0.413642999037
1.0
0.412620307617
0.414889803361
1.0
0.412601043887
0.415112276228
1.0
0.420115108939
0.418480162002
1.0
0.420208865997
0.418654953907
0.99
0.440231814635
0.431550897233
0.99
0.440231814635
0.431550897233
0.99
0.440292467626
0.431432647453
0.99
0.460180747758
0.445860456713
0.99
0.460235970117
0.446175140073
0.99
0.477362619865
0.458497595099
0.99
0.478974576672
0.455320862632
