1.0
0.433129101261
0.122239071308
1.0
0.434951037195
0.106283472704
1.0
0.433352886778
0.121605969133
1.0
0.434921347435
0.107310025442
1.0
0.434904648537
0.107724451277
1.0
0.433305741316
0.122119276346
1.0
0.433305741316
0.122119276346
1.0
0.434343196798
0.122537973674
1.0
0.435434437944
0.109272194071
1.0
0.433856949982
0.122476268813
1.0
0.435547892957
0.10857438385
1.0
0.435805216847
0.108639265232
1.0
0.434200480252
0.121566038042
1.0
0.434760219988
0.123455767966
1.0
0.434760219988
0.123455767966
1.0
0.436656238
0.109658408226
1.0
0.436365694084
0.1114318435
1.0
0.434761450215
0.123805455944
1.0
0.436822722713
0.113817307396
1.0
0.43523592882
0.126728152434
1.0
0.437657567761
0.112613927635
1.0
0.437657567761
0.112613927635
1.0
0.438824527395
0.110851254013
1.0
0.437134949721
0.123774928593
1.0
0.443144523063
0.109127465784
1.0
0.441185393071
0.11720888851
1.0
0.44254393748
0.11828085817
1.0
0.442267210987
0.119472711011
1.0
0.44252261841
0.118557112713
1.0
0.44252261841
0.118557112713
1.0
0.442645357968
0.120731313446
1.0
0.442645357968
0.120731313446
1.0
0.442645357968
0.120731313446
1.0
0.443758352025
0.120875292077
1.0
0.444195294843
0.121191440754
1.0
0.445426128978
0.121362815517
1.0
0.445426128978
0.121362815517
1.0
0.445396409876
0.121778836848
1.0
0.473645919429
0.0532308932227
0.99
0.485669162123
0.0691462458196
0.99
0.505747459914
0.0907328128179
0.99
0.505747459914
0.0907328128179
0.975234292287
0.521497760948
0.115297770425
0.975234292287
0.521359855
0.112844185061
0.99
0.532021421473
0.113239611147
0.99
0.531909340131
0.111110976921
0.871198943925
0.537381134646
0.111007852052
0.871198943925
0.536389105981
0.112785695188
0.99
0.542758521498
0.111464063271
0.99
0.542758521498
0.111464063271
0.99
0.542701943853
0.112214165217
0.99
0.541924240089
0.11451533295
0.99
0.541332961471
0.116403317421
0.99
0.541624364285
0.117494590273
0.99
0.540899897944
0.118495639644
0.978650819964
0.541472181838
0.118409669533
0.978650819964
0.540001717163
0.118840228574
1.0
0.539849218877
0.120075466823
1.0
0.539849218877
0.120075466823
0.951862210493
0.538506937054
0.120014910427
0.951862210493
0.538197973157
0.118683564018
0.996102062616
0.532958986135
0.112208316136
0.996102062616
0.530308745361
0.129883376844
1.0
0.531397332361
0.10519351374
1.0
0.531397332361
0.10519351374
1.0
0.528650048094
0.119764678161
1.0
0.530044934847
0.101654423968
1.0
0.527152891067
0.112858616772
1.0
0.528075448091
0.100267183776
1.0
0.525180416148
0.114137141219
1.0
0.526644239697
0.0997936185863
1.0
0.523733092479
0.115329074049
1.0
0.523733092479
0.115329074049
1.0
0.522904102861
0.11789001366
1.0
0.524679707835
0.102860094724
1.0
0.524863836155
0.10323849009
1.0
0.521976454528
0.118304494815
1.0
0.521145125246
0.118188014224
1.0
0.523101647237
0.102942883769
1.0
0.523052985201
0.102424677118
1.0
0.52015987635
0.118334190915
1.0
0.52015987635
0.118334190915
1.0
0.521196152099
0.104021864947
1.0
0.518339502659
0.11735362612
1.0
0.521728417434
0.103833597573
1.0
0.518809445303
0.116872387985
1.0
0.51984230837
0.103514422011
1.0
0.51984230837
0.103514422011
1.0
0.519960698369
0.103922318102
1.0
0.517031287828
0.115384578554
1.0
0.518909708934
0.10411360256
1.0
0.51594801139
0.114045062107
1.0
0.51889807032
0.103827515665
1.0
0.515910222504
0.114456754337
1.0
0.514817030434
0.113212555247
1.0
0.517118634417
0.103266624294
1.0
0.514117858818
0.111605737281
1.0
0.512938535365
0.112032449586
1.0
0.515939649939
0.103307143577
1.0
0.51291192932
0.111828044497
1.0
0.51291192932
0.111828044497
1.0
0.515798934635
0.102214410223
1.0
0.512741343408
0.111551824867
1.0
0.51495795255
0.103282589176
1.0
0.511874032612
0.113054694628
1.0
0.511874032612
0.113054694628
1.0
0.515159225984
0.104580711566
1.0
0.512047911958
0.114006798837
1.0
0.511942313754
0.11559730331
1.0
0.515087335456
0.105823281354
1.0
0.511997349093
0.115446466399
1.0
0.514335674359
0.105405933192
1.0
0.514335674359
0.105405933192
1.0
0.511251707632
0.116227240772
1.0
0.514625450384
0.105610094797
1.0
0.511554417189
0.118046611452
1.0
0.51392996907
0.106601856112
1.0
0.510893447699
0.118344197457
1.0
0.510893447699
0.118344197457
1.0
0.510582892189
0.117643282458
1.0
0.513871152419
0.10476620334
1.0
0.510836988916
0.11817847689
1.0
0.513472563603
0.105459879675
1.0
0.510437328306
0.118059624957
1.0
0.514814230928
0.110662363606
1.0
0.511660542529
0.117024673396
1.0
0.514880780709
0.113360841065
1.0
0.511683630339
0.117160634584
1.0
0.514389190501
0.113027665337
1.0
0.511228802387
0.116876964694
1.0
0.511228802387
0.116876964694
1.0
0.513905909138
0.114247293904
1.0
0.514114967306
0.113893667306
1.0
0.510975920241
0.117715730038
1.0
0.514990832599
0.112618495695
1.0
0.511809914849
0.117540893289
1.0
0.511809914849
0.117540893289
1.0
0.511238270998
0.116473651808
1.0
0.514485207343
0.108675210774
1.0
0.514478966606
0.107962246558
1.0
0.514478966606
0.107962246558
1.0
0.514478966606
0.107962246558
1.0
0.511247250437
0.113947018416
1.0
0.514284639129
0.105405586495
1.0
0.511049581772
0.112218897169
1.0
0.511049581772
0.112218897169
1.0
0.516315527976
0.109807834815
1.0
0.513151025471
0.118081624566
0.99
0.524393696862
0.127120675091
0.99
0.524393696862
0.127120675091
0.99
0.524052267346
0.130302203095
0.99
0.522773899242
0.129268230643
0.99
0.523306678753
0.130268818398
0.99
0.523285181432
0.129992759399
0.99
0.523285181432
0.129992759399
0.99
0.52286731231
0.127364324149
0.99
0.52286731231
0.127364324149
0.99
0.507259521177
0.4651035259
0.99
0.507259521177
0.4651035259
0.99
0.507259521177
0.4651035259
0.99
0.507184715754
0.464141543008
0.99
0.507771504206
0.463245236092
0.99
0.508068491502
0.462275081976
0.99
0.508869375395
0.461794318481
0.845595003088
0.506400152451
0.541204073273
0.845595003088
0.507294557179
0.54341980878
0.845595003088
0.508688470456
0.543012752565
0.845595003088
0.508815304048
0.543215974967
0.845595003088
0.509365280633
0.543603661401
0.845595003088
0.509365280633
0.543603661401
0.99
0.533947573542
0.644968768749
0.99
0.534420756507
0.645511377005
0.99
0.534892914763
0.64579929902
0.844576058419
0.499692861074
0.711615830392
0.844576058419
0.499661196379
0.712021976251
0.844576058419
0.500102676048
0.712128444516
0.844576058419
0.500102676048
0.712128444516
0.844576058419
0.490920359056
0.625563509421
0.99
0.538738248773
0.762850157351
0.99
0.538827448369
0.762195426146
0.99
0.533467703606
0.719666311506
1.0
0.537616114989
0.763816027083
1.0
0.537616114989
0.763816027083
1.0
0.532372164235
0.723323169019
1.0
0.531899481181
0.725332411497
1.0
0.536501901762
0.765506070439
1.0
0.536716117155
0.765877773555
1.0
0.531482267329
0.725779890234
1.0
0.531482267329
0.725779890234
1.0
0.535343338281
0.766686571985
1.0
0.530116791326
0.727065811984
1.0
0.53430349149
0.766721081094
1.0
0.529129967152
0.727562379866
1.0
0.527633948458
0.729709143149
1.0
0.532697892558
0.767471222665
1.0
0.527597916172
0.729683406333
1.0
0.532074552738
0.766719426633
1.0
0.527108293159
0.730248229053
1.0
0.524353642555
0.732514541028
1.0
0.524353642555
0.732514541028
1.0
0.529625772671
0.765997018545
1.0
0.529417158737
0.766291368392
1.0
0.524453985201
0.730446976162
1.0
0.522671857329
0.731331229902
1.0
0.528640901512
0.763529648861
1.0
0.528204859269
0.762617030876
1.0
0.528204859269
0.762617030876
1.0
0.523594692219
0.730226354492
1.0
0.527401479801
0.761185403632
1.0
0.522909299614
0.729865226958
1.0
0.522909299614
0.729865226958
1.0
0.526408735107
0.761427941017
1.0
0.522017800195
0.731101802473
1.0
0.521376831972
0.731846040439
1.0
0.525087965328
0.756052132374
0.99
0.526426303125
0.734382568553
1.0
0.524035989703
0.72779463273
1.0
0.523303992955
0.726961134665
1.0
0.523303992955
0.726961134665
0.99
0.531472686969
0.648418876042
1.0
0.534219103388
0.715762727525
0.99
0.5313004114
0.602316167178
1.0
0.536477671616
0.709960675357
0.99
0.531912527474
0.560823155192
0.99
0.531912527474
0.560823155192
0.99
0.532530749397
0.485007295318
1.0
0.543025977185
0.7018161014
0.99
0.530626392768
0.429738893778
1.0
0.542887918763
0.698805869803
1.0
0.529462162436
0.422990815724
1.0
0.54166788417
0.694584109873
1.0
0.54166788417
0.694584109873
0.941261019499
0.528531036475
0.419007984389
0.971702248192
0.52799998559
0.419683546643
0.971702248192
0.528091374737
0.419042914919
1.0
0.540296764636
0.692008150889
0.98845918729
0.528314136502
0.413568238365
1.0
0.528537346773
0.413653075305
1.0
0.540051135052
0.679138500007
1.0
0.540051135052
0.679138500007
0.99
0.534290593399
0.636846176218
0.99
0.519678483199
0.356510031045
0.99
0.526506527168
0.571681759217
0.938204955195
0.512513426233
0.285641409932
0.959881147299
0.512837946352
0.285233751126
0.99
0.514761190281
0.433064006717
0.99
0.514761190281
0.433064006717
0.99
0.508745283617
0.249493250179
0.99
0.508774718582
0.364114524764
0.99
0.504287085528
0.302436526811
0.825026894355
0.500859312102
0.13517322408
0.825026894355
0.500859312102
0.13517322408
0.986115281004
0.500776118925
0.136389511735
0.99
0.497367933432
0.146467202474
0.921686531765
0.500441182227
0.133274021445
0.984477691996
0.496984623266
0.136914496615
0.90044485996
0.500855380045
0.130186967213
0.90044485996
0.497377996499
0.129688623732
0.90044485996
0.497377996499
0.129688623732
0.934362460812
0.502396360762
0.130322531886
0.973721163942
0.498934779356
0.129124545282
0.918846770196
0.501471576827
0.132696241057
0.867086741335
0.501435986826
0.13190091877
0.974072926068
0.498089003304
0.130655906634
0.974072926068
0.498089003304
0.130655906634
0.960610918994
0.500467416593
0.129550632073
1.0
0.500829078525
0.127280232706
0.934792126362
0.505060898179
0.1190491563
1.0
0.500116444832
0.130041956954
0.980481661901
0.500562505673
0.129519773658
0.940991984543
0.513716404347
0.0569412671283
0.940991984543
0.513716404347
0.0569412671283
0.940991984543
0.507921935479
0.117640376428
1.0
0.508241235194
0.117693628162
1.0
0.510455721601
0.0619302418812
1.0
0.508997215424
0.0621484637365
1.0
0.503749844646
0.121714767191
1.0
0.503749844646
0.121714767191
1.0
0.506956770716
0.0610421679113
1.0
0.505909024182
0.0622513056327
1.0
0.500920247789
0.12144808973
1.0
0.504758969855
0.0608832866141
1.0
0.50453703285
0.0607508637086
1.0
0.499598915731
0.121876684752
1.0
0.499598915731
0.121876684752
1.0
0.503676752698
0.0593771402331
1.0
0.498791888115
0.121305669336
1.0
0.496742543469
0.121060242215
1.0
0.500691957918
0.0580713999545
1.0
0.495929808835
0.115745326275
1.0
0.502836207598
0.0547934008035
1.0
0.502836207598
0.0547934008035
1.0
0.498183816597
0.107774936632
1.0
0.503844532017
0.0528604146402
1.0
0.499357276102
0.1013269513
1.0
0.503118860902
0.0507771500602
1.0
0.49865215723
0.0986804667394
1.0
0.49865215723
0.0986804667394
1.0
0.502173796162
0.0506474461034
1.0
0.497797963436
0.0993544226663
1.0
0.497678530694
0.0936968298654
1.0
0.50113201643
0.0465283679467
1.0
0.50113201643
0.0465283679467
1.0
0.496728509612
0.0929586617651
1.0
0.499022327938
0.0421484232357
1.0
0.494594697592
0.0905346268947
1.0
0.497644656756
0.0385589165956
1.0
0.493115533839
0.088536509212
1.0
0.493115533839
0.088536509212
1.0
0.491639714023
0.0877116320899
1.0
0.495079040547
0.0330989607917
1.0
0.494706191002
0.0314514450039
1.0
0.490064964495
0.0865024167006
1.0
0.493960174048
0.0293070089533
1.0
0.493960174048
0.0293070089533
1.0
0.49377836649
0.0252390614596
1.0
0.4930475391
0.026307840798
1.0
0.49185243125
0.0246920127497
1.0
0.491552625365
0.0229229032975
1.0
0.491529970633
0.0207133123005
1.0
0.49137587824
0.0200024352588
1.0
0.49137587824
0.0200024352588
1.0
0.486613372028
0.0826677518984
1.0
0.490183402417
0.017404824705
1.0
0.485404629441
0.0805323366356
1.0
0.488884470313
0.0155598613918
1.0
0.487773397625
0.0148854900973
1.0
0.487532987192
0.0138326459866
1.0
0.487532987192
0.0138326459866
1.0
0.482788207432
0.0795856636476
1.0
0.48587838826
0.0114604983629
1.0
0.481159174581
0.0769540866445
1.0
0.485259314301
0.00770397524175
1.0
0.480496630252
0.0747899846637
1.0
0.48505585335
0.00439589099552
1.0
0.480218213919
0.0725935032803
1.0
0.484305276676
0.000886853604792
1.0
0.484305276676
0.000886853604792
1.0
0.479431193332
0.0677981554939
1.0
0.483952248669
-0.000222275339165
1.0
0.47908355373
0.0652285116401
0.983023541592
0.483047229079
-0.0042682761261
1.0
0.47817573579
0.0562314485518
1.0
0.478041321126
0.052600232415
1.0
0.47755085826
0.0510984719048
1.0
0.481301467581
-0.00714535006343
1.0
0.476495157019
0.0469250604733
1.0
0.476495157019
0.0469250604733
1.0
0.481159865053
-0.0117301169109
1.0
0.476298921636
0.0395868476353
1.0
0.479807071658
-0.0101967701092
1.0
0.479453845254
-0.00953308304577
1.0
0.474745917673
0.0379094649206
1.0
0.474745917673
0.0379094649206
1.0
0.479473687585
-0.0113592671017
1.0
0.474717585793
0.0359228688159
1.0
0.472642289429
0.0333663084313
1.0
0.477638468284
-0.0142297991319
1.0
0.477638468284
-0.0142297991319
1.0
0.472818245813
0.0320078242357
1.0
0.477473415533
-0.015107550579
1.0
0.472631141747
0.0319348263519
1.0
0.477188552909
-0.0151676491539
1.0
0.472347859325
0.0314442585253
1.0
0.477171520474
-0.0121422335859
1.0
0.472449718931
0.0330199871465
1.0
0.472449718931
0.0330199871465
1.0
0.478425222797
-0.0135947625792
1.0
0.473627778342
0.0312501777638
1.0
0.472463597461
0.0331255475117
1.0
0.477845492286
-0.0140221241754
1.0
0.472983079126
0.0318225229271
1.0
0.477827124455
-0.014725702505
1.0
0.477827124455
-0.014725702505
1.0
0.47808339393
-0.0140397463055
1.0
0.473259206261
0.0282224101808
1.0
0.478344230773
-0.0151350576622
1.0
0.473485875102
0.0254514611377
1.0
0.473495937982
0.024108232556
1.0
0.479131218784
-0.01854297686
1.0
0.474131301111
0.020617660585
1.0
0.474131301111
0.020617660585
1.0
0.479390130175
-0.0193466342952
1.0
0.474320357686
0.0184428282058
1.0
0.481249333596
-0.0208373202564
1.0
0.476058260397
0.0178013437131
1.0
0.475178354768
0.0185798389357
1.0
0.481642834711
-0.0218006250796
1.0
0.476380564789
0.0166429843495
1.0
0.476380564789
0.0166429843495
1.0
0.482305876816
-0.0207213514485
1.0
0.477030486962
0.0167312338399
1.0
0.483489661067
-0.0211875554695
1.0
0.478081824717
0.0157212335284
1.0
0.483644169717
-0.0204853338456
1.0
0.478172288793
0.0169604559164
