1.0
0.372872083506
0.383697792082
1.0
0.372722453822
0.384338800128
1.0
0.373060706364
0.384410999187
1.0
0.373159358414
0.384398060912
1.0
0.373159358414
0.384398060912
1.0
0.372927141051
0.384309680083
1.0
0.372830471953
0.384242938066
1.0
0.372282251089
0.384396325844
1.0
0.372382330215
0.384137167024
1.0
0.372429258591
0.383899872284
1.0
0.372411664286
0.384045027577
1.0
0.372644066082
0.384403773598
1.0
0.372635274377
0.384286551444
1.0
0.372635274377
0.384286551444
1.0
0.372330871693
0.384321052156
1.0
0.372349172309
0.384195872976
1.0
0.372599165983
0.384106757664
1.0
0.37238362216
0.384967690495
1.0
0.37273363564
0.384595464743
1.0
0.372650639053
0.384840878455
1.0
0.371936948663
0.384607267535
1.0
0.372196339162
0.383993515158
1.0
0.37210707501
0.38371975216
1.0
0.37210707501
0.38371975216
1.0
0.372029140517
0.383533630747
1.0
0.372280595209
0.383880665734
1.0
0.372361381294
0.383751701725
1.0
0.372665737541
0.383868703488
1.0
0.372624352123
0.384083728426
1.0
0.372118338203
0.38398392248
1.0
0.371989692619
0.384778476883
1.0
0.371989692619
0.384778476883
1.0
0.372537281814
0.384948881768
1.0
0.372552536344
0.384537566287
1.0
0.372261370806
0.384474457635
1.0
0.372345903876
0.3840196412
1.0
0.371931748005
0.383939602315
1.0
0.37181608411
0.384389085655
1.0
0.371915814186
0.38415678521
1.0
0.371915814186
0.38415678521
1.0
0.372037905942
0.383144957348
1.0
0.372688951445
0.383461559338
1.0
0.372675633147
0.383718981314
1.0
0.372378990729
0.384026365089
1.0
0.372254867616
0.38461099747
1.0
0.372239865213
0.384089414354
1.0
0.372157179508
0.384161638678
1.0
0.372184738185
0.384378980444
1.0
0.372184738185
0.384378980444
1.0
0.372302405972
0.383486741134
1.0
0.372147152077
0.383123156794
1.0
0.371999179258
0.383776243956
1.0
0.372365596815
0.384002500704
1.0
0.372492367462
0.383213609267
1.0
0.371922070749
0.382216996815
1.0
0.371796444015
0.38271237669
1.0
0.37205887619
0.383493831621
1.0
0.37205887619
0.383493831621
1.0
0.37201290983
0.383897544594
1.0
0.371397820205
0.383345180591
1.0
0.371397421337
0.382721458307
1.0
0.371806617396
0.383143206348
1.0
0.371876076649
0.382745022341
1.0
0.371839887912
0.382626057293
1.0
0.371814811038
0.382917470862
1.0
0.37190795796
0.382071438795
1.0
0.37190795796
0.382071438795
1.0
0.371948375354
0.381908675239
1.0
0.371542015091
0.382083609913
1.0
0.371524542592
0.382414088644
1.0
0.371237019953
0.382338043294
1.0
0.371268479006
0.381941261994
1.0
0.371439285116
0.382085478581
1.0
0.371442392476
0.382219276038
1.0
0.371292588969
0.383893271872
1.0
0.371391100706
0.384043842651
1.0
0.371391100706
0.384043842651
1.0
0.372445184214
0.390617238795
1.0
0.372430757773
0.390180366233
1.0
0.372623154483
0.395815191089
1.0
0.372666983298
0.395404875838
1.0
0.372174414322
0.397891750926
1.0
0.372260022441
0.398865936554
1.0
0.37241601371
0.400801653819
1.0
0.37241601371
0.400801653819
1.0
0.372300535366
0.406162117472
1.0
0.371689286901
0.403632145229
1.0
0.371561597602
0.410256822719
1.0
0.371387549516
0.410680507045
1.0
0.371374625056
0.41555640524
1.0
0.372435689754
0.41523338514
1.0
0.372563622769
0.417386772276
1.0
0.371950915788
0.417245108217
1.0
0.37216430637
0.414978761163
1.0
0.37216430637
0.414978761163
1.0
0.372459708503
0.415295242586
1.0
0.37235993805
0.414989282188
1.0
0.372619567035
0.414865467944
1.0
0.372568747044
0.414992373982
1.0
0.371489496707
0.414188195978
1.0
0.371481468097
0.413799671803
1.0
0.37302133841
0.415253031742
1.0
0.37302133841
0.415253031742
1.0
0.373094641653
0.415720521179
1.0
0.372380111154
0.414587845704
1.0
0.372324468027
0.414278811232
1.0
0.372227950786
0.414001884675
1.0
0.372187985499
0.413666315392
1.0
0.372209770499
0.414261888219
1.0
0.372101508098
0.41460573948
1.0
0.372072025922
0.414751470251
1.0
0.372072025922
0.414751470251
1.0
0.372149495833
0.414703031866
1.0
0.371918282408
0.414116577641
1.0
0.371780114511
0.414473882482
1.0
0.372610594222
0.414851847181
1.0
0.372653535281
0.414926287959
1.0
0.37211010489
0.414471239389
1.0
0.372103898219
0.414366095387
1.0
0.371649707757
0.413853976478
1.0
0.371649707757
0.413853976478
1.0
0.371628563354
0.413600142249
1.0
0.372175138428
0.414429426189
1.0
0.372133251547
0.414583219959
1.0
0.371811234721
0.414551373216
1.0
0.371836660222
0.414593068166
1.0
0.372075078945
0.414331863459
1.0
0.372016953633
0.414234824048
1.0
0.371955648217
0.414417775207
1.0
0.371919681138
0.414034487263
1.0
0.371919681138
0.414034487263
1.0
0.372158547499
0.41440083446
1.0
0.372131175593
0.4145232564
1.0
0.371855340326
0.414025872173
1.0
0.371942680426
0.413717702711
1.0
0.371757636549
0.413745783618
1.0
0.371806427997
0.413941427237
1.0
0.372293914786
0.413609838867
1.0
0.372293914786
0.413609838867
1.0
0.372106200251
0.414007174103
1.0
0.371986781747
0.413994058473
1.0
0.372231945462
0.413234409797
1.0
0.371919801903
0.41373656305
1.0
0.371809485624
0.414449851987
1.0
0.371748827275
0.414316165656
1.0
0.371613622615
0.414146992861
1.0
0.371859302315
0.413793798925
1.0
0.371859302315
0.413793798925
1.0
0.371998359893
0.413263017727
1.0
0.371667780409
0.413682045615
1.0
0.37161188539
0.413782202947
1.0
0.372264436386
0.41395664538
1.0
0.372220718262
0.414388021215
1.0
0.371910828442
0.414558247113
1.0
0.371838257518
0.414525558608
1.0
0.372770180902
0.415371421287
1.0
0.372875307858
0.415282199254
1.0
0.372875307858
0.415282199254
1.0
0.373463507521
0.417161864711
1.0
0.373483364652
0.417413818214
1.0
0.374280060833
0.417008031484
1.0
0.374323253059
0.416965692269
1.0
0.377118375216
0.419053923287
1.0
0.376965894065
0.419425016346
0.933750539032
0.380349559537
0.414401378735
0.933750539032
0.380204240037
0.415303551847
0.933750539032
0.380204240037
0.415303551847
0.933750539032
0.380204240037
0.415303551847
0.837520192994
0.27806861921
0.173719321536
0.837520192994
0.277862385981
0.174561569326
0.837520192994
0.277516462335
0.176695582634
0.837520192994
0.277570448539
0.175890970712
0.837520192994
0.277570448539
0.175890970712
0.837520192994
0.277570448539
0.175890970712
0.837520192994
0.277570448539
0.175890970712
0.837520192994
0.277570448539
0.175890970712
0.837520192994
0.277570448539
0.175890970712
0.717499690371
0.295443056632
0.0819000404474
0.717499690371
0.398038213697
0.258142833143
0.717499690371
0.398038213697
0.258142833143
0.717499690371
0.398038213697
0.258142833143
0.717499690371
0.324296165188
0.114450353157
0.717499690371
0.324296165188
0.114450353157
0.717499690371
0.324296165188
0.114450353157
0.717499690371
0.324296165188
0.114450353157
0.896985807142
0.316939922089
0.173588973368
0.896985807142
0.316939922089
0.173588973368
0.926347433937
0.558211485191
0.409986662497
0.926347433937
0.402755792555
0.361033611514
0.926347433937
0.403654229312
0.363662455707
0.926347433937
0.402496067607
0.365011928607
0.926347433937
0.402990853673
0.367933887987
0.926347433937
0.402359737887
0.368714593673
0.926347433937
0.400968163912
0.36989543441
0.926347433937
0.401716365426
0.372416784252
0.926347433937
0.401716365426
0.372416784252
0.926347433937
0.401497513974
0.374580405574
0.926347433937
0.40144162518
0.376146150754
0.926347433937
0.401152112673
0.377142612868
0.926347433937
0.401718229335
0.378874815689
0.971448463947
0.401671454056
0.37981736473
0.986085301416
0.40191934259
0.381269832774
0.656683684834
0.403553970824
0.387096556141
0.656683684834
0.40351450315
0.389236799766
0.656683684834
0.40351450315
0.389236799766
0.656683684834
0.403849456514
0.390205019024
0.656683684834
0.403364834314
0.391296235501
0.656683684834
0.402662725389
0.391978271925
0.97734745973
0.4012255656
0.384673315152
0.93992393315
0.401828370904
0.384622164967
1.0
0.401475982873
0.384556373815
0.972031956984
0.400355551531
0.384530079588
0.972031956984
0.400355551531
0.384530079588
0.972031956984
0.400309680788
0.384917776415
0.94004972934
0.40132595102
0.385695358478
0.94004972934
0.401066499009
0.386927582725
0.952924422915
0.400774982395
0.387184206394
0.952924422915
0.40085871056
0.387532596826
0.935354427372
0.400366794855
0.386687979379
0.935354427372
0.400215766611
0.387015337553
0.941277619639
0.40011393152
0.385518689202
0.941277619639
0.400188595677
0.38517694748
0.941277619639
0.400188595677
0.38517694748
0.985171156753
0.40035800345
0.386140588713
0.985171156753
0.40037383619
0.386207079922
0.98936461993
0.400423976618
0.384836027807
1.0
0.400454267632
0.384934891532
1.0
0.40039253727
0.384253940937
1.0
0.400294784552
0.384752307111
0.968980114903
0.399572609928
0.383277035387
0.968980114903
0.399572609928
0.383277035387
0.968980114903
0.399716920519
0.382198959832
0.974535603602
0.400179354319
0.382478106478
0.974535603602
0.400262405797
0.382703035779
0.990917919794
0.400416734916
0.382647260905
0.990917919794
0.400664156096
0.381729748522
0.982559124242
0.400389536785
0.38063429139
0.982559124242
0.400439586608
0.379867117035
1.0
0.400588949025
0.379074566368
1.0
0.400588949025
0.379074566368
1.0
0.400880394546
0.377533804316
1.0
0.401395515998
0.376904605703
1.0
0.401665470099
0.375542826471
1.0
0.402438994223
0.375802209984
1.0
0.402535521496
0.375371031014
0.991535059672
0.402266822336
0.374468464903
0.991535059672
0.402552282169
0.373514854853
0.983001147498
0.401957551558
0.373426666003
0.983001147498
0.402187800982
0.373145510509
0.983001147498
0.402187800982
0.373145510509
0.972891825502
0.403134769201
0.372917057036
0.972891825502
0.403469668987
0.371441750513
1.0
0.402939946315
0.372200347798
1.0
0.403002793069
0.372374647008
1.0
0.404272165273
0.375218810504
1.0
0.404434109382
0.375119184345
1.0
0.404434109382
0.375119184345
1.0
0.404339112364
0.374915596642
1.0
0.404642030531
0.3741470706
1.0
0.404599949592
0.373461836134
1.0
0.404729226822
0.373334123202
1.0
0.404040301253
0.371968586603
1.0
0.404113258491
0.371721658291
1.0
0.404286793961
0.372079886563
1.0
0.404220778462
0.37260567071
1.0
0.404439909849
0.373540861791
1.0
0.404664400417
0.373237711987
1.0
0.404664400417
0.373237711987
1.0
0.405117598519
0.373604213577
1.0
0.405103780743
0.374035130465
1.0
0.405037327071
0.374367019943
1.0
0.40512524827
0.374281557605
1.0
0.4048428432
0.373646956484
1.0
0.404999661147
0.373102956439
1.0
0.405278610016
0.373153584575
1.0
0.405278610016
0.373153584575
1.0
0.405333743479
0.373450744816
1.0
0.406259861275
0.375647151487
1.0
0.406430597036
0.375730312472
1.0
0.406805295352
0.376414386564
1.0
0.407010718445
0.376499632611
1.0
0.405953429936
0.376229701773
1.0
0.405984894121
0.37649832591
1.0
0.404061671213
0.37398855761
1.0
0.404061671213
0.37398855761
1.0
0.404145605631
0.373916498865
1.0
0.404784519757
0.374387465185
1.0
0.404756569043
0.374804322563
1.0
0.40429290075
0.376495817403
1.0
0.404299817906
0.376883893185
1.0
0.404715776705
0.376616148624
1.0
0.404890083189
0.376944520102
1.0
0.404288299008
0.376985838015
1.0
0.404288299008
0.376985838015
1.0
0.404320512477
0.377367727096
1.0
0.404679571071
0.377174250083
1.0
0.404692661177
0.376738083988
1.0
0.404871630217
0.377120362801
1.0
0.40499294164
0.377150939773
1.0
0.404440916444
0.377414628623
1.0
0.404308432756
0.378614310132
1.0
0.403980735678
0.379238815422
1.0
0.403980735678
0.379238815422
1.0
0.404049086496
0.379340415323
1.0
0.404517644014
0.379565464683
1.0
0.404432090944
0.380622517394
1.0
0.403677790377
0.380002951781
1.0
0.403642243842
0.379995482235
1.0
0.40330259344
0.380285031943
1.0
0.403216986563
0.380655725436
1.0
0.402991052446
0.380774432685
1.0
0.402991052446
0.380774432685
1.0
0.402971763315
0.381386551047
1.0
0.402535530461
0.381348949546
1.0
0.402367281472
0.382463137169
1.0
0.402245103204
0.383042721951
1.0
0.402257001757
0.382690763646
0.989987560457
0.400869864501
0.38131941645
0.989987560457
0.400786070849
0.381401036439
1.0
0.40049735436
0.382047826771
1.0
0.40049735436
0.382047826771
1.0
0.400333087923
0.383153444398
1.0
0.400950894941
0.383887585989
1.0
0.40069330731
0.384710406918
1.0
0.400226504507
0.384457115674
1.0
0.400191138962
0.384549269486
1.0
0.399176813054
0.383931290144
1.0
0.399078271782
0.384333832431
1.0
0.399078271782
0.384333832431
1.0
0.39936746513
0.384413879794
1.0
0.399218280531
0.384894447564
1.0
0.398666586582
0.384013076001
1.0
0.398640858056
0.384268315287
1.0
0.394524480635
0.379806747045
1.0
0.394502518158
0.37984240025
1.0
0.389085544509
0.374719274471
1.0
0.389065400002
0.374632075326
1.0
0.387391165249
0.374970418023
1.0
0.387391165249
0.374970418023
1.0
0.387624826819
0.373713649994
1.0
0.384909563819
0.371316682509
1.0
0.383570593914
0.371925990781
1.0
0.382170328127
0.369408129575
1.0
0.37913483799
0.372017254145
1.0
0.378121053212
0.371569735233
1.0
0.376044017854
0.375602375465
1.0
0.376044017854
0.375602375465
1.0
0.376211476771
0.375247595396
1.0
0.376165492458
0.37578250817
1.0
0.375575524514
0.375642414096
1.0
0.375869230247
0.37445513896
1.0
0.376366385183
0.374640914362
1.0
0.376545148281
0.37424382451
1.0
0.375641915975
0.372132811695
1.0
0.375544610892
0.37227494084
1.0
0.375747040064
0.372391172745
1.0
0.375747040064
0.372391172745
1.0
0.376030901367
0.371418255564
1.0
0.37651648877
0.371935373263
1.0
0.376691207976
0.372260962321
1.0
0.378084756777
0.372043728201
1.0
0.378375078293
0.371606750818
1.0
0.377781765612
0.371881835742
1.0
0.377999048134
0.371673380369
1.0
0.378823952696
0.371425706607
1.0
0.378823952696
0.371425706607
1.0
0.379118105956
0.370326311641
1.0
0.380012380541
0.370894640852
1.0
0.38033778824
0.370556254381
1.0
0.379800263393
0.370542970525
1.0
0.380170590214
0.369469708084
1.0
0.381677880444
0.369625383171
1.0
0.38201313513
0.368714107154
1.0
0.382640782006
0.369506850703
1.0
0.382640782006
0.369506850703
1.0
0.383015383796
0.368866177295
1.0
0.382976055308
0.368122998295
1.0
0.383282269198
0.367338307159
1.0
0.385010890848
0.368184612276
1.0
0.3854536504
0.367427051955
1.0
0.386244998408
0.368100155858
1.0
0.386746459908
0.367600077806
1.0
0.387676375439
0.367629951481
1.0
0.387676375439
0.367629951481
1.0
0.388018865731
0.367358042066
1.0
0.388443766456
0.367214151234
1.0
0.389131506471
0.365534085321
1.0
0.389788547727
0.365383197505
1.0
0.390248237953
0.363548189201
1.0
0.39084124043
0.362755999929
1.0
0.391349403871
0.361618742761
1.0
0.392781414344
0.361062066754
1.0
0.392781414344
0.361062066754
1.0
0.393210578426
0.359444202929
1.0
0.394283875247
0.359374869592
1.0
0.394911932872
0.35791135708
1.0
0.395634598151
0.358694935953
1.0
0.396173931457
0.356982688312
1.0
0.396893275041
0.356453430047
1.0
0.396893275041
0.356453430047
1.0
0.397257848147
0.355364534251
1.0
0.397715680589
0.354709812766
1.0
0.398093259934
0.353436922486
1.0
0.398534199792
0.353133554168
1.0
0.39895756317
0.351273703411
0.997343025166
0.400362337967
0.351625372737
0.997343025166
0.400848219694
0.350653489314
0.944477737953
0.401376496898
0.351114072929
0.944477737953
0.401641783191
0.350032403282
1.0
0.401060326501
0.348926342049
1.0
0.401060326501
0.348926342049
1.0
0.401360759047
0.347927687167
0.963296510447
0.401878257651
0.347323341282
0.963296510447
0.402048080143
0.346477137757
0.997638425152
0.402169717082
0.347072518469
0.997638425152
0.4024402778
0.345823331294
0.974949557533
0.401818915824
0.345557390267
0.974949557533
0.402333297233
0.343315520385
0.978354521459
0.402065967073
0.341090560973
0.978354521459
0.402065967073
0.341090560973
0.978354521459
0.402183106662
0.340369611625
1.0
0.40281558212
0.340183378012
1.0
0.40303607539
0.339074619988
0.979748599833
0.404305762061
0.340270683144
0.979748599833
0.404490429551
0.339406657041
0.949284415484
0.403591241632
0.336785294463
0.949284415484
0.403591241632
0.336785294463
0.949284415484
0.40381916909
0.335487737574
0.921583350379
0.40494763464
0.335827857114
0.921583350379
0.405029646474
0.335770190566
0.966500352901
0.404391654063
0.334910701093
0.966500352901
0.40471835817
0.333459014921
0.987622671943
0.40541984599
0.333917319056
0.987622671943
0.405264146095
0.333598003715
0.953489957771
0.405200183139
0.334776567702
0.953489957771
0.405289482988
0.33443528468
1.0
0.405464497648
0.335021218743
1.0
0.405464497648
0.335021218743
1.0
0.405592927497
0.333750247338
0.948809958898
0.405543813434
0.332210980121
0.948809958898
0.405719907343
0.331904202681
0.991718697936
0.405996998829
0.332335312162
0.991718697936
0.406147357536
0.3307615504
0.936579715464
0.406401110266
0.330688791448
0.936579715464
0.406440304438
0.330445913086
1.0
0.406790985016
0.331608096726
1.0
0.406790985016
0.331608096726
1.0
0.406931054472
0.330910648722
0.982288701571
0.407324118756
0.33054127337
0.982288701571
0.407439558841
0.329948565175
0.994402895724
0.408467929808
0.331456299783
0.994402895724
0.40879484574
0.33054192504
0.964529922208
0.408909104452
0.330574474403
0.964529922208
0.408909104452
0.330574474403
0.964529922208
0.409239623641
0.32913772199
1.0
0.40950832088
0.330959142938
1.0
0.409513663827
0.331150950313
1.0
0.409129117871
0.331104098428
1.0
0.409484973529
0.329507762461
1.0
0.410001492509
0.329808995481
1.0
0.410060066482
0.329183888135
0.974119208782
0.410606940823
0.328555027385
0.974119208782
0.41103626314
0.327783309291
1.0
0.410963215502
0.327830453162
1.0
0.410963215502
0.327830453162
1.0
0.410942744907
0.327757784459
0.984782951543
0.412152677375
0.328018554038
0.984782951543
0.412246241845
0.327541689299
1.0
0.412717784696
0.327128924455
1.0
0.412901418207
0.325707478913
0.998935303209
0.412863842297
0.324937313102
0.998935303209
0.413012208268
0.323533369518
1.0
0.413595441522
0.322736105138
1.0
0.413595441522
0.322736105138
1.0
0.413674819032
0.32258571292
0.981661854793
0.414760364713
0.321461434289
0.981661854793
0.41500084312
0.319985806628
1.0
0.415988720513
0.31969969191
1.0
0.415907259406
0.320406744345
1.0
0.415907259406
0.320406744345
1.0
0.415907259406
0.320406744345
0.724879383434
0.40915255946
0.12852500094
0.724879383434
0.409272705025
0.12821880533
0.724879383434
0.409363545847
0.126499027252
0.724879383434
0.409562179445
0.12571356478
0.724879383434
0.410403449606
0.128937092385
0.724879383434
0.41231165537
0.136891821504
0.724879383434
0.43776389643
0.0642819876938
0.724879383434
0.43776389643
0.0642819876938
0.848919218515
0.353781949991
-0.0107821501966
0.99
0.182051871325
0.1110671491
0.888461133685
0.24045971429
0.130220209162
0.888461133685
0.242132839036
0.128858610188
0.786494689123
0.235177827047
0.163580095141
0.786494689123
0.234399479948
0.165564707251
0.741738062409
0.122374592074
0.165225391281
0.741738062409
0.260057125881
0.0100826532222
0.741738062409
0.260057125881
0.0100826532222
0.741738062409
0.260057125881
0.0100826532222
0.811343400321
0.520108640322
0.283017424325
0.811343400321
0.520108640322
0.283017424325
0.945832916202
0.52343318984
0.301477852069
0.892990228148
0.52985710815
0.298377075424
0.944723305621
0.529938710974
0.302467331424
0.947338902584
0.528300163121
0.314990295744
0.947338902584
0.52745480727
0.316631303993
0.949558853133
0.527553775482
0.320111313035
0.949558853133
0.528660985427
0.322912750968
0.932018178679
0.528725516349
0.326006438666
0.932018178679
0.528610535688
0.326873079341
0.901432613791
0.528802730812
0.329070410111
0.901432613791
0.528802730812
0.329070410111
0.901432613791
0.529535733637
0.331560113684
0.888191830839
0.529670658292
0.334039472308
0.888191830839
0.52958734418
0.333015714922
0.933847783901
0.529939959901
0.33474829617
0.933847783901
0.527551376897
0.332733621488
0.905024855879
0.528154736373
0.333014804179
0.905024855879
0.51977966437
0.288505791957
0.905024855879
0.51977966437
0.288505791957
0.90340691392
0.52016967985
0.28937137424
0.90340691392
0.51767656036
0.280918251255
0.888731615454
0.517951168032
0.279764832499
0.888731615454
0.517951168032
0.279764832499
0.888731615454
0.503024221732
0.323439540742
0.888731615454
0.503024221732
0.323439540742
0.851740463063
0.463997783155
0.298983462366
0.892620872096
0.462629915992
0.252901725843
0.899350392604
0.462373797384
0.237977583103
0.962875561848
0.466385827687
0.237521034767
0.962875561848
0.466385827687
0.237521034767
0.907000442371
0.468791630988
0.243045214
1.0
0.471980576439
0.240843782504
0.982080914642
0.474301304364
0.241209168496
0.987576381826
0.477044406691
0.238958345044
0.923661533775
0.47950025357
0.237901599495
0.923661533775
0.47950025357
0.237901599495
0.878385360966
0.481728881028
0.233814794426
0.953753615434
0.482523082034
0.237067964495
0.934290879121
0.484763317313
0.23688393294
0.934290879121
0.484763317313
0.23688393294
0.930651958361
0.487122642203
0.231459894894
0.980204541112
0.488757061772
0.230514037925
0.975596517701
0.490767154303
0.230763826267
0.915077720729
0.492374735785
0.224554304322
0.912044106486
0.494478988453
0.225530140458
0.912044106486
0.494478988453
0.225530140458
0.907349157043
0.496362769504
0.222449258974
0.895640761783
0.495813772648
0.225630647704
0.908618668868
0.49707025553
0.224923495841
0.891010869604
0.499352428362
0.218932020366
0.891010869604
0.499352428362
0.218932020366
0.9495132937
0.500293645594
0.217763795274
0.889344001219
0.499487996114
0.218168170512
0.920762545923
0.499065604786
0.219109677666
0.920762545923
0.499065604786
0.219109677666
0.839247035417
0.501122025877
0.211169446297
0.915175603741
0.502602403567
0.209036851288
0.911332147601
0.503760995925
0.207774658371
0.94824015138
0.506250053665
0.202741094623
0.94824015138
0.506250053665
0.202741094623
0.991052819093
0.506408740228
0.201649561666
0.841517724982
0.506294825714
0.201617789517
0.841517724982
0.506294825714
0.201617789517
0.841517724982
0.506294825714
0.201617789517
0.915829105491
0.506792002413
0.201103203831
0.915829105491
0.506792002413
0.201103203831
0.971785820983
0.508870168759
0.196847770782
0.871631888104
0.509123456973
0.196169701864
1.0
0.509263344708
0.195458927164
1.0
0.509263344708
0.195458927164
0.743088270388
0.394134874024
-0.12843391909
0.743088270388
0.393813468994
-0.126925248797
0.743088270388
0.393977031511
-0.127606828449
0.743088270388
0.393987335469
-0.127266697033
0.743088270388
0.393987335469
-0.127266697033
0.743088270388
0.393690416783
-0.125894849812
0.743088270388
0.393432731203
-0.126679271343
0.743088270388
0.390471784673
-0.136114133582
0.743088270388
0.390325729357
-0.135490788307
0.743088270388
0.389932073384
-0.133594745367
0.743088270388
0.388447779416
-0.130075112585
0.829369117456
0.428597065429
-0.0973298767987
0.829369117456
0.428597065429
-0.0973298767987
0.829369117456
0.428597065429
-0.0973298767987
0.73380379592
0.411478874998
-0.0141508258484
0.73380379592
0.421621600415
-0.0156287470788
0.73380379592
0.421800824215
-0.0177591322255
0.73380379592
0.420307667264
-0.0238085135078
0.73380379592
0.473846864887
0.0754742306241
0.73380379592
0.473846864887
0.0754742306241
0.73380379592
0.440900249799
0.312564196187
0.73380379592
0.445275491353
0.316213552638
0.73380379592
0.445275491353
0.316213552638
0.73380379592
0.456810988983
0.369677527502
0.874501189785
0.452398251435
0.406112883504
0.775987487796
0.429115509975
0.483895645244
0.775987487796
0.429115509975
0.483895645244
0.775987487796
0.429115509975
0.483895645244
0.775987487796
0.357160551794
0.105163572425
0.761867295392
0.355459772764
0.113786429795
0.738651010637
0.354896818231
0.115328244217
0.738651010637
0.354896818231
0.115328244217
0.856115982487
0.368688873013
0.0689711628624
0.723654492106
0.356437038103
0.109266001491
0.913859984366
0.383035960335
0.019023697602
0.910707018993
0.387457132229
-0.00320202008893
0.800839034113
0.578806625395
-0.14314130779
0.800839034113
0.633623051456
-0.254040001559
0.800839034113
0.635985424846
-0.261959540597
0.951882372033
0.549156177135
-0.298565498763
0.940057205619
0.547273079005
-0.300971779347
0.935121660138
0.469516821291
-0.350699132625
0.935121660138
0.469516821291
-0.350699132625
0.906359682981
0.589228691639
-0.271914297634
0.906359682981
0.589228691639
-0.271914297634
0.906359682981
0.588688144963
-0.272244535169
0.906359682981
0.588688144963
-0.272244535169
0.906359682981
0.588688144963
-0.272244535169
0.906359682981
0.588688144963
-0.272244535169
0.798889192355
0.475903911571
0.0493121800996
0.798889192355
0.475903911571
0.0493121800996
0.784083345782
0.634488800637
0.277308414299
0.784083345782
0.634488800637
0.277308414299
0.784083345782
0.634488800637
0.277308414299
0.798889192355
0.367923332264
-0.0580303520771
0.90335217744
0.3686909107
-0.0667984001263
0.890296223906
0.368791954987
-0.0676041973953
0.841855587538
0.369055195299
-0.105044112647
0.841855587538
0.463078788167
0.407976174568
0.841855587538
0.463078788167
0.407976174568
0.774678178082
40.4020090477
71.3308719547
0.774678178082
0.382117730867
-0.296649894743
0.775131912812
0.447115824389
-0.0903285289574
0.775131912812
0.447115824389
-0.0903285289574
0.775131912812
0.447115824389
-0.0903285289574
0.775131912812
0.402732088304
-0.337927752098
0.839142283051
0.718383607702
-0.326797108057
0.754489432303
0.468580414902
0.131068358811
0.839142283051
0.47000191583
0.155543941126
0.839142283051
0.47000191583
0.155543941126
0.839142283051
0.47000191583
0.155543941126
0.839142283051
0.47000191583
0.155543941126
0.839142283051
0.47000191583
0.155543941126
0.839142283051
0.47000191583
0.155543941126
0.839142283051
0.47000191583
0.155543941126
0.839142283051
0.47000191583
0.155543941126
0.839142283051
0.47000191583
0.155543941126
0.839142283051
0.47000191583
0.155543941126
0.839142283051
0.47000191583
0.155543941126
0.839142283051
0.47000191583
0.155543941126
0.839142283051
0.47000191583
0.155543941126
0.839142283051
0.47000191583
0.155543941126
0.839142283051
0.47000191583
0.155543941126
0.916540090276
0.468630793729
0.162745343526
0.983520226766
0.466544032012
0.163464057772
0.944530684634
0.464919260555
0.16272565898
0.953277211739
0.463520932634
0.165869117488
0.970275869778
0.461742715877
0.167379795191
0.927002539626
0.46279584721
0.170125186439
0.879692290415
0.459945263048
0.172140399516
0.879692290415
0.459945263048
0.172140399516
0.863725967426
0.461149139946
0.174933001704
0.887012969276
0.460100013194
0.177402123113
0.862791351231
0.458829873193
0.179171102081
0.862791351231
0.458829873193
0.179171102081
0.862791351231
0.458829873193
0.179171102081
0.820067043067
0.50816423483
-0.0435248815635
0.903306588011
0.517958454966
-0.0581294405744
0.903306588011
0.517958454966
-0.0581294405744
0.726516097101
0.522831359461
-0.0631803184568
0.968190200062
0.517196093584
-0.0551027630093
0.802278671972
0.433422407743
-0.071212686283
0.952127626214
0.727045494208
0.219634813781
0.705521181578
0.74458306721
0.232180969675
0.727741519708
0.75174216371
0.310237855278
0.727741519708
0.75174216371
0.310237855278
0.937579251416
0.735992460116
0.333256454008
0.937579251416
0.736169043363
0.333154386469
0.936348725093
0.737592647628
0.331877656374
0.936348725093
0.737592647628
0.331877656374
0.937579251416
0.738060727666
0.333823380138
0.937579251416
0.738462296448
0.335424142306
0.88639988589
0.74732081554
0.293427748786
0.88639988589
0.747083145413
0.295293459505
0.88639988589
0.747083145413
0.295293459505
0.88639988589
0.747630880971
0.296019801198
0.88639988589
0.74768057556
0.295869265707
0.88639988589
0.747227297905
0.297256907299
0.715078321529
0.382245408655
-0.0525752028455
0.715078321529
0.381753405315
-0.0505782625007
0.715078321529
0.381012796942
-0.0486379533441
0.715078321529
0.381012796942
-0.0486379533441
0.715078321529
0.380754569951
-0.0491579422361
0.715078321529
0.380217695092
-0.0474031809162
0.927408158131
0.497879884911
-0.0347102448615
0.927408158131
0.504826997169
-0.0641831219267
0.901617931512
0.513761642042
-0.0621641316973
0.901617931512
0.512838981658
-0.0582659925106
0.781455745653
0.515821136485
-0.0675664488219
0.781455745653
0.515821136485
-0.0675664488219
0.781455745653
0.515821136485
-0.0675664488219
0.781455745653
0.549144150414
-0.226351871732
0.960625850626
0.537233789894
-0.253887421074
0.823350783996
0.535129695288
-0.285224464894
0.843100262756
3.67959398812
6.58952332649
0.89569832488
4.13331971745
7.45762352418
0.82703212848
3.64948558675
6.57021491446
0.82703212848
3.64948558675
6.57021491446
0.82703212848
3.64948558675
6.57021491446
0.99
0.569277023617
-0.243757117665
0.99
0.569277023617
-0.243757117665
0.99
0.569277023617
-0.243757117665
0.99
0.284357778056
0.0477632742893
0.957100717356
0.286358456145
0.055471350782
0.957100717356
0.286358456145
0.055471350782
0.957100717356
0.286358456145
0.055471350782
0.957100717356
0.286358456145
0.055471350782
0.957100717356
0.286358456145
0.055471350782
0.880506257548
0.378844650129
-0.328746493534
0.880506257548
0.375531521585
-0.331516198182
0.880506257548
0.375531521585
-0.331516198182
0.724130062797
-36.1113029764
100.0
0.752299958641
0.837946233543
-0.174508333781
0.880506257548
0.75341630542
-0.091565532984
0.880506257548
0.760635251245
-0.129859513398
0.809084680279
0.917502012095
0.154961506772
0.925190198878
0.922875548986
0.167263201688
0.935314317054
0.924760437736
0.203220220184
0.935314317054
0.924760437736
0.203220220184
0.935314317054
0.925503787499
0.202242046448
0.924051902681
0.655357440582
-0.227849273316
0.924051902681
0.655450552683
-0.228245698251
0.861156189298
0.545626467037
-0.318481630856
0.861156189298
0.545761108539
-0.316205023861
0.819110742684
0.783591094579
-0.106446530115
0.819110742684
0.791213178056
-0.129691438953
0.819110742684
0.791213178056
-0.129691438953
0.827915173993
0.879404417039
0.0086275299235
0.827915173993
0.905931655571
0.0996178859584
0.986040778208
0.907336908491
0.10153548891
0.986040778208
0.907336908491
0.10153548891
0.890256274578
0.945967161084
0.23040795357
0.890256274578
0.942695092636
0.232666092897
0.866839226362
0.940808424287
0.233112234127
0.866839226362
0.940808424287
0.233112234127
0.866839226362
0.940808424287
0.233112234127
0.866839226362
0.940808424287
0.233112234127
0.866839226362
0.940808424287
0.233112234127
0.866839226362
0.940808424287
0.233112234127
0.866839226362
0.940808424287
0.233112234127
0.866839226362
0.940808424287
0.233112234127
