1.0
0.451565816824
0.401180303564
1.0
0.451880807665
0.401009943109
1.0
0.451932062086
0.400500076739
1.0
0.452630371769
0.401483485789
1.0
0.452630371769
0.401483485789
1.0
0.452837180418
0.401442821961
1.0
0.452719859845
0.401798700631
1.0
0.452738572421
0.40272317267
1.0
0.452785556832
0.403447049345
1.0
0.452754834384
0.403734255014
1.0
0.453350206396
0.404188907289
1.0
0.453350206396
0.404188907289
1.0
0.453268416744
0.404608576618
1.0
0.453676088164
0.405067391091
1.0
0.453513506499
0.405106272289
1.0
0.453203309044
0.404997726212
1.0
0.453253702553
0.405839987367
1.0
0.453395024835
0.406022488198
1.0
0.453462107174
0.405990348274
1.0
0.454033811965
0.406609830928
1.0
0.454033811965
0.406609830928
1.0
0.453971644371
0.4073136729
1.0
0.454316959838
0.408187948549
1.0
0.454056617577
0.408896243528
1.0
0.454422904518
0.409439723566
1.0
0.454450876176
0.409137060892
1.0
0.454762226024
0.409420422455
1.0
0.454629156405
0.409815045135
1.0
0.454861788959
0.40987563104
1.0
0.455146865626
0.409737063368
1.0
0.454267159967
0.409050758535
1.0
0.454267159967
0.409050758535
1.0
0.454184588639
0.409220360993
1.0
0.454812182188
0.409955500455
1.0
0.455006288712
0.410113515585
1.0
0.455150374962
0.410618689451
1.0
0.455068738379
0.41080979246
1.0
0.455094566064
0.410644387236
1.0
0.455206968325
0.410382857049
1.0
0.455206968325
0.410382857049
1.0
0.455157397883
0.410506643464
1.0
0.455274202231
0.410201597157
1.0
0.455034594
0.410070872775
1.0
0.455204488506
0.410224400169
1.0
0.454959525263
0.410067053891
1.0
0.454987086018
0.410155994181
1.0
0.455373493737
0.410179394454
1.0
0.455522397812
0.409503597912
1.0
0.455521897454
0.409097157143
1.0
0.455521897454
0.409097157143
1.0
0.455370674823
0.409407095718
1.0
0.456265253638
0.410794103943
1.0
0.456479900095
0.41083097404
0.991366979675
0.456992746373
0.410243945242
0.991366979675
0.456941642994
0.409889014553
1.0
0.45524973533
0.409304005342
1.0
0.455232172482
0.409498498036
1.0
0.455232172482
0.409498498036
1.0
0.455571058334
0.409338073003
1.0
0.455719498692
0.40909948411
1.0
0.45570683511
0.40892746917
1.0
0.455605293766
0.409254306995
1.0
0.455398967406
0.408913708961
1.0
0.455362751154
0.408478428231
1.0
0.455456482127
0.408379525139
1.0
0.455401500384
0.407717780861
1.0
0.455155343474
0.408106912946
1.0
0.455155343474
0.408106912946
1.0
0.455117074685
0.408580570947
1.0
0.455204186687
0.408248796525
1.0
0.45518742354
0.407736581775
1.0
0.455063501298
0.407518183993
1.0
0.45510453962
0.407451822118
1.0
0.455591100935
0.40786883978
1.0
0.455613455607
0.407163794322
1.0
0.455451472581
0.406532469167
1.0
0.455451472581
0.406532469167
1.0
0.455621783276
0.406591076247
1.0
0.455777501967
0.40673642433
1.0
0.455653693538
0.40656553275
1.0
0.452621614915
0.404482409288
1.0
0.449643750092
0.408262399525
0.99
0.437471871522
0.399762226764
0.99
0.42690081895
0.41407454096
0.99
0.42690081895
0.41407454096
0.99
0.409182069146
0.40198809094
0.99
0.389726355151
0.432473980284
