0.99
0.491027673721
0.211706903185
0.99
0.491167414108
0.208754908567
0.99
0.489178518913
0.267655334012
0.99
0.481745618595
0.234733440248
0.946843981987
0.486165967435
0.178908224853
0.946843981987
0.486685389871
0.175522083297
0.946843981987
0.483975100767
0.217696687922
0.963431832481
0.486956465101
0.171479521617
0.963431832481
0.484196061264
0.212259253553
0.963431832481
0.484196061264
0.212259253553
0.998686508062
0.487379273579
0.169515775614
0.998686508062
0.484607456052
0.209407682337
1.0
0.487813493376
0.167127004608
1.0
0.485002875561
0.206365811801
0.987931305441
0.485548552494
0.203998707848
1.0
0.48773433238
0.16267458908
1.0
0.484885304177
0.199089920286
1.0
0.484885304177
0.199089920286
1.0
0.488674123855
0.161126485276
1.0
0.485763042909
0.195410842011
1.0
0.488921034235
0.158992768107
1.0
0.485958274237
0.19103549943
0.999789800779
0.488963570754
0.157371484453
0.999789800779
0.48839751827
0.159642746812
0.999789800779
0.485500080488
0.18871377257
1.0
0.48531277465
0.183552388718
1.0
0.487715464739
0.153017170035
1.0
0.487721997222
0.153335748092
1.0
0.487721997222
0.153335748092
1.0
0.484733102183
0.177003264357
1.0
0.48806384449
0.150045314653
1.0
0.485054590443
0.171402912754
1.0
0.485678747035
0.16590976893
1.0
0.4890973843
0.146725513091
1.0
0.486060407102
0.163803065013
1.0
0.485931385115
0.163241332584
1.0
0.485931385115
0.163241332584
1.0
0.486705239909
0.142191679754
0.99
0.480228334293
0.132838305961
1.0
0.478131877207
0.176403366182
1.0
0.478577759173
0.17750461314
1.0
0.478577759173
0.17750461314
1.0
0.478899746722
0.178046550921
1.0
0.4791028315
0.17873071967
1.0
0.465859346033
0.147863536892
1.0
0.464867852025
0.204017344553
1.0
0.464867852025
0.204017344553
1.0
0.4651819305
0.204756259752
1.0
0.465517303257
0.152259658163
1.0
0.464606670954
0.208476716348
1.0
0.464889490007
0.155155554736
1.0
0.464008026182
0.20973323989
1.0
0.464710680885
0.156041522301
1.0
0.46384700422
0.210038483864
1.0
0.463682348938
0.152396799352
1.0
0.462743422831
0.202954861669
0.99
0.446448827557
0.174276994913
0.959288862101
0.448205841808
0.122202424766
0.959288862101
0.448151839005
0.121511548844
0.959288862101
0.448151839005
0.121511548844
