1.0
0.648728265162
0.198359864155
0.959509114096
0.652696293735
0.193967711936
0.959509114096
0.650432627661
0.197198243518
0.959509114096
0.650432627661
0.197198243518
0.959509114096
0.643805598715
0.202662079854
0.959509114096
0.641089663425
0.206249603008
0.959509114096
0.644922212005
0.201850581827
0.959509114096
0.640692616316
0.20998702505
0.959509114096
0.634247040857
0.217947297333
0.959509114096
0.634247040857
0.217947297333
0.959509114096
0.634247040857
0.217947297333
0.959509114096
0.634247040857
0.217947297333
0.959509114096
0.634247040857
0.217947297333
0.959509114096
0.634247040857
0.217947297333
0.959509114096
0.634247040857
0.217947297333
0.959509114096
0.634247040857
0.217947297333
0.959509114096
0.634247040857
0.217947297333
0.959509114096
0.634247040857
0.217947297333
0.959509114096
0.634247040857
0.217947297333
0.959509114096
0.634247040857
0.217947297333
1.0
0.611549993871
0.299280621603
1.0
0.611549993871
0.299280621603
1.0
0.608680375131
0.302984202775
1.0
0.608680375131
0.302984202775
1.0
0.603914877393
0.299829808984
1.0
0.603914877393
0.299829808984
1.0
0.606456448068
0.299486597272
1.0
0.606456448068
0.299486597272
0.982427763446
0.605098021665
0.299254994052
0.982427763446
0.605098021665
0.299254994052
0.982427763446
0.605098021665
0.299254994052
0.9249840497
0.604490303337
0.299557024156
0.9249840497
0.604490303337
0.299557024156
0.988507461652
0.600906689985
0.291120854997
0.988507461652
0.600906689985
0.291120854997
0.986610643309
0.601514323027
0.298987338567
0.986610643309
0.601514323027
0.298987338567
0.981743274283
0.602371522214
0.299832349236
0.981743274283
0.602371522214
0.299832349236
1.0
0.608512817924
0.309558406334
1.0
0.608512817924
0.309558406334
1.0
0.610998864737
0.322591639422
1.0
0.610998864737
0.322591639422
1.0
0.609475322549
0.319233828458
1.0
0.609475322549
0.319233828458
1.0
0.61417113176
0.323808432328
1.0
0.61417113176
0.323808432328
1.0
0.61417113176
0.323808432328
0.96669059357
0.608335216871
0.313575881609
0.96669059357
0.608335216871
0.313575881609
0.961151180308
0.603195816015
0.306919382749
0.961151180308
0.603195816015
0.306919382749
0.944187818812
0.602035811087
0.309921496902
0.944187818812
0.602035811087
0.309921496902
0.984597195798
0.603641015447
0.305761901882
0.984597195798
0.603641015447
0.305761901882
0.928926540217
0.599167007804
0.281024557175
0.928926540217
0.599167007804
0.281024557175
1.0
0.59998633916
0.289329018609
1.0
0.59998633916
0.289329018609
1.0
0.59998633916
0.289329018609
0.94623743616
0.601706450881
0.285869548877
0.94623743616
0.601706450881
0.285869548877
0.974417368434
0.601968083031
0.28750004404
0.974417368434
0.601968083031
0.28750004404
0.967759510228
0.602925744524
0.289057293044
0.967759510228
0.602925744524
0.289057293044
1.0
0.601805227985
0.290992691771
0.99050458617
0.599682261027
0.283854560216
0.855677226461
0.59822179358
0.287756582122
0.99
0.657912188757
0.196122506851
0.99
0.657912188757
0.196122506851
0.943898588892
0.677414732436
0.176117318119
0.974706687482
0.675882001278
0.177615353217
1.0
0.677579639841
0.178552549257
1.0
0.668227951128
0.188390096312
1.0
0.679244278823
0.180299455389
0.990891466194
0.711598342246
0.310107349445
0.98675640813
0.711859130127
0.30946564708
0.98675640813
0.711859130127
0.30946564708
1.0
0.709031857964
0.309661925187
1.0
0.709031857964
0.309661925187
1.0
0.709031857964
0.309661925187
1.0
-88.9535828096
100.0
0.99
0.736508247257
-0.0376162072625
0.99
0.819604216076
-0.212817305746
1.0
0.821146917758
-0.196545579927
1.0
0.821146917758
-0.196545579927
1.0
0.82098937661
-0.190298511845
1.0
0.823688990825
-0.183504796724
