1.0
0.528559687344
0.390274793067
1.0
0.528600361046
0.390362401193
1.0
0.528505182982
0.390710619905
1.0
0.528469320866
0.390813814454
1.0
0.528469320866
0.390813814454
1.0
0.528425724397
0.390926609417
1.0
0.52846656945
0.390974077542
1.0
0.528421062971
0.39164629408
1.0
0.528443390459
0.391793303685
1.0
0.528675714116
0.391939574519
1.0
0.528622742547
0.392012496759
1.0
0.528622742547
0.392012496759
1.0
0.528526257893
0.392071832448
1.0
0.528641778554
0.392443964006
1.0
0.528654334891
0.392286746418
1.0
0.528729329246
0.392247823477
1.0
0.528561016319
0.39269145118
1.0
0.52853936502
0.392866197714
1.0
0.528515293571
0.393332778656
1.0
0.528597520103
0.393323872773
1.0
0.528356815337
0.393524775176
1.0
0.528367516362
0.393674208896
1.0
0.528367516362
0.393674208896
1.0
0.528428404339
0.39397067809
1.0
0.528382845337
0.393956508578
1.0
0.528198435191
0.394500534436
1.0
0.528158200701
0.394694622696
1.0
0.528202405164
0.395094117063
1.0
0.528134294153
0.395249410198
1.0
0.527998979892
0.395593171734
1.0
0.527998979892
0.395593171734
1.0
0.528043660997
0.395756533169
1.0
0.528117945298
0.396044246887
1.0
0.528142606687
0.395962627922
1.0
0.527928680533
0.396214301757
1.0
0.526964404809
0.395264463514
1.0
0.527022612265
0.395328206558
1.0
0.524881676449
0.393903343216
1.0
0.524792042636
0.394598683611
1.0
0.524792042636
0.394598683611
1.0
0.522904467318
0.394021602623
1.0
0.521139294295
0.394851480234
1.0
0.51995920336
0.39563283827
1.0
0.51416639627
0.399550517837
1.0
0.513879559605
0.399814559204
1.0
0.506791822591
0.408300442466
1.0
0.506799619099
0.408350112114
1.0
0.502596036521
0.416081529737
1.0
0.502471432021
0.415943027359
1.0
0.502471432021
0.415943027359
1.0
0.501778398011
0.418951828707
1.0
0.501860585062
0.419201525098
1.0
0.502345628934
0.41865919786
1.0
0.502357450461
0.418881910149
1.0
0.502327246697
0.419737528531
1.0
0.502312754678
0.419854650236
1.0
0.502221289478
0.419601082458
1.0
0.502221289478
0.419601082458
1.0
0.502249410986
0.419651382376
1.0
0.502408275971
0.420182233561
1.0
0.502367054822
0.420273232441
1.0
0.502515734015
0.420193570125
1.0
0.502518884498
0.420201892474
1.0
0.50279471697
0.420667013235
1.0
0.502791252899
0.420993090622
1.0
0.502620219096
0.421467113847
1.0
0.502509278894
0.42155609622
1.0
0.502509278894
0.42155609622
1.0
0.502631080079
0.421755755632
1.0
0.502697336512
0.421770557795
1.0
0.5025865317
0.422133995507
1.0
0.502617395206
0.422226762085
1.0
0.502739062568
0.422499694777
1.0
0.502635416774
0.422578228868
1.0
0.50251559509
0.422874704547
1.0
0.50251559509
0.422874704547
1.0
0.502552753109
0.423064608251
1.0
0.502551562021
0.42307443929
1.0
0.502505100242
0.423115554933
1.0
0.502492082165
0.423739992975
1.0
0.50244830902
0.423746666284
1.0
0.502337753746
0.424028821286
1.0
0.502267786663
0.42406967745
1.0
0.502389508735
0.424220419017
1.0
0.502389508735
0.424220419017
1.0
0.502390445344
0.424198340928
1.0
0.502147177318
0.425255577633
1.0
0.50222330713
0.425482667915
1.0
0.502337012537
0.425203157526
1.0
0.502295235182
0.425320142539
1.0
0.501999802415
0.425770528547
1.0
0.502018600969
0.425901764325
1.0
0.502108642719
0.426095883387
1.0
0.502059087587
0.426188068642
1.0
0.502059087587
0.426188068642
1.0
0.502054717081
0.426611873565
1.0
0.502087991964
0.426871555485
1.0
0.502220663308
0.427153662467
1.0
0.502162766936
0.427233869107
1.0
0.502054426791
0.427446178322
1.0
0.501969365364
0.427283076676
1.0
0.50193080802
0.427093247189
1.0
0.50193080802
0.427093247189
1.0
0.50207688267
0.42750697699
1.0
0.50172127265
0.428779449926
1.0
0.501147417518
0.4279528482
1.0
0.501303343516
0.428138425208
1.0
0.49948296146
0.426096906647
1.0
0.499426968263
0.426477442169
1.0
0.49753976617
0.424205857952
1.0
0.496764965398
0.424158298143
1.0
0.496764965398
0.424158298143
1.0
0.495426752675
0.422585107016
1.0
0.490930049759
0.423483518382
1.0
0.490796362729
0.423612784194
1.0
0.485187942602
0.425133554502
1.0
0.485151593884
0.425131843755
1.0
0.480308191131
0.427323304569
1.0
0.480336045921
0.427336945747
1.0
0.478923361593
0.429060848999
1.0
0.478842345135
0.429017896487
1.0
0.478842345135
0.429017896487
1.0
0.479069342643
0.42884859109
1.0
0.479103311044
0.429033147071
1.0
0.479225391634
0.429005658102
1.0
0.479212916285
0.429047599287
1.0
0.47903443086
0.429513608536
1.0
0.479021237273
0.429696338422
1.0
0.479146091052
0.429557931783
1.0
0.479134287602
0.429642827771
1.0
0.479134287602
0.429642827771
1.0
0.479237203824
0.429830616302
1.0
0.479182833673
0.429882120762
1.0
0.479362382408
0.429858968957
1.0
0.479445568644
0.430015106363
1.0
0.479426038342
0.430454942262
1.0
0.479244337921
0.430408835809
1.0
0.479342446612
0.430728492295
1.0
0.479285024784
0.43073533958
1.0
0.479285024784
0.43073533958
1.0
0.479290572909
0.430437918048
1.0
0.479452533092
0.430601379051
1.0
0.479528531524
0.430860510566
1.0
0.479478310575
0.430918272733
1.0
0.479484349626
0.431508421838
1.0
0.479466227598
0.431449753568
1.0
0.479441313856
0.431854243544
1.0
0.47944694757
0.43191102375
1.0
0.47944694757
0.43191102375
1.0
0.479374550286
0.431763645623
1.0
0.480187053898
0.432956157402
1.0
0.480193295454
0.433045997779
1.0
0.481758305934
0.435876162352
1.0
0.481559047578
0.436179410754
1.0
0.482787880404
0.439674662662
1.0
0.484075902208
0.440248763871
1.0
0.484075902208
0.440248763871
1.0
0.484916863344
0.443466651157
1.0
0.488463883496
0.444873237348
1.0
0.488354507547
0.445903516301
1.0
0.491358178066
0.449813867389
1.0
0.491197247504
0.449590976341
0.952056588801
0.492450635173
0.454506401196
0.952056588801
0.492403671753
0.454294997398
1.0
0.493852353567
0.457971466438
1.0
0.493891385487
0.457794356292
1.0
0.493891385487
0.457794356292
1.0
0.495302479675
0.459226176261
1.0
0.495249914125
0.459331244362
1.0
0.495636523973
0.45961778274
1.0
0.495667064578
0.459446500197
1.0
0.495550632398
0.459522276662
1.0
0.495585329227
0.459523967244
1.0
0.495585329227
0.459523967244
1.0
0.495665715314
0.459118799548
1.0
0.495747297362
0.459162971796
1.0
0.495580637802
0.459564421903
1.0
0.495541295863
0.459509889569
1.0
0.495842683393
0.458810421803
1.0
0.49580150441
0.458780898707
1.0
0.495709154382
0.458586715099
1.0
0.495729496865
0.458533383437
1.0
0.495729496865
0.458533383437
1.0
0.495666183346
0.458989498409
1.0
0.495737450426
0.459157942312
1.0
0.495850265225
0.458633464015
1.0
0.495808162072
0.458705338057
1.0
0.495942010917
0.458360334158
1.0
0.495928522109
0.458329783339
1.0
0.495887469505
0.458405232258
1.0
0.495888526594
0.458280157294
1.0
0.495970544229
0.458028163448
1.0
0.496004236181
0.458158493616
1.0
0.496004236181
0.458158493616
1.0
0.496062726524
0.458165253359
1.0
0.496141338009
0.45827654724
1.0
0.496137530843
0.458593573492
1.0
0.496106998065
0.45861453533
1.0
0.496099145683
0.458505825665
1.0
0.496105915346
0.4585799111
1.0
0.496167209177
0.458509293209
1.0
0.496167209177
0.458509293209
1.0
0.496187900899
0.458619143243
1.0
0.496242631484
0.459113664228
1.0
0.496240420185
0.459172527789
1.0
0.496136760777
0.459004136042
1.0
0.496161772038
0.459075191674
1.0
0.495982330879
0.459796953859
1.0
0.49616095546
0.460144685789
1.0
0.496148342277
0.460210181959
1.0
0.496165235271
0.460727689356
1.0
0.496165235271
0.460727689356
1.0
0.496295571296
0.460437284902
1.0
0.496562297734
0.460617754404
1.0
0.496786420822
0.460783819726
1.0
0.497117964885
0.461431272342
1.0
0.496791846534
0.461783067164
1.0
0.49714528493
0.462288792162
1.0
0.496380233341
0.463665172193
1.0
0.496380233341
0.463665172193
1.0
0.496597504814
0.464180939668
1.0
0.496277076299
0.464401331676
0.961485711659
0.496605084972
0.464981433774
0.961485711659
0.495850213327
0.465992628368
0.872137903555
0.496409847836
0.466491939303
0.872137903555
0.495527360465
0.468035928643
0.721961805361
0.49656638862
0.477708906535
0.721961805361
0.494683626
0.480056312546
0.721961805361
0.494683626
0.480056312546
0.812947220236
0.637080921048
0.498055868031
0.812947220236
0.635783136141
0.502003047452
0.747596343568
0.497698416671
0.354166932677
0.747596343568
0.497698416671
0.354166932677
0.747596343568
0.49633102176
0.359743328545
0.747596343568
0.504436002904
0.340096040352
0.747596343568
0.502073160987
0.28317554665
0.739371135836
0.445788228918
0.262511415001
0.739371135836
0.445788228918
0.262511415001
0.739371135836
0.449924946415
0.291288713836
0.878368133799
0.48042238369
0.355772214228
0.936168741651
0.58768814338
0.420950127818
0.936168741651
0.58768814338
0.420950127818
0.936168741651
0.502057794438
0.431473217127
0.99
0.498170869132
0.465579353688
0.99
0.49780823422
0.464785995962
1.0
0.498014050419
0.468083854126
1.0
0.497594075936
0.46939306948
1.0
0.497594075936
0.46939306948
1.0
0.498432151662
0.471320597692
1.0
0.498263454742
0.471696021742
1.0
0.498909411364
0.471053242422
1.0
0.498759936047
0.470760179406
1.0
0.499485006086
0.470560040935
1.0
0.499472404059
0.470650524416
1.0
0.49997906844
0.469957622922
1.0
0.499831156235
0.469466515072
1.0
0.5002975752
0.468182627894
1.0
0.5002975752
0.468182627894
1.0
0.500160565306
0.467867751611
1.0
0.500829170647
0.466746962002
1.0
0.500864397286
0.466653202946
1.0
0.501092659224
0.465488340262
1.0
0.501141959944
0.465643114427
1.0
0.501712365077
0.46548791021
1.0
0.501827926096
0.465539181226
1.0
0.501917157875
0.464877543813
1.0
0.501961754871
0.464723783122
1.0
0.501961754871
0.464723783122
1.0
0.502576007649
0.463969218594
1.0
0.50259640732
0.464001834664
1.0
0.503242920889
0.463751473076
1.0
0.503258713441
0.463850994512
1.0
0.503505178506
0.462764995024
1.0
0.503535607985
0.462732514238
1.0
0.503685364627
0.463036637088
1.0
0.503685364627
0.463036637088
1.0
0.503795662973
0.463071671001
1.0
0.504372311909
0.462760845926
1.0
0.504330513428
0.463384218831
1.0
0.504625267956
0.463184633979
1.0
0.50471264002
0.465947824364
1.0
0.504873120748
0.465701440414
1.0
0.504873120748
0.465701440414
1.0
0.504873120748
0.465701440414
1.0
0.475961856345
0.467865267653
1.0
0.475917052476
0.46915694673
1.0
0.475917052476
0.46915694673
1.0
0.473387790219
0.487434717635
0.99
0.46604032343
0.538947722411
0.99
0.457638957067
0.60396716557
0.99
0.457386349521
0.680280529269
0.99
0.457386349521
0.680280529269
0.99
0.459896417322
0.746895279709
0.99
0.458898394517
0.803719133058
0.99
0.458430216756
0.857090732991
0.99
0.617953250578
0.748414103913
0.99
0.618966117735
0.77014351176
0.971452911783
0.618666075578
0.779192169236
0.971452911783
0.618666075578
0.779192169236
0.906763153224
0.618312175197
0.784133454095
0.891093376054
0.618894602174
0.79167761548
0.928587634633
0.619423094478
0.793199750769
0.917955383265
0.620203583006
0.7936083506
0.96637281111
0.620632783537
0.79111456268
0.85878262395
0.620495245029
0.79115802092
0.85878262395
0.62141443142
0.791043543811
0.85878262395
0.62141443142
0.791043543811
0.963577219837
0.28289856528
0.921730153304
0.963577219837
0.28289856528
0.921730153304
1.0
0.283685018577
0.91957608654
0.996509938791
0.284441557125
0.921192822812
1.0
0.285902926508
0.930551245726
1.0
0.287674554164
0.938199069806
1.0
0.287674554164
0.938199069806
1.0
0.288730888362
0.939973585561
1.0
0.289429023451
0.941104882195
1.0
0.290402304326
0.940348290943
1.0
0.290852495377
0.940353722636
1.0
0.290852495377
0.940353722636
1.0
0.29120461828
0.940896961942
1.0
0.291982129816
0.938878163787
1.0
0.291615796234
0.937688120283
1.0
0.291782027433
0.936216059235
1.0
0.291782027433
0.936216059235
1.0
0.29204352172
0.935824729036
1.0
0.292076874621
0.935035604997
1.0
0.292012661247
0.934845774604
1.0
0.291557498008
0.933271007028
1.0
0.291557498008
0.933271007028
1.0
0.291127309402
0.933578331642
1.0
0.290984544569
0.932981291582
1.0
0.290140958639
0.932036528023
1.0
0.289389719577
0.932931325482
1.0
0.289389719577
0.932931325482
1.0
0.289202065159
0.932499314816
1.0
0.289333152932
0.931814328845
1.0
0.289088796975
0.931318321236
1.0
0.288502536076
0.93188768635
1.0
0.288502536076
0.93188768635
1.0
0.288202743896
0.932450358619
1.0
0.288215006662
0.932434725954
1.0
0.287420281089
0.932496270039
1.0
0.287818252701
0.934635624336
1.0
0.287818252701
0.934635624336
1.0
0.287711744684
0.935404359596
1.0
0.287029050837
0.937294955591
1.0
0.283204565507
0.950179177987
1.0
0.275867001961
0.965128305354
1.0
0.275867001961
0.965128305354
1.0
0.270693547174
0.980561014629
1.0
0.267005495622
0.986564880004
1.0
0.266370812762
0.986283272655
1.0
0.267948309947
0.987449312712
1.0
0.267948309947
0.987449312712
1.0
0.268284842871
0.988729427769
1.0
0.26849180824
0.98705114428
1.0
0.268960373758
0.986707087396
1.0
0.268890181992
0.986532516934
1.0
0.268890181992
0.986532516934
1.0
0.269141711471
0.985616552115
1.0
0.268903576908
0.983845459617
1.0
0.269525748721
0.983075543046
1.0
0.26917514601
0.984903893274
1.0
0.26917514601
0.984903893274
1.0
0.269830332673
0.985194385495
1.0
0.268846444233
0.98304340364
1.0
0.269525684444
0.982215868983
1.0
0.270339695104
0.984274030292
1.0
0.270339695104
0.984274030292
1.0
0.269571774232
0.982568959653
1.0
0.269695478366
0.983467359077
1.0
0.269139650856
0.982234933902
1.0
0.269370098885
0.982105949559
1.0
0.269370098885
0.982105949559
1.0
0.269166032097
0.981518859626
1.0
0.26897221314
0.981830645762
1.0
0.268866241624
0.980923469445
1.0
0.268984354662
0.979841286504
1.0
0.268984354662
0.979841286504
1.0
0.26883314975
0.981821250507
1.0
0.268707248801
0.981281139085
1.0
0.268632616872
0.980559301462
0.99
0.488824372832
0.82726467271
0.99
0.489009156029
0.828216760269
0.99
0.489009156029
0.828216760269
0.99
0.488954428482
0.828635368852
0.99
0.488901204359
0.828492339924
0.99
0.48863149083
0.828724965972
0.99
0.488768470548
0.829508546168
0.99
0.488810078743
0.829150282916
0.99
0.489084246385
0.816219818381
0.99
0.491963169183
0.775203599343
0.99
0.490742199548
0.749471165278
0.99
0.494476665172
0.709794617954
0.99
0.494476665172
0.709794617954
0.99
0.49628167804
0.668936524764
0.99
0.498348741448
0.633498397959
0.99
0.498196072599
0.62537499452
0.99
0.500414536715
0.589592110017
0.99
0.500466548987
0.582229406136
0.99
0.499249300808
0.55069151429
0.99
0.499658873526
0.544650198703
0.99
0.499658873526
0.544650198703
