1.0
0.559212179077
0.408846912699
1.0
0.559422232156
0.409081855054
1.0
0.558861323636
0.405028707813
1.0
0.55932677845
0.404676426523
1.0
0.559013947659
0.405933299431
1.0
0.55900020276
0.405941695426
1.0
0.558498902732
0.406606392556
1.0
0.558916320537
0.406725582763
1.0
0.559108435745
0.406181521749
1.0
0.559108435745
0.406181521749
1.0
0.558996658235
0.406348283389
1.0
0.558677103203
0.407296287653
1.0
0.559069073135
0.407402862845
1.0
0.558926277971
0.407524256891
1.0
0.559119043458
0.407701455042
1.0
0.559175792475
0.407875963231
1.0
0.559280798487
0.407826082083
1.0
0.559133504714
0.407990718745
1.0
0.559133504714
0.407990718745
1.0
0.559002270093
0.40814864369
1.0
0.559096920649
0.408287176363
1.0
0.55912444261
0.408409893806
1.0
0.558915515252
0.408684825849
1.0
0.559136336121
0.408930863503
1.0
0.559017413011
0.408008342805
1.0
0.558940914144
0.408056620261
1.0
0.558993724191
0.409604936467
1.0
0.558993724191
0.409604936467
1.0
0.559004838749
0.40935772429
1.0
0.558760087078
0.409525269918
1.0
0.559080876256
0.410574438448
1.0
0.558999348796
0.410399701082
1.0
0.558374158041
0.409095646519
1.0
0.558230279626
0.409434234604
1.0
0.553589084027
0.399911842642
1.0
0.553589084027
0.399911842642
1.0
0.553723271118
0.400349764827
0.99
0.533866254293
0.368672691374
0.99
0.533334231513
0.369308388094
0.99
0.510472504931
0.34067050993
0.99
0.510800901934
0.339537830912
0.99
0.483363114711
0.31156313381
0.99
0.482223738261
0.309288470383
0.99
0.452975372201
0.282160351802
0.99
0.448244768798
0.276063835032
0.99
0.448244768798
0.276063835032
0.99
0.41793373232
0.247994881558
0.99
0.411765765648
0.248088761973
0.99
0.387843866305
0.228084965498
0.99
0.373320242716
0.253006356397
0.99
0.366430606181
0.248688764592
0.99
0.366038260132
0.247679680841
0.99
0.358474340767
0.261869009598
0.99
0.358597264564
0.261926988675
0.99
0.358597264564
0.261926988675
0.99
0.353152340322
0.274141021188
0.99
0.35379912022
0.273829040158
1.0
0.351686549236
0.278962908033
1.0
0.352037211448
0.27997580295
1.0
0.351941779794
0.279173506284
1.0
0.3518673931
0.278743842355
1.0
0.35147847767
0.278468979811
1.0
0.35147847767
0.278468979811
1.0
0.350958263395
0.278542078002
1.0
0.350856285809
0.279388542471
1.0
0.350928201592
0.279686057472
1.0
0.350701462993
0.279621113224
1.0
0.351295599446
0.280501850007
1.0
0.351489153513
0.280607469364
1.0
0.351675496195
0.281788376714
1.0
0.351459964094
0.282262533299
1.0
0.352923773188
0.284388210389
1.0
0.352923773188
0.284388210389
1.0
0.352856078166
0.284509183737
1.0
0.353063867477
0.286457421113
1.0
0.352802294367
0.287496572785
1.0
0.353868218032
0.288763640903
1.0
0.353601169648
0.290774538645
1.0
0.353307881335
0.289511626551
1.0
0.352712814634
0.291963988681
1.0
0.352712814634
0.291963988681
1.0
0.352572953229
0.292408919857
1.0
0.35201182038
0.296053037955
0.924098761889
0.350866271205
0.295335031296
0.924098761889
0.350578111061
0.297827380574
1.0
0.349055514275
0.296567870172
1.0
0.348762354878
0.298512262094
1.0
0.348779131588
0.297668626439
1.0
0.348810741047
0.296844438984
1.0
0.348578703262
0.297356054681
1.0
0.348578703262
0.297356054681
1.0
0.348698844513
0.296049218071
1.0
0.347719245004
0.296727610999
1.0
0.347737886654
0.297204063854
1.0
0.34718646318
0.295156318772
1.0
0.347214382987
0.295312823697
1.0
0.347685677683
0.295139107181
1.0
0.34786971067
0.293799311848
1.0
0.348491719036
0.293111686582
1.0
0.348491719036
0.293111686582
1.0
0.348681382354
0.291229705386
1.0
0.34766403405
0.290402959519
1.0
0.347597514648
0.29148545577
1.0
0.348064573643
0.291871229812
1.0
0.34819691903
0.290566205907
1.0
0.347434625489
0.290144745574
1.0
0.347610328425
0.28946409348
1.0
0.347815804935
0.289176677268
1.0
0.347815804935
0.289176677268
1.0
0.347844152168
0.288740863594
1.0
0.348787377648
0.28888138053
1.0
0.348847082129
0.288310151825
0.99
0.364517472774
0.291943558969
0.99
0.364653071244
0.291953237865
0.99
0.387096577278
0.299626198195
0.99
0.387163950206
0.299562663081
0.99
0.410306008661
0.317451596162
0.99
0.410306008661
0.317451596162
0.99
0.410498740153
0.315729667677
1.0
0.418313669777
0.322981609635
1.0
0.421690783663
0.312054102644
0.690798837976
0.420204138053
0.308150977456
0.690798837976
0.428348920155
0.280961374065
0.99
0.434154156273
0.283772754872
0.99
0.442051771314
0.263502664105
0.99
0.442195382172
0.2626107687
0.99
0.442195382172
0.2626107687
1.0
0.445106581542
0.25580238819
1.0
0.445262072662
0.256084746314
1.0
0.446831510786
0.253307982217
1.0
0.447085453555
0.253837973728
1.0
0.448203189284
0.250234132596
1.0
0.448294337883
0.249452432934
1.0
0.448196731514
0.248997920458
1.0
0.448175320133
0.248942583355
1.0
0.448175320133
0.248942583355
1.0
0.448230936211
0.249580302417
1.0
0.448203610238
0.249706351635
1.0
0.448229133854
0.249871537905
1.0
0.44806558748
0.249720658214
1.0
0.448111417994
0.249336500119
1.0
0.448324727337
0.249962535534
1.0
0.448303651367
0.250719378682
1.0
0.448303651367
0.250719378682
1.0
0.448248533033
0.250967056739
1.0
0.448402572535
0.250788988805
1.0
0.448646568007
0.251332702425
1.0
0.448664908392
0.251300095765
1.0
0.448718206653
0.251012358533
1.0
0.448786163439
0.251710154996
1.0
0.448433089822
0.251214538049
1.0
0.448750793535
0.250244614381
1.0
0.448221897273
0.249633248634
1.0
0.448221897273
0.249633248634
1.0
0.448265180543
0.249969596824
1.0
0.449309189507
0.250502993989
1.0
0.449197825743
0.251058235539
1.0
0.45959492984
0.261128953069
1.0
0.460000922559
0.260515762473
0.99
0.476881023314
0.282012886543
0.99
0.47671220831
0.281927741907
1.0
0.48548985783
0.294032064561
1.0
0.48548985783
0.294032064561
1.0
0.485778112706
0.293776230886
0.992107680059
0.49232171084
0.301954263581
0.992107680059
0.49489881026
0.299724839302
1.0
0.496685304611
0.302144171831
0.99
0.50984915384
0.298371556072
0.99
0.512743351496
0.300801538697
0.99
0.514669962412
0.302144406507
