0.99
0.422510189107
0.537267513367
0.99
0.428231992413
0.528970433477
0.99
0.427509306907
0.528244345403
1.0
0.430307239831
0.521934807802
1.0
0.4312050048
0.522037901477
1.0
0.432454412342
0.519931971663
1.0
0.432376024895
0.519866157949
1.0
0.432828189963
0.520168930478
1.0
0.432676884176
0.520072417952
1.0
0.432676884176
0.520072417952
1.0
0.432754365014
0.520323065285
1.0
0.432379198215
0.520149903947
1.0
0.432387235135
0.520008723348
1.0
0.432939192544
0.520194324599
1.0
0.43302539397
0.520721320891
1.0
0.432700738571
0.520476865221
1.0
0.432860880695
0.520617904768
1.0
0.432723470335
0.520379118582
1.0
0.432723470335
0.520379118582
1.0
0.432637887493
0.520307327216
1.0
0.432763156735
0.520465118987
1.0
0.432720356763
0.520163231294
1.0
0.432770346542
0.520157804199
1.0
0.432831874027
0.520578967769
1.0
0.432819249631
0.520894772192
1.0
0.43285391999
0.520523497322
1.0
0.43285391999
0.520523497322
1.0
0.432708174257
0.520120837684
1.0
0.432778590335
0.52034365587
1.0
0.432339033491
0.519934636327
1.0
0.432389127017
0.520487597899
1.0
0.432997646049
0.520798070199
1.0
0.433011449756
0.520777655162
1.0
0.432645897926
0.520563491294
1.0
0.432624559714
0.520847008342
1.0
0.432697744501
0.521036497469
1.0
0.432697744501
0.521036497469
1.0
0.432594908291
0.520630444218
1.0
0.432308735295
0.520266730842
1.0
0.43234254652
0.52057336305
1.0
0.431928324336
0.519995158757
1.0
0.43193827149
0.519529081766
1.0
0.431560525644
0.518843691652
1.0
0.431619942616
0.518067948859
1.0
0.431619942616
0.518067948859
1.0
0.431679576004
0.518125439692
1.0
0.431575655931
0.518454092393
1.0
0.430816033204
0.518064253946
1.0
0.430758069088
0.518203558911
1.0
0.430697963951
0.517377583433
1.0
0.430693889001
0.516736364334
1.0
0.43117162656
0.517284246847
1.0
0.431298256914
0.517493132837
1.0
0.4312485505
0.517257892941
1.0
0.4312485505
0.517257892941
1.0
0.431105858187
0.518164104856
1.0
0.43089481877
0.517967680269
1.0
0.430905116367
0.51823202197
1.0
0.430858914492
0.518176264988
1.0
0.430951617248
0.516644021225
1.0
0.430762334316
0.516418648602
1.0
0.430707465896
0.516168029385
1.0
0.43066099597
0.516414812583
1.0
0.43066099597
0.516414812583
1.0
0.430674464269
0.516010396478
1.0
0.430318242526
0.515570381178
1.0
0.430290536536
0.51506823898
1.0
0.430110520968
0.514705299799
1.0
0.43015794791
0.51462110185
1.0
0.430473902037
0.515214822481
1.0
0.430468139684
0.515976404381
1.0
0.430468139684
0.515976404381
1.0
0.428637732541
0.510348221114
1.0
0.428692729396
0.510611418689
1.0
0.428422445602
0.510546483336
1.0
0.428212291225
0.511686596491
1.0
0.428313679778
0.511851256596
1.0
0.428356246808
0.511758209687
1.0
0.428168927035
0.511664504753
1.0
0.428085399795
0.510358011667
1.0
0.427755453058
0.509678327666
1.0
0.427755453058
0.509678327666
1.0
0.427779725514
0.510356624304
1.0
0.427486972672
0.509946674818
1.0
0.427524996308
0.509738640928
1.0
0.426920948576
0.508492938529
1.0
0.426931742398
0.50854898726
1.0
0.426791078705
0.508885517825
1.0
0.426917249474
0.508659055196
1.0
0.427356313362
0.509407898356
1.0
0.427356313362
0.509407898356
1.0
0.427258699571
0.509843411717
1.0
0.427420266517
0.51001728265
1.0
0.427535144554
0.510464471255
1.0
0.426665531952
0.510157769213
1.0
0.426803030811
0.50966156522
1.0
0.426660969208
0.509168897511
1.0
0.426660969208
0.509168897511
1.0
0.426543868851
0.508799024209
1.0
0.426681950157
0.509221898524
1.0
0.426496458194
0.508943640781
1.0
0.426712398367
0.509143875168
1.0
0.426646723777
0.509190398283
1.0
0.425916893424
0.50774640497
1.0
0.425956636659
0.506781066758
1.0
0.426462808341
0.506870573609
1.0
0.426590802044
0.506934497759
1.0
0.426972267655
0.5058535711
1.0
0.426972267655
0.5058535711
1.0
0.426899979293
0.505090417461
1.0
0.426531350968
0.504091654932
1.0
0.426591007899
0.503443117259
1.0
0.426953542853
0.503281820823
0.995914923689
0.427060113972
0.503559250925
0.995914923689
0.426517043323
0.502538441523
1.0
0.426688070037
0.502946178791
1.0
0.426688070037
0.502946178791
1.0
0.42676653349
0.501573999201
1.0
0.426387731539
0.500493495713
1.0
0.426611608792
0.499961045861
1.0
0.42669630846
0.500065415819
1.0
0.426222215866
0.499439012076
1.0
0.426224025554
0.49874453175
1.0
0.425993173098
0.498741022043
1.0
0.426126011382
0.496877156054
1.0
0.426214015479
0.496657910556
1.0
0.426214015479
0.496657910556
1.0
0.426259251782
0.495827198662
1.0
0.426250294706
0.496029110649
1.0
0.425906607707
0.496044772364
1.0
0.425508817865
0.495404228329
1.0
0.425403971372
0.496389475355
1.0
0.42573925104
0.497048910776
1.0
0.425906573718
0.495768061208
1.0
0.425589287907
0.495483389033
1.0
0.425589287907
0.495483389033
1.0
0.425606147338
0.496754331602
1.0
0.425606986673
0.496274832667
1.0
0.425732459084
0.496181182675
1.0
0.425168689185
0.495197420812
1.0
0.42524745663
0.494968676698
1.0
0.425848692712
0.49621496431
1.0
0.425787507508
0.495604250464
1.0
0.425413746649
0.495238437492
1.0
0.425413746649
0.495238437492
1.0
0.425426767022
0.495395005699
1.0
0.425602139204
0.495188731159
1.0
0.425538066804
0.495099967183
1.0
0.425380833154
0.494821853083
0.948767408403
0.425706091206
0.49443030624
0.948767408403
0.425381849693
0.494383344884
1.0
0.425142138312
0.494792847492
1.0
0.425187104422
0.49457860091
1.0
0.425187104422
0.49457860091
0.988446454132
0.425259910686
0.494471487479
0.988446454132
0.424907227795
0.493892147045
1.0
0.425012248849
0.493638996091
1.0
0.424839434078
0.493228795084
0.981461949443
0.424877175204
0.493470939738
0.981461949443
0.425048384295
0.493907534636
1.0
0.424849468675
0.493140956379
1.0
0.424849468675
0.493140956379
1.0
0.424521107648
0.492745450633
1.0
0.424458987003
0.493163364228
1.0
0.424393814747
0.492907022316
0.949629671924
0.424630195539
0.492108683578
0.949629671924
0.424682744424
0.492297322247
0.951133776596
0.424896311899
0.491793848675
0.951133776596
0.424372695479
0.491470860442
1.0
0.424262564065
0.490887659059
1.0
0.424658956073
0.490595921526
1.0
0.424658956073
0.490595921526
1.0
0.424555055292
0.490352582454
1.0
0.424350309906
0.490266060324
1.0
0.424325365539
0.490358534429
1.0
0.424191006293
0.490066051234
1.0
0.424384864206
0.489590158089
1.0
0.424159174176
0.489490273018
1.0
0.42417330544
0.490616408484
1.0
0.42417330544
0.490616408484
1.0
0.423961367066
0.490309676889
1.0
0.423989162162
0.490484357591
1.0
0.424262179363
0.490416787749
1.0
0.424182790225
0.489944428162
1.0
0.42443021912
0.489440784936
1.0
0.42426111283
0.488942830028
1.0
0.425156084047
0.490119548372
1.0
0.425156084047
0.490119548372
1.0
0.42509704926
0.489648750652
1.0
0.429711551058
0.498744656616
1.0
0.429886259743
0.498294846555
1.0
0.433725396748
0.505493716765
1.0
0.433764055653
0.505992767918
1.0
0.436492483636
0.511206498509
1.0
0.437428420288
0.513562853493
1.0
0.437576304685
0.516252758639
1.0
0.438545076143
0.517696809053
1.0
0.437440633829
0.516361383206
1.0
0.437440633829
0.516361383206
1.0
0.43789439273
0.515751460598
1.0
0.438304336915
0.514797400657
0.938366212156
0.438638527271
0.515929956886
0.938366212156
0.438894398378
0.51552808469
0.935674359188
0.438677464974
0.515449926491
0.935674359188
0.438600028667
0.514826484616
0.615646805526
0.443047557828
0.521174400933
0.615646805526
0.443047557828
0.521174400933
0.615646805526
0.443105886672
0.520959191668
0.615646805526
0.443017165476
0.520153567195
0.990904257365
0.438367813733
0.511549382202
0.990904257365
0.439599681377
0.510947596171
1.0
0.439671854977
0.511722202324
1.0
0.439277810671
0.512062545104
1.0
0.439277810671
0.512062545104
1.0
0.439755119792
0.510323046068
0.676574232121
0.444602962705
0.517112229036
0.676574232121
0.444086529743
0.515997873818
0.676574232121
0.444435333091
0.515751556439
0.63753648311
0.444495105833
0.515808964918
0.63753648311
0.444802969008
0.515934938272
0.609239822074
0.444863326958
0.515993413254
0.609239822074
0.444863326958
0.515993413254
0.609239822074
0.444438668506
0.515159895817
1.0
0.43921886122
0.500382969486
1.0
0.439354501296
0.499663280138
1.0
0.438977049508
0.498987493578
1.0
0.43932392347
0.497769305533
0.972504466642
0.439136629623
0.496806741045
0.972504466642
0.439175836975
0.49588155763
0.972504466642
0.439175836975
0.49588155763
0.975358451188
0.43901021293
0.495259703061
0.975358451188
0.438705954096
0.494964795729
0.997145045499
0.438165682899
0.494080017489
0.997145045499
0.438181230768
0.493933309952
0.999989597946
0.438231529177
0.493960285873
0.999989597946
0.437783677923
0.493477278201
0.999231185074
0.437496215065
0.493268645705
0.999231185074
0.437420000584
0.493092495394
0.999231185074
0.437420000584
0.493092495394
1.0
0.437243953077
0.492931939199
1.0
0.437034590063
0.493005747716
1.0
0.437285193169
0.493163563141
1.0
0.437033392044
0.493017297347
1.0
0.43705361858
0.492613453917
1.0
0.437249532015
0.491826678502
1.0
0.437249532015
0.491826678502
1.0
0.437178720589
0.491023149979
1.0
0.436693780646
0.4906375317
1.0
0.436999429326
0.490071164191
1.0
0.436921067232
0.490281486016
0.966865474969
0.436253150215
0.490074734946
0.966865474969
0.436108339618
0.49015856729
0.994286221978
0.436286638604
0.49025915467
0.994286221978
0.436185041014
0.489518136172
1.0
0.435931473941
0.489451367117
1.0
0.435376222992
0.48988653868
1.0
0.435376222992
0.48988653868
1.0
0.434981561626
0.488988078386
1.0
0.434464773259
0.488846011785
0.971909504132
0.433920554649
0.489410046841
0.971909504132
0.433836423487
0.489747844898
0.996277756729
0.433954610927
0.488934383094
0.996277756729
0.433473707213
0.48847522471
0.955172420243
0.433169707619
0.489816917527
0.955172420243
0.433169707619
0.489816917527
0.955172420243
0.432929001876
0.49010467474
0.930631752892
0.43272404156
0.490481093497
0.930631752892
0.432316683874
0.490549204885
0.989573694014
0.432395365565
0.489723296279
0.989573694014
0.431787046631
0.48986701002
0.978592090259
0.431762642053
0.490432057539
0.978592090259
0.431237405634
0.489698650111
0.903792394277
0.431198920141
0.490296061899
0.903792394277
0.431198920141
0.490296061899
0.903792394277
0.430711740042
0.490530793419
0.919582648459
0.430930390862
0.489862653821
0.919582648459
0.430761622021
0.490063506208
1.0
0.430798224055
0.489434538874
1.0
0.430549455265
0.489128791341
1.0
0.430182023556
0.488354987989
1.0
0.42985229485
0.488639908519
0.968675660704
0.428951099665
0.487845677675
0.968675660704
0.429009184832
0.487711745119
0.968675660704
0.429009184832
0.487711745119
0.996741288275
0.429183171502
0.488225183682
0.996741288275
0.429296786397
0.488453347263
0.971836497391
0.429522282004
0.48823406611
0.971836497391
0.429340062868
0.488228288534
0.942983595477
0.429417173723
0.488155372529
0.942983595477
0.429294306814
0.48816532803
0.893233606047
0.429217240276
0.487594460852
0.893233606047
0.429217240276
0.487594460852
0.893233606047
0.429484673502
0.488011063495
1.0
0.429320943234
0.487029093664
1.0
0.429266792348
0.487397193334
0.950603476065
0.429303109128
0.487456952858
0.950603476065
0.428907583233
0.487344417057
0.963708685855
0.428664353843
0.487856104371
0.963708685855
0.428905746372
0.487768260415
0.963708685855
0.428905746372
0.487768260415
0.964061089316
0.429111718079
0.487965077798
0.964061089316
0.429383923473
0.487974237814
0.953374263823
0.429303100429
0.487457859063
0.953374263823
0.429209170177
0.487700681244
0.942265586657
0.429160845574
0.487400040732
0.942265586657
0.429186588963
0.487192337301
0.951575218199
0.429600743685
0.486688022475
0.951575218199
0.429930617998
0.486901030023
1.0
0.429861276682
0.485898046198
1.0
0.429689043604
0.485819713064
1.0
0.429689043604
0.485819713064
0.999243279795
0.429384117333
0.48492033899
0.999243279795
0.429141772194
0.484814918893
0.965127350046
0.428980082194
0.484321149017
0.965127350046
0.428391242418
0.484356312365
0.918610374107
0.427666002581
0.484012310613
0.918610374107
0.42320836566
0.484656997978
0.918610374107
0.42320836566
0.484656997978
0.93863401949
0.42339384007
0.485388144211
0.93863401949
0.42086194952
0.486014185219
0.896542447223
0.420209287681
0.487176473366
0.896542447223
0.420041331439
0.488210899526
0.99
0.424028749283
0.516402706244
0.99
0.424030911615
0.51609611921
1.0
0.423102732293
0.518649174641
1.0
0.42342477751
0.517653849648
1.0
0.423470678907
0.518516925803
1.0
0.423298561131
0.518441650494
1.0
0.423298561131
0.518441650494
1.0
0.423607456149
0.518248597288
1.0
0.423640920697
0.517524102088
1.0
0.423630432273
0.517506159153
1.0
0.423167473627
0.51720665254
1.0
0.423412503027
0.515760153102
1.0
0.423819200551
0.515607763381
1.0
0.423797147958
0.515989384308
1.0
0.423797147958
0.515989384308
1.0
0.423354180358
0.515757998893
1.0
0.423635836445
0.515286192778
1.0
0.423883946062
0.515818576233
1.0
0.424147783516
0.514997258148
1.0
0.424233520832
0.515448847809
1.0
0.424158564916
0.514577720909
1.0
0.424214670851
0.514656784305
1.0
0.424587841037
0.514108987169
1.0
0.424587841037
0.514108987169
1.0
0.424456991895
0.514809414186
1.0
0.424836433672
0.513745453124
1.0
0.425086831435
0.513984374406
1.0
0.425169057462
0.514319253325
1.0
0.424728703593
0.514183728208
1.0
0.42493662506
0.515007063932
1.0
0.425811936914
0.515384775655
1.0
0.42597345738
0.515957793476
1.0
0.42597345738
0.515957793476
1.0
0.426091381338
0.516278257185
1.0
0.426397991108
0.517119107731
1.0
0.427859751361
0.51893382819
1.0
0.428176948162
0.519567689259
1.0
0.428545586902
0.520240634483
1.0
0.4290206756
0.51948967452
1.0
0.429705873588
0.520172588366
1.0
0.429705873588
0.520172588366
1.0
0.430043420767
0.519583479621
1.0
0.430675826602
0.520963768402
1.0
0.431026192024
0.520191738009
1.0
0.430938178167
0.520542754995
1.0
0.431205031025
0.520945961453
1.0
0.431982115639
0.522180623299
1.0
0.431982477332
0.521420615121
1.0
0.432376487056
0.521692968409
1.0
0.432692612743
0.522141780633
1.0
0.433699695282
0.522962833715
1.0
0.433699695282
0.522962833715
1.0
0.433782930218
0.524104469109
1.0
0.434253781049
0.524586180092
1.0
0.434380984594
0.525059511729
1.0
0.434753069133
0.525703151745
1.0
0.434515379629
0.527218637174
1.0
0.434887174179
0.527741248976
1.0
0.434877354694
0.528743997333
1.0
0.434877354694
0.528743997333
1.0
0.435184939705
0.528976703528
1.0
0.43508405731
0.529054456926
1.0
0.435659877833
0.530181494466
1.0
0.435666699019
0.529616304793
1.0
0.435075422143
0.529532734989
1.0
0.434905347398
0.528776171065
1.0
0.435839442929
0.5284261905
1.0
0.435708417926
0.52863134865
1.0
0.436239489778
0.528986853894
