0.99
0.458655857786
0.75131961916
0.989476292791
0.480203573316
0.677596125274
0.989476292791
0.478440889912
0.663426569643
0.989476292791
0.478440889912
0.663426569643
0.99
0.468181757612
0.607513622872
0.99
0.468181757612
0.607513622872
0.99
0.468181757612
0.607513622872
0.904472631366
0.470472870621
0.607589458473
0.904472631366
0.467866190252
0.600382754839
0.904472631366
0.465004060478
0.600652536603
0.904472631366
0.464094449194
0.601625854432
0.889188153296
0.4635873895
0.6018253444
0.889188153296
0.4635873895
0.6018253444
0.889188153296
0.46353236389
0.603087800093
0.861853259441
0.463704452195
0.603413914861
0.861853259441
0.46397511135
0.604403728827
0.877774825716
0.464188587682
0.605067163951
0.877774825716
0.464188587682
0.605067163951
0.877774825716
0.516749884138
0.540434687776
0.877774825716
0.516749884138
0.540434687776
0.866685934987
0.516927634501
0.541027560135
0.832349041749
0.517175706354
0.541586977033
0.854440658547
0.517311218059
0.5419366101
0.99
0.514455766357
0.53466117676
0.99
0.514455766357
0.53466117676
0.700095148075
0.513884799164
0.535877473799
0.700095148075
0.56363878324
0.495149410224
0.700095148075
0.562835868415
0.497952417544
0.700095148075
0.563438636575
0.497292959947
0.700095148075
0.564316291595
0.496986282492
0.700095148075
0.563532586575
0.496249979268
0.700095148075
0.563532586575
0.496249979268
0.700095148075
0.563532586575
0.496249979268
0.700095148075
0.563004048165
0.497228146904
0.700095148075
0.563004048165
0.497228146904
0.700095148075
0.563004048165
0.497228146904
0.99
0.567282865572
0.493249073929
0.99
0.568315288371
0.493774517319
0.99
0.568157865414
0.49398441233
0.99
0.568296700223
0.494146022347
0.99
0.568693202168
0.494461588894
0.99
0.569015789228
0.493516742366
0.99
0.569437193745
0.494945979469
0.99
0.569437193745
0.494945979469
1.0
0.580062832019
0.284779128705
1.0
0.580062832019
0.284779128705
1.0
0.580062832019
0.284779128705
0.99
0.571494092673
0.519118154424
0.99
0.571101535952
0.51944089289
0.99
0.570888375689
0.519977578131
0.99
0.57086507464
0.519404339628
0.99
0.570743086584
0.520156235203
0.99
0.570743086584
0.520156235203
0.99
0.57080446421
0.520798273225
0.99
0.570490825412
0.521657485855
0.99
0.569987508961
0.520318064728
0.99
0.5708745424
0.520057185317
0.99
0.559852005526
0.531402119311
0.99
0.516143383494
0.654674279026
1.0
0.516635993258
0.656382591528
1.0
0.516635993258
0.656382591528
1.0
0.516661678003
0.656289460185
1.0
0.51723228931
0.656218707488
1.0
0.51723228931
0.656218707488
1.0
0.517218608754
0.656071446194
1.0
0.517218608754
0.656071446194
1.0
0.517218608754
0.656071446194
1.0
0.515874768633
0.656129168416
1.0
0.515501724329
0.654875878039
1.0
0.511627056439
0.659214570463
1.0
0.511627056439
0.659214570463
1.0
0.511419066571
0.65844875637
1.0
0.511419066571
0.65844875637
1.0
0.511319361052
0.658169506897
0.940229908208
0.529051245584
0.620143703838
0.940229908208
0.529051245584
0.620143703838
0.940229908208
0.529051245584
0.620143703838
0.940229908208
0.529055971978
0.620521423238
0.940229908208
0.529055971978
0.620521423238
0.940229908208
0.533744727946
0.628408411941
0.721816457081
0.527576292643
0.645559289166
0.721816457081
0.518788954575
0.661992596024
0.891475402048
0.519839446286
0.631504791362
0.891475402048
0.519839446286
0.631504791362
0.99
0.521118564981
0.632955330228
0.99
0.519933847313
0.632112956398
1.0
0.520117023963
0.632586358723
1.0
0.519540489712
0.633646248313
1.0
0.519535895986
0.63621958907
1.0
0.519535895986
0.63621958907
1.0
0.519651879038
0.636799332685
1.0
0.519651879038
0.636799332685
1.0
0.519567100141
0.638873712801
1.0
0.519684907669
0.639012159732
1.0
0.520658846516
0.639381479868
1.0
0.520534093267
0.639893979707
1.0
0.520539096863
0.639910715525
1.0
0.520539096863
0.639910715525
1.0
0.520781087049
0.642009968875
1.0
0.520975717196
0.642720187925
1.0
0.521937781143
0.643812909876
1.0
0.521937781143
0.643812909876
1.0
0.521849259457
0.643216237137
1.0
0.519307837044
0.645354505283
0.99
0.514788518571
0.631240805723
0.99
0.452804372786
0.616239197835
0.99
0.452804372786
0.616239197835
0.99
0.452804372786
0.616239197835
0.614986484097
0.450645040643
0.604067501413
0.614986484097
0.452113225785
0.538818282976
0.614986484097
0.452113225785
0.538818282976
0.614986484097
0.453701741944
0.54285388506
0.614986484097
0.454923504873
0.543845298937
0.614986484097
0.455431045903
0.54491226074
0.614986484097
0.455776327028
0.545134927537
0.614986484097
0.455943533581
0.54541782762
0.614986484097
0.455943533581
0.54541782762
0.614986484097
0.455706045113
0.547054050905
0.614986484097
0.455706045113
0.547054050905
0.614986484097
0.45620452502
0.547188991332
0.614986484097
0.4554008679
0.547461951805
0.618473410366
0.455119439063
0.546411914402
0.618473410366
0.456621647113
0.546271133215
0.99
0.46972934018
0.555090962687
0.979553340481
0.564979283906
0.503743919296
0.979553340481
0.564959476735
0.503588166099
1.0
0.57072365998
0.501651690848
1.0
0.57072365998
0.501651690848
1.0
0.572294105955
0.503600773897
1.0
0.572248226132
0.503784545103
0.974528944613
0.572295889854
0.504378965432
0.974528944613
0.572630601975
0.505508435018
1.0
0.572548405734
0.505519841188
1.0
0.572548405734
0.505519841188
1.0
0.572548405734
0.505519841188
1.0
0.572531594871
0.505599497913
1.0
0.572819970512
0.50349657353
0.99
0.572547639612
0.50235757497
0.99
0.571383303437
0.503774416897
0.99
0.571383303437
0.503774416897
0.99
0.571383303437
0.503774416897
0.99
0.571383303437
0.503774416897
0.99
0.571383303437
0.503774416897
0.958726213379
0.573126417396
0.512837103712
0.958726213379
0.573789169519
0.516715696353
0.958726213379
0.574799437713
0.519085905583
0.958726213379
0.574799437713
0.519085905583
0.958726213379
0.577051940053
0.520222431458
0.958726213379
0.577051940053
0.520222431458
0.8829714746
0.577260588912
0.516803211538
0.8829714746
0.580756429432
0.504807507915
0.726279492875
0.578096953772
0.501432945022
0.726279492875
0.57583830836
0.503100601875
0.726279492875
0.569553733033
0.521178560639
0.726279492875
0.569553733033
0.521178560639
0.666315078425
0.570214472242
0.525207360687
0.666315078425
0.567632385854
0.534533002374
0.666315078425
0.567632385854
0.534533002374
0.666315078425
0.560804438136
0.541651373142
0.601162943308
0.558476106844
0.539862633492
0.601162943308
0.550483184208
0.546939024493
0.601162943308
0.550483184208
0.546939024493
0.601162943308
0.513468671487
0.571570782005
0.979380111164
0.511983167991
0.569774562346
0.979380111164
0.508017408647
0.573022349708
0.979380111164
0.508017408647
0.573022349708
0.979380111164
0.508017408647
0.573022349708
0.979380111164
0.508017408647
0.573022349708
0.99
0.503584678111
0.567983345157
0.99
0.503584678111
0.567983345157
0.99
0.496956680795
0.570851746158
0.99
0.496956680795
0.570851746158
0.99
0.490811271878
0.574246239857
0.99
0.469164128713
0.578888219738
0.99
0.462847323208
0.584566621528
0.94257671665
0.459403311946
0.584675838809
0.94257671665
0.459403311946
0.584675838809
0.976103469464
0.456379855181
0.584180633286
0.976103469464
0.456379855181
0.584180633286
0.976103469464
0.456379855181
0.584180633286
