0.828873675983
0.566490648812
0.313305656252
0.828873675983
0.56717609335
0.314371676844
0.799983788913
0.567297507248
0.31441871039
0.799983788913
0.567348543906
0.314469686394
0.840761547063
0.566994209475
0.316344407999
0.840761547063
0.5672918189
0.317375123505
0.840761547063
0.5672918189
0.317375123505
0.835449509147
0.567514469967
0.316341218607
0.835449509147
0.566983803595
0.313556267053
0.888878565586
0.567305241802
0.311618809863
0.888878565586
0.567563437777
0.31241122304
0.817234092323
0.567448262334
0.312865978445
0.817234092323
0.567673279646
0.312280838085
0.826156027973
0.567482469257
0.31246568054
0.826156027973
0.567589380561
0.311995940107
0.848846751039
0.568017880266
0.30972832606
0.848846751039
0.567282627131
0.307865071964
0.848846751039
0.567282627131
0.307865071964
0.81516862857
0.566857984108
0.310071054459
0.81516862857
0.566953311744
0.309556974112
0.829378655278
0.56723057038
0.308313095164
0.829378655278
0.568474091994
0.311793840878
0.833296128564
0.568165344525
0.311223360669
0.833296128564
0.568796277396
0.3119911279
0.82453620366
0.569294173638
0.310280866554
0.82453620366
0.569294173638
0.310280866554
0.82453620366
0.569481058659
0.310620950096
0.82291738968
0.56913909881
0.313118578926
0.82291738968
0.568713392499
0.311719608384
0.840471187287
0.568773046625
0.311651187968
0.840471187287
0.569155224202
0.311586075189
0.826353550778
0.569503796831
0.310401408608
0.826353550778
0.569584969239
0.310859250161
0.826353550778
0.569584969239
0.310859250161
0.800743172977
0.569376648428
0.311499741504
0.800743172977
0.569248341451
0.311038399456
0.838661543492
0.56966605985
0.309201329245
0.838661543492
0.569454874736
0.308796741727
0.833085617805
0.569762513444
0.308987548182
0.833085617805
0.570187805264
0.309436164311
0.81803228822
0.569353359729
0.31147092778
0.81803228822
0.56966140947
0.313148904682
0.829080285508
0.569568175441
0.315095903326
0.829080285508
0.569771049138
0.315453835267
0.829080285508
0.569771049138
0.315453835267
0.821237710379
0.570120287501
0.313680995254
0.821237710379
0.570422800597
0.312561144549
0.861468855585
0.570636267838
0.311493087656
0.861468855585
0.570751675389
0.312630742112
0.888515472389
0.570665204797
0.311733375477
0.888515472389
0.570357917272
0.311463366899
0.888515472389
0.570357917272
0.311463366899
0.85870653754
0.57039703128
0.310426426928
0.85870653754
0.570410127704
0.309472041282
0.863093884109
0.571582478213
0.304368672587
0.863093884109
0.571938565223
0.305811853272
0.863501583388
0.57175678807
0.306455903418
0.863501583388
0.571518171565
0.305791347669
0.850816004817
0.571049414872
0.308612054934
0.850816004817
0.571247452981
0.308329511329
0.850816004817
0.571247452981
0.308329511329
0.796453980905
0.570824731682
0.310355433909
0.796453980905
0.570968120727
0.310438955419
0.849074069926
0.570326071082
0.312838798852
0.849074069926
0.57003606284
0.314176725561
0.845556831838
0.570712365241
0.312388877937
0.845556831838
0.571058988966
0.313488834445
0.817956205144
0.571031731581
0.312956840762
0.817956205144
0.571074093617
0.311287027917
0.817956205144
0.571074093617
0.311287027917
0.824882474577
0.571326909003
0.310226236926
0.824882474577
0.571329558148
0.311200756651
0.896286729236
0.571315914421
0.309871627433
0.896286729236
0.570797535393
0.30931762737
0.831595533601
0.570848805183
0.311338680552
0.831595533601
0.57122742619
0.311574562182
0.821859295078
0.571327600274
0.310759436919
0.821859295078
0.571484432972
0.310043536411
0.821859295078
0.571484432972
0.310043536411
0.821367079563
0.571617780403
0.309931375641
0.821367079563
0.57114738546
0.309458944248
0.864099600196
0.5713697914
0.30798841643
0.864099600196
0.571371828359
0.307857200122
0.841069416342
0.571266075364
0.308543012603
0.841069416342
0.571133857135
0.306915838215
0.83546042731
0.571155832444
0.30683129821
0.83546042731
0.570595889108
0.304913655998
0.819793852368
0.571052220574
0.303108413305
0.819793852368
0.571424619184
0.304029355201
0.819793852368
0.571424619184
0.304029355201
0.862888673393
0.571007290424
0.30675457033
0.862888673393
0.570890367763
0.306965203061
0.829741450489
0.571118857018
0.305463532224
0.829741450489
0.571102341974
0.305393230563
0.827701967734
0.572101155713
0.300120451726
0.827701967734
0.572090203163
0.301318373062
0.827701967734
0.572090203163
0.301318373062
0.922918387253
0.573012117907
0.298572679575
0.948473728096
0.572976436243
0.298481964848
0.834992272529
0.572998843311
0.299249579449
0.834992272529
0.572590196491
0.298117810134
0.897302253613
0.57229219026
0.298861961244
0.897302253613
0.572480893826
0.298552925318
0.81156764287
0.571176099875
0.30435377806
0.81156764287
0.571875556417
0.305515670186
0.81156764287
0.571875556417
0.305515670186
0.828472798682
0.573304124386
0.2981620114
0.828472798682
0.573319383158
0.298102570212
0.915312590301
0.572392951518
0.300939915416
0.915312590301
0.571762804364
0.30133651946
0.808585636865
0.571229331735
0.305109478179
0.808585636865
0.571734853062
0.307382085912
0.812794500041
0.571583225385
0.30767346907
0.812794500041
0.571153578681
0.30699302351
0.832502691612
0.57208238482
0.304061102577
0.832502691612
0.57208238482
0.304061102577
0.832502691612
0.572533555153
0.305607934568
0.878807037549
0.572211612539
0.305186711836
0.878807037549
0.572467490801
0.305007789456
0.868213095955
0.572494118761
0.305661720394
0.861208699473
0.572257497999
0.30441147606
0.826650180947
0.572509359605
0.304042619427
0.826650180947
0.573043351505
0.303693169927
0.826650180947
0.573043351505
0.303693169927
0.859771987013
0.572706131247
0.304020557393
0.859771987013
0.572828386875
0.303770795905
0.858294349496
0.572280086775
0.306194123584
0.858294349496
0.571786765711
0.307210814431
0.819441554077
0.572302824705
0.305826139691
0.819441554077
0.572161841716
0.303442403159
0.810311873741
0.571575218638
0.30559366062
0.810311873741
0.571353838615
0.304753999752
0.825353679327
0.571468492285
0.305066803126
0.825353679327
0.571863771133
0.305217558917
0.825353679327
0.571863771133
0.305217558917
0.782703853469
0.571870411465
0.305540017728
0.782703853469
0.571728805999
0.305239230873
0.883466664779
0.577139759811
0.287079194787
0.883466664779
0.577902124383
0.287305275573
0.895286918688
0.577473210458
0.288328522089
0.93500380135
0.576981950697
0.288744772521
0.93500380135
0.576981950697
0.288744772521
0.945976252179
0.57666176737
0.287416925011
0.888915761691
0.575946119372
0.289110973888
0.869915261883
0.575997893677
0.289576379662
0.866781779248
0.575199124698
0.293167438453
0.866781779248
0.575190516408
0.293003742283
0.84355830961
0.574305879001
0.295675717713
0.84355830961
0.574417829132
0.295730355133
0.903075334843
0.573654987155
0.296832319684
0.903075334843
0.573654987155
0.296832319684
0.903075334843
0.573819300325
0.295877383544
0.883007006912
0.574185993684
0.294695259434
0.883007006912
0.573463329716
0.293783133973
0.852475344261
0.571886608367
0.29830141432
0.852475344261
0.572231271136
0.299353081593
0.837668130337
0.572835289662
0.299423416063
0.837668130337
0.572922144212
0.299385355938
0.82303701319
0.572275548756
0.30172382857
0.82303701319
0.572275548756
0.30172382857
0.82303701319
0.572816050576
0.301656537106
0.81993133239
0.572943839239
0.301166760205
0.81993133239
0.572509536826
0.300724846931
0.805148736693
0.572654770984
0.300948476055
0.805148736693
0.572527694518
0.300493720707
0.81728762657
0.572398919262
0.300440839551
0.81728762657
0.572530563004
0.300891117279
0.828175687264
0.573642027619
0.294886115364
0.828175687264
0.573642027619
0.294886115364
0.828175687264
0.57358629786
0.294966809937
0.845450722756
0.573253676786
0.296270590692
0.845450722756
0.573034262559
0.295855590102
0.836344342645
0.573135753687
0.296199536617
0.836344342645
0.574036271774
0.298044348754
0.878034877185
0.573740525097
0.29952963862
0.878034877185
0.572893538802
0.296812566496
0.878034877185
0.572893538802
0.296812566496
0.838461606688
0.572892892164
0.297256994317
0.838461606688
0.573002707502
0.297297912512
0.815627805987
0.573339744456
0.296280937749
0.815627805987
0.573210518973
0.296095565431
0.821721691646
0.572882221083
0.296930044959
0.821721691646
0.572974558228
0.297604387328
0.810964417163
0.572705965921
0.298512471488
0.810964417163
0.572538078132
0.298312257358
0.833036928894
0.572634018982
0.298105033747
0.833036928894
0.572634018982
0.298105033747
0.833036928894
0.573399374024
0.299793347612
0.797687389566
0.573543207525
0.300138244294
0.797687389566
0.573444245191
0.300090903716
0.799758920267
0.572899671697
0.303501996511
0.799758920267
0.572880334731
0.303280044122
0.880689853773
0.574016869141
0.296084983213
0.812036865078
0.573750464485
0.29655528163
0.812036865078
0.575152010809
0.292777883553
0.812036865078
0.575152010809
0.292777883553
0.861523388698
0.574839721818
0.291532223783
0.899723210224
0.574265050305
0.293140234825
0.899723210224
0.574874907201
0.295718041351
0.834708561718
0.574663364069
0.298384325297
0.834708561718
0.574859014465
0.298763252259
0.84917490816
0.574224594313
0.301696002146
0.84917490816
0.574210259869
0.301743642818
0.823139076012
0.57488332509
0.300333477008
0.823139076012
0.574542230191
0.300653708728
0.823139076012
0.574542230191
0.300653708728
0.811517830153
0.574950585795
0.300252253095
0.811517830153
0.575536295273
0.302612512293
0.831801909837
0.574520631114
0.305922793729
0.831801909837
0.574555885216
0.306553790985
0.859522855674
0.574736686955
0.306688074662
0.859522855674
0.574803320074
0.308325375148
0.812963311279
0.575081647579
0.30853191211
0.812963311279
0.575081647579
0.30853191211
0.812963311279
0.575072369255
0.310051862557
0.827401820735
0.574566012824
0.312286740792
0.827401820735
0.574142686077
0.314936510908
0.842178792107
0.573496832366
0.317275275999
0.842178792107
0.574146468881
0.319135487629
0.799883390363
0.574342290988
0.32023653974
0.799883390363
0.573952105336
0.32060856162
0.865814168775
0.573370597927
0.322862571722
0.865814168775
0.573370597927
0.322862571722
0.865814168775
0.573820623553
0.325868874779
0.807398789923
0.575556330724
0.321520027391
0.807398789923
0.575803077274
0.324407827397
0.8357742539
0.57501789912
0.327198585097
0.8357742539
0.574575950558
0.328376930469
0.865193486151
0.573891927127
0.332856570328
0.865193486151
0.57418779244
0.335831957567
0.92470176808
0.574250920007
0.336332205537
0.92470176808
0.574250920007
0.336332205537
0.92470176808
0.574035283525
0.338321570985
0.858834147584
0.573810439256
0.341035652314
0.858834147584
0.573614290163
0.341578081733
0.862518007161
0.573337583272
0.345131739847
0.862518007161
0.574141045494
0.346974426301
0.904639459549
0.573399047521
0.350802084474
0.904639459549
0.573375133134
0.3523588335
0.871238558665
0.57294422713
0.355911789423
0.871238558665
0.57294422713
0.355911789423
0.871238558665
0.573433531446
0.357908876655
0.886718234891
0.573319987995
0.359865872548
0.886718234891
0.573134454099
0.361489135109
0.857772912485
0.573896313506
0.360574243208
0.857772912485
0.573981336095
0.362681701473
0.885493971761
0.573782442609
0.362819513016
0.885493971761
0.573816145416
0.362572845594
0.885493971761
0.573816145416
0.362572845594
0.857128495717
0.575280879381
0.359997685436
0.857128495717
0.574695272361
0.36074511359
0.883556274371
0.573975341547
0.365080219188
0.883556274371
0.573451470529
0.366843393087
0.836189939985
0.573628546496
0.366027803227
0.836189939985
0.573844974955
0.365500704928
0.882810307608
0.573193224511
0.368429096314
0.882810307608
0.572683895637
0.369544556807
0.871873694661
0.572240689969
0.371336958272
0.871873694661
0.572240689969
0.371336958272
0.871873694661
0.572207031565
0.372603676958
0.849290335056
0.57331964601
0.370038204611
0.849290335056
0.572282920036
0.369472207355
0.8895674302
0.571568133059
0.37214016836
0.8895674302
0.571310342812
0.371895491752
0.892404695443
0.570929757824
0.374532410983
0.892404695443
0.570326437127
0.375712213293
0.828397693605
0.570857471083
0.375438152302
0.828397693605
0.570857471083
0.375438152302
0.828397693605
0.570546219162
0.37656524067
0.852708791647
0.571386160363
0.373934053745
0.852708791647
0.571486851353
0.375852710379
0.819716929204
0.570746740801
0.379858017922
0.819716929204
0.570762827176
0.380938601265
0.931708168998
0.57041603365
0.383032019662
0.931708168998
0.570146278011
0.384310176364
0.837006676291
0.570364692902
0.386451273267
0.837006676291
0.570364692902
0.386451273267
0.837006676291
0.570491451892
0.387373539683
0.976283557539
0.570548146176
0.389434535829
0.915326231406
0.570806642075
0.391661252273
0.862254784783
0.571632125905
0.389553675344
0.862254784783
0.571955871383
0.390231028044
0.857495434364
0.572191829212
0.391085303249
0.857495434364
0.572315228742
0.391535244302
0.905397593594
0.57249932976
0.391463197605
0.905397593594
0.57249932976
0.391463197605
0.905397593594
0.571963820111
0.390042640196
0.864710473482
0.572372485335
0.39059871109
0.864710473482
0.572157882616
0.390058371714
0.855848240768
0.57248169526
0.390297800852
0.855848240768
0.572579508147
0.388824513258
0.910723770824
0.572880194938
0.389167932659
0.910723770824
0.572714558
0.388971267654
0.910723770824
0.572714558
0.388971267654
0.862331528597
0.573783436157
0.387417376139
0.862331528597
0.573755994084
0.387892433063
0.867206346223
0.574336799898
0.387289280075
0.867206346223
0.574736899974
0.388732564025
0.877033137555
0.575719889855
0.38775305637
0.905179252078
0.575149027149
0.385942834369
0.889430839099
0.575620080653
0.385232502724
0.889430839099
0.576032621871
0.387358091649
0.885775787636
0.576437135406
0.386636148943
0.885775787636
0.576437135406
0.386636148943
0.885775787636
0.575396343499
0.386606077813
0.909273902993
0.575766167774
0.386778732489
0.909273902993
0.57527456402
0.387726748193
0.910853178391
0.575024373673
0.389136728806
0.910853178391
0.574147868727
0.389304581311
0.917747358226
0.574033123111
0.389783964664
0.943505035916
0.573162194591
0.389532566303
0.892905915966
0.573187811618
0.389986059958
0.892905915966
0.573187811618
0.389986059958
0.892905915966
0.572510815942
0.391000651654
0.921262805285
0.572389767714
0.391754195475
0.921262805285
0.571901985915
0.391092243308
0.93553323202
0.571635525262
0.391623371467
0.93553323202
0.571309184861
0.39224038568
0.877775654252
0.57065879002
0.394384842493
0.877775654252
0.570528079738
0.395342301365
0.923529944736
0.570219663915
0.397039316395
0.923529944736
0.570219663915
0.397039316395
0.956402981128
0.568939251652
0.395855935411
0.91103783502
0.568302853511
0.396711962996
0.91103783502
0.567662913796
0.395220661984
0.937488371203
0.567375298541
0.394992316167
0.937488371203
0.566778902546
0.393682786899
0.886446164067
0.566257183064
0.394798872768
0.886446164067
0.565324066002
0.392297275594
0.921642318635
0.564617538005
0.392966112371
0.921642318635
0.564617538005
0.392966112371
0.921642318635
0.565116814563
0.394611235505
0.88556805314
0.564600214757
0.394484776963
0.88556805314
0.56375372107
0.393269691755
0.931162685021
0.56342989449
0.393899025428
0.931162685021
0.563075532217
0.39439933697
0.966212628148
0.562844683872
0.394153331276
0.966212628148
0.562246553219
0.392456251913
0.966212628148
0.562246553219
0.392456251913
0.923088060872
0.561711493118
0.392643233356
0.923088060872
0.56158858984
0.391152951387
0.913161763071
0.561317640335
0.389845973001
0.913161763071
0.56102058788
0.387964545064
0.951954693774
0.560724475224
0.388167573757
0.935654896732
0.560607959056
0.386206144041
0.935654896732
0.56027208904
0.384318944493
0.909420970068
0.559437411414
0.384372706015
0.909420970068
0.559339848869
0.383212566367
0.909420970068
0.559339848869
0.383212566367
0.939272883087
0.558944202334
0.388491330433
0.939272883087
0.559228570791
0.385776582582
0.936854404151
0.553699484779
0.384766049786
0.936854404151
0.553384700778
0.384746730811
0.941725517297
0.549153993611
0.377435387981
0.99
0.548579734491
0.376680669616
0.99
0.551552267798
0.408292949519
0.99
0.551552267798
0.408292949519
0.951840011451
0.546878224063
0.420572369477
0.951840011451
0.546597554195
0.42485127569
0.99
0.534643205429
0.469576410595
0.99
0.534662157145
0.468196860135
0.99
0.534998779186
0.467750025053
0.99
0.532824192097
0.486401469615
0.99
0.532915964774
0.4861867828
1.0
0.532657375885
0.492024039102
1.0
0.532657375885
0.492024039102
1.0
0.532416885112
0.491600422447
0.957217716307
0.534237333713
0.491365766146
0.957217716307
0.534782839955
0.491116852756
0.993371246406
0.536321974437
0.489868452145
0.993371246406
0.536268855899
0.488588189509
0.99086585086
0.537064459914
0.48790819745
0.99086585086
0.53698658091
0.485913027735
1.0
0.537493262454
0.484285207911
1.0
0.537664649019
0.483068693849
1.0
0.537664649019
0.483068693849
0.966598377386
0.538081613825
0.481319630298
0.966598377386
0.537821590555
0.480815378993
0.969018601961
0.538516483151
0.477791464933
0.969018601961
0.538550391043
0.47659671085
1.0
0.53860510764
0.47438427769
1.0
0.538466460605
0.473354687485
1.0
0.539180492221
0.471229795542
1.0
0.539180492221
0.471229795542
1.0
0.539622798471
0.471878326367
1.0
0.539655686049
0.469883708674
1.0
0.540005319826
0.467958738059
1.0
0.540313705281
0.466252648091
1.0
0.540743841519
0.466823104622
1.0
0.541054137255
0.465132498786
1.0
0.541068494622
0.464159594892
1.0
0.541394499503
0.463035495092
1.0
0.541151623447
0.459977217834
1.0
0.541151623447
0.459977217834
1.0
0.541605434517
0.458034060038
1.0
0.541887773446
0.457890613903
1.0
0.542372391074
0.455029919158
1.0
0.542725572478
0.453834035323
1.0
0.54320133941
0.452282232126
1.0
0.543829750967
0.454119889202
1.0
0.544283171399
0.452611077187
1.0
0.544577659014
0.451709811638
1.0
0.544577659014
0.451709811638
1.0
0.545047758312
0.450057412624
1.0
0.545362618645
0.450251795044
1.0
0.545668589761
0.448317799583
1.0
0.546435108049
0.449098645668
1.0
0.547046505639
0.446854956428
1.0
0.546850861051
0.445914340961
1.0
0.546850861051
0.445914340961
1.0
0.547235339185
0.444145752983
1.0
0.547761361552
0.444341487253
1.0
0.547990279219
0.442901843982
0.974939862326
0.5474872833
0.439595003085
0.974939862326
0.547642794825
0.438498578978
1.0
0.548059368563
0.440227659608
1.0
0.548196072757
0.439434629645
0.999544619468
0.547890130346
0.438506385827
0.999544619468
0.548105636753
0.437499936838
1.0
0.548152716045
0.439390874467
1.0
0.548152716045
0.439390874467
1.0
0.548300353496
0.439265346196
1.0
0.548247129021
0.438884147311
1.0
0.548143555147
0.438849309115
1.0
0.548490872732
0.439776882872
1.0
0.548680041481
0.439547320875
1.0
0.548617562284
0.4404215331
1.0
0.54834621952
0.441221920377
1.0
0.54834621952
0.441221920377
1.0
0.548674100527
0.442693779045
1.0
0.548851851914
0.443228619834
1.0
0.549014228229
0.442999762877
1.0
0.548906333856
0.443835107442
1.0
0.54881040906
0.444174905019
1.0
0.548844171196
0.444553643411
1.0
0.54901524171
0.444468384497
1.0
0.54901524171
0.444468384497
1.0
0.548988929424
0.444776389988
1.0
0.549147315503
0.445483435013
1.0
0.548942727934
0.446187042742
1.0
0.549231745474
0.447261411421
1.0
0.549617416913
0.447492973039
1.0
0.550002330415
0.447921991529
1.0
0.550115072168
0.448277444182
1.0
0.550788165715
0.448313662634
1.0
0.550985461219
0.448774087962
1.0
0.551279643758
0.448640279974
1.0
0.551279643758
0.448640279974
1.0
0.551390625884
0.449198878746
1.0
0.551674781775
0.450363844291
1.0
0.551939671661
0.450205768258
1.0
0.552092659145
0.450783042682
1.0
0.552416643236
0.450779303341
1.0
0.552529124077
0.45040661939
1.0
0.552529124077
0.45040661939
1.0
0.552736009271
0.450675079923
1.0
0.553061779236
0.450986757709
1.0
0.553428781509
0.450983631564
1.0
0.553557632225
0.45119742093
1.0
0.553954535672
0.451343591731
1.0
0.55422213853
0.450285345294
1.0
0.554225916636
0.450267216697
1.0
0.554818734302
0.450825443845
1.0
0.555351574458
0.450231566973
1.0
0.555400030062
0.449380627865
1.0
0.555400030062
0.449380627865
1.0
0.555793929492
0.448055680312
1.0
0.556139246376
0.447246819993
1.0
0.556414886369
0.446452648734
1.0
0.556752969714
0.444358821485
1.0
0.557150886478
0.443425285305
1.0
0.557896665992
0.442457741219
1.0
0.558013030805
0.442043272447
1.0
0.558317699663
0.440623409033
1.0
0.558317699663
0.440623409033
1.0
0.558933969446
0.439197945948
1.0
0.559395919972
0.439729109258
1.0
0.559685646162
0.438771309643
1.0
0.560116186709
0.437506514059
1.0
0.561093764173
0.435613289724
1.0
0.561043836426
0.434324250163
1.0
0.561492081107
0.432801121808
0.980053846179
0.561078512987
0.430593183714
0.980053846179
0.561078512987
0.430593183714
0.980053846179
0.561448553989
0.428245237454
1.0
0.561463545516
0.424962611957
1.0
0.562259469823
0.422450244732
1.0
0.562818518076
0.421539405389
1.0
0.563413055967
0.419548043122
1.0
0.56352242891
0.418067517603
1.0
0.564079967907
0.415426656699
0.955512584978
0.564501459373
0.413665329143
0.955512584978
0.564501459373
0.413665329143
0.955512584978
0.564770529097
0.410673821714
0.995923885337
0.564897461643
0.407140475175
0.995923885337
0.56578090431
0.403520403286
1.0
0.565859610768
0.401383274776
1.0
0.56668469965
0.397716134394
1.0
0.566966322886
0.395258964431
1.0
0.566966322886
0.395258964431
1.0
0.567190699891
0.39200713162
1.0
0.567506491676
0.38969013293
1.0
0.568020310943
0.385958776312
1.0
0.568541538949
0.385084836031
1.0
0.569134361856
0.381077405191
0.99879102055
0.569365145933
0.379186670931
0.99879102055
0.570037867042
0.375577298048
1.0
0.570080083328
0.373032590556
1.0
0.570819464188
0.369333257233
0.903434200589
0.571026553188
0.367611774356
0.903434200589
0.571026553188
0.367611774356
0.903434200589
0.571923316461
0.363257071425
0.961714752873
0.573398514278
0.361556628491
0.939836616075
0.574604271674
0.357114151027
0.939836616075
0.578676502275
0.330269923145
0.941466000479
0.579764642419
0.325065507227
0.941466000479
0.580684670424
0.320912252202
