0.99
0.348974213773
0.668914382505
0.99
0.364816430192
0.697810195119
0.99
0.365724751648
0.727041422408
0.99
0.376853358899
0.762198694602
0.99
0.376853358899
0.762198694602
0.99
0.377764921419
0.792996037171
0.99
0.390120294838
0.810699690569
0.99
0.390688932914
0.842992107258
0.99
0.40794236019
0.888035187242
0.99
0.408580409811
0.926740430987
0.9266963403
0.401802227074
0.921375746994
0.9266963403
0.401805852656
0.935645516533
0.9266963403
0.404362632667
0.935449717017
0.9266963403
0.404362632667
0.935449717017
0.878312296326
0.739047516416
0.837620975587
0.878312296326
0.738780500026
0.847649504765
0.878312296326
0.738780500026
0.847649504765
0.878312296326
0.738780500026
0.847649504765
0.878312296326
0.755971608564
0.916619462698
0.802812002734
0.594002673518
0.931149159438
0.760129187706
0.480492962285
1.17211938178
0.95448041943
0.500210332264
1.18437295856
0.95448041943
0.500995191175
1.18208478395
0.95448041943
0.500995191175
1.18208478395
1.0
0.49956862363
1.18439321921
1.0
0.500703779941
1.17948934368
1.0
0.497665493179
1.1742120137
1.0
0.499698538095
1.17048331225
1.0
0.49650781661
1.16670845199
1.0
0.498742858074
1.16222230556
1.0
0.49452378975
1.15977540465
1.0
0.496021770796
1.15550229087
1.0
0.496021770796
1.15550229087
1.0
0.493132618334
1.15368886739
1.0
0.494783247833
1.15214318055
1.0
0.492901410743
1.14966314173
1.0
0.493785261196
1.14587546277
1.0
0.491269017604
1.1408492281
1.0
0.492265518174
1.13630543654
1.0
0.489978374427
1.13245241145
1.0
0.49011961068
1.12839836627
1.0
0.488784368067
1.12612371286
1.0
0.488905741323
1.12415090883
1.0
0.488905741323
1.12415090883
1.0
0.487684986557
1.12199001756
1.0
0.487991621312
1.11974542765
1.0
0.487150386908
1.11863961238
1.0
0.487409314753
1.11679825211
1.0
0.486139449232
1.11639018064
1.0
0.486772046946
1.11594877426
1.0
0.486772046946
1.11594877426
1.0
0.485492804201
1.11529711988
1.0
0.485861334681
1.11488022874
1.0
0.486031975829
1.11536794716
1.0
0.486446805839
1.1162773189
1.0
0.485199966328
1.11732298829
1.0
0.485465138536
1.11809304627
1.0
0.484807390147
1.12002783633
1.0
0.485725409067
1.12137149431
1.0
0.484855873883
1.12275535357
1.0
0.485126740451
1.12368356858
1.0
0.485126740451
1.12368356858
1.0
0.484510585321
1.12465885901
1.0
0.484749593516
1.1264712655
1.0
0.484694090514
1.12788552847
1.0
0.485018243945
1.12971986643
1.0
0.484669128253
1.1307243712
1.0
0.48517254228
1.13200712323
1.0
0.48517254228
1.13200712323
1.0
0.485169956666
1.13370841467
1.0
0.485546589505
1.1348360093
1.0
0.484785472559
1.13590857672
1.0
0.484696560673
1.13622906251
1.0
0.483961386949
1.13562839617
1.0
0.484242744556
1.13699921542
1.0
0.483202916262
1.13818368505
1.0
0.482980572426
1.13920713725
1.0
0.482980572426
1.13920713725
1.0
0.483218688928
1.14023664966
1.0
0.483555301918
1.14135816295
1.0
0.484365679552
1.14217426558
1.0
0.484870835236
1.14370694729
1.0
0.484600838101
1.14554602734
1.0
0.484734810755
1.14700892484
1.0
0.484198080044
1.14788290435
1.0
0.48444865383
1.14941651258
1.0
0.484876130262
1.1505412186
1.0
0.485043152091
1.15145936302
1.0
0.485043152091
1.15145936302
1.0
0.485076264498
1.15247660726
1.0
0.48521445375
1.15426653004
1.0
0.485177496906
1.15534983885
1.0
0.486030278963
1.15758346298
1.0
0.485754229906
1.15983294596
1.0
0.485809645254
1.16086317844
1.0
0.485809645254
1.16086317844
1.0
0.486224464802
1.1610299016
1.0
0.486097408501
1.1628779985
1.0
0.485804196338
1.16352930071
1.0
0.485978576734
1.16446979445
1.0
0.486224196558
1.16526453964
1.0
0.486846184154
1.16708243421
1.0
0.487174591588
1.16782314457
1.0
0.487079770268
1.16861338529
1.0
0.487079770268
1.16861338529
1.0
0.487114251438
1.16870617506
1.0
0.487016651212
1.16971593373
1.0
0.486518462101
1.16973687971
1.0
0.486684406874
1.17062568678
1.0
0.48761937871
1.17153146043
1.0
0.487953791943
1.17209082027
1.0
0.487853791299
1.17271503702
1.0
0.487674433341
1.17330684515
1.0
0.487674433341
1.17330684515
1.0
0.487794148301
1.17299967856
1.0
0.488427871326
1.17373796577
1.0
0.488054812689
1.17382332542
1.0
0.488009760388
1.17415137028
1.0
0.488430889393
1.1747579827
1.0
0.488498440626
1.17458157661
1.0
0.489175449803
1.17435931499
1.0
0.48943246332
1.17458645452
1.0
0.48943246332
1.17458645452
1.0
0.489427227896
1.17513976259
1.0
0.489203789392
1.17533417168
1.0
0.489326175044
1.17489052454
1.0
0.489411672362
1.17507382497
1.0
0.48959758475
1.17566318978
1.0
0.489380751454
1.1765740625
1.0
0.489126069737
1.17655907925
1.0
0.489535233285
1.17739342113
1.0
0.489352160331
1.17706387616
1.0
0.489441143104
1.17753837068
1.0
0.489441143104
1.17753837068
1.0
0.48970167727
1.17834659927
1.0
0.48950553123
1.17855826173
1.0
0.489473091763
1.17766780742
1.0
0.489672449639
1.17773619096
1.0
0.489898712172
1.1789799814
1.0
0.489918321169
1.17920225267
1.0
0.489918321169
1.17920225267
1.0
0.489311924132
1.17914900659
1.0
0.4894546016
1.1795050051
1.0
0.489996419903
1.17913684647
1.0
0.489940115211
1.17967198424
1.0
0.48985250213
1.17985323927
1.0
0.490173675255
1.18026581838
1.0
0.490005499259
1.18009594823
1.0
0.489903391887
1.17962659543
1.0
0.489903391887
1.17962659543
1.0
0.490458481729
1.1793579502
1.0
0.490364830519
1.17993421897
1.0
0.489921705874
1.18079198237
1.0
0.489717682441
1.18122900957
1.0
0.490518515488
1.18099615055
1.0
0.490333457752
1.18088189096
1.0
0.490125121995
1.18029967443
1.0
0.490562816669
1.18110625074
1.0
0.490562816669
1.18110625074
1.0
0.490607962015
1.18135158124
1.0
0.49055434639
1.18111190515
1.0
0.49037615491
1.1815906025
1.0
0.490686123606
1.18165647422
1.0
0.491239203629
1.18114392055
1.0
0.491271097221
1.1812307788
1.0
0.491862743901
1.1816282615
1.0
0.492138215319
1.18178545775
1.0
0.492138215319
1.18178545775
1.0
0.492278819179
1.18128649812
1.0
0.492522345207
1.18109786996
1.0
0.492985748128
1.18108431752
1.0
0.493355992452
1.18132881796
1.0
0.493314386909
1.18103706693
1.0
0.493382848646
1.18119610267
1.0
0.493469367351
1.18022720808
1.0
0.493798517145
1.17998775216
1.0
0.493798517145
1.17998775216
1.0
0.493961580982
1.18042490498
1.0
0.493923420575
1.18096561632
1.0
0.494405238324
1.18075213627
1.0
0.49486817271
1.18073173069
1.0
0.494499958372
1.1809484204
1.0
0.494461145866
1.18078373729
1.0
0.494672459344
1.18028902441
1.0
0.494860220398
1.18097538486
1.0
0.494860220398
1.18097538486
1.0
0.495449243998
1.18181069343
1.0
0.495424361351
1.18114980183
1.0
0.495208484112
1.18125072615
1.0
0.495104788173
1.18146159628
1.0
0.495995535303
1.18233407651
1.0
0.495953882594
1.18263213449
1.0
0.495160399053
1.18158767993
1.0
0.495327301685
1.18155297703
1.0
0.495327301685
1.18155297703
1.0
0.496220031577
1.18283203679
1.0
0.496462333456
1.1827569716
1.0
0.496878336822
1.18318348768
1.0
0.496718428484
1.18343533388
1.0
0.496478053942
1.18267579338
1.0
0.496570691467
1.18250411885
1.0
0.49735437924
1.18306515125
1.0
0.497667272175
1.18360914826
1.0
0.497667272175
1.18360914826
1.0
0.497028637562
1.18359133954
1.0
0.497085209709
1.18378147124
1.0
0.497287258376
1.1833519835
1.0
0.497110633816
1.18324094923
1.0
0.497532273633
1.18326619893
1.0
0.49748671175
1.18334674714
1.0
0.497089186252
1.18255740142
1.0
0.496923880403
1.18226076857
1.0
0.496923880403
1.18226076857
1.0
0.497032191443
1.18271254939
1.0
0.49723345268
1.18289817663
1.0
0.496987335587
1.18281651573
1.0
0.497223927996
1.18268896993
1.0
0.496373516653
1.18319917354
1.0
0.496192420133
1.18328485385
1.0
0.496871241827
1.18300967151
1.0
0.496792185546
1.18353706833
1.0
0.496792185546
1.18353706833
1.0
0.496726489094
1.1833276581
1.0
0.497102193361
1.1825274864
1.0
0.497145343287
1.18402541307
1.0
0.497052463067
1.18521055348
1.0
0.497734545559
1.18434829481
1.0
0.497343234495
1.18388307138
1.0
0.49650021787
1.18317105907
1.0
0.496479369167
1.18287543723
1.0
0.496479369167
1.18287543723
1.0
0.495571968538
1.18030789128
1.0
0.496001008129
1.17756798707
1.0
0.493314743589
1.16770198066
1.0
0.492597632362
1.15617631603
0.99
0.481877190743
1.13187029968
0.99
0.483511152841
1.10248576332
0.99
0.468654116776
1.07255569035
0.99
0.47014158484
1.03885574012
0.99
0.47014158484
1.03885574012
0.99
0.458071314267
1.00853306181
0.99
0.459081815712
0.967921614279
0.99
0.450886082564
0.936970860346
0.99
0.450966541379
0.907446590004
0.99
0.444156345595
0.885349528098
0.99
0.442402180193
0.873197266588
1.0
0.443106303888
0.867691768209
1.0
0.442156115216
0.862132362911
1.0
0.442156115216
0.862132362911
1.0
0.443849268467
0.863440808925
1.0
0.442838612491
0.860293852544
1.0
0.444544783315
0.860172680568
1.0
0.443520060313
0.85930853805
1.0
0.443111529655
0.859706779429
1.0
0.443005047461
0.860192550813
1.0
0.442822258969
0.859662008185
1.0
0.442724641651
0.859563622003
1.0
0.442724641651
0.859563622003
1.0
0.443692453137
0.859756094874
1.0
0.443417109533
0.860251387892
1.0
0.443318601928
0.859738802388
1.0
0.442777463925
0.860346312898
1.0
0.443553480835
0.861423693372
1.0
0.443198290431
0.862755810691
1.0
0.443864073936
0.863262436868
1.0
0.443788738785
0.864514852369
1.0
0.443788738785
0.864514852369
1.0
0.444635656231
0.86433534633
1.0
0.444556305025
0.864189271979
1.0
0.444766112473
0.865446289228
1.0
0.444254179836
0.866816082926
1.0
0.444807868363
0.866912943734
1.0
0.444183110332
0.867241588846
1.0
0.444725073303
0.867592365128
1.0
0.444481925038
0.868746759886
1.0
0.444481925038
0.868746759886
1.0
0.444897896478
0.869700557889
1.0
0.444702551505
0.871220581225
1.0
0.444557408944
0.871315726187
1.0
0.444232808436
0.871261122844
1.0
0.444264278757
0.871722700559
1.0
0.443854933621
0.871684529296
1.0
0.444148303304
0.872267753815
1.0
0.443643399341
0.872470965296
1.0
0.443643399341
0.872470965296
1.0
0.443414312317
0.873639704996
1.0
0.442861133191
0.874633182374
1.0
0.443474772799
0.87514543124
1.0
0.443339997305
0.875565024876
1.0
0.443286831879
0.87580362165
1.0
0.443136087235
0.876469901103
1.0
0.443830619713
0.876342492414
1.0
0.443561286278
0.877398501354
1.0
0.443561286278
0.877398501354
1.0
0.443839863552
0.877679290801
1.0
0.443368016747
0.878449047479
1.0
0.444395194266
0.879540300019
1.0
0.44406953199
0.879424238174
1.0
0.442182650665
0.875797678817
1.0
0.4411260468
0.871104882179
0.99
0.427621759061
0.853296834242
0.99
0.420654092025
0.833416245638
0.99
0.420654092025
0.833416245638
0.99
0.392733220603
0.798493130065
0.99
0.38614371907
0.76139013273
0.99
0.363568928988
0.726911051604
0.99
0.361344244574
0.708532089146
0.99
0.348374348958
0.685671970762
0.99
0.346424033351
0.669301426667
0.99
0.343547721742
0.663918062834
1.0
0.342424122149
0.662170433229
1.0
0.342424122149
0.662170433229
1.0
0.34609762726
0.664831847672
1.0
0.345542991363
0.667949426329
1.0
0.34672650895
0.66684041831
1.0
0.346497248666
0.666498166158
1.0
0.346765489513
0.666611814543
1.0
0.34685104882
0.666713053758
1.0
0.34685104882
0.666713053758
1.0
0.346736841983
0.666976775856
1.0
0.346751333642
0.667617688947
1.0
0.346653178442
0.668073273011
1.0
0.346512981599
0.667823461594
1.0
0.34658979802
0.667804510048
1.0
0.346359301998
0.668201934138
1.0
0.347563053947
0.668322963995
1.0
0.347569979581
0.669247029789
1.0
0.347934420559
0.668765417054
1.0
0.34779086578
0.668477434625
1.0
0.34779086578
0.668477434625
1.0
0.347666481815
0.669546616342
1.0
0.347543219726
0.669048514822
1.0
0.347818806492
0.668780587782
1.0
0.34767424451
0.6702533495
1.0
0.347782366974
0.670180708796
1.0
0.347762031513
0.670506942187
1.0
0.348150361194
0.671074749645
1.0
0.34822038482
0.671283161931
1.0
0.34822038482
0.671283161931
1.0
0.348044261195
0.671174527326
1.0
0.347819877403
0.671529751658
1.0
0.348345377793
0.670938047743
1.0
0.348219431842
0.671295074809
1.0
0.347613573853
0.672039793707
1.0
0.347645269092
0.672399856241
1.0
0.348218904983
0.671975630061
1.0
0.348166703946
0.67162009785
1.0
0.348166703946
0.67162009785
1.0
0.348050298424
0.671898275217
1.0
0.347878061061
0.67162772465
1.0
0.348121524439
0.67132972721
1.0
0.347994143762
0.673047388043
1.0
0.348434331643
0.673409171277
1.0
0.348373036926
0.672914564122
1.0
0.348414879335
0.672060974804
1.0
0.348394903344
0.672192778801
1.0
0.348394903344
0.672192778801
1.0
0.348540488781
0.673516737033
1.0
0.348505249203
0.673790044914
1.0
0.349233327125
0.673532276624
1.0
0.349156194298
0.673224014687
1.0
0.349156565694
0.673235846668
1.0
0.349096096081
0.673004822858
1.0
0.348760138854
0.67230338348
1.0
0.348688241128
0.672896579792
1.0
0.348688241128
0.672896579792
1.0
0.348999758839
0.672963249315
1.0
0.348862519059
0.67322217121
1.0
0.350204855314
0.67371910231
1.0
0.350121382218
0.674341218134
1.0
0.349287873855
0.674240445091
1.0
0.349302767888
0.673400233418
1.0
0.350304950978
0.674225164916
1.0
0.350121153623
0.675011237698
1.0
0.350121153623
0.675011237698
1.0
0.351100406627
0.674320272859
1.0
0.351156770368
0.673996055543
1.0
0.351502045575
0.673891732997
1.0
0.351484794964
0.673561787944
1.0
0.350643916805
0.673412215987
1.0
0.350650157902
0.672768181276
1.0
0.35135486948
0.672900876634
1.0
0.351189851706
0.673896445744
1.0
0.351189851706
0.673896445744
1.0
0.351526408801
0.674251997851
1.0
0.351694831842
0.674128430558
1.0
0.351702361911
0.674423624438
1.0
0.351629574313
0.674698880178
1.0
0.35214655452
0.675086105243
1.0
0.352012898484
0.674922260041
1.0
0.351233574049
0.673725184614
1.0
0.351272524582
0.673702183443
1.0
0.351272524582
0.673702183443
1.0
0.351973584728
0.673780893954
1.0
0.351810468679
0.673294026618
1.0
0.352073434991
0.67381533996
1.0
0.352095243163
0.674089434716
1.0
0.3518414333
0.673448597148
1.0
0.351840574489
0.674181493042
1.0
0.352330602248
0.675161875797
1.0
0.352254544041
0.674292333725
1.0
0.352254544041
0.674292333725
1.0
0.351742085627
0.673652408616
1.0
0.351748004132
0.674598211928
1.0
0.351757850197
0.674616312524
1.0
0.351707086533
0.674356812313
1.0
0.352460656861
0.674910821543
1.0
0.352539458224
0.674212941146
1.0
0.352539458224
0.674212941146
1.0
0.352528165143
0.674017210916
1.0
0.352451813003
0.674550011687
1.0
0.352152391431
0.674629797631
1.0
0.35217833696
0.674491121161
1.0
0.352348202874
0.674372488809
1.0
0.352306964213
0.674096227553
1.0
0.352588660039
0.673979412378
1.0
0.352727933435
0.672824184916
1.0
0.352499415071
0.671912132161
1.0
0.352392947694
0.671251958203
1.0
0.352392947694
0.671251958203
1.0
0.352826295345
0.671418927713
1.0
0.352958575345
0.671152086112
1.0
0.353279516878
0.672369478632
1.0
0.353224182985
0.673615688548
1.0
0.353824904305
0.673238800665
1.0
0.353816312898
0.672504259889
1.0
0.353626589857
0.672730490853
1.0
0.353743628273
0.673035055202
1.0
0.353743628273
0.673035055202
1.0
0.353844554157
0.673395262561
1.0
0.353850897778
0.673655041555
1.0
0.354893336909
0.673420427615
1.0
0.355066300433
0.673600794048
1.0
0.354099350655
0.673518535156
1.0
0.354086643592
0.674459755625
1.0
0.355046498469
0.674976098428
1.0
0.355046498469
0.674976098428
1.0
0.35497479663
0.674530404196
1.0
0.355495196537
0.675107174524
1.0
0.355443748615
0.675910874571
1.0
0.355943363719
0.678261059518
1.0
0.356171203817
0.678177481986
1.0
0.357417075746
0.67817066787
1.0
0.357475532618
0.678180804624
1.0
0.357304236279
0.678142874167
1.0
0.35753717526
0.678638894598
1.0
0.35753717526
0.678638894598
1.0
0.357510166401
0.679206811974
1.0
0.357563458998
0.679060127872
1.0
0.358978861651
0.679317800687
1.0
0.359178667393
0.680671460551
1.0
0.359483511623
0.682246088276
1.0
0.359623552257
0.682610870091
1.0
0.360045879918
0.682314902469
1.0
0.360146787134
0.682976384278
1.0
0.360146787134
0.682976384278
1.0
0.361893644592
0.685907784093
1.0
0.362151954815
0.686999295926
1.0
0.361957683302
0.687216698724
1.0
0.361947964159
0.687364429192
1.0
0.362783092344
0.687646464256
1.0
0.363078449039
0.68751673571
1.0
0.363402149317
0.688381500096
1.0
0.363630016733
0.689918537795
1.0
0.363630016733
0.689918537795
1.0
0.364109677348
0.690942818257
1.0
0.364345332731
0.691265213661
1.0
0.365398526689
0.693063781103
1.0
0.365608490777
0.692649680362
1.0
0.366714343769
0.692257449936
1.0
0.367009805841
0.693502840958
1.0
0.367131884126
0.694927536274
1.0
0.367467246362
0.69472717267
1.0
0.367467246362
0.69472717267
1.0
0.368436609589
0.695300192253
1.0
0.368633109716
0.694438524944
1.0
0.369921597894
0.696082518801
1.0
0.370178589617
0.696932456288
1.0
0.371033915561
0.69773242125
1.0
0.371475855422
0.69955422386
1.0
0.372565936668
0.701465431978
1.0
0.372565936668
0.701465431978
1.0
0.373091267743
0.702229718703
1.0
0.374024642136
0.703259391531
1.0
0.374368330163
0.703792228826
1.0
0.37441918299
0.704801570403
1.0
0.374796845644
0.705541363772
1.0
0.375954875559
0.706212374138
1.0
0.376580349077
0.707789546586
1.0
0.378873477991
0.710322375082
1.0
0.379338301326
0.709957842064
1.0
0.379338301326
0.709957842064
1.0
0.380191624088
0.710436595891
1.0
0.380657550535
0.71129040903
1.0
0.382178652237
0.713346409402
1.0
0.382798388908
0.713979487206
1.0
0.38410252024
0.715263951853
1.0
0.38449390131
0.716202536635
1.0
0.385514227909
0.717870017392
1.0
0.386226522144
0.718567724776
1.0
0.386226522144
0.718567724776
1.0
0.386984767359
0.719649167402
1.0
0.387611147251
0.720904951496
1.0
0.388799799541
0.722811572755
1.0
0.389395906315
0.723108567179
1.0
0.389975133383
0.723530695545
1.0
0.390593211041
0.724452419882
1.0
0.391836800525
0.727201971431
1.0
0.392350244716
0.727288965922
1.0
0.392350244716
0.727288965922
1.0
0.393721562524
0.72901404055
1.0
0.394356696828
0.730879475951
1.0
0.394784735206
0.731392091486
1.0
0.395387565209
0.731535522725
1.0
0.397504405682
0.733477991562
1.0
0.398096889225
0.734812860812
1.0
0.399296426254
0.737705336941
1.0
0.39997761815
0.739054360498
1.0
0.39997761815
0.739054360498
1.0
0.400931344514
0.740682578273
1.0
0.401415483722
0.741723672497
1.0
0.402861456427
0.743727473215
1.0
0.403460514655
0.744662367587
1.0
0.403865890725
0.745182713948
1.0
0.404588157281
0.745926961936
1.0
0.404588157281
0.745926961936
1.0
0.406177411034
0.748117155758
1.0
0.407097505819
0.748724554675
1.0
0.408783053767
0.75092745236
1.0
0.409616941835
0.751798787668
1.0
0.409957413183
0.752944823826
1.0
0.410760403314
0.753523145007
1.0
0.413005927928
0.75599032682
1.0
0.413562786356
0.756378667113
1.0
0.414938649608
0.7574901374
1.0
0.415777582009
0.758178061992
1.0
0.415777582009
0.758178061992
1.0
0.417027718064
0.759363927882
1.0
0.417823910407
0.759899279025
1.0
0.418988208197
0.761938480432
1.0
0.419778402262
0.762931187483
1.0
0.42111531898
0.763792860029
1.0
0.422001373743
0.764859277367
1.0
0.422001373743
0.764859277367
1.0
0.422933326633
0.766407011528
1.0
0.423742211228
0.766389220597
1.0
0.42488211536
0.76791344769
1.0
0.425670653214
0.768666605541
1.0
0.42664895344
0.770165548806
1.0
0.427421279325
0.770308340007
1.0
0.42890809435
0.770926737317
1.0
0.429954487164
0.771773582822
1.0
0.431319453089
0.773011243297
1.0
0.431971623897
0.772753110204
1.0
0.431971623897
0.772753110204
1.0
0.432538983818
0.773404810902
1.0
0.433612689325
0.774504373526
1.0
0.434350056018
0.776004041783
1.0
0.434978422547
0.776071992468
1.0
0.436168456366
0.776197651518
1.0
0.437123277145
0.776631800984
1.0
0.438352252368
0.777203660077
1.0
0.438951490654
0.777881118722
1.0
0.438951490654
0.777881118722
1.0
0.436271023189
0.778565429596
1.0
0.433101600454
0.780091264811
1.0
0.424738909093
0.777001928239
1.0
0.420066707257
0.78044353192
1.0
0.415688272505
0.779506247416
1.0
0.414527061629
0.780556201957
1.0
0.414632018871
0.781825787998
1.0
0.416578266618
0.781106763747
1.0
0.416578266618
0.781106763747
1.0
0.418615469896
0.781954401791
1.0
0.419829354145
0.780889325719
1.0
0.421520953593
0.7806428481
1.0
0.422708701067
0.780941256487
1.0
0.42413686984
0.781143967224
1.0
0.425113166184
0.781409698294
1.0
0.425113166184
0.781409698294
1.0
0.426027669863
0.782067127739
1.0
0.426638282774
0.781609427344
1.0
0.427393644394
0.782487772249
1.0
0.428205774153
0.783501504136
1.0
0.429437167267
0.785028703501
1.0
0.430043469473
0.784224036237
1.0
0.430633066314
0.783950398107
1.0
0.431448635514
0.783927757201
1.0
0.433157589391
0.784462672657
1.0
0.433764241913
0.783999568682
1.0
0.433764241913
0.783999568682
1.0
0.435278161311
0.784499384118
1.0
0.436282851407
0.784937059177
1.0
0.436988968876
0.785723736192
1.0
0.437550428052
0.785239799471
1.0
0.438220221683
0.784919346929
1.0
0.438879157104
0.784024530934
1.0
0.439072345647
0.784339663292
1.0
0.439919970685
0.784072456554
1.0
0.439919970685
0.784072456554
1.0
0.441560341194
0.783806599015
1.0
0.441996235341
0.781976115081
1.0
0.443480405138
0.780797887978
1.0
0.444648567137
0.780798245436
1.0
0.444832151208
0.78186212478
1.0
0.445383443568
0.780275967523
1.0
0.446316724571
0.781631950138
1.0
0.446962540239
0.780669957226
1.0
0.446962540239
0.780669957226
1.0
0.447025674073
0.779359079404
1.0
0.447880915569
0.778649201067
1.0
0.449817625198
0.77858985785
1.0
0.450684600247
0.777250854428
1.0
0.451078091185
0.777303691401
1.0
0.451852906351
0.776764349741
1.0
0.453339012565
0.776914166188
1.0
0.454269963383
0.775542208886
1.0
0.454269963383
0.775542208886
1.0
0.455003389857
0.774587780754
1.0
0.455612504557
0.77331625528
1.0
0.45641068234
0.77350407296
1.0
0.457349295334
0.772011007288
1.0
0.458510539853
0.772321616842
1.0
0.459333317331
0.770780439926
1.0
0.459448482778
0.770484799734
1.0
0.460172947208
0.769444506878
1.0
0.460172947208
0.769444506878
1.0
0.461303265403
0.76917864354
1.0
0.461981122468
0.76799600991
1.0
0.463416999045
0.767609157232
1.0
0.463993842325
0.766598339901
1.0
0.464275443388
0.766192820039
1.0
0.465166048271
0.765283743073
1.0
0.466273352672
0.764802544151
1.0
0.466671279817
0.763807574134
1.0
0.466671279817
0.763807574134
1.0
0.467955874738
0.763571555473
1.0
0.468512587449
0.762395063702
1.0
0.467981953192
0.762393743571
1.0
0.468812996275
0.761119728209
1.0
0.469626973775
0.761162777322
1.0
0.470095144273
0.760657220405
1.0
0.471090989764
0.760840842832
1.0
0.471666761673
0.758905656763
1.0
0.471666761673
0.758905656763
1.0
0.472689425315
0.758016882621
1.0
0.47319180413
0.757322149293
1.0
0.473438940496
0.756284071139
1.0
0.47403552357
0.756228953795
1.0
0.475059429778
0.757729962568
1.0
0.475699376431
0.756472580631
1.0
0.476468323075
0.756531071851
1.0
0.477055169792
0.756237366493
1.0
0.477055169792
0.756237366493
1.0
0.478506316616
0.755403209345
1.0
0.478581788954
0.754636312385
1.0
0.478913035743
0.754367743393
1.0
0.479419294333
0.753676650224
1.0
0.479474287311
0.753135258646
1.0
0.479849328373
0.752899362041
1.0
0.480686947392
0.752561821364
1.0
0.481127742709
0.751545669714
1.0
0.481127742709
0.751545669714
1.0
0.481965786027
0.752098504725
1.0
0.482000120469
0.751674181019
1.0
0.481685139172
0.751671484167
1.0
0.482125566706
0.751185898379
1.0
0.48341868739
0.75112899597
1.0
0.483527202371
0.750643196706
1.0
0.48333944745
0.750891635123
1.0
0.483435905374
0.750848408155
1.0
0.483435905374
0.750848408155
1.0
0.483814454481
0.750358327188
1.0
0.484217196992
0.750094281148
1.0
0.484118377141
0.75067847926
1.0
0.48409264504
0.75053662198
1.0
0.484739800689
0.750526452915
1.0
0.484948722107
0.749803320849
1.0
0.485455160252
0.74914303134
1.0
0.485568901677
0.748982768991
1.0
0.485568901677
0.748982768991
1.0
0.48582378985
0.748600883609
1.0
0.486197165044
0.748314854777
1.0
0.486458881773
0.749438161878
1.0
0.486314410225
0.749438903581
1.0
0.487082442697
0.748771541799
1.0
0.487259728209
0.748264620251
1.0
0.487281123445
0.747475899249
1.0
0.486951803484
0.747351192433
1.0
0.486951803484
0.747351192433
1.0
0.487217592778
0.74667382296
1.0
0.489082837764
0.745152174713
1.0
0.489299442706
0.745655111109
1.0
0.489508903917
0.745169197734
1.0
0.489080231791
0.745714053051
1.0
0.48901188606
0.745322859734
1.0
0.48901188606
0.745322859734
1.0
0.48984681369
0.744516034974
1.0
0.48990203976
0.744366448691
1.0
0.489927564346
0.744927930299
1.0
0.489863939938
0.744783283489
1.0
0.489672613795
0.74337968019
1.0
0.489809777584
0.743193464834
1.0
0.490153433297
0.743529603816
1.0
0.49026565349
0.743313903863
1.0
0.490633453036
0.74311349293
1.0
0.490463311072
0.743502351774
1.0
0.490463311072
0.743502351774
1.0
0.490451389399
0.743438579451
1.0
0.490416359864
0.743331320338
1.0
0.489927361788
0.742801392508
1.0
0.490034194015
0.74243325348
1.0
0.490520877563
0.742083920903
1.0
0.490277152503
0.741899249685
1.0
0.490334374153
0.741761856841
1.0
0.490312888509
0.741972016203
1.0
0.490312888509
0.741972016203
