0.987434244053
0.359212966606
0.420559057905
0.987434244053
0.35933948978
0.420167060595
0.973581111845
0.359871521741
0.420319128344
0.973581111845
0.359864083531
0.420411116189
1.0
0.359474761106
0.420669554581
1.0
0.359330173094
0.421279054512
1.0
0.358261782495
0.420829774365
1.0
0.358310998442
0.420609076239
1.0
0.359143168008
0.421169384226
1.0
0.359143168008
0.421169384226
1.0
0.359113487603
0.421448899351
1.0
0.358876179108
0.421452501408
1.0
0.358932593824
0.421015367777
1.0
0.359120827569
0.421164625036
1.0
0.359079368594
0.421806759707
0.972501418655
0.358614537467
0.420507744411
0.972501418655
0.358614537467
0.420507744411
0.972501418655
0.358615367861
0.420571516979
1.0
0.354780333771
0.418520893657
1.0
0.354291026806
0.419331964084
1.0
0.336925913804
0.407628745916
1.0
0.335709137805
0.411617737801
1.0
0.317567041403
0.401862220187
0.99
0.314977641627
0.417291701064
0.694972303558
0.266295228152
0.394643599513
0.694972303558
0.265704534868
0.401243318797
0.694972303558
0.265704534868
0.401243318797
0.694972303558
0.265437574786
0.40436433171
0.694972303558
0.265279964922
0.405867312777
0.943598431574
0.285364890975
0.417378416239
0.943598431574
0.285559635066
0.415600540972
0.993544026594
0.284734530869
0.414091619598
0.993544026594
0.284807097526
0.413438537395
1.0
0.277393009809
0.40742874253
1.0
0.277488918877
0.406508042001
1.0
0.271808053453
0.402398994622
1.0
0.271808053453
0.402398994622
1.0
0.271868080599
0.401793982531
1.0
0.270885696182
0.401053161095
1.0
0.270863612519
0.401231604834
1.0
0.272357035942
0.401861150085
1.0
0.272392194197
0.40151364627
1.0
0.272053821818
0.401491725211
1.0
0.27205520046
0.40145352298
1.0
0.272281830361
0.402585384492
1.0
0.272281830361
0.402585384492
1.0
0.272355397191
0.401851163044
1.0
0.271195923537
0.40125644847
1.0
0.271178538836
0.401413616993
1.0
0.271479912335
0.401527739069
1.0
0.271478789396
0.401512276198
1.0
0.270890315679
0.401723040292
1.0
0.270941643586
0.401214519157
1.0
0.270941643586
0.401214519157
1.0
0.271554542297
0.400998604993
1.0
0.271552771926
0.400995623974
1.0
0.271204176717
0.401228165515
1.0
0.271209277579
0.401177852903
1.0
0.271089841423
0.400884960252
1.0
0.271121341104
0.400572255403
1.0
0.270627653615
0.400447590189
1.0
0.270605728523
0.400645205701
1.0
0.270736241169
0.400997366937
1.0
0.270736241169
0.400997366937
1.0
0.270776951115
0.400604317468
1.0
0.270547488209
0.400226845969
1.0
0.270564319761
0.400055491094
1.0
0.271140164986
0.400211156706
1.0
0.271136416866
0.400250691966
1.0
0.270910202248
0.400841512527
1.0
0.270939377269
0.400562451625
1.0
0.270667790805
0.399578827774
1.0
0.270667790805
0.399578827774
1.0
0.270621423037
0.399992932858
1.0
0.270373040021
0.400100042375
1.0
0.270439309714
0.399506941567
1.0
0.270052869938
0.399140392202
1.0
0.270071704645
0.39894530242
1.0
0.270295261234
0.398443366904
1.0
0.270306755971
0.398330657739
1.0
0.270008669339
0.397797991677
1.0
0.270008669339
0.397797991677
1.0
0.270062360456
0.397287371891
1.0
0.269946824491
0.397549780391
1.0
0.269899359451
0.39800277401
1.0
0.269571111212
0.397599023534
1.0
0.269630676236
0.397013450532
1.0
0.268874987863
0.396454645842
1.0
0.268874987863
0.396454645842
1.0
0.268882975655
0.396347401356
1.0
0.269272472065
0.395789381144
1.0
0.269319869626
0.39531001639
1.0
0.287627692715
0.408339344047
1.0
0.288101010013
0.405229532308
0.99
0.3325134174
0.443970804786
0.99
0.334899092423
0.440107613264
0.99
0.366516705691
0.473337076216
0.99
0.368946249619
0.473858220154
0.99
0.379988026281
0.487835609535
0.99
0.379988026281
0.487835609535
1.0
0.38085662979
0.489309528049
1.0
0.383407396406
0.49386853165
1.0
0.383306122648
0.497660574704
1.0
0.381715504103
0.497001584798
1.0
0.381566297717
0.4975101818
1.0
0.380743925812
0.496642503463
1.0
0.380874830046
0.495102916194
1.0
0.380869659438
0.494837871407
1.0
0.380869659438
0.494837871407
1.0
0.380822749264
0.494485164756
1.0
0.380015624491
0.494193805232
1.0
0.379957019898
0.494549675096
0.993508671055
0.379964880336
0.493454003936
0.993508671055
0.379880819358
0.493181018424
1.0
0.379275029936
0.493259314154
1.0
0.379259376618
0.493655565778
1.0
0.379259376618
0.493655565778
1.0
0.379992314032
0.49366417864
1.0
0.380033758421
0.493046649288
1.0
0.380169490374
0.49257771345
1.0
0.380041971392
0.493193926945
1.0
0.37971843508
0.493912959189
1.0
0.379729092008
0.493943607613
1.0
0.38010491051
0.493676843434
1.0
0.380209204465
0.492942549811
1.0
0.380209204465
0.492942549811
1.0
0.379956946668
0.492605880344
1.0
0.379807598998
0.493158906068
1.0
0.378284170682
0.493215326458
1.0
0.378366169069
0.492975864623
0.914397115649
0.379580624515
0.491437599495
0.914397115649
0.379484595934
0.491861101154
1.0
0.379919957088
0.492997868596
1.0
0.379919957088
0.492997868596
1.0
0.379981212653
0.492593456747
1.0
0.380342945257
0.491736839572
1.0
0.380289500143
0.49199233807
1.0
0.386871815208
0.495833077842
1.0
0.387922599747
0.493599176126
0.99
0.422567710841
0.51781049279
0.99
0.427128898465
0.513888392588
0.99
0.459660722794
0.543113947844
0.99
0.465841198972
0.541212820419
0.99
0.489161109927
0.558614459128
0.99
0.489161109927
0.558614459128
0.99
0.492037225158
0.554857020826
0.997740893307
0.50164088626
0.561193197343
1.0
0.504707361547
0.557320462857
1.0
0.503991329653
0.556198363733
1.0
0.502756635113
0.554973025777
1.0
0.503672857535
0.556493076289
1.0
0.503575663095
0.556645593443
1.0
0.503575663095
0.556645593443
1.0
0.503719482705
0.556720075155
1.0
0.503597461826
0.55555870079
1.0
0.503463855965
0.555832775321
1.0
0.503231076223
0.55627840036
1.0
0.503447354832
0.556023706022
1.0
0.503120782317
0.555946470574
1.0
0.502910861708
0.556034096581
1.0
0.502770893582
0.556187418774
1.0
0.502770893582
0.556187418774
1.0
0.502752443531
0.556468386135
1.0
0.50270069365
0.556349194521
1.0
0.502614006419
0.556028876718
1.0
0.501897282027
0.55630157243
1.0
0.501649674192
0.556843414579
1.0
0.501779117736
0.557351115802
1.0
0.501847221449
0.557387463056
1.0
0.501967203291
0.557314795953
1.0
0.501948102752
0.557314583112
1.0
0.501948102752
0.557314583112
1.0
0.501261962247
0.557003551045
1.0
0.501188347704
0.557372872079
1.0
0.501017198611
0.557583960588
1.0
0.500911090156
0.5576311775
1.0
0.500771758371
0.557609001566
1.0
0.500892954691
0.557715352337
1.0
0.501066484644
0.557581737155
1.0
0.501066484644
0.557581737155
1.0
0.500976874841
0.557255865301
1.0
0.500816279735
0.557253590445
1.0
0.50067142188
0.557677747656
1.0
0.500842262019
0.557980009615
1.0
0.500884722969
0.558464042484
1.0
0.501206732815
0.559131324139
1.0
0.501113533313
0.559254010328
1.0
0.500150225363
0.557551889754
1.0
0.500150225363
0.557551889754
1.0
0.500254953515
0.557311684397
1.0
0.500186539633
0.558244034604
1.0
0.500157005524
0.558416232127
1.0
0.500964476135
0.558765207595
1.0
0.500923123252
0.558887282961
1.0
0.500096158149
0.558906784237
1.0
0.499949967235
0.558881906888
1.0
0.500407428855
0.558638925341
1.0
0.500500200103
0.558953451533
1.0
0.500500200103
0.558953451533
1.0
0.500181436973
0.559126694357
1.0
0.50013259493
0.559210737447
1.0
0.500506364412
0.559438625493
1.0
0.500484947701
0.559571362376
1.0
0.500619544903
0.559619073619
1.0
0.500518019101
0.559628352924
1.0
0.500518019101
0.559628352924
1.0
0.499286348259
0.559523437248
1.0
0.499475181047
0.559510045433
1.0
0.500102439848
0.560403397057
1.0
0.500034211862
0.560413941217
1.0
0.499957283096
0.560005995549
1.0
0.49992489068
0.560212958569
1.0
0.500131407163
0.559784991368
1.0
0.500125599441
0.55953117089
1.0
0.500015648601
0.558925607958
1.0
0.499878698824
0.559224117334
1.0
0.499878698824
0.559224117334
1.0
0.498787311514
0.558438840788
1.0
0.498838302783
0.558323766306
1.0
0.499345786624
0.558808348899
1.0
0.4993726625
0.558283352612
1.0
0.498623295545
0.557276277339
1.0
0.498465255015
0.557761595129
1.0
0.498465255015
0.557761595129
1.0
0.498473036786
0.556966463339
1.0
0.4985071023
0.55698149451
1.0
0.497805051432
0.556963948022
1.0
0.497813611754
0.556297129477
1.0
0.497755918354
0.555731112514
1.0
0.497662596057
0.555890747186
1.0
0.497535231089
0.556027370647
1.0
0.497382324094
0.555487295719
1.0
0.497262454494
0.554727158192
1.0
0.497262454494
0.554727158192
1.0
0.497307095969
0.554321305136
1.0
0.49677069329
0.554292432903
1.0
0.496833498832
0.554026859278
1.0
0.496459196904
0.553065417697
1.0
0.496491120577
0.553097715264
1.0
0.496807566116
0.553454684338
1.0
0.496701545095
0.55275255697
1.0
0.49702709857
0.55206479104
1.0
0.49702709857
0.55206479104
1.0
0.497008346085
0.552299296502
1.0
0.49621975825
0.551949455655
1.0
0.496239518556
0.55156354335
1.0
0.496187489923
0.551219983369
1.0
0.496199797695
0.551071618769
1.0
0.495315649985
0.550424467504
1.0
0.49543622082
0.549529792153
1.0
0.49543622082
0.549529792153
1.0
0.496054937864
0.549845142815
1.0
0.495848303103
0.549725744525
1.0
0.495362641105
0.549315619586
1.0
0.495151757576
0.549745192926
1.0
0.494897644149
0.549224311756
1.0
0.495072872291
0.549679179015
1.0
0.495835203575
0.550983963628
1.0
0.495571515949
0.551326115392
1.0
0.49557042941
0.551706506785
1.0
0.495404071711
0.551765532395
1.0
0.495404071711
0.551765532395
1.0
0.495662184695
0.551425530196
1.0
0.495660034972
0.5508703833
1.0
0.496300603919
0.550949928577
1.0
0.495865614991
0.552002537681
1.0
0.497356812835
0.553466243317
1.0
0.496483012102
0.555976470658
1.0
0.496483012102
0.555976470658
1.0
0.499232055071
0.560073417644
1.0
0.49785771102
0.563077834148
0.790637635002
0.462275956867
0.501347334137
0.790637635002
0.460508534773
0.504690062302
0.761314759194
0.799065447673
0.0569982749109
0.761314759194
0.798132745379
0.0619607711802
0.761314759194
0.793804785854
0.0136650358146
0.731419122421
0.966173659193
1.44398999989
0.731419122421
0.966173659193
1.44398999989
0.731419122421
0.178248931436
-0.18364926052
0.731419122421
0.218344147646
-0.22961731441
0.731419122421
0.218344147646
-0.22961731441
0.953733843945
1.30062022357
1.89913822967
0.953733843945
1.30062022357
1.89913822967
0.953733843945
1.30062022357
1.89913822967
0.775696118919
100.0
100.0
0.775696118919
100.0
100.0
0.775696118919
0.627767960172
-0.282478013165
0.775696118919
100.0
100.0
0.907449982549
-100.0
-100.0
0.907449982549
-100.0
-100.0
0.907449982549
-100.0
-100.0
0.907449982549
0.694934665188
-0.0222080075762
0.943970498091
0.491657705566
0.604191139649
1.0
0.493322386543
0.593664983857
1.0
0.493090706748
0.596469344617
1.0
0.493489104508
0.596804494162
1.0
0.493953216475
0.594827775624
1.0
0.494658210862
0.592496603664
1.0
0.494658210862
0.592496603664
1.0
0.494835100707
0.592984899767
