1.0
0.408624738317
0.424123901843
1.0
0.408098783844
0.423137599961
1.0
0.408079768894
0.423236354572
1.0
0.408595828538
0.424504499498
1.0
0.408768320209
0.424278943946
1.0
0.408568768281
0.424499242046
1.0
0.408549844932
0.424991161055
1.0
0.408358039009
0.425144385643
1.0
0.408358039009
0.425144385643
1.0
0.408475777849
0.4249752076
1.0
0.408564425164
0.425225006431
1.0
0.408672533401
0.425455523351
1.0
0.408346553292
0.425588461738
1.0
0.40846317871
0.425207111458
1.0
0.408140794644
0.425113727309
1.0
0.408107276628
0.425757552085
1.0
0.407928094027
0.425724799306
1.0
0.407928094027
0.425724799306
1.0
0.407913616018
0.425591668437
1.0
0.408625285379
0.425799005176
1.0
0.408648427334
0.426076437975
1.0
0.408100713635
0.424663792359
1.0
0.408100751591
0.424534992968
1.0
0.407274188318
0.424479258689
1.0
0.406666592262
0.425219706093
1.0
0.397524923209
0.422231529787
1.0
0.394084336747
0.429439139227
1.0
0.394084336747
0.429439139227
