1.0
0.50631232792
0.682190333675
1.0
0.506311201588
0.682200230848
1.0
0.506239341074
0.680956015061
1.0
0.506238905636
0.680917679116
1.0
0.50618517084
0.680131874554
1.0
0.506179180682
0.680153348723
1.0
0.506628673508
0.681603944672
1.0
0.506628673508
0.681603944672
0.989332485377
0.506625441297
0.681581531617
0.989332485377
0.506464375452
0.681286767915
1.0
0.506465602289
0.68130018744
1.0
0.506552331126
0.681208730735
1.0
0.506559095838
0.681233413582
1.0
0.506888580661
0.68139275524
1.0
0.506891509832
0.681362320753
1.0
0.506662405736
0.681750268942
1.0
0.506672198938
0.681778340646
1.0
0.505790949318
0.681272811707
1.0
0.505790949318
0.681272811707
1.0
0.505778426321
0.681245272278
