1.0
0.502317767679
0.561577745397
1.0
0.502058090358
0.56195239158
1.0
0.502051432495
0.561970093887
1.0
0.502057762069
0.561986190778
1.0
0.502052973937
0.562030894773
1.0
0.502031131035
0.562036061908
1.0
0.50233843926
0.563310242097
1.0
0.502368008391
0.563400857893
1.0
0.502342080727
0.563384013564
1.0
0.502342080727
0.563384013564
0.996454478403
0.502316592956
0.563289099207
0.996454478403
0.50213231426
0.563725892954
1.0
0.502152231709
0.563825340946
1.0
0.502163045573
0.563757483293
1.0
0.502163045573
0.563757483293
1.0
0.502171078497
0.56381505703
1.0
0.502145705643
0.563853954641
1.0
0.502089523047
0.56411034575
1.0
0.502101709733
0.564141888676
1.0
0.502037100879
0.564172415919
1.0
0.50205474233
0.564181072534
1.0
0.50205474233
0.564181072534
1.0
0.501581199673
0.563524378181
1.0
0.501562006105
0.56355476974
1.0
0.501577634122
0.563541103234
1.0
0.501562959821
0.563561743724
1.0
0.501523478516
0.563498264399
1.0
0.501523478516
0.563498264399
1.0
0.501212134777
0.56308964664
1.0
0.501219384535
0.563133202057
1.0
0.501212327461
0.563176839498
1.0
0.501177985462
0.563150414999
1.0
0.501177985462
0.563150414999
1.0
0.501375725283
0.562731797997
1.0
0.501394129685
0.562782781904
1.0
0.501367497589
0.562740523324
1.0
0.501357417758
0.562813990808
1.0
0.501350162204
0.562818902878
1.0
0.500419686497
0.562263580541
1.0
0.500436562583
0.562277785614
1.0
0.500436562583
0.562277785614
1.0
0.50042122396
0.562255888056
1.0
0.500382253668
0.562199768736
1.0
0.500066614553
0.562060316271
1.0
0.500057077377
0.562126977445
1.0
0.500057077377
0.562126977445
1.0
0.500074352581
0.562094101066
1.0
0.500063518826
0.562137642285
1.0
0.500061503306
0.562128000812
1.0
0.500061503306
0.562128000812
1.0
0.499527097492
0.560933205718
1.0
0.499532702601
0.56098885554
1.0
0.499508404858
0.560977141692
1.0
0.499491085776
0.560873721398
1.0
0.499479851619
0.560869873207
1.0
0.499227403183
0.561041126117
0.957107543185
0.499213741136
0.561010601908
0.957107543185
0.499213741136
0.561010601908
1.0
0.499222440486
0.561092832688
1.0
0.499215350025
0.561050083064
1.0
0.499743599165
0.560223290156
1.0
0.499754839542
0.560288873821
1.0
0.499754839542
0.560288873821
1.0
0.499737832076
0.560233526221
1.0
0.499729489524
0.560248435171
1.0
0.499726182907
0.560212810291
1.0
0.500891370244
0.559706730628
1.0
0.500927270919
0.559713769395
1.0
0.500929007187
0.559725852907
1.0
0.500914571667
0.559648402964
1.0
0.500914571667
0.559648402964
1.0
0.506434462454
0.572371624203
1.0
0.506495197523
0.57245929702
1.0
0.506518411044
0.572444656316
1.0
0.506494219645
0.57229933741
1.0
0.50649548084
0.572590792211
1.0
0.50649548084
0.572590792211
1.0
0.505611150474
0.572601597293
1.0
0.505592019211
0.573067695613
1.0
0.505576803917
0.573343989485
1.0
0.505538864617
0.573531568972
1.0
0.505538864617
0.573531568972
1.0
0.505239434968
0.57328812415
1.0
0.505270236908
0.573202548777
1.0
0.505269192208
0.573202321506
1.0
0.505249678269
0.573202347174
1.0
0.505273365308
0.573156170641
1.0
0.505273365308
0.573156170641
1.0
0.505614115464
0.573326737591
1.0
0.505589207669
0.573366177565
1.0
0.505577375391
0.573409172996
1.0
0.505577452625
0.573392627856
1.0
0.505582114824
0.573384031236
1.0
0.505565361697
0.573250667647
1.0
0.505565361697
0.573250667647
1.0
0.505563299229
0.573301500407
0.988774375285
0.505521543955
0.57325503222
1.0
0.50553369372
0.573300529302
1.0
0.50553369372
0.573300529302
1.0
0.505092137731
0.573260766071
1.0
0.505094553687
0.573251177375
1.0
0.505112855521
0.573297099938
1.0
0.505087679791
0.573266686251
1.0
0.505104031136
0.573278261456
1.0
0.505104031136
0.573278261456
1.0
0.504206168073
0.573780969654
1.0
0.504167835436
0.573755639241
1.0
0.504158711189
0.573776560196
1.0
0.504156330617
0.573770096899
1.0
0.504112977519
0.573796421193
1.0
0.503475455865
0.573284889549
1.0
0.503491903666
0.57330102999
1.0
0.503460856771
0.57333818898
1.0
0.50343683271
0.573392159951
1.0
0.50343683271
0.573392159951
1.0
0.502522720208
0.573141425595
1.0
0.502535613437
0.573031209456
1.0
0.502535613437
0.573031209456
1.0
0.502494747778
0.573055901639
1.0
0.502501292636
0.57310259311
1.0
0.502469005163
0.573078571353
1.0
0.501098004224
0.571950067633
1.0
0.501075589153
0.571948625416
1.0
0.501081746225
0.571972032615
1.0
0.501032601843
0.571921359752
1.0
0.501032601843
0.571921359752
1.0
0.499857973516
0.570927846395
1.0
0.499860859937
0.570930604004
1.0
0.499842032641
0.5709434104
1.0
0.499840339647
0.570918977932
1.0
0.552200606949
0.592380944089
1.0
0.552186167789
0.592374323403
1.0
0.552186167789
0.592374323403
1.0
0.552125373187
0.59223718848
1.0
0.552114614977
0.59217315252
1.0
0.551927321254
0.592189218291
1.0
0.551885774568
0.592255261904
1.0
0.551731129646
0.592270802273
1.0
0.551759992043
0.592266502999
1.0
0.551695201137
0.592263627247
1.0
0.551563641334
0.592094617322
1.0
0.551563641334
0.592094617322
1.0
0.551487610389
0.592115583012
1.0
0.551355131505
0.591890668368
0.987128277741
0.551343698342
0.591787479884
0.987128277741
0.551346547854
0.591733296374
0.9960487196
0.551305007151
0.59179082786
0.9960487196
0.551251253269
0.591632650117
1.0
0.551262850903
0.591656560685
1.0
0.551252321214
0.591427501886
1.0
0.551238189328
0.591444250325
1.0
0.551288354095
0.591369783212
1.0
0.551288354095
0.591369783212
1.0
0.551295983074
0.59130710782
1.0
0.551184821189
0.591239285997
1.0
0.551188027949
0.591203834356
1.0
0.551203232229
0.591195636007
1.0
0.551188876494
0.591194084792
1.0
0.551189133627
0.591173408174
1.0
0.551189133627
0.591173408174
1.0
0.551213763976
0.591400994092
1.0
0.551213591434
0.591376602436
1.0
0.551245940017
0.591417003832
1.0
0.551236504852
0.591466061586
1.0
0.551125552757
0.591511813485
1.0
0.551123878154
0.59151111639
1.0
0.551117926478
0.591636419289
1.0
0.551090266146
0.59166627781
1.0
0.551090266146
0.59166627781
1.0
0.5509323934
0.592024634511
1.0
0.550937236766
0.592005347586
1.0
0.550937236766
0.592005347586
1.0
0.55091822024
0.592035406519
1.0
0.550885651175
0.592080656848
1.0
0.550872840375
0.592098749914
1.0
0.550816510132
0.592150643618
1.0
0.550805747454
0.592232952405
1.0
0.550808435025
0.592424386571
1.0
0.55080710769
0.592411269708
1.0
0.550744764858
0.592658401449
1.0
0.550650793796
0.592713303689
1.0
0.550650793796
0.592713303689
1.0
0.550737150615
0.593786179456
1.0
0.550738813156
0.593885433106
1.0
0.550720506734
0.59393082504
0.954293106453
0.550672951686
0.5939482579
0.954293106453
0.550238098707
0.593619721152
1.0
0.550188926247
0.593855381247
1.0
0.550188926247
0.593855381247
1.0
0.550188926247
0.593855381247
1.0
0.482147690379
0.764181490265
1.0
0.482076128857
0.76401392672
1.0
0.482076128857
0.76401392672
1.0
0.481984342607
0.764156199465
1.0
0.481947118416
0.764312529552
1.0
0.481916971063
0.764423527717
1.0
0.481749550102
0.764636137664
1.0
0.481749550102
0.764636137664
1.0
0.481684823231
0.764781530185
1.0
0.481566572908
0.764845544998
1.0
0.481458451882
0.76499764708
1.0
0.547606714114
0.598192267612
1.0
0.547583831761
0.598296544198
1.0
0.547583831761
0.598296544198
1.0
0.547517865879
0.598350719968
1.0
0.547441499378
0.598426455763
1.0
0.547403485646
0.598487938363
1.0
0.547373755823
0.598625985615
1.0
0.547324589852
0.59862278
1.0
0.547307617476
0.598696111839
1.0
0.547228643981
0.598709429511
1.0
0.547228643981
0.598709429511
1.0
0.478269225775
0.764609950631
1.0
0.478269225775
0.764609950631
1.0
0.478219529547
0.764682904987
1.0
0.47810002692
0.76474627335
1.0
0.478086776953
0.764743691971
1.0
0.478049047683
0.764926239767
1.0
0.478049047683
0.764926239767
1.0
0.545558986735
0.597105913737
1.0
0.54554965814
0.597156869411
1.0
0.545514426234
0.597172413903
1.0
0.54543550807
0.597246161254
1.0
0.545416971166
0.597208980333
1.0
0.545429197018
0.59719318744
1.0
0.545412817705
0.597190521014
1.0
0.545442518728
0.59712226362
1.0
0.545429905994
0.597066525844
1.0
0.545429905994
0.597066525844
1.0
0.545429905994
0.597066525844
1.0
0.475141129106
0.763262093953
0.978187238629
0.475169369198
0.763114642637
1.0
0.475243807699
0.762949367153
1.0
0.475253005184
0.762911600313
1.0
0.475253005184
0.762911600313
1.0
0.475276982677
0.762708293321
1.0
0.475195011381
0.76241463188
1.0
0.475220633204
0.762332244843
1.0
0.475305081846
0.76233757594
1.0
0.475305081846
0.76233757594
1.0
0.541786267013
0.591470968067
1.0
0.541814223909
0.591262254377
1.0
0.541710086214
0.591227782282
1.0
0.541211745859
0.591717933648
1.0
0.540898703487
0.591932104673
1.0
0.540838787787
0.591998552046
1.0
0.540856599436
0.592028359277
1.0
0.540849062632
0.591910806321
1.0
0.540849062632
0.591910806321
1.0
0.540849657583
0.591891954271
1.0
0.540849657583
0.591891954271
1.0
0.467201392561
0.758325564715
1.0
0.467217937796
0.758320522862
0.99079939913
0.467258103005
0.758124934573
1.0
0.467282646766
0.758194322102
1.0
0.467282646766
0.758194322102
1.0
0.46733639289
0.758098989784
1.0
0.467379168895
0.758076308383
1.0
0.467468924592
0.758131683536
1.0
0.467447957947
0.757896873168
1.0
0.467447957947
0.757896873168
1.0
0.467548895076
0.75775098971
1.0
0.542301505365
0.589377291296
1.0
0.542325546935
0.589291552196
1.0
0.542364961805
0.589198246002
1.0
0.542375242612
0.589191998052
1.0
0.542364773956
0.589131274996
1.0
0.542409182255
0.589074224581
1.0
0.542409182255
0.589074224581
1.0
0.542428323493
0.588990278235
1.0
0.542482016731
0.588879058245
1.0
0.5425068278
0.588852014316
1.0
0.542785019358
0.587341725422
1.0
0.542812851908
0.587352367165
1.0
0.542812851908
0.587352367165
1.0
0.542859336193
0.587235022353
1.0
0.542909385878
0.587132929767
1.0
0.542958279089
0.586980188382
1.0
0.542995733495
0.586916282251
1.0
0.542997900025
0.586845430587
1.0
0.543077517721
0.58667795792
1.0
0.543123157494
0.586622188075
1.0
0.543292764805
0.586877538337
1.0
0.543292764805
0.586877538337
1.0
0.54332505143
0.586808327043
1.0
0.543548869901
0.586385418177
1.0
0.543582610767
0.586343384041
1.0
0.543626425776
0.586243101388
1.0
0.543643682172
0.586224594559
1.0
0.54387350365
0.58656158534
1.0
0.543887977294
0.58658877166
1.0
0.543964553192
0.586477914747
1.0
0.544015767804
0.586451338512
1.0
0.544015767804
0.586451338512
1.0
0.544400372277
0.586372335724
1.0
0.544438139517
0.586288550935
1.0
0.544479366723
0.586234796197
1.0
0.544502535639
0.586310592573
1.0
0.544644303624
0.586324440849
1.0
0.544708403849
0.586130668965
1.0
0.544708403849
0.586130668965
1.0
0.54483613436
0.586139389809
1.0
0.544839616219
0.586174995475
1.0
0.544951597964
0.586135962186
1.0
0.545011816817
0.586090179633
1.0
0.54507581833
0.586358624227
1.0
0.545076344987
0.586329337749
1.0
0.545201666469
0.586214176553
1.0
0.545265217551
0.586102176145
1.0
0.545265217551
0.586102176145
1.0
0.545292785107
0.586101779183
1.0
0.545314129636
0.586052331326
1.0
0.545607038696
0.585940530983
1.0
0.545612827079
0.585924653274
1.0
0.545612827079
0.585924653274
1.0
0.545630470886
0.585918030818
1.0
0.545660814577
0.585878259071
1.0
0.545776463215
0.585752480058
1.0
0.545801274522
0.58573001013
1.0
0.545905825848
0.585817126802
1.0
0.545915629619
0.585847266544
1.0
0.545954259356
0.585642806162
1.0
0.546028254613
0.585575793731
1.0
0.546028254613
0.585575793731
1.0
0.546118128411
0.585705771936
1.0
0.546154395467
0.585633136203
1.0
0.546057179261
0.585697788839
1.0
0.546065146275
0.585698129848
1.0
0.546149093285
0.585355089691
1.0
0.54616718262
0.58530563529
1.0
0.546183608732
0.585224524137
1.0
0.546173128319
0.584946113101
1.0
0.546173128319
0.584946113101
1.0
0.546165514128
0.584997210565
1.0
0.546170145895
0.584811601086
1.0
0.54618697997
0.584830450835
1.0
0.546184563833
0.584866924791
1.0
0.546203686277
0.584815141288
1.0
0.546181930574
0.584633221951
1.0
0.546142830446
0.584637381892
1.0
0.546167369415
0.584763875322
1.0
0.546172405293
0.584692118347
1.0
0.546172405293
0.584692118347
1.0
0.546147294714
0.584779721164
1.0
0.546153353287
0.584767344253
1.0
0.54625706349
0.584709276907
1.0
0.546262201107
0.584708983573
1.0
0.546266588363
0.584702218148
1.0
0.546215789044
0.58471390439
1.0
0.546215789044
0.58471390439
1.0
0.546205455299
0.584704479648
1.0
0.54626196365
0.584830173758
1.0
0.546252882932
0.584889491255
1.0
0.546598688351
0.587434566751
1.0
0.546607075766
0.587380399277
1.0
0.546607075766
0.587380399277
1.0
0.546607075766
0.587380399277
1.0
0.475319811585
0.757509819915
1.0
0.475330794531
0.757795611386
1.0
0.475004202107
0.758579295099
1.0
0.475004202107
0.758579295099
1.0
0.474458578184
0.760451422904
1.0
0.474071735726
0.762030513866
1.0
0.473677931457
0.763088937194
1.0
0.473410001657
0.763896610911
1.0
0.473410001657
0.763896610911
1.0
0.473602657446
0.763507138676
1.0
0.47355137744
0.763615167329
1.0
0.473570939339
0.763660399382
1.0
0.473624446348
0.763877778388
1.0
0.473624446348
0.763877778388
