1.0
0.356551557598
0.410710915906
1.0
0.356608383304
0.410559628552
1.0
0.355960979875
0.41033603549
1.0
0.355953648657
0.410583203462
1.0
0.356300417269
0.41051518727
1.0
0.35628482399
0.41069267915
1.0
0.356387019095
0.410874454491
1.0
0.356387019095
0.410874454491
1.0
0.356353525364
0.411298570422
1.0
0.356505227234
0.411548950028
1.0
0.356489213736
0.411854694343
1.0
0.356889768754
0.412417465981
1.0
0.356842495761
0.412804488608
1.0
0.356485999416
0.412755553604
1.0
0.356422124631
0.413025990576
1.0
0.356518361144
0.413544360027
1.0
0.356518361144
0.413544360027
1.0
0.356477277824
0.413847212337
1.0
0.356091982979
0.413963335556
1.0
0.356088971022
0.41418020432
1.0
0.356231041037
0.414960671038
1.0
0.356169173116
0.415363707414
1.0
0.356323420921
0.415702876135
1.0
0.356328073493
0.415739100948
1.0
0.356590131832
0.416199065669
1.0
0.356590131832
0.416199065669
1.0
0.356572150369
0.416543116665
1.0
0.356672352682
0.416908294904
1.0
0.356659073437
0.417215888398
1.0
0.356695001562
0.417337957456
1.0
0.356683108301
0.417654431307
1.0
0.356610991468
0.417768872283
1.0
0.356606963386
0.417884344415
1.0
0.356837280764
0.418237717211
1.0
0.356837280764
0.418237717211
1.0
0.356707041613
0.418791177016
1.0
0.356350388377
0.418649361257
1.0
0.356311307072
0.418724366693
1.0
0.3562190156
0.41880132155
1.0
0.35630517984
0.418524741333
1.0
0.356784362548
0.418268376207
1.0
0.356875952299
0.417936407533
1.0
0.357057256182
0.418241085357
1.0
0.357057256182
0.418241085357
1.0
0.357082998329
0.418170173758
1.0
0.357206315834
0.418208593982
1.0
0.357245903542
0.417948068434
1.0
0.357120728251
0.417849908602
1.0
0.357222812419
0.417637193341
1.0
0.357516165491
0.417914903232
1.0
0.35757384683
0.418004791707
1.0
0.357941473187
0.417717971454
1.0
0.357941473187
0.417717971454
1.0
0.358035249537
0.417459250733
1.0
0.358401587295
0.417905490117
1.0
0.358541756754
0.417797080572
1.0
0.358874757248
0.418692772487
1.0
0.358980448687
0.418880280836
1.0
0.359318477157
0.41917937466
1.0
0.359410055217
0.419455987829
1.0
0.360348712042
0.420067162619
1.0
0.360348712042
0.420067162619
1.0
0.360498787344
0.419838765517
1.0
0.360859822267
0.41989348136
1.0
0.360947764266
0.41988455588
1.0
0.361105368136
0.420072870329
1.0
0.361297022326
0.419342203313
1.0
0.361760247625
0.419134531838
1.0
0.361929904639
0.41893439628
1.0
0.361637857677
0.419386560127
1.0
0.361637857677
0.419386560127
1.0
0.361650170487
0.419743827745
1.0
0.362785562272
0.420927935998
1.0
0.362845448205
0.421028189372
1.0
0.362688487819
0.421241729121
1.0
0.362848345292
0.420707088609
1.0
0.363139513578
0.420746480918
1.0
0.363199796724
0.42092552425
1.0
0.36330575916
0.421306930152
1.0
0.36330575916
0.421306930152
1.0
0.363333805467
0.42142827501
1.0
0.363157424334
0.421295556904
1.0
0.363197100245
0.421236895904
1.0
0.363491056755
0.421499511386
1.0
0.363430961104
0.421525788187
1.0
0.363559556553
0.421598165203
1.0
0.363573194146
0.42178772007
1.0
0.363815895385
0.421986608116
1.0
0.363815895385
0.421986608116
1.0
0.363769390513
0.422294167279
1.0
0.363384676371
0.421855224329
1.0
0.363403815878
0.421929267698
1.0
0.363219807197
0.422097728009
1.0
0.363157864759
0.422262877734
1.0
0.363581137323
0.422673799094
1.0
0.363508589499
0.422944074514
1.0
0.363453969066
0.423034982937
1.0
0.363453969066
0.423034982937
1.0
0.363391543683
0.423314599913
1.0
0.36307300647
0.423210541928
1.0
0.363029020114
0.423359601869
1.0
0.362577745489
0.423084470377
1.0
0.362531306073
0.423450738752
1.0
0.362487579795
0.423260112665
1.0
0.362369652801
0.423553804932
1.0
0.362251596304
0.423890184971
1.0
0.362251596304
0.423890184971
1.0
0.36226767268
0.423909814636
1.0
0.362633742464
0.424109141848
1.0
0.362600898282
0.424057769467
1.0
0.362241211272
0.423697035448
1.0
0.362189895249
0.42379247319
1.0
0.361896788787
0.423479227618
1.0
0.36194086794
0.423348602716
1.0
0.361890009995
0.423244353401
1.0
0.361890009995
0.423244353401
1.0
0.361879895721
0.42326568537
1.0
0.361961975435
0.423487098503
1.0
0.362045391772
0.423266488406
1.0
0.361940690608
0.423077655868
1.0
0.361933106373
0.42315599593
1.0
0.361648344327
0.422863511287
1.0
0.361691172671
0.422564277073
1.0
0.361811952309
0.422942171236
1.0
0.361811952309
0.422942171236
1.0
0.3618407586
0.422882849312
1.0
0.361824938335
0.422515525035
1.0
0.361842351161
0.422485141075
1.0
0.361937917438
0.422048547486
1.0
0.361972487631
0.421967192369
1.0
0.362051680639
0.422095000525
1.0
0.36212838114
0.421924805726
1.0
0.362189983427
0.422314882221
1.0
0.362189983427
0.422314882221
1.0
0.362181145308
0.422313812903
1.0
0.362187825035
0.422488681399
1.0
0.362194197698
0.422605908146
1.0
0.362717901604
0.422690816308
1.0
0.362816481997
0.422366863872
1.0
0.36178937335
0.42169487881
1.0
0.36176241528
0.421827436981
1.0
0.361865435989
0.421970705138
1.0
0.361865435989
0.421970705138
1.0
0.361877311006
0.422118225318
1.0
0.362385497524
0.422692587034
1.0
0.36242378313
0.422535988162
1.0
0.362488310168
0.422531917391
1.0
0.362516155607
0.422449757879
1.0
0.362550568208
0.422369501437
1.0
0.362526613853
0.422470985801
1.0
0.362516018338
0.422460985046
1.0
0.362516018338
0.422460985046
1.0
0.362496504002
0.422447582457
1.0
0.362706298522
0.422547604726
1.0
0.362741213907
0.422589458925
1.0
0.363228137631
0.422949767128
1.0
0.363237964206
0.422999186316
1.0
0.362663036294
0.421862030168
1.0
0.362694770381
0.42185519626
1.0
0.362675924023
0.421897923432
1.0
0.362675924023
0.421897923432
1.0
0.362707337527
0.421709327424
1.0
0.362885270145
0.422266498207
0.847282932999
0.362902904489
0.422227120764
0.847282932999
0.362776002949
0.421986922745
1.0
0.362770788591
0.421975460521
1.0
0.362817789789
0.42224485988
1.0
0.362827828466
0.422264033452
1.0
0.363081366914
0.422171655509
1.0
0.363081366914
0.422171655509
1.0
0.36310848376
0.42227669098
1.0
0.363161842446
0.422491251969
0.827924547973
0.363178287314
0.422436755474
0.827924547973
0.36310439958
0.422025515649
0.803154177689
0.363121268929
0.421985251851
0.803154177689
0.363709523042
0.422511587159
0.803534905571
0.363726099402
0.422472686606
0.803534905571
0.363866694309
0.422349477406
0.803534905571
0.363866694309
0.422349477406
0.797985421283
0.363882962422
0.422311925892
0.797985421283
0.363648179658
0.422696620748
0.828492264914
0.363664124123
0.422660433159
0.828492264914
0.364098769658
0.423094790708
1.0
0.364223257817
0.423207879723
1.0
0.364192447206
0.423280963227
1.0
0.36426583483
0.423166292506
1.0
0.36451873207
0.423444311283
1.0
0.36451873207
0.423444311283
1.0
0.364557969665
0.423519130198
1.0
0.36433942872
0.423456182839
1.0
0.364392672373
0.423375505026
1.0
0.364736625464
0.42347490466
0.826944828012
0.364751121176
0.42345092365
0.826944828012
0.365034878168
0.423657229017
1.0
0.365102957337
0.423622870087
1.0
0.364829705821
0.423565289355
1.0
0.364829705821
0.423565289355
1.0
0.364824794136
0.423446394677
1.0
0.364846030415
0.423911314754
1.0
0.364822115165
0.424296583227
1.0
0.364857922795
0.423908216143
1.0
0.364842465199
0.423922800461
1.0
0.365174372987
0.424960358584
1.0
0.36519767536
0.425154782579
1.0
0.365222979531
0.425288169667
1.0
0.365222979531
0.425288169667
0.795303225389
0.365237905977
0.425258715222
0.795303225389
0.365193638745
0.425392706927
1.0
0.365110674303
0.425767475129
1.0
0.36520750622
0.426190477522
1.0
0.365177350946
0.426480666808
1.0
0.365381373769
0.426943529926
1.0
0.365381440438
0.427222088842
1.0
0.365501864341
0.4271478094
1.0
0.365501864341
0.4271478094
1.0
0.365461477689
0.42748787055
1.0
0.365567476472
0.427601140788
1.0
0.365556098572
0.427661279352
1.0
0.365458130865
0.427883577861
1.0
0.365481356958
0.428076113031
1.0
0.365405540305
0.428300346206
1.0
0.365383034152
0.428468479033
1.0
0.365487795375
0.428474545713
1.0
0.365487795375
0.428474545713
1.0
0.365524441538
0.428268792127
1.0
0.365475851659
0.428444543312
1.0
0.365480199803
0.428638296006
1.0
0.36551443364
0.428667187997
1.0
0.365510782374
0.428705823228
1.0
0.365995233381
0.429300164057
1.0
0.366043435792
0.42927932428
1.0
0.366256626844
0.429272011566
1.0
0.366256626844
0.429272011566
0.810459407584
0.366262064551
0.429304813344
0.810459407584
0.366087229452
0.42930682357
1.0
0.366107703035
0.429371375271
1.0
0.36602202915
0.429404054417
1.0
0.366030638591
0.429304686053
1.0
0.366077752807
0.429297548254
1.0
0.366051245965
0.429668094803
1.0
0.366004626249
0.43000532701
1.0
0.366004626249
0.43000532701
1.0
0.366040706771
0.429974064071
1.0
0.366217124692
0.43021527464
1.0
0.366257153171
0.430243187768
1.0
0.366046465448
0.430171100053
1.0
0.36598488926
0.430738275737
1.0
0.366748448403
0.431096501093
1.0
0.366778079927
0.431032770716
1.0
0.366799580621
0.431846591269
1.0
0.366799580621
0.431846591269
1.0
0.366831602492
0.432205148861
1.0
0.366674559638
0.432364072854
1.0
0.366674519007
0.432591852518
1.0
0.367192140225
0.433387481442
1.0
0.367180923542
0.433874106697
1.0
0.367165787825
0.434300170019
1.0
0.367164567079
0.434719267871
1.0
0.367164198495
0.435150746162
1.0
0.367164198495
0.435150746162
1.0
0.36712140431
0.435789626303
1.0
0.367327433338
0.436639273189
1.0
0.367349341777
0.437214639759
1.0
0.367857976977
0.438577239827
1.0
0.367874114663
0.439075192478
1.0
0.367979270706
0.439441932848
1.0
0.367943272536
0.44026150256
1.0
0.36819630847
0.440727734162
1.0
0.36819630847
0.440727734162
1.0
0.36819778652
0.441553092537
1.0
0.368293560092
0.443126171783
1.0
0.368342775857
0.443626125305
1.0
0.368406931529
0.444249394533
1.0
0.368469340919
0.444791521009
1.0
0.368821797114
0.446196607936
1.0
0.368870300368
0.446803671156
1.0
0.369112478249
0.447720526242
1.0
0.369112478249
0.447720526242
1.0
0.369239535353
0.448473141392
1.0
0.370216883525
0.449717717903
1.0
0.370294074099
0.450194720486
1.0
0.373051803375
0.455330465715
1.0
0.373900820001
0.457048680897
1.0
0.377625909896
0.465131170235
0.99
0.379477514708
0.470282843825
0.99
0.387173654095
0.487944421796
0.99
0.387173654095
0.487944421796
0.602238606589
0.387906060893
0.501044012378
0.602238606589
0.389297003057
0.507587468936
0.602238606589
0.38931337885
0.510061104932
0.602238606589
0.390329134994
0.511075433761
0.636325708762
0.391870537794
0.511829145385
0.636325708762
0.391870537794
0.511829145385
0.636325708762
0.393928741475
0.513307502655
0.636325708762
0.394783197977
0.513898493523
1.0
0.395363374556
0.508327498778
1.0
0.397079149457
0.509342328303
1.0
0.398656617757
0.510055542558
1.0
0.3995876438
0.510183977307
1.0
0.400313640163
0.510706554901
1.0
0.400313640163
0.510706554901
1.0
0.401208163306
0.510585127034
1.0
0.402914379006
0.511307775274
1.0
0.403556084241
0.510171063184
1.0
0.404022304918
0.510294576569
1.0
0.404538705604
0.509254361278
1.0
0.406486149384
0.509556768789
1.0
0.407031898446
0.508466991203
1.0
0.408315646135
0.509045168001
1.0
0.408315646135
0.509045168001
1.0
0.408723444998
0.507794050496
1.0
0.410266920136
0.507966407247
1.0
0.410964794248
0.506988219695
1.0
0.412106697796
0.507018852699
1.0
0.412441586687
0.506489531007
1.0
0.413042342822
0.506698347035
1.0
0.413509007414
0.505965156307
1.0
0.414576063731
0.506131152248
1.0
0.414576063731
0.506131152248
1.0
0.414996779522
0.505444284773
1.0
0.415686390094
0.505438789591
1.0
0.416014523545
0.504792001903
1.0
0.417399817485
0.505760935344
1.0
0.417740621583
0.505143919971
1.0
0.418245474007
0.505117000427
1.0
0.418542953329
0.5046893991
1.0
0.419111909239
0.506024810918
1.0
0.419111909239
0.506024810918
1.0
0.419244518815
0.505882888091
1.0
0.419496141011
0.50502867351
1.0
0.419699362747
0.504960451521
1.0
0.420039323167
0.5051796087
1.0
0.420307291346
0.505114974168
1.0
0.420517387862
0.505224855841
1.0
0.420691408478
0.504376908809
1.0
0.420672960468
0.504391564907
1.0
0.420672960468
0.504391564907
1.0
0.420765465812
0.504408249669
1.0
0.42076474183
0.504107745174
1.0
0.420787226246
0.503708827394
1.0
0.420474191618
0.502976305948
1.0
0.42050377365
0.50270336594
1.0
0.420520229193
0.502309258077
1.0
0.420627580183
0.501595278108
1.0
0.420205544669
0.500508901353
1.0
0.420205544669
0.500508901353
1.0
0.420391271276
0.499586233334
1.0
0.420112128973
0.498533019435
1.0
0.420166481529
0.49788891831
1.0
0.420238235971
0.497855838375
1.0
0.420319456593
0.49700806443
1.0
0.420029768567
0.495727148137
1.0
0.419993269434
0.495024809378
1.0
0.419373480783
0.493454257875
1.0
0.419373480783
0.493454257875
1.0
0.419448347348
0.49238417038
1.0
0.419692578357
0.491431717482
1.0
0.419686741097
0.490559192052
1.0
0.419045740711
0.489420846905
1.0
0.419118472943
0.488507590472
1.0
0.41924811715
0.487416681845
1.0
0.419508791622
0.485955407476
1.0
0.419291955778
0.484896637439
1.0
0.419291955778
0.484896637439
1.0
0.419401553839
0.483786698516
1.0
0.419652994104
0.482110117498
1.0
0.419850942175
0.480616298226
1.0
0.419595451689
0.479297567807
1.0
0.419901601402
0.47768642891
1.0
0.420698358679
0.477154650596
1.0
0.42094792345
0.475471548124
1.0
0.42094792345
0.475471548124
1.0
0.421349626755
0.473952875816
1.0
0.421713102949
0.472112777318
1.0
0.422707788711
0.470678682039
1.0
0.423108779989
0.46894525464
1.0
0.424028029981
0.468291200045
1.0
0.424535352412
0.466002137862
1.0
0.425096186555
0.46456534847
1.0
0.42552536266
0.462760953666
1.0
0.426294973083
0.461536164017
1.0
0.426294973083
0.461536164017
1.0
0.426788323226
0.459133577167
1.0
0.42851504939
0.458162496447
1.0
0.429033609717
0.456205766917
1.0
0.426496957145
0.451481073502
1.0
0.42595987977
0.448760509128
1.0
0.421263307632
0.440976133681
1.0
0.419490908581
0.43999840795
0.948974246446
0.418521310452
0.436080186102
0.948974246446
0.418521310452
0.436080186102
0.948974246446
0.417497605093
0.43416404106
0.952727195938
0.417656075161
0.431730190973
0.952727195938
0.417815163895
0.429041667697
0.932472486818
0.417534649922
0.427625266315
0.932472486818
0.418328159211
0.424935835215
1.0
0.417066895702
0.421881287423
1.0
0.417698203379
0.419649120197
1.0
0.416411282999
0.416855184361
1.0
0.416411282999
0.416855184361
1.0
0.417062764371
0.414848015792
1.0
0.417929950118
0.414137525655
1.0
0.418568086119
0.411815227043
1.0
0.420253753876
0.411768341787
1.0
0.420814010075
0.410230252578
1.0
0.422504199285
0.410330943905
1.0
0.423006540474
0.408965281059
1.0
0.423006540474
0.408965281059
1.0
0.423771619485
0.408857779248
1.0
0.424485348048
0.407133084574
1.0
0.425933143228
0.406917667856
1.0
0.426303662503
0.405793706555
1.0
0.427639728874
0.406461324719
1.0
0.428008858287
0.405639200465
1.0
0.4292025589
0.405872708756
1.0
0.429673717797
0.404502300323
1.0
0.430608727067
0.404054814094
1.0
0.430608727067
0.404054814094
1.0
0.431009624249
0.402814931109
1.0
0.431400024654
0.402936959053
1.0
0.431773110763
0.402090931993
1.0
0.432965907584
0.402141156414
1.0
0.433217138802
0.400811809251
1.0
0.434378854488
0.400843190981
1.0
0.434782032993
0.399656269605
1.0
0.435381121551
0.399295017022
1.0
0.435381121551
0.399295017022
1.0
0.435715907149
0.398044606986
1.0
0.436429740227
0.398146231909
1.0
0.436734212423
0.397320271522
1.0
0.437413960775
0.397236185696
1.0
0.437721205051
0.39591973812
1.0
0.438159572512
0.395311504015
1.0
0.438356279902
0.394352693621
1.0
0.438972113759
0.394594388859
1.0
0.438972113759
0.394594388859
1.0
0.439237242074
0.393709675748
1.0
0.439754866654
0.393414534842
1.0
0.440050188994
0.392219542796
1.0
0.440320487291
0.392457073244
1.0
0.440516087397
0.391696047514
1.0
0.441697303632
0.391690049037
1.0
0.441697303632
0.391690049037
1.0
0.441981020607
0.390711621887
1.0
0.442717814947
0.390475415458
1.0
0.442924919267
0.389853186071
1.0
0.443615721747
0.39027923043
1.0
0.443953520985
0.389639857329
1.0
0.444319248259
0.389122112403
1.0
0.444454567609
0.388606711399
1.0
0.445238135234
0.38862005881
1.0
0.445430331206
0.387752371488
1.0
0.445323364808
0.387226682508
1.0
0.445323364808
0.387226682508
1.0
0.445491076793
0.386956002577
1.0
0.446401754349
0.387517422392
1.0
0.446493107994
0.387426642817
1.0
0.446744216765
0.38746933979
1.0
0.446889801046
0.38704282791
1.0
0.447085732189
0.387031328373
1.0
0.447188053083
0.386478518931
1.0
0.447503485568
0.386572417516
1.0
0.447503485568
0.386572417516
1.0
0.447513994559
0.386764388371
1.0
0.447926748133
0.386807270375
1.0
0.447975530953
0.386951270959
1.0
0.447885966138
0.386809832603
1.0
0.447961591959
0.386636922099
1.0
0.448323227725
0.386855157374
1.0
0.448332050183
0.386621688168
1.0
0.448092049964
0.386341319196
1.0
0.448092049964
0.386341319196
1.0
0.448167199775
0.386488537266
1.0
0.448844125233
0.386491734679
1.0
0.448851428834
0.386417173436
1.0
0.448624134472
0.386757450994
1.0
0.448590107682
0.386992165859
1.0
0.448830431274
0.387063687698
1.0
0.448894568398
0.38707555777
1.0
0.448946327228
0.38745388747
1.0
0.448946327228
0.38745388747
1.0
0.448970370459
0.38745063569
1.0
0.449024449797
0.387541128348
1.0
0.449066946794
0.387659298211
1.0
0.449475426852
0.388050903468
1.0
0.449517937741
0.388297726359
1.0
0.449702044227
0.388508378024
1.0
0.449754725062
0.388278993403
1.0
0.450026528842
0.388620977618
1.0
0.450026528842
0.388620977618
1.0
0.450069707346
0.388851800754
1.0
0.450696818723
0.38936527493
1.0
0.450855163839
0.389338180649
1.0
0.451204276667
0.38971310948
1.0
0.45127481702
0.389517456706
1.0
0.451709554193
0.39031200661
1.0
0.451840830424
0.390063065695
1.0
0.452287715291
0.389911055406
1.0
0.452287715291
0.389911055406
1.0
0.452466755875
0.389767621815
1.0
0.452991892114
0.390051944856
1.0
0.453172741334
0.389786475791
1.0
0.4538200052
0.390028484857
1.0
0.453978879618
0.389674797951
1.0
0.454385746627
0.390166985495
1.0
0.45455602493
0.389784556388
1.0
0.454812687866
0.390092763212
1.0
0.454812687866
0.390092763212
1.0
0.454901836136
0.39011589999
1.0
0.455996203452
0.390871505785
1.0
0.456097366263
0.390765633647
1.0
0.45669913047
0.391211246718
1.0
0.456824416238
0.391186947044
1.0
0.457223091377
0.391350231332
1.0
0.457223091377
0.391350231332
1.0
0.457413232164
0.391247172389
1.0
0.457916868809
0.391888185893
1.0
0.457871462962
0.392100612876
1.0
0.458443705078
0.392236514464
1.0
0.458598008779
0.391984482881
1.0
0.458906108414
0.392500249129
1.0
0.458959446202
0.392668007415
1.0
0.459724616387
0.393109861358
1.0
0.459752823116
0.392832062305
1.0
0.459152830525
0.393379019621
1.0
0.459152830525
0.393379019621
1.0
0.459155455818
0.393619390749
1.0
0.460181991637
0.393469272697
1.0
0.460136294448
0.393540684577
1.0
0.460731874334
0.394599649517
1.0
0.46061932633
0.395194091793
1.0
0.461429947197
0.395770428736
1.0
0.461276198566
0.396170460592
1.0
0.462147697977
0.397283388827
1.0
0.462147697977
0.397283388827
1.0
0.461839120076
0.398155614954
1.0
0.462285864948
0.398637378414
1.0
0.461801233957
0.399968545211
1.0
0.463101984188
0.401453746002
1.0
0.46264168775
0.402823969948
1.0
0.463710752037
0.403051187494
1.0
0.463024390792
0.404541439185
1.0
0.463024390792
0.404541439185
0.896676377847
0.46520348676
0.40509863172
0.863171794013
0.465281104167
0.406431079459
0.863171794013
0.460681332543
0.380051775427
0.911319422502
0.464039914568
0.361474880562
0.911319422502
0.464039914568
0.361474880562
0.933853338117
0.695474929937
0.384140520895
0.933853338117
0.695474929937
0.384140520895
0.753043873489
0.69908251899
0.369515374824
0.753043873489
0.69908251899
0.369515374824
0.753043873489
0.69908251899
0.369515374824
0.753043873489
0.482187718469
0.372623993802
0.775250054376
0.553780661845
0.216897462701
0.775250054376
0.549438553667
0.247644161156
0.775250054376
0.549438553667
0.247644161156
0.775250054376
0.479350229038
0.416582640679
0.916392626622
0.485529875757
0.42276005013
0.916392626622
0.484569694583
0.422750095314
0.916392626622
0.484444595753
0.423053410357
0.916392626622
0.483467727238
0.422656662476
0.915270669059
0.483430892136
0.423719416949
0.915270669059
0.494204656931
0.444090265528
0.953513175136
0.494704396027
0.4432337288
0.953513175136
0.494704396027
0.4432337288
0.99
0.494955637757
0.443130697674
1.0
0.494833248974
0.446319904838
1.0
0.495131576051
0.445123021926
1.0
0.495956743074
0.450117005749
1.0
0.495703637637
0.449594862211
1.0
0.496038793753
0.448339784762
1.0
0.496038793753
0.448339784762
1.0
0.49671900186
0.449994010642
1.0
0.496367723694
0.451278763625
1.0
0.496723694348
0.451923678172
1.0
0.496762393967
0.452300859056
1.0
0.496760087822
0.452104600496
1.0
0.496924444447
0.451706842229
1.0
0.496822447251
0.451629270627
1.0
0.496828434572
0.451538571599
1.0
0.497594978464
0.452091927058
1.0
0.497594978464
0.452091927058
1.0
0.497582207482
0.451679814599
1.0
0.497646396206
0.451935274165
1.0
0.49766184129
0.451792480362
1.0
0.497522676137
0.451393228967
1.0
0.497596902233
0.451051406651
1.0
0.497552966933
0.450195923287
1.0
0.497659104027
0.4498151606
1.0
0.497795110115
0.450719625188
1.0
0.497837112686
0.450371696095
1.0
0.497837112686
0.450371696095
1.0
0.49824335188
0.450548539856
1.0
0.498273250129
0.45071467223
1.0
0.497922533695
0.449720593562
1.0
0.498029894046
0.449258726764
1.0
0.498025741899
0.449325299907
1.0
0.498072252703
0.449107885272
1.0
0.498072252703
0.449107885272
1.0
0.498105928738
0.448483384331
1.0
0.498278348859
0.44816572774
1.0
0.497893004961
0.44738905784
1.0
0.497845470813
0.447901773658
1.0
0.49791976856
0.447330245139
1.0
0.49785711811
0.446739867334
1.0
0.497856214563
0.447039870917
1.0
0.497848561965
0.446624149015
1.0
0.497568946621
0.447347822593
1.0
0.49763165378
0.447462608642
1.0
0.49763165378
0.447462608642
1.0
0.497374568052
0.446219231238
1.0
0.497216348312
0.446368686822
1.0
0.497507116647
0.446721086874
1.0
0.497544654658
0.446801021519
1.0
0.497618309948
0.446834524573
1.0
0.497620610945
0.446692655261
1.0
0.497685385249
0.446897205432
1.0
0.497685385249
0.446897205432
1.0
0.497671567061
0.446782280645
1.0
0.497123455074
0.445678209853
1.0
0.497088212053
0.445869404626
1.0
0.497128507166
0.44657564946
1.0
0.497145771203
0.446208234957
1.0
0.497188425223
0.446187474911
1.0
0.497117843816
0.44639284084
1.0
0.497117843816
0.44639284084
1.0
0.496737397516
0.446204524772
1.0
0.496780637737
0.445654692699
1.0
0.496699306023
0.445203784996
1.0
0.496637757967
0.445375776924
1.0
0.49676149797
0.445224038408
1.0
0.496718974001
0.445108204591
1.0
0.496403718159
0.444547138053
1.0
0.496268385919
0.444721531799
1.0
0.496248200458
0.445108490525
1.0
0.496248200458
0.445108490525
1.0
0.496300182056
0.4451826743
1.0
0.49604221192
0.445133493692
1.0
0.496099172325
0.444951450362
1.0
0.495892734159
0.445132954425
1.0
0.495773602999
0.445324584922
1.0
0.495623197991
0.44484552873
1.0
0.495623482587
0.444848817844
1.0
0.495623482587
0.444848817844
1.0
0.495420642338
0.444643261392
1.0
0.495403319119
0.444639025422
1.0
0.495268467688
0.444559355903
1.0
0.495277107707
0.444532394476
1.0
0.495049474084
0.444480127505
1.0
0.495092401175
0.44443229411
1.0
0.495001875569
0.444241195931
1.0
0.49494819504
0.44437471406
1.0
0.494843948566
0.4440271045
1.0
0.494883203348
0.443789223221
1.0
0.494883203348
0.443789223221
1.0
0.494827800374
0.443495175096
1.0
0.494868470528
0.443506419948
1.0
0.494588556031
0.443733872517
1.0
0.494431606987
0.443732995467
1.0
0.491681340777
0.443089340637
1.0
0.489922968338
0.445859683737
1.0
0.489922968338
0.445859683737
0.99
0.478611649292
0.442168205409
0.99
0.473257050307
0.453732611625
0.99
0.462075294382
0.452537023163
0.99
0.457593569678
0.46423407489
0.956723695529
0.455179878603
0.463888743607
0.956723695529
0.453680158503
0.467769675323
0.930542668352
0.451943557455
0.468767119653
0.930542668352
0.450936247758
0.471901078145
0.930542668352
0.450936247758
0.471901078145
0.906296939447
0.448945568876
0.472913743109
0.906296939447
0.44883015817
0.473440962937
0.948199984391
0.449282949992
0.473849745332
0.948199984391
0.449645505354
0.472688272087
0.937655941722
0.449194033611
0.473061376948
0.937655941722
0.449126745103
0.472832828415
0.944996422822
0.447432715193
0.473015971499
0.944996422822
0.447497495005
0.473229105703
1.0
0.44468333744
0.473216164978
1.0
0.444732617334
0.473109513842
1.0
0.444732617334
0.473109513842
1.0
0.441675778376
0.471831503517
0.985071163153
0.441583440366
0.471939452304
0.985071163153
0.441039398701
0.471816314243
1.0
0.441083535661
0.471487067911
1.0
0.441039434846
0.47084526291
1.0
0.441003000604
0.471111360903
1.0
0.441003000604
0.471111360903
1.0
0.441493922414
0.470513366915
0.993311865589
0.441526356139
0.469743090431
0.993311865589
0.441570051817
0.46881493327
0.962001764617
0.441781226927
0.467961615003
0.962001764617
0.441653223824
0.467315060369
0.987901852862
0.441878266146
0.466774462539
0.987901852862
0.442094505502
0.466449572726
0.985270750853
0.441411186071
0.467756009121
0.985270750853
0.441411186071
0.467756009121
0.985270750853
0.441557405003
0.467330492771
1.0
0.441718158634
0.466613280293
1.0
0.442086809815
0.465978346543
1.0
0.441893284728
0.466083775445
0.987735046654
0.442051754524
0.466182629015
0.987735046654
0.44152916838
0.467636019538
1.0
0.441177720835
0.467573167157
1.0
0.440851593154
0.468245075348
1.0
0.440851593154
0.468245075348
1.0
0.441660835218
0.467426679498
1.0
0.441814971825
0.466734831763
1.0
0.442130299278
0.466435060468
1.0
0.442278128452
0.465816845319
1.0
0.442915971932
0.466149397946
1.0
0.443119943317
0.465712291257
1.0
0.44356221791
0.465689867076
1.0
0.44361358794
0.465364683388
1.0
0.44361358794
0.465364683388
1.0
0.444132937484
0.465096885182
1.0
0.444252935561
0.464923293618
1.0
0.44474987458
0.464906429163
1.0
0.444879957781
0.4644699553
1.0
0.444535063426
0.464230046884
1.0
0.444509968879
0.464147963832
1.0
0.444576688187
0.463842008522
1.0
0.444744133686
0.463385843706
1.0
0.445014233277
0.463489439533
1.0
0.445014233277
0.463489439533
1.0
0.445046019905
0.463262735847
1.0
0.445249923259
0.463228116495
1.0
0.445385627775
0.462998870392
1.0
0.445260312441
0.463045343483
1.0
0.445248657357
0.462828741502
1.0
0.445183335898
0.462704822237
1.0
0.445267447151
0.462135283248
1.0
0.445267447151
0.462135283248
1.0
0.445446111216
0.461972047156
1.0
0.445430891656
0.461604154537
1.0
0.445557050717
0.460710928245
1.0
0.445669332927
0.460202583831
1.0
0.445193434995
0.46046794399
1.0
0.445200795161
0.460153890748
1.0
0.44558575192
0.459827941725
1.0
0.445702451703
0.459397781235
1.0
0.445702451703
0.459397781235
1.0
0.445707482861
0.458838098782
1.0
0.445767804135
0.458220944396
1.0
0.445967485031
0.458248000381
1.0
0.44604111141
0.458201244632
1.0
0.446203495894
0.458038728077
1.0
0.446308594009
0.457488051616
1.0
0.446252481648
0.457055949088
1.0
0.446364621459
0.456406251603
1.0
0.446634977028
0.455959090931
1.0
0.446634977028
0.455959090931
1.0
0.446721357496
0.455713229706
1.0
0.446418038589
0.455011199684
1.0
0.446570070292
0.454488004686
1.0
0.447236885747
0.455029092878
1.0
0.447427586401
0.454057435124
1.0
0.447427601348
0.453855915627
1.0
0.447531873111
0.453326682339
1.0
0.447531873111
0.453326682339
1.0
0.448020864627
0.452892735616
1.0
0.448153215598
0.452142485323
1.0
0.44855071623
0.452113228102
1.0
0.448786934449
0.451131779526
1.0
0.448982050787
0.450838742622
1.0
0.449164054784
0.450139138899
1.0
0.449045890101
0.448825330561
1.0
0.449247348164
0.448145470692
1.0
0.449247348164
0.448145470692
1.0
0.449659097316
0.448243822672
1.0
0.449830132343
0.447411495836
1.0
0.4504661254
0.446661073274
1.0
0.450657006899
0.44601757626
1.0
0.450412996336
0.445653335972
1.0
0.450569575693
0.444791498371
1.0
0.45135053887
0.444321231819
1.0
0.451596145185
0.4436662558
1.0
0.451596145185
0.4436662558
1.0
0.451725855994
0.44374882971
1.0
0.451955310058
0.442876718563
1.0
0.452260561736
0.442321579804
1.0
0.452362513349
0.44173370261
1.0
0.452410054153
0.441633170223
1.0
0.452534241005
0.441306318766
1.0
0.452602553341
0.441072908175
1.0
0.452857425394
0.440330750453
1.0
0.452857425394
0.440330750453
1.0
0.453442682117
0.440628313947
1.0
0.453518973175
0.44035793704
1.0
0.453718395721
0.440324288006
1.0
0.453836637791
0.440095924015
1.0
0.45407462308
0.440097009237
1.0
0.454130179636
0.439994159815
1.0
0.454456010067
0.440001666235
1.0
0.454662649345
0.439768655551
1.0
0.454662649345
0.439768655551
1.0
0.455138924595
0.439946208481
1.0
0.455193889649
0.439809529617
1.0
0.455851111559
0.440483419763
1.0
0.455992284964
0.440431469444
1.0
0.45600521028
0.440594735938
1.0
0.456046010181
0.440973104293
1.0
0.456668967419
0.441525975117
1.0
0.456941472603
0.441188484137
1.0
0.456941472603
0.441188484137
1.0
0.457087460777
0.441539773877
1.0
0.45715851186
0.441835868709
1.0
0.457376080954
0.442281675933
1.0
0.457473231376
0.442395100501
1.0
0.458156969188
0.443000567086
1.0
0.458263547928
0.442936694785
1.0
0.458731439235
0.443720027447
1.0
0.458820511573
0.444084537616
1.0
0.458820511573
0.444084537616
1.0
0.442290091548
0.444609500794
1.0
0.442446123028
0.444779700541
1.0
0.44246926611
0.445301563748
1.0
0.44254248737
0.44548770171
1.0
0.443286108577
0.446649469084
1.0
0.443532623151
0.446891623451
1.0
0.444232799572
0.447995779948
1.0
0.444244673153
0.448245538693
1.0
0.444244673153
0.448245538693
1.0
0.444965487525
0.44894319216
1.0
0.445033227117
0.449266253945
1.0
0.445578174217
0.450044336623
1.0
0.445648055252
0.450586050957
1.0
0.4460487435
0.45129228178
1.0
0.446238756289
0.451477245498
1.0
0.446416215539
0.452192565167
1.0
0.446469350376
0.452388247313
1.0
0.446469350376
0.452388247313
1.0
0.446929524751
0.453382848101
1.0
0.447143567862
0.453511092034
1.0
0.447943076621
0.454521418292
1.0
0.448101912596
0.454866382589
1.0
0.448871314346
0.455479234125
1.0
0.448972409276
0.455586522274
1.0
0.449212891618
0.456197913044
1.0
0.449359654503
0.456154091295
1.0
0.449654680537
0.456595004679
1.0
0.449654680537
0.456595004679
1.0
0.449835379442
0.456541295087
1.0
0.450161670363
0.456787290699
1.0
0.45031720297
0.456700615093
1.0
0.450936773491
0.457530317766
1.0
0.450945347553
0.457461679003
1.0
0.451787614309
0.457908721085
1.0
0.451931809321
0.458046770044
1.0
0.451931809321
0.458046770044
1.0
0.452838450443
0.458721383387
1.0
0.452951407258
0.458793887758
1.0
0.453255958722
0.459120505232
1.0
0.453330374904
0.459424859277
1.0
0.453742563926
0.459885582906
1.0
0.453879936666
0.459897002336
1.0
0.454494107552
0.460478268612
1.0
0.454575554178
0.460428506286
1.0
0.454575554178
0.460428506286
1.0
0.454759145476
0.460587287644
1.0
0.454952207919
0.460327494062
1.0
0.454624024019
0.460637958826
1.0
0.454734335949
0.460478077015
1.0
0.456342980427
0.461257009237
1.0
0.456483181193
0.461184275537
1.0
0.456715929462
0.461598230598
1.0
0.456777367348
0.461586255092
1.0
0.456777367348
0.461586255092
1.0
0.457394812095
0.462079412955
1.0
0.457496891165
0.462444286395
1.0
0.457891227053
0.462912863724
1.0
0.458005695959
0.462556287906
1.0
0.458299317384
0.462614952168
1.0
0.458373781576
0.462458540754
1.0
0.458908495942
0.463022449097
1.0
0.459039900343
0.462777542053
1.0
0.459039900343
0.462777542053
1.0
0.458941852311
0.46271743345
1.0
0.458991828317
0.462752708898
1.0
0.459032381739
0.463327426539
1.0
0.459129465869
0.463344002106
1.0
0.459550294451
0.463233643151
1.0
0.459529554522
0.463350677954
1.0
0.459938664611
0.463903390666
1.0
0.459930320391
0.464089620644
1.0
0.459930320391
0.464089620644
1.0
0.460073352587
0.46424271869
1.0
0.459996499772
0.464362222633
1.0
0.460273771903
0.464766770039
1.0
0.460138930137
0.465168840205
1.0
0.459809956208
0.465123599428
1.0
0.459836396505
0.465039801094
1.0
0.459859973539
0.465379146304
1.0
0.459800549387
0.465306273657
1.0
0.459800549387
0.465306273657
1.0
0.459666981718
0.465550462842
1.0
0.459603957772
0.465715250029
1.0
0.459460480148
0.465382832099
1.0
0.459395802064
0.46587731527
1.0
0.45945114797
0.46577386248
1.0
0.459379245616
0.465889241725
1.0
0.458956707702
0.465772268351
1.0
0.458922558695
0.465715505813
1.0
0.458922558695
0.465715505813
1.0
0.459033358987
0.465733129945
1.0
0.458996381926
0.465862529592
1.0
0.458905211168
0.465935733019
1.0
0.458881721769
0.465931679072
1.0
0.45893595679
0.46601403131
1.0
0.458927811686
0.466148346007
1.0
0.459044108402
0.466231716562
1.0
0.45887266451
0.466538615321
1.0
0.45887266451
0.466538615321
1.0
0.458631051007
0.466760566611
1.0
0.458549476735
0.466994016591
1.0
0.458602544506
0.467226518419
1.0
0.458695436447
0.467083958858
1.0
0.45903772672
0.467689386979
1.0
0.4589114239
0.468207251453
1.0
0.458738118558
0.468337037634
1.0
0.458674163255
0.468511057038
1.0
0.458674163255
0.468511057038
1.0
0.458814444505
0.468849098108
1.0
0.458727968645
0.469205050066
1.0
0.459027063502
0.469359667561
1.0
0.458969041101
0.46964906475
1.0
0.459186595579
0.470186211409
1.0
0.459175301207
0.470640107747
1.0
0.459375618226
0.471436303469
1.0
0.459169611354
0.472072251896
1.0
0.459169611354
0.472072251896
1.0
0.459293344412
0.472417218663
1.0
0.458977043549
0.473200603846
1.0
0.459590196713
0.474162444693
1.0
0.459359809244
0.475274759446
1.0
0.460356184524
0.476752583077
1.0
0.459599368755
0.478437944976
0.983323348112
0.460305804956
0.479116473463
0.983323348112
0.459489377675
0.481323301912
0.983323348112
0.459489377675
0.481323301912
0.808440049895
0.441968968957
0.442876055351
0.808440049895
0.441064303785
0.445704430011
0.819708106313
0.441884902908
0.412120416958
0.819708106313
0.360075441414
0.362708334986
0.819708106313
0.360075441414
0.362708334986
0.942965642403
0.293252703635
0.161963766948
0.757560653323
0.31164222347
0.158596747454
0.757560653323
0.31164222347
0.158596747454
0.757560653323
0.31164222347
0.158596747454
0.757560653323
0.31164222347
0.158596747454
0.757560653323
0.376753173116
0.152719798903
0.838337714492
0.300479691089
0.25256972844
0.838337714492
0.308864849461
0.261647575283
0.832152973148
0.322511783984
0.132861220708
0.781585773015
0.472065168506
0.249756228392
0.781585773015
0.472065168506
0.249756228392
0.838337714492
0.394625723957
0.494104379555
0.97264619495
0.394597830092
0.49388941391
0.948755012898
0.394521219324
0.494754218844
0.948755012898
0.394521219324
0.494754218844
1.0
0.394274326184
0.496938203862
1.0
0.394210546774
0.497519703298
1.0
0.394290130299
0.497145952657
1.0
0.397484367928
0.506640458721
1.0
0.397478253268
0.506846130139
1.0
0.39839810098
0.5114188478
1.0
0.398428673158
0.511225078161
1.0
0.399459205151
0.514810490094
1.0
0.399459205151
0.514810490094
1.0
0.399424845415
0.515158362018
1.0
0.398210896919
0.514489622631
1.0
0.398222666642
0.514429205771
1.0
0.397678508342
0.514309333606
1.0
0.397658462473
0.514536649629
1.0
0.395803307296
0.512798094069
1.0
0.395799654542
0.512897756898
1.0
0.396014144842
0.513615925144
1.0
0.396014144842
0.513615925144
1.0
0.396011608906
0.513792455909
1.0
0.395546701477
0.51293597762
1.0
0.395565094485
0.512713425889
1.0
0.394408740594
0.511896111816
1.0
0.394359621503
0.512366466792
1.0
0.394474414189
0.512799572585
1.0
0.394476452096
0.512772138633
1.0
0.393240984684
0.51334799262
1.0
0.393240984684
0.51334799262
1.0
0.39323636829
0.513420343664
1.0
0.393521798212
0.513859810821
1.0
0.393464169174
0.514285681355
1.0
0.391954603245
0.514232955873
1.0
0.391925067112
0.514390649416
1.0
0.391074301127
0.514454268276
1.0
0.391043585859
0.51462805463
1.0
0.389135037667
0.513190159807
1.0
0.389135037667
0.513190159807
1.0
0.389079253402
0.513552958447
1.0
0.387838774563
0.513815498494
1.0
0.387801399498
0.514103846071
1.0
0.386244583952
0.514971691753
1.0
0.386178188251
0.515307608936
1.0
0.384190745142
0.513596756562
1.0
0.384145924751
0.513850192537
1.0
0.381743492875
0.513217550583
1.0
0.381743492875
0.513217550583
1.0
0.381686208012
0.513608897389
1.0
0.379266138054
0.511577997674
1.0
0.37918623839
0.512183722478
1.0
0.3770378588
0.511822512111
1.0
0.376973761449
0.512254398258
1.0
0.373455680613
0.511238936408
1.0
0.373350343843
0.512003525339
1.0
0.372323157534
0.511916282334
1.0
0.372323157534
0.511916282334
1.0
0.372292523123
0.512110075837
1.0
0.368365558163
0.508195769643
1.0
0.368335969675
0.508376380752
1.0
0.366465056492
0.509381966416
1.0
0.366422226952
0.509675211774
1.0
0.363932065388
0.508463682685
1.0
0.363882925194
0.508857597933
1.0
0.360764091618
0.506982133789
1.0
0.360764091618
0.506982133789
1.0
0.360749769758
0.507095286285
1.0
0.358485760402
0.505248331419
1.0
0.35854084538
0.504749441293
1.0
0.356061577986
0.502241472385
1.0
0.356034324551
0.50250698998
1.0
0.354493800708
0.501475426068
1.0
0.354520004255
0.501274391277
1.0
0.352479319247
0.498817543873
1.0
0.352479319247
0.498817543873
1.0
0.352505959959
0.498616084341
1.0
0.350837606546
0.496724665467
1.0
0.350815946177
0.49695136492
1.0
0.350074753233
0.495756901213
1.0
0.350080805241
0.495757136585
1.0
0.349180831359
0.494894166524
1.0
0.349137807741
0.495317792337
1.0
0.347539263061
0.494186000274
1.0
0.347539263061
0.494186000274
1.0
0.347585623028
0.493814215658
1.0
0.345741846238
0.492517939428
1.0
0.345669971536
0.493210297948
1.0
0.344032496097
0.492970557316
1.0
0.343999528248
0.493326496118
1.0
0.342537580902
0.492696272077
1.0
0.342495465906
0.493158021805
1.0
0.342137621921
0.49348055762
1.0
0.342137621921
0.49348055762
1.0
0.342094448927
0.493937704101
1.0
0.342033007134
0.494587723317
1.0
0.3420074591
0.494811212205
1.0
0.341212224494
0.494568664262
1.0
0.341157518592
0.495150062275
1.0
0.340098097393
0.495008880561
1.0
0.340049076284
0.495427086674
1.0
0.339084378725
0.495302119941
1.0
0.339084378725
0.495302119941
1.0
0.33904541115
0.495766249978
1.0
0.338657469003
0.495676032589
1.0
0.338637786761
0.495862906834
1.0
0.338148090602
0.496381100225
1.0
0.338114362149
0.496739102517
1.0
0.337117011929
0.496445073091
