0.958971105975
0.40296185258
0.691068647749
1.0
0.403251538026
0.688473347838
1.0
0.402439670376
0.688212814381
1.0
0.402167898297
0.69048856114
1.0
0.402459088184
0.691479391724
1.0
0.402581763198
0.690605587366
1.0
0.402681821724
0.68915279742
0.995439234874
0.402668983601
0.688989524633
0.995439234874
0.403232784577
0.690154696655
1.0
0.403232113507
0.690638773325
1.0
0.403271360329
0.690300337271
1.0
0.403271360329
0.690300337271
0.999174379935
0.402981170337
0.692648145124
0.999174379935
0.403320477004
0.693553309123
1.0
0.403477163322
0.692482116938
1.0
0.404332876379
0.692352764356
1.0
0.40445114726
0.691850146125
1.0
0.405212644366
0.692554119723
1.0
0.405296199902
0.691466133807
1.0
0.405296199902
0.691466133807
1.0
0.403673648669
0.690385721497
1.0
0.40357259787
0.691045175577
1.0
0.405483015624
0.69208276023
1.0
0.405637546182
0.690946323046
1.0
0.405664365628
0.691264278974
1.0
0.405499199587
0.692761839086
1.0
0.405799543647
0.692586314587
0.995801977732
0.405658631069
0.693941588886
0.995801977732
0.405605793503
0.693748194238
0.995801977732
0.405605793503
0.693748194238
1.0
0.405752954677
0.692375290004
1.0
0.406418263003
0.692924018783
1.0
0.406588617759
0.691766666278
1.0
0.406509700623
0.69192444215
1.0
0.406527087015
0.691376550756
1.0
0.407352763227
0.692737866865
1.0
0.407352763227
0.692737866865
1.0
0.407387923908
0.692640112058
1.0
0.407493383136
0.691528167326
0.972638061279
0.407266775536
0.693705237175
0.972638061279
0.412352592775
0.69758544366
1.0
0.412559887327
0.697276879119
0.99
0.443486077829
0.718435872195
0.99
0.444250223508
0.721559218695
0.99
0.482293934352
0.744806964008
0.99
0.486250784004
0.747029649943
0.99
0.486250784004
0.747029649943
0.99
0.517903304949
0.768722685927
0.975778732052
0.522797697399
0.77101647404
0.975778732052
0.549278434305
0.791395590425
0.99
0.557401707172
0.791477968213
0.99
0.56176176105
0.792872733672
0.878417210919
0.562502058296
0.793400908998
0.878417210919
0.566540020446
0.797190107379
0.99
0.572926518242
0.796465990903
0.99
0.573560330413
0.796418137669
0.99
0.573560330413
0.796418137669
1.0
0.57360743451
0.796310384656
1.0
0.574195254977
0.796307342729
1.0
0.574016570193
0.797073467925
1.0
0.575226321421
0.799151325099
1.0
0.575433442457
0.799122663919
1.0
0.576711125006
0.799376037214
1.0
0.576711125006
0.799376037214
1.0
0.576787426187
0.798683212366
1.0
0.577210435373
0.80017458323
1.0
0.577336675965
0.800784542294
1.0
0.578282926482
0.801146328422
1.0
0.57855150884
0.799868425828
1.0
0.578385723334
0.79970653627
1.0
0.578591926842
0.798984055316
1.0
0.5800842114
0.799085022724
1.0
0.5800842114
0.799085022724
1.0
0.580254607166
0.79940426216
1.0
0.581606717566
0.799769421231
1.0
0.581920211768
0.799753888212
1.0
0.582046579308
0.800834983989
1.0
0.582096225237
0.801400028198
1.0
0.583553621098
0.803261889189
1.0
0.583904541399
0.802315375574
1.0
0.584553313214
0.802647743301
1.0
0.584702824663
0.803512952462
1.0
0.584702824663
0.803512952462
1.0
0.585497524207
0.802996256779
1.0
0.586028194642
0.801623661333
1.0
0.586605633024
0.801060214294
1.0
0.586824609961
0.801765358606
1.0
0.58817159423
0.802833011669
1.0
0.588463869388
0.802106223755
1.0
0.589613734985
0.802381985589
1.0
0.589613734985
0.802381985589
1.0
0.589881515191
0.802184806437
1.0
0.590662816407
0.801769311538
1.0
0.590796325952
0.801201012536
1.0
0.591754932549
0.802947701269
1.0
0.591944997788
0.802330494284
1.0
0.593490118836
0.802847088504
1.0
0.593758490704
0.803504074365
1.0
0.594500247661
0.803172439411
1.0
0.594708528137
0.802842310775
1.0
0.596169206248
0.802499169505
1.0
0.596169206248
0.802499169505
1.0
0.596380072878
0.80270103823
1.0
0.596876457494
0.802386359267
1.0
0.597595670583
0.799729442718
1.0
0.598834089759
0.799571267382
1.0
0.599112933321
0.799173200594
1.0
0.600056643119
0.799469213679
1.0
0.600062951669
0.802115975476
1.0
0.600062951669
0.802115975476
1.0
0.601602200666
0.801497781722
1.0
0.601879342289
0.800190471588
1.0
0.603546347295
0.801919939766
1.0
0.604122252744
0.801450328582
1.0
0.605662633475
0.802370106067
1.0
0.606122388843
0.801190896308
1.0
0.607575567801
0.800647356238
1.0
0.607575567801
0.800647356238
1.0
0.607752420443
0.801291171839
1.0
0.608340114845
0.79987685115
1.0
0.608726524026
0.799546241726
1.0
0.608960856508
0.798233007023
1.0
0.609230797683
0.797781665141
1.0
0.611290453743
0.798750048836
1.0
0.611486554473
0.799517549738
1.0
0.613518941477
0.800345967664
1.0
0.614127479431
0.799617223248
1.0
0.615111196228
0.799213385222
1.0
0.615111196228
0.799213385222
1.0
0.615565695811
0.797925989435
