0.862703355755
0.425305114184
0.392034682231
0.862703355755
0.42325579603
0.389771160733
0.944544141199
0.422217472805
0.387602772185
0.944544141199
0.422738447365
0.38187942315
0.980612029012
0.423966309238
0.382194714497
0.980612029012
0.42490601385
0.377640193297
1.0
0.423329755101
0.375603277914
1.0
0.423029585338
0.376446703486
1.0
0.421637075952
0.375540497985
1.0
0.421637075952
0.375540497985
1.0
0.422311909885
0.374590298716
1.0
0.42045204177
0.372848975779
1.0
0.421128511465
0.371918901038
1.0
0.416356313493
0.368785907025
1.0
0.417186614692
0.367690588639
1.0
0.411570054112
0.365799263787
1.0
0.412149291158
0.365234489454
1.0
0.412149291158
0.365234489454
1.0
0.40942408722
0.364997737931
1.0
0.410079887284
0.364888492484
1.0
0.410530582604
0.366983095037
1.0
0.408502882262
0.369657216126
1.0
0.409536956165
0.370501642345
0.99
0.403055711828
0.381775561632
0.99
0.403359077126
0.380932763421
1.0
0.400607573956
0.387062155578
1.0
0.40084333476
0.387886168509
1.0
0.40084333476
0.387886168509
1.0
0.400844936892
0.390058098934
1.0
0.401449621803
0.390666897362
1.0
0.402845537669
0.389155784107
1.0
0.40380445991
0.38976586738
1.0
0.404950830544
0.388068074236
1.0
0.405509938143
0.3883587557
1.0
0.406125222774
0.387686883357
1.0
0.406125222774
0.387686883357
1.0
0.406848484035
0.38781572095
1.0
0.407329009832
0.386756762845
1.0
0.407729240783
0.386918929669
1.0
0.40844763176
0.385918010286
1.0
0.409284443386
0.386922064666
1.0
0.40969330363
0.385811503224
1.0
0.410124430393
0.386025370397
1.0
0.41049434384
0.385584488604
1.0
0.410786238838
0.385952434029
1.0
0.410786238838
0.385952434029
1.0
0.411298261952
0.384798641398
1.0
0.411848543644
0.385583651057
1.0
0.412401336857
0.384889801065
1.0
0.412755330276
0.3849612304
1.0
0.413177433312
0.384335368063
1.0
0.414184298488
0.384247549717
1.0
0.414569194263
0.383430415031
1.0
0.414569194263
0.383430415031
1.0
0.414819927178
0.383970611063
1.0
0.415111912905
0.38342536795
1.0
0.415729816104
0.384086129222
1.0
0.415963200895
0.383757103452
1.0
0.415866145143
0.383192291764
1.0
0.416340493629
0.382403737683
1.0
0.416626871939
0.383105630514
1.0
0.416958664775
0.382747648332
1.0
0.417321595757
0.382998268133
1.0
0.417321595757
0.382998268133
1.0
0.417452884601
0.383014907017
1.0
0.417843374874
0.38334296372
1.0
0.418057152701
0.382792233051
1.0
0.41843351478
0.382820294666
1.0
0.418603660527
0.382900836494
1.0
0.418647469793
0.383124430543
1.0
0.418901857445
0.382514519756
1.0
0.419596928894
0.383580187768
1.0
0.419596928894
0.383580187768
1.0
0.420019884773
0.3832127506
1.0
0.4200319088
0.383359036912
1.0
0.420078778898
0.383418985951
1.0
0.420005759204
0.383473878232
1.0
0.420245291385
0.383383774995
1.0
0.420357453992
0.383291431674
1.0
0.420373675682
0.383296042975
1.0
0.420292257144
0.383927381355
1.0
0.420292257144
0.383927381355
1.0
0.420439272995
0.383927266565
1.0
0.42037943064
0.383901602595
1.0
0.420384115878
0.384158655719
1.0
0.420145626206
0.384265707976
1.0
0.420251086628
0.384249859986
1.0
0.423405435115
0.386256210358
1.0
0.423328502709
0.386766013437
1.0
0.423328502709
0.386766013437
0.99
0.440584164589
0.397400848986
0.99
0.44053551859
0.397552011021
0.99
0.466026358937
0.417061990303
0.99
0.466024108466
0.417298148588
0.99
0.490060389702
0.437741603459
0.99
0.490262256161
0.437683545484
0.99
0.510021222041
0.455276185643
0.99
0.510021222041
0.455276185643
0.99
0.513472120271
0.449781033479
0.99
0.531491865688
0.46093006172
0.99
0.540348590424
0.448188547071
0.99
0.556893388751
0.463974483587
0.99
0.5698062434
0.451762821695
0.99
0.578585154506
0.459009918655
0.99
0.592338297131
0.445182392042
0.99
0.593157075937
0.446825725742
0.99
0.606270141433
0.431105684645
0.99
0.60506083144
0.42938601751
0.99
0.60506083144
0.42938601751
0.99
0.615759306159
0.416810867726
0.99
0.614669365968
0.415252243587
0.868798630794
0.616022540303
0.413028447965
0.868798630794
0.615385865141
0.412361180672
0.974803684816
0.618485745239
0.409263671062
0.974803684816
0.617860278798
0.40936945413
0.954286375929
0.618456384304
0.409512102471
0.954286375929
0.617981071876
0.409002413615
0.954286375929
0.617981071876
0.409002413615
0.97821900016
0.618269045022
0.40905129558
0.97821900016
0.617880613262
0.408798905833
1.0
0.616965104618
0.410515422101
1.0
0.616382982338
0.410052654029
0.987464586725
0.61622290769
0.410727106676
0.987464586725
0.615612266662
0.409824772626
0.987464586725
0.615612266662
0.409824772626
0.958106571144
0.61515388756
0.410441846985
0.958106571144
0.614814166857
0.410847967512
0.968901387189
0.614163045751
0.411315565705
0.968901387189
0.613677518378
0.410791525136
0.916138739334
0.613514389142
0.410912313363
0.916138739334
0.613039279053
0.410296721196
0.957757138488
0.612392858332
0.41151815005
0.957757138488
0.612201945946
0.411677171353
0.957364139591
0.612216471169
0.411889289899
0.957364139591
0.611800057607
0.412174932526
0.957364139591
0.611800057607
0.412174932526
0.906796308577
0.612042799157
0.412342568451
0.906796308577
0.611096569575
0.410703183257
0.95168551061
0.610767557111
0.411686655726
0.95168551061
0.6101791779
0.4114635253
0.913930217432
0.609878103787
0.412272148444
0.913930217432
0.609065399538
0.412252392113
0.913930217432
0.609065399538
0.412252392113
0.955769347204
0.608339794449
0.413677112773
0.955769347204
0.607279545386
0.412835266498
0.907154421429
0.607464152483
0.412695602213
0.907154421429
0.606411271685
0.411780381969
0.877225223519
0.606930631127
0.411447777511
0.877225223519
0.605697659573
0.410978388479
0.928446228354
0.605283835038
0.412193042139
0.928446228354
0.604020978326
0.411005916601
0.917373214993
0.603759116719
0.411472124182
0.917373214993
0.602651215937
0.410125263444
0.917373214993
0.602651215937
0.410125263444
1.0
0.602461788545
0.410084565222
1.0
0.601605445307
0.410201357873
1.0
0.602142485851
0.408885960459
1.0
0.600876251538
0.408110232362
1.0
0.6021516131
0.406473636459
1.0
0.601299969525
0.405624500732
1.0
0.601133417131
0.405745746506
1.0
0.600085754738
0.405713773541
1.0
0.600085754738
0.405713773541
1.0
0.599344460764
0.4072474697
1.0
0.598169177188
0.406078008251
1.0
0.597537641113
0.407044792659
1.0
0.596481665334
0.406454222019
1.0
0.596053177823
0.406756900903
1.0
0.595180494795
0.406185550667
1.0
0.595180494795
0.406185550667
1.0
0.594474845526
0.407190668322
1.0
0.593476103917
0.40611543836
1.0
0.592867659996
0.407012149828
1.0
0.591993402174
0.406924499367
1.0
0.591295031737
0.408004646734
1.0
0.590582052565
0.407515825819
1.0
0.589884221558
0.408320926132
1.0
0.588939746667
0.407685610767
1.0
0.588468271135
0.408689757271
1.0
0.587721856667
0.408199569446
1.0
0.587721856667
0.408199569446
1.0
0.587409018
0.408737953858
1.0
0.586727178099
0.408608662592
1.0
0.586195855386
0.409032052242
1.0
0.585384538731
0.408139486682
1.0
0.58476989389
0.409513760578
1.0
0.584315134303
0.409787028378
1.0
0.584315134303
0.409787028378
1.0
0.583967299798
0.410215097809
1.0
0.583416068901
0.409751056988
1.0
0.583173960274
0.410331451553
1.0
0.582649769627
0.410536135912
1.0
0.582301085696
0.411099638988
1.0
0.581819726421
0.41090871944
1.0
0.581400539087
0.411553512182
1.0
0.581145071573
0.412451659271
1.0
0.581145071573
0.412451659271
1.0
0.5806669344
0.413406303379
1.0
0.580348731083
0.413420756009
1.0
0.580015317904
0.414526697721
1.0
0.579620935992
0.414209197193
1.0
0.57914156175
0.414952794371
1.0
0.578746383124
0.415121766621
1.0
0.578383670988
0.416087329921
1.0
0.578301024087
0.416697297496
1.0
0.578051887382
0.417636248442
1.0
0.577553221236
0.417109981166
1.0
0.577553221236
0.417109981166
1.0
0.577289916
0.417434168233
1.0
0.577039744395
0.417669258424
1.0
0.576765970066
0.418604820254
1.0
0.57662438296
0.418210356996
1.0
0.57642689519
0.418638793381
1.0
0.57642226235
0.418308140648
1.0
0.576044425584
0.419479671521
1.0
0.582961322923
0.422252200802
1.0
0.582961322923
0.422252200802
1.0
0.582615818886
0.423032061362
0.99
0.603004424987
0.434282654015
0.99
0.602866409812
0.4349532494
0.99
0.61958999666
0.443809831566
0.99
0.619436251773
0.444174206407
0.99
0.635588073172
0.454353061881
0.99
0.637519637399
0.450879045407
0.99
0.637519637399
0.450879045407
0.99
0.651215445767
0.459561920319
0.99
0.658404464696
0.444850918246
0.99
0.666921266317
0.449389756694
0.99
0.677510257842
0.428237657946
0.99
0.679307386086
0.430015043592
0.99
0.691955028497
0.408362950459
