1.0
0.3238919841
0.412647607728
1.0
0.324368648661
0.412715700362
1.0
0.325109123058
0.414119883235
1.0
0.325745095544
0.415586549257
1.0
0.326673331083
0.416791632193
1.0
0.327698140866
0.418577621666
1.0
0.327698140866
0.418577621666
1.0
0.32857454764
0.419681332517
1.0
0.329338567052
0.420851564247
1.0
0.330634641708
0.421877251815
1.0
0.331589125581
0.422934934507
1.0
0.332791177971
0.422587024233
1.0
0.333677674997
0.424588990346
1.0
0.334738360519
0.423981608091
1.0
0.335388580576
0.424687357989
1.0
0.335388580576
0.424687357989
1.0
0.336528706827
0.422990614
1.0
0.337307681556
0.423927984239
1.0
0.338351771131
0.423158142195
1.0
0.33902233761
0.424537707424
1.0
0.340096574789
0.42378321109
1.0
0.340796393065
0.424841782264
1.0
0.341692143491
0.423888163389
1.0
0.341945343418
0.424176587822
1.0
0.341945343418
0.424176587822
1.0
0.342848365951
0.423592566488
1.0
0.34359446374
0.424274643905
1.0
0.344287491955
0.423636127428
1.0
0.344636661614
0.424623398044
1.0
0.345474548107
0.424172949493
1.0
0.346325522474
0.424503571773
1.0
0.346921848119
0.423992782387
1.0
0.34835798993
0.426416065443
1.0
0.34835798993
0.426416065443
1.0
0.3490683991
0.425936311161
1.0
0.349767746972
0.426967794597
1.0
0.350490663554
0.426249906274
1.0
0.351228374928
0.42749882086
1.0
0.351962276202
0.42705011026
1.0
0.352351892972
0.427857390637
1.0
0.352996926545
0.42790950149
1.0
0.354110385295
0.429331868613
1.0
0.354110385295
0.429331868613
1.0
0.354786335017
0.430309134006
1.0
0.355084958061
0.431388947794
1.0
0.355685368687
0.431012063311
1.0
0.356292759672
0.432175601328
1.0
0.357044724992
0.431308752172
1.0
0.357835821516
0.43285593377
1.0
0.3584149027
0.433246480562
1.0
0.359309411978
0.434273983472
1.0
0.359309411978
0.434273983472
1.0
0.360002639285
0.434662655659
1.0
0.360779926706
0.435734777567
1.0
0.361443717016
0.434895301465
1.0
0.362377776456
0.435501573622
1.0
0.363045183094
0.435552838135
1.0
0.363716230507
0.436800955692
1.0
0.364431073076
0.437082273061
1.0
0.365179423501
0.437683892172
1.0
0.365179423501
0.437683892172
1.0
0.365731061599
0.437373892318
1.0
0.366799108592
0.438399044256
1.0
0.367525914225
0.437704077126
1.0
0.368159580135
0.438365834743
1.0
0.368791591211
0.43804858142
1.0
0.369510643247
0.43805261661
1.0
0.37008265424
0.437931874274
1.0
0.370479870235
0.438905190376
1.0
0.370479870235
0.438905190376
1.0
0.371289849969
0.438027881366
1.0
0.372137994501
0.438988843713
1.0
0.372691079393
0.43776666851
1.0
0.373098284971
0.438554824015
1.0
0.373838512754
0.437281570651
1.0
0.374804179736
0.438111018821
1.0
0.375333055216
0.437573713147
1.0
0.375900874762
0.43801790653
1.0
0.375900874762
0.43801790653
1.0
0.376381651465
0.437887786788
1.0
0.377186294765
0.43888701044
1.0
0.377946320596
0.438072768275
1.0
0.378542375339
0.438087327455
1.0
0.379083543765
0.437902190598
1.0
0.379612694657
0.438421850907
1.0
0.380098736418
0.438686085024
1.0
0.381020921064
0.439154720606
1.0
0.381020921064
0.439154720606
1.0
0.381681522626
0.438497353717
1.0
0.382014087266
0.438596204014
1.0
0.382531188367
0.437520530937
1.0
0.383043828483
0.437581016878
1.0
0.383368892463
0.436810100232
1.0
0.384216709684
0.436941079952
1.0
0.384739387576
0.436137494479
1.0
0.385173640337
0.436428891603
1.0
0.385173640337
0.436428891603
1.0
0.385685994736
0.435640057021
1.0
0.386303200108
0.435994971698
1.0
0.386707993359
0.435466071574
1.0
0.387493440778
0.43597639223
1.0
0.387968393422
0.435169269221
1.0
0.388222906994
0.435646001727
1.0
0.388675801386
0.434866145115
1.0
0.388915524
0.434818007809
1.0
0.388915524
0.434818007809
1.0
0.389318241261
0.434655648802
1.0
0.38965524836
0.434552986253
1.0
0.390023463467
0.433851502003
1.0
0.390575713328
0.434435094313
1.0
0.390887261326
0.433850149875
1.0
0.390958171788
0.433530384948
1.0
0.391195027712
0.433145332163
1.0
0.391686753378
0.432897196937
1.0
0.391686753378
0.432897196937
1.0
0.391983933182
0.43227957586
1.0
0.392258400423
0.432047653286
1.0
0.392579441786
0.431675878997
1.0
0.3929922005
0.43176047545
1.0
0.393388216804
0.430785934147
1.0
0.393797978677
0.430794809416
1.0
0.393989664731
0.430091750978
1.0
0.394352416169
0.429900902778
1.0
0.394352416169
0.429900902778
1.0
0.394666635111
0.428805434428
1.0
0.394826843345
0.428969653345
1.0
0.395020444024
0.427707677056
1.0
0.39531283381
0.428170380025
1.0
0.395518729741
0.427775168337
1.0
0.395947101018
0.427729947192
1.0
0.396169037497
0.42712472121
1.0
0.396174002277
0.42695892897
1.0
0.396174002277
0.42695892897
1.0
0.396379574193
0.426596613133
1.0
0.396761399693
0.426497971573
1.0
0.3969634128
0.42602367551
1.0
0.397031396554
0.426236792081
1.0
0.397199754164
0.426089423617
1.0
0.397455040983
0.426049859325
1.0
0.397838769236
0.425078635053
1.0
0.397787335969
0.424431500316
1.0
0.397787335969
0.424431500316
1.0
0.397999576649
0.423971426
1.0
0.39828394682
0.42409939782
1.0
0.398390920347
0.423898423328
1.0
0.398682074837
0.424054381042
1.0
0.398932491191
0.423253697602
1.0
0.398776511232
0.422338703417
1.0
0.398895161979
0.422455942479
1.0
0.399523219925
0.423223905086
1.0
0.399523219925
0.423223905086
1.0
0.39983873082
0.422562443939
1.0
0.399837821144
0.422858856436
1.0
0.399980780825
0.422365936529
1.0
0.399922701678
0.422323288981
1.0
0.4001866837
0.421622970102
1.0
0.400232035002
0.421291246352
1.0
0.400389800406
0.420859780748
1.0
0.400501482778
0.421621722592
1.0
0.400501482778
0.421621722592
1.0
0.400566366806
0.421717680584
1.0
0.400438454376
0.422091657544
1.0
0.400683902753
0.422224736484
1.0
0.400949714927
0.422308798609
1.0
0.40110437622
0.421799936273
1.0
0.401079728893
0.422469460557
1.0
0.401263110291
0.422860248345
1.0
0.401167312678
0.423017298622
1.0
0.401167312678
0.423017298622
1.0
0.401247613575
0.423372265502
1.0
0.401389051507
0.423637369566
1.0
0.401460402713
0.424187796405
1.0
0.401540131512
0.424192579964
1.0
0.401750092264
0.424393485072
1.0
0.401892805351
0.424313841784
1.0
0.401930967851
0.424812818284
1.0
0.402151981739
0.424901840198
1.0
0.402151981739
0.424901840198
1.0
0.402425054314
0.424764213681
1.0
0.402492719888
0.425584429242
1.0
0.402518693377
0.425487502998
1.0
0.402723016185
0.425777833646
1.0
0.402850093889
0.425593666599
1.0
0.40304411627
0.425908904204
1.0
0.40304411627
0.425908904204
1.0
0.403120431205
0.426193515934
1.0
0.403381815391
0.425921352815
1.0
0.403486176
0.425638073431
1.0
0.403346034064
0.426206153111
1.0
0.40342495824
0.426335726867
1.0
0.403815023751
0.427101124072
1.0
0.403930738162
0.427182704441
1.0
0.403774037345
0.426649803899
1.0
0.403902334675
0.426612400973
1.0
0.403893695093
0.426296421754
1.0
0.403893695093
0.426296421754
1.0
0.40398332202
0.426236541328
1.0
0.404041885153
0.426336360775
1.0
0.403991891304
0.426753712546
1.0
0.404315613085
0.426928355866
1.0
0.404437452772
0.427019315169
1.0
0.404485679437
0.426993267135
1.0
0.404549148876
0.427015164758
1.0
0.404186475953
0.426324501001
1.0
0.404186475953
0.426324501001
1.0
0.404216766343
0.42616827154
1.0
0.404662814784
0.426232158482
1.0
0.40474173411
0.426057066459
1.0
0.404311712082
0.426024807309
1.0
0.404362841277
0.426039146184
1.0
0.40439210653
0.426422398291
1.0
0.404411430451
0.426590744648
1.0
0.404489592098
0.426211458417
1.0
0.404489592098
0.426211458417
1.0
0.404502199157
0.425958121298
1.0
0.404759678297
0.425776165656
1.0
0.404703294829
0.425855406387
1.0
0.404531237393
0.425920379382
1.0
0.404644006887
0.425577777619
1.0
0.404714432754
0.425060681758
1.0
0.404701062311
0.424981462845
1.0
0.404905094874
0.424908033087
1.0
0.404905094874
0.424908033087
1.0
0.404885752076
0.424420710611
1.0
0.405060394686
0.423749023694
1.0
0.405076967747
0.423821532708
1.0
0.405079701465
0.424036809133
1.0
0.405024687335
0.423985811638
1.0
0.40505829346
0.424211201963
1.0
0.40505829346
0.424211201963
1.0
0.405224151819
0.423029791749
1.0
0.405280485547
0.422673673575
1.0
0.405269267974
0.421809781036
1.0
0.405411803076
0.422595743803
1.0
0.405519850716
0.422658599579
1.0
0.405471242098
0.422891270446
1.0
0.405471562784
0.423277563665
1.0
0.405630148285
0.423228804196
1.0
0.405694054832
0.42262625079
1.0
0.405837140485
0.423284321609
1.0
0.405837140485
0.423284321609
1.0
0.405893503082
0.423705131048
1.0
0.40598930036
0.42384285426
1.0
0.405961852931
0.424294877386
1.0
0.405789936821
0.423866711101
1.0
0.405918837033
0.423994136063
1.0
0.406057005017
0.423403414168
1.0
0.40602016213
0.423651726813
1.0
0.405807784749
0.423634259258
1.0
0.405807784749
0.423634259258
1.0
0.405836516867
0.423847488634
1.0
0.405494963366
0.423147029075
1.0
0.405425580419
0.423360533223
1.0
0.405471533671
0.422957076873
1.0
0.405555802797
0.422468210573
1.0
0.405285949246
0.422014637259
1.0
0.405134637198
0.421623647046
1.0
0.405134637198
0.421623647046
1.0
0.404550583129
0.420780544649
1.0
0.404503256519
0.420506335146
1.0
0.404702773129
0.42065942617
1.0
0.404592507847
0.4200186999
1.0
0.404211160321
0.419721365101
1.0
0.404189684896
0.418989232121
1.0
0.404237675944
0.418535500303
