0.99
0.533472963584
0.318555588284
0.99
0.533472963584
0.318555588284
0.99
0.533605328251
0.320250952637
0.99
0.523014367693
0.326919468236
0.99
0.522811371174
0.326932291058
1.0
0.519847504895
0.329289787263
1.0
0.520232248041
0.331025650625
1.0
0.521630748232
0.329899654374
1.0
0.521870991206
0.330608566639
1.0
0.523564421101
0.329801841162
1.0
0.523793168761
0.331234112732
1.0
0.523793168761
0.331234112732
1.0
0.52433042251
0.331020804669
1.0
0.524745052639
0.332537426838
1.0
0.524931052987
0.333051484722
1.0
0.524949540528
0.3335598198
1.0
0.525513336913
0.334368828087
1.0
0.525685489222
0.335399119468
1.0
0.525892028289
0.336089441703
1.0
0.525892028289
0.336089441703
1.0
0.526193490108
0.338208358448
1.0
0.526499017147
0.338955232038
1.0
0.526481024057
0.339333392478
1.0
0.526696682792
0.340174144606
1.0
0.526636588767
0.341063453618
1.0
0.526601172577
0.341983386695
1.0
0.526244592383
0.343122981258
1.0
0.52623152591
0.343998711562
1.0
0.526722515897
0.345321370552
1.0
0.526722515897
0.345321370552
1.0
0.526827018853
0.346103700744
1.0
0.527120094695
0.346832541087
1.0
0.527229795319
0.347842859959
1.0
0.527083510696
0.349016858826
1.0
0.527130129558
0.35015955726
1.0
0.527109033698
0.351131812195
1.0
0.527239364103
0.352104240045
1.0
0.526800083798
0.351947771855
1.0
0.526800083798
0.351947771855
1.0
0.526727362783
0.352716851174
1.0
0.52672532746
0.35336484715
1.0
0.526557061226
0.354467813547
1.0
0.526429661712
0.354637505446
1.0
0.526468926586
0.355624591282
1.0
0.526462584235
0.355796893497
1.0
0.526356690851
0.356505477277
1.0
0.526356690851
0.356505477277
1.0
0.526050194505
0.356481238845
1.0
0.52614807071
0.356461736685
1.0
0.526133590111
0.356242944197
1.0
0.52603188109
0.356660769597
1.0
0.525843676146
0.357521130659
1.0
0.525915774961
0.357569616839
1.0
0.525784045837
0.356847066047
1.0
0.525742950278
0.35754116393
1.0
0.525517149192
0.358154384523
1.0
0.525517149192
0.358154384523
1.0
0.525512025933
0.35795847632
1.0
0.525822146537
0.359171204875
1.0
0.525675416834
0.360055485321
1.0
0.525430909799
0.359653313425
1.0
0.525490160966
0.359697969692
1.0
0.525671263891
0.360683535701
1.0
0.525784011728
0.36109773443
1.0
0.525779105216
0.36145693301
1.0
0.525779105216
0.36145693301
1.0
0.525658843033
0.362400539754
1.0
0.525857178518
0.36279271235
1.0
0.525843175519
0.363162518862
1.0
0.525899485723
0.364216086939
1.0
0.525887862071
0.364538264145
1.0
0.525892087464
0.364242232048
1.0
0.525844072009
0.364560789031
1.0
0.52578771867
0.365181041674
1.0
0.52578771867
0.365181041674
1.0
0.525723823991
0.36570176119
1.0
0.525794163616
0.365911590423
1.0
0.525877105023
0.366312871577
1.0
0.525703138582
0.365971010017
1.0
0.525571674558
0.36620914958
1.0
0.525682187721
0.367023704334
1.0
0.525613324774
0.367432278188
1.0
0.525391897994
0.367224489325
1.0
0.525391897994
0.367224489325
1.0
0.525426323653
0.367523625071
1.0
0.525643604602
0.367669852101
1.0
0.525594361761
0.367802051302
1.0
0.525444963923
0.366306980028
1.0
0.525565032859
0.367051485606
1.0
0.525602767021
0.36713127295
1.0
0.525393204351
0.367419027514
1.0
0.525393204351
0.367419027514
1.0
0.524979379178
0.366329617762
1.0
0.525018835292
0.366396017767
1.0
0.525044007197
0.366858000735
1.0
0.525026420472
0.36682294433
1.0
0.525345102873
0.366599740092
1.0
0.525265080795
0.366368063509
1.0
0.52527666511
0.366523026502
1.0
0.525312802472
0.366602955718
1.0
0.525312802472
0.366602955718
1.0
0.525357847824
0.366223538927
1.0
0.525276821373
0.365843779952
1.0
0.524988271572
0.365858006514
1.0
0.525118752748
0.365806988091
1.0
0.525631679694
0.366670514325
1.0
0.525619762042
0.366947292854
1.0
0.525637985692
0.366979799364
1.0
0.525739675241
0.366755288287
1.0
0.525832053138
0.367753325693
1.0
0.525832053138
0.367753325693
1.0
0.525748181014
0.367942411292
1.0
0.525756783075
0.367360613362
1.0
0.525789446654
0.367245659505
1.0
0.525412746499
0.366463381931
1.0
0.525465152048
0.365877483059
1.0
0.52559093059
0.364992389226
1.0
0.525685705318
0.364629811974
1.0
0.525685705318
0.364629811974
1.0
0.525691040094
0.363832881663
1.0
0.525645772779
0.364034984978
1.0
0.525629572237
0.364010070557
1.0
0.525758525298
0.36348898416
1.0
0.526193048902
0.363685956926
1.0
0.526357362684
0.363035368757
1.0
0.526437646498
0.362982467298
1.0
0.526438030285
0.362385392138
1.0
0.526065196382
0.361813565931
1.0
0.526065196382
0.361813565931
1.0
0.526154739923
0.361580917587
1.0
0.526579955136
0.36121656972
1.0
0.526622659179
0.360405318409
1.0
0.526643106128
0.360096622225
1.0
0.526663167062
0.360468448813
1.0
0.526703448166
0.35884610473
1.0
0.526855060854
0.357820891519
1.0
0.526904939152
0.35719552664
1.0
0.526904939152
0.35719552664
1.0
0.527158355206
0.356135297776
1.0
0.526744542063
0.354642858717
1.0
0.526820743748
0.353918860259
1.0
0.526952161654
0.353685614861
1.0
0.526999632893
0.352898865921
1.0
0.527094587995
0.351791048528
1.0
0.527159278766
0.351541433944
1.0
0.527278556745
0.350606010864
1.0
0.527278556745
0.350606010864
1.0
0.527480988308
0.349707809241
1.0
0.527915586176
0.349614474814
1.0
0.528238679508
0.349474276349
1.0
0.528239469731
0.349079233249
1.0
0.528356377255
0.347808151975
1.0
0.528262617455
0.347075735589
1.0
0.528403372815
0.3462343015
1.0
0.528403372815
0.3462343015
1.0
0.528586470394
0.345326230756
1.0
0.528809015282
0.344239615981
1.0
0.528727275817
0.343007114628
1.0
0.528920484942
0.342369934237
1.0
0.52911031114
0.342939145757
1.0
0.529289264413
0.342097946384
1.0
0.528705562612
0.34178006283
1.0
0.528938222197
0.341556200554
1.0
0.52878995474
0.343344032677
1.0
0.52878995474
0.343344032677
1.0
0.529026750376
0.342437641534
1.0
0.528006697294
0.342217051703
1.0
0.528183031945
0.341802853742
1.0
0.52873138025
0.34208723559
1.0
0.528260339327
0.341923311074
1.0
0.527905522253
0.340349546034
1.0
0.526274607715
0.343616876375
1.0
0.526274607715
0.343616876375
1.0
0.526635388569
0.343257441684
1.0
0.525730314955
0.345559242958
1.0
0.525727446296
0.345658599837
1.0
0.52587965107
0.345976552889
1.0
0.525972439828
0.346516886104
1.0
0.526609816297
0.345813836686
1.0
0.526637867369
0.345183064844
1.0
0.526929477131
0.344448034622
1.0
0.526929477131
0.344448034622
1.0
0.527302285072
0.343848480846
1.0
0.527388901512
0.343270031719
1.0
0.528097179954
0.344490489925
1.0
0.528343170932
0.344521632265
1.0
0.528263724579
0.344486679805
1.0
0.528337960099
0.343973330704
1.0
0.528922760387
0.344619565513
1.0
0.528946505531
0.344213238818
1.0
0.529132086368
0.343717167836
1.0
0.529132086368
0.343717167836
1.0
0.529312433402
0.343921352815
1.0
0.529431328399
0.34403243057
1.0
0.529634478023
0.343687948555
1.0
0.529524704121
0.344029938036
1.0
0.529459080612
0.343838184754
1.0
0.529776687534
0.343639809886
1.0
0.52982859911
0.343829379581
1.0
0.52982859911
0.343829379581
1.0
0.529047759061
0.342368528563
1.0
0.529283834384
0.341622719836
1.0
0.529232168329
0.342078067011
1.0
0.528954689351
0.342122371854
1.0
0.528877550073
0.340443202716
1.0
0.528849354537
0.340317468557
1.0
0.529120084513
0.341199761993
1.0
0.528901388573
0.340922298254
1.0
0.529046986145
0.3408902003
1.0
0.529046986145
0.3408902003
1.0
0.529398515744
0.340694811312
1.0
0.529265613144
0.340141269856
1.0
0.529072261868
0.340155185771
1.0
0.528704648165
0.340517079062
1.0
0.528628259219
0.340055039181
1.0
0.528738468142
0.340369106036
1.0
0.528738468142
0.340369106036
1.0
0.528727999799
0.340710588081
1.0
0.528592876291
0.340135737253
1.0
0.528497048154
0.339466702276
1.0
0.528705544077
0.341086468603
1.0
0.528691983396
0.341036450993
1.0
0.528356180138
0.34010681035
1.0
0.528373937171
0.339303230208
1.0
0.528560124009
0.33850090489
1.0
0.528354587105
0.339099870143
1.0
0.528354587105
0.339099870143
1.0
0.52785463338
0.337705357491
1.0
0.528001741495
0.336879688242
1.0
0.528212464823
0.337419651643
1.0
0.527889260713
0.338275864047
1.0
0.52793970115
0.338842347429
1.0
0.527842078761
0.338593231079
1.0
0.527448250863
0.336941624241
1.0
0.527448250863
0.336941624241
1.0
0.527306550841
0.336731385031
1.0
0.527150863003
0.336014804643
1.0
0.527176569956
0.335814747486
1.0
0.527868349041
0.3374321601
1.0
0.527856059598
0.337258588546
1.0
0.530492316364
0.341222450865
1.0
0.530429716928
0.340815867738
1.0
0.532378653399
0.346006086161
1.0
0.532289373631
0.346374851512
