0.924887852384
0.564046588864
0.415803094918
0.924887852384
0.563911378815
0.414913115373
0.902233153919
0.56438737421
0.412814155195
0.902233153919
0.564795941251
0.414017051707
1.0
0.564671635007
0.414277961922
1.0
0.565123899159
0.413822070193
0.986949756305
0.565108562607
0.414739025925
0.986949756305
0.565108562607
0.414739025925
0.986949756305
0.564985602593
0.415073020492
1.0
0.565421309719
0.414794048857
1.0
0.564059203195
0.413292770419
1.0
0.563955152396
0.412016711395
1.0
0.564970861809
0.411809756082
0.882402358821
0.564642071714
0.41286581245
0.882402358821
0.564536878047
0.413453373517
0.938076318503
0.56462240077
0.413794912283
0.938076318503
0.564281985796
0.415106425712
0.938076318503
0.564281985796
0.415106425712
0.879662015295
0.564230023926
0.414136232724
0.879662015295
0.564453532485
0.412082990101
1.0
0.564623523623
0.411569954101
1.0
0.563490218721
0.410307190785
1.0
0.563350770387
0.410448797916
1.0
0.564093748517
0.411492472751
1.0
0.564501910709
0.410180007862
1.0
0.565084034657
0.412137695961
1.0
0.565084034657
0.412137695961
0.889172997809
0.564697217775
0.412537379791
0.889172997809
0.563987113764
0.410925591997
0.983661465695
0.564120916586
0.413080495429
0.983661465695
0.564669498243
0.413104623726
0.977107921097
0.564591432531
0.412328783298
0.977107921097
0.56407682484
0.411071977379
0.98225928317
0.564196833303
0.410392621538
0.98225928317
0.564196833303
0.410392621538
0.98225928317
0.565204458413
0.412411750203
0.885964903511
0.564965459956
0.411948380844
0.885964903511
0.564542029154
0.411497016316
0.916741820174
0.564729776473
0.411799548005
0.916741820174
0.564305832003
0.410968217004
1.0
0.564629276309
0.410188961702
1.0
0.561943865799
0.407206858394
