1.0
0.472762960766
0.398501629602
1.0
0.472701945679
0.398329472886
1.0
0.47276290739
0.397821048308
1.0
0.47286082474
0.397737110746
1.0
0.471929748159
0.397229789
1.0
0.471835319462
0.397422871595
1.0
0.471835319462
0.397422871595
1.0
0.472691783871
0.397964752421
1.0
0.472601660034
0.398412600703
1.0
0.47238520541
0.398796751513
1.0
0.472376958499
0.398551681946
1.0
0.472251190156
0.398510027076
1.0
0.472268979984
0.398673497486
1.0
0.472268979984
0.398673497486
1.0
0.472352770704
0.398698949991
1.0
0.472251301423
0.398703743232
1.0
0.472437407168
0.398764664745
1.0
0.472562364646
0.398797028964
1.0
0.472276489934
0.398541539993
1.0
0.472250112254
0.398449819638
1.0
0.472207073113
0.398671221559
1.0
0.472191645478
0.398409939661
1.0
0.471358790874
0.397688384702
1.0
0.471445728686
0.397731914705
1.0
0.471445728686
0.397731914705
1.0
0.472172509954
0.398542385304
1.0
0.472005631575
0.398865269418
1.0
0.472088793757
0.399004938981
1.0
0.472080677749
0.399284171005
1.0
0.471745389646
0.399185704121
1.0
0.471623321737
0.399389501921
1.0
0.471623321737
0.399389501921
1.0
0.471605738431
0.399532752445
1.0
0.471631232895
0.400002332926
1.0
0.471558631159
0.40038220902
1.0
0.471693350092
0.400482346578
1.0
0.471594365454
0.400289013584
1.0
0.471387126675
0.400898084099
1.0
0.470949680048
0.400891354763
1.0
0.470835158707
0.401166709792
1.0
0.470589373155
0.401096027222
1.0
0.470464613602
0.401618505321
1.0
0.470464613602
0.401618505321
1.0
0.471176972648
0.402347161601
1.0
0.471229159701
0.402395942033
1.0
0.470948561097
0.402062231619
1.0
0.470852800195
0.402226162764
1.0
0.471006174537
0.402364678171
1.0
0.47102482517
0.40243495531
1.0
0.470680384355
0.401924963481
1.0
0.470680384355
0.401924963481
1.0
0.47078097883
0.401545347848
1.0
0.471124476599
0.401839655711
1.0
0.471012590171
0.402128707835
1.0
0.471019051286
0.401647535537
1.0
0.470971742136
0.40118815772
1.0
0.47082243927
0.400974538388
1.0
0.470945932896
0.400917197537
1.0
0.470945932896
0.400917197537
1.0
0.470110288378
0.400670114374
1.0
0.469999640067
0.40068901382
1.0
0.470759179565
0.400954605405
1.0
0.470749225085
0.400798396647
1.0
0.470748448451
0.400275062848
1.0
0.470840885189
0.399826795094
1.0
0.470649250835
0.398998774552
1.0
0.470718756289
0.398272264896
1.0
0.470919366185
0.397794717977
1.0
0.470919366185
0.397794717977
1.0
0.471060268985
0.397121081364
1.0
0.471049938934
0.397393000431
1.0
0.470931018303
0.397587414106
1.0
0.47050301044
0.396983824917
1.0
0.470524261655
0.396748842099
1.0
0.470231966091
0.396220869224
1.0
0.470322132544
0.39543792066
1.0
0.469772465816
0.394110984591
1.0
0.469772465816
0.394110984591
1.0
0.469721152617
0.393910753284
1.0
0.470073237898
0.395232085172
1.0
0.470005551242
0.396266434245
1.0
0.470084313606
0.396509851432
1.0
0.470121008621
0.396475799675
1.0
0.470011450277
0.395918234407
1.0
0.470099168945
0.395416261863
1.0
0.470099168945
0.395416261863
1.0
0.469768731125
0.395687479677
1.0
0.469723657456
0.396198986654
1.0
0.470182469289
0.396707091665
1.0
0.469980946705
0.39758974901
1.0
0.469736544047
0.397468039231
1.0
0.469861608451
0.397189644751
1.0
0.469678102304
0.397082638423
1.0
0.469514868188
0.397615627473
1.0
0.469140365685
0.398321297566
1.0
0.469122244999
0.398777212536
1.0
0.469122244999
0.398777212536
1.0
0.469670328149
0.398894253099
1.0
0.469699108114
0.398890060451
1.0
0.469353342871
0.398748255267
1.0
0.469340390334
0.398859294381
1.0
0.469267384121
0.39916186153
1.0
0.469137543902
0.399863824948
1.0
0.469137543902
0.399863824948
1.0
0.469096109779
0.400269060879
1.0
0.46902652354
0.400773530394
1.0
0.468942725083
0.401017174304
1.0
0.468821923144
0.40161650448
1.0
0.46867217465
0.40123779815
1.0
0.468731882798
0.40102470032
1.0
0.468809440969
0.401094242884
1.0
0.468850919368
0.400968418239
1.0
0.468133367129
0.400786954891
1.0
0.468029967304
0.400962264823
1.0
0.468029967304
0.400962264823
1.0
0.468443196321
0.40131577454
1.0
0.468557248505
0.401448038162
1.0
0.468640985692
0.401235211916
1.0
0.468540535372
0.400948942268
1.0
0.468493946582
0.400759590285
1.0
0.46857773291
0.400352537416
1.0
0.46857773291
0.400352537416
1.0
0.46877692693
0.400524647091
1.0
0.468782902326
0.400793636493
1.0
0.468666297476
0.400696583055
1.0
0.468653817718
0.400636474958
1.0
0.468630096375
0.400452054596
1.0
0.468768884642
0.400199239903
1.0
0.468983730406
0.400313166261
1.0
0.468847439424
0.400211791514
1.0
0.468847439424
0.400211791514
1.0
0.468773172297
0.399980813518
1.0
0.468871809287
0.399969762863
1.0
0.468934129246
0.399801982201
1.0
0.468924046312
0.39967153033
1.0
0.468726591455
0.399690048256
1.0
0.468811353382
0.399578902435
1.0
0.469234875432
0.39951451606
1.0
0.469309255251
0.399261873608
1.0
0.469309255251
0.399261873608
1.0
0.469087544131
0.399378690856
1.0
0.469004291833
0.399653190438
1.0
0.46908715586
0.399561441951
1.0
0.469097320998
0.399330953718
1.0
0.469138717576
0.399524705164
1.0
0.469245807738
0.399406365152
1.0
0.469249511697
0.399511350833
1.0
0.469291410377
0.399626458165
1.0
0.469291410377
0.399626458165
1.0
0.469301280927
0.398746197115
1.0
0.46918951918
0.399034439002
1.0
0.469013392515
0.399655044843
1.0
0.468941285413
0.399694202149
1.0
0.468895856259
0.399642973697
1.0
0.468983695623
0.399395361863
1.0
0.468702684298
0.399201677771
1.0
0.468800300453
0.39909760578
1.0
0.468946677536
0.399115815527
1.0
0.468946677536
0.399115815527
1.0
0.468957744951
0.398771425597
1.0
0.468844434839
0.398793299439
1.0
0.468866905833
0.398778856565
1.0
0.469120160534
0.398804099261
1.0
0.469097191289
0.39871041859
1.0
0.468527880131
0.398513967039
1.0
0.468545110488
0.398548882455
1.0
0.468267693845
0.398236616139
1.0
0.468267693845
0.398236616139
1.0
0.468359074069
0.397889019088
1.0
0.468856219667
0.398170495993
1.0
0.468752002934
0.398504226302
1.0
0.468942941484
0.398451544209
1.0
0.469018600031
0.398040536068
1.0
0.468806795467
0.397850034273
1.0
0.468707952211
0.398171832312
1.0
0.468707952211
0.398171832312
1.0
0.468567520428
0.398237899375
1.0
0.468700980222
0.39799174776
1.0
0.46868910368
0.397782685752
1.0
0.468690493534
0.397734064759
1.0
0.468594408096
0.397648331851
1.0
0.468564574931
0.397490920458
1.0
0.468369366457
0.397249677765
1.0
0.468435947511
0.397337803128
1.0
0.468215722189
0.39770631614
1.0
0.468215722189
0.39770631614
1.0
0.468212212091
0.397616085776
1.0
0.468603313017
0.397522339086
1.0
0.46842347041
0.397956667892
1.0
0.468224837592
0.398152189705
1.0
0.46822273799
0.398215481736
1.0
0.468285058178
0.398227008037
1.0
0.468514189624
0.397908707572
1.0
0.468514189624
0.397908707572
1.0
0.468594599871
0.397838419196
1.0
0.468591651109
0.397764324883
1.0
0.468700635964
0.398053793809
1.0
0.468483904462
0.398746826695
1.0
0.46821322594
0.398508768029
1.0
0.468444122659
0.398400983368
1.0
0.468456685643
0.398552682163
1.0
0.468450487658
0.398768089919
1.0
0.468450487658
0.398768089919
1.0
0.468684052421
0.398840406579
1.0
0.468626413656
0.399314969876
1.0
0.468516317582
0.399709526557
1.0
0.468579585943
0.399941669089
1.0
0.468899701589
0.400307229775
1.0
0.469005818212
0.400201949435
1.0
0.469095451357
0.400668293306
1.0
0.469124821675
0.40098314908
1.0
0.469124821675
0.40098314908
1.0
0.469262873958
0.401449067119
1.0
0.469075911044
0.401903883557
1.0
0.468848294586
0.401804587742
1.0
0.469039485566
0.40196313881
1.0
0.469441929874
0.403013279207
1.0
0.469383757717
0.403663385649
1.0
0.46959391042
0.403977487993
1.0
0.469687944276
0.404177632614
1.0
0.469687944276
0.404177632614
1.0
0.443353490921
0.38248294637
1.0
0.443333205803
0.383089835583
1.0
0.443725651161
0.383720797191
1.0
0.443754685493
0.384793685202
1.0
0.443653291219
0.385965382135
1.0
0.443522338722
0.387054337823
1.0
0.443764958333
0.387710779651
1.0
0.443767313237
0.388168948738
1.0
0.443700512178
0.389461214229
1.0
0.443700512178
0.389461214229
1.0
0.443716474804
0.390031956496
1.0
0.443785897223
0.390864543886
1.0
0.443670500024
0.392083248941
1.0
0.443463356281
0.393243609776
1.0
0.443526387923
0.393666318334
1.0
0.443525099707
0.394206591594
1.0
0.443407634501
0.394987066481
1.0
0.443407634501
0.394987066481
1.0
0.443477700609
0.396004858973
1.0
0.443494274428
0.396590802625
1.0
0.443843012945
0.396991163333
1.0
0.444008443356
0.397196023383
1.0
0.444260257609
0.398030210242
1.0
0.444147009168
0.398792346535
1.0
0.444160295882
0.399351410544
1.0
0.444183872281
0.399573246109
1.0
0.444183872281
0.399573246109
1.0
0.444160005158
0.3998746403
1.0
0.444228783122
0.400133412738
1.0
0.444188392167
0.400678874084
1.0
0.444140226933
0.40150946745
1.0
0.443568137147
0.401950852981
1.0
0.443708721245
0.402084007981
1.0
0.4431963738
0.402499877018
1.0
0.442939702591
0.403965908421
1.0
0.443190927163
0.405242486809
1.0
0.443190927163
0.405242486809
1.0
0.443069867978
0.406304011993
1.0
0.442395723537
0.406307975604
1.0
0.442324829937
0.407160491137
1.0
0.441859545505
0.407624638566
1.0
0.441686953374
0.408919272675
1.0
0.441349307277
0.41040784915
1.0
0.441219564158
0.41162558264
1.0
0.441219564158
0.41162558264
1.0
0.44101037024
0.413022638906
1.0
0.440889450111
0.414541324676
1.0
0.440897865098
0.415800936791
1.0
0.440885090523
0.416873289897
1.0
0.440860752456
0.417600954142
1.0
0.440799130534
0.418616705782
1.0
0.440668050156
0.420518224209
1.0
0.440502746551
0.42184308136
1.0
0.440502746551
0.42184308136
1.0
0.440429282473
0.422877134917
1.0
0.440425372165
0.424468429286
1.0
0.441286494911
0.426254756418
1.0
0.441396379414
0.42659022724
1.0
0.442098671073
0.427680013494
1.0
0.442250672111
0.428707082641
1.0
0.442864180273
0.43045814767
1.0
0.442960327683
0.431730932753
1.0
0.442960327683
0.431730932753
1.0
0.443767638879
0.433281448877
1.0
0.443991742604
0.433927158821
1.0
0.44526079599
0.43579121297
1.0
0.445469563797
0.436321168449
1.0
0.446747937409
0.438386676295
1.0
0.447026735936
0.439453477231
1.0
0.44731874718
0.440504375984
1.0
0.447642272472
0.440785327623
1.0
0.447642272472
0.440785327623
1.0
0.448632713521
0.442570953794
1.0
0.448969217217
0.443444486092
1.0
0.450081929538
0.445062482678
1.0
0.450216823011
0.445759449651
1.0
0.452075415189
0.448443915793
1.0
0.452567738946
0.448780971641
1.0
0.453320379168
0.44998659237
1.0
0.453523765551
0.450893925733
1.0
0.453523765551
0.450893925733
1.0
0.454203906602
0.452221474592
1.0
0.454435130299
0.453194900288
1.0
0.455844232268
0.455000357794
1.0
0.456074447505
0.455099346831
1.0
0.456396898708
0.456265349622
1.0
0.456614270132
0.456905959344
1.0
0.457537024354
0.459005294231
1.0
0.457859043721
0.45949509631
1.0
0.457859043721
0.45949509631
1.0
0.458589412349
0.460379142814
1.0
0.458652790058
0.460723510397
1.0
0.458983222654
0.461389740149
1.0
0.459104405979
0.461888164763
1.0
0.459048364892
0.462472885303
1.0
0.459290281157
0.462591263536
1.0
0.459721897286
0.463070399103
1.0
0.459710905657
0.463727353593
1.0
0.459710905657
0.463727353593
1.0
0.460093766069
0.463855967586
1.0
0.460388734675
0.463371084464
1.0
0.460119698787
0.463769268745
1.0
0.459993318938
0.464206712427
1.0
0.459939079764
0.463736400555
1.0
0.460071172883
0.463241162051
1.0
0.459796521123
0.462331138112
1.0
0.459809468201
0.462187446225
1.0
0.459809468201
0.462187446225
1.0
0.459407875328
0.461868785263
1.0
0.459497366375
0.461129423512
1.0
0.459049549598
0.460123852944
1.0
0.459202034537
0.459561754763
1.0
0.45874436617
0.458705949333
1.0
0.458854684906
0.458059582027
1.0
0.458265911717
0.456761776284
1.0
0.458368462938
0.455967035822
1.0
0.458368462938
0.455967035822
1.0
0.460244312654
0.457751787328
1.0
0.461366928222
0.457372881738
1.0
0.469612311099
0.467761020551
1.0
0.471766419358
0.469071192139
1.0
0.47545579179
0.478655363132
1.0
0.477183635705
0.48182184757
1.0
0.476450904485
0.485598022269
1.0
0.477081377973
0.488895508948
1.0
0.477081377973
0.488895508948
1.0
0.475022409725
0.488511652038
1.0
0.474899379543
0.489600110941
1.0
0.473463508955
0.486653458906
1.0
0.47382243759
0.483710476865
1.0
0.472987430772
0.48114653423
1.0
0.473041844033
0.47952037863
1.0
0.472166435895
0.476805452857
1.0
0.472327650653
0.474614771355
1.0
0.472327650653
0.474614771355
1.0
0.471125123427
0.471980945378
1.0
0.471291286087
0.469619872204
1.0
0.470065177661
0.46685557259
1.0
0.470241072082
0.465273809215
1.0
0.469131871615
0.46178896228
1.0
0.469109974646
0.459309540436
1.0
0.468399742515
0.456844536766
1.0
0.468703217516
0.454583240801
1.0
0.468703217516
0.454583240801
1.0
0.468297748969
0.451865522703
1.0
0.468370461258
0.449215870261
1.0
0.467738734578
0.446265477438
1.0
0.468225749511
0.443562708417
1.0
0.46833323222
0.440944460968
1.0
0.468589836259
0.438251263951
1.0
0.468768123941
0.435569300715
1.0
0.469232017314
0.432349584683
1.0
0.469232017314
0.432349584683
1.0
0.469091182992
0.429714737303
1.0
0.469413680329
0.42720596525
1.0
0.469123636128
0.4241962498
1.0
0.469625898016
0.421448818526
1.0
0.469989494796
0.418348909789
1.0
0.470359905576
0.414977887426
1.0
0.470477866362
0.412161041088
1.0
0.471148031211
0.408536305527
1.0
0.471148031211
0.408536305527
1.0
0.471567334092
0.406004538714
1.0
0.472030524654
0.402915015509
1.0
0.472425819544
0.40031821568
1.0
0.472922699057
0.397156546036
1.0
0.473337098972
0.394790875946
1.0
0.473920366833
0.391106230701
1.0
0.474148642966
0.388288345084
1.0
0.474359482591
0.385770953206
1.0
0.474359482591
0.385770953206
1.0
0.473646714052
0.382535476818
1.0
0.473575443831
0.380344673831
1.0
0.465480362899
0.372646744329
1.0
0.462659927998
0.372601140281
0.686205817169
0.449286350951
0.357540850147
0.686205817169
0.447172063571
0.357659502794
0.686205817169
0.447641317618
0.353936202179
0.686205817169
0.447641317618
0.353936202179
0.912429268099
0.457404385364
0.360639845398
0.912429268099
0.457817870385
0.358649078416
0.955169008791
0.456581905117
0.356369470747
0.955169008791
0.45703905589
0.353679727048
0.958811153691
0.457440026217
0.352711270557
0.958811153691
0.457635274923
0.350634856812
0.952877754293
0.45669039237
0.348522050728
0.952877754293
0.457043073554
0.346495582288
0.952877754293
0.457043073554
0.346495582288
0.965744811609
0.457329669191
0.346013409556
0.965744811609
0.457583983832
0.344224398458
0.896669614169
0.457138460868
0.341122792404
0.896669614169
0.457352256827
0.338939207556
0.966702281052
0.456900616112
0.337584290981
0.966702281052
0.460000451119
0.341363122875
1.0
0.460170872808
0.340765732061
1.0
0.460507823468
0.338671686953
1.0
0.460507823468
0.338671686953
1.0
0.461359583393
0.338018102566
1.0
0.461573560166
0.336214289373
0.978966893218
0.462006331239
0.334882504055
0.978966893218
0.46237580887
0.332894133865
0.97679874548
0.462687323673
0.332414890407
0.97679874548
0.463036569264
0.33064329162
1.0
0.463430383446
0.328970170762
1.0
0.463759914502
0.326795792684
1.0
0.463759914502
0.326795792684
0.92290251506
0.464186631563
0.324934542727
0.92290251506
0.464433117392
0.322949124389
0.964020784706
0.464145991893
0.321552939394
0.964020784706
0.464599521297
0.319074467299
0.688256104918
0.457089564901
0.306385104071
0.688256104918
0.457421799887
0.304520184919
0.883197670915
0.457930098266
0.304746409051
0.883197670915
0.458230432637
0.302502855064
0.883197670915
0.458230432637
0.302502855064
0.868610251714
0.458116099021
0.30171999488
0.868610251714
0.45858637226
0.299224200041
0.793054253545
0.458514455898
0.290849921622
0.793054253545
0.4587846386
0.288758869145
0.857261576539
0.458670423424
0.28849838205
0.857261576539
0.458824595135
0.287317381052
0.911031020973
0.458715812942
0.286427836767
0.911031020973
0.459010595671
0.284406735753
0.911031020973
0.459010595671
0.284406735753
0.818532361289
0.45890257338
0.283513999659
0.818532361289
0.459005570357
0.282038787909
0.815914912007
0.458898354142
0.281143090085
0.815914912007
0.459201155227
0.279496688865
0.747309708341
0.466600385806
0.283189702083
0.747309708341
0.46699045123
0.281439026306
0.88415031683
0.466366903086
0.280220135977
0.88415031683
0.466366903086
0.280220135977
0.88415031683
0.466532893152
0.278777881297
0.908806663838
0.466528149724
0.277935464498
0.908806663838
0.466867172188
0.275883066185
0.889477158582
0.466863662219
0.275037854105
0.889477158582
0.466998624763
0.273558276935
0.900734549336
0.466996367096
0.272710473154
0.900734549336
0.467168502536
0.271332664072
0.829541881872
0.467167488136
0.270482132699
0.829541881872
0.467444283366
0.268734602097
0.829541881872
0.467444283366
0.268734602097
0.834382634543
0.467444515002
0.267881313136
0.834382634543
0.467675002083
0.266606626911
0.768777307449
0.467676468748
0.265750435283
0.768777307449
0.46823445201
0.263807244265
0.917092225011
0.470490488083
0.282877455517
0.917092225011
0.470496246051
0.281526381902
0.920102512801
0.470722566029
0.28139365388
0.920102512801
0.470922216677
0.279378101381
0.920102512801
0.470922216677
0.279378101381
0.951660753863
0.47102254954
0.279863510648
0.951660753863
0.471336636576
0.27876871351
0.92086697412
0.471176685114
0.277812167291
0.92086697412
0.471532298917
0.27605069927
0.89884593749
0.471711720218
0.276049565297
0.89884593749
0.471791956418
0.273986609646
0.980200926063
0.472132861367
0.273212418309
0.980200926063
0.472338855293
0.271553896441
0.980200926063
0.472338855293
0.271553896441
0.808715344461
0.472394966111
0.270897684539
0.808715344461
0.47233319701
0.270200319609
0.99
0.479913115911
0.236711500687
0.99
0.47992225203
0.234887507138
1.0
0.480304567788
0.237086191859
1.0
0.480473531814
0.235482500132
1.0
0.481425791268
0.2355593459
1.0
0.481828323556
0.233585371619
1.0
0.481828323556
0.233585371619
1.0
0.482419025289
0.23057284448
1.0
0.482160711557
0.230938288487
1.0
0.482451514579
0.229076058613
1.0
0.483919868128
0.229099360851
1.0
0.48403341291
0.227364244494
1.0
0.484247050705
0.227428887423
1.0
0.484204620765
0.226247873163
1.0
0.4839777382
0.224085263407
1.0
0.4839777382
0.224085263407
1.0
0.484356833684
0.221998100676
1.0
0.484593030788
0.221212210073
1.0
0.484620275563
0.219612457261
1.0
0.485812423575
0.219743719956
1.0
0.485765385306
0.217909561769
1.0
0.485893198481
0.216865871864
1.0
0.485977303824
0.21541528969
1.0
0.486348230902
0.215175799291
1.0
0.486348230902
0.215175799291
1.0
0.486756844563
0.21209192226
1.0
0.48702833148
0.210692173457
1.0
0.486801794587
0.209227838561
1.0
0.487253485919
0.207279854855
1.0
0.487402439049
0.20571758361
1.0
0.486838641695
0.20280319187
1.0
0.486822316375
0.200330949512
1.0
0.487013537104
0.19912374975
1.0
0.487013537104
0.19912374975
1.0
0.487497482801
0.197206846406
1.0
0.487969379789
0.194906014789
1.0
0.487816974541
0.193806802488
1.0
0.487012530524
0.191205086064
1.0
0.487077682812
0.188672154058
0.81505374531
0.486102942882
0.170112854825
0.81505374531
0.486102942882
0.170112854825
0.81505374531
0.486262332417
0.167930906316
0.903554381838
0.485382340278
0.168222220014
0.903554381838
0.485019422365
0.167229473162
0.900673177443
0.484078197662
0.166806201611
0.900673177443
0.484317932805
0.165567571436
1.0
0.483529540249
0.166507915872
1.0
0.483417072296
0.164917839625
1.0
0.48454433474
0.165384592139
1.0
0.484780956976
0.163268283716
0.967370613702
0.485416883696
0.164229670339
0.967370613702
0.485416883696
0.164229670339
0.967370613702
0.485452681954
0.162611833322
1.0
0.485801290205
0.160445276818
1.0
0.486095177459
0.15928539891
0.927887593911
0.486927249763
0.161339645246
0.927887593911
0.486843319613
0.159567427723
0.965564290474
0.486625687721
0.159414373624
0.965564290474
0.486392292759
0.157067437136
1.0
0.48477613
0.154527286549
1.0
0.48477613
0.154527286549
1.0
0.48328775729
0.151599571055
0.948544535815
0.481333131504
0.146394253916
0.948544535815
0.480697163229
0.143507362223
0.87522842768
0.481700776938
0.140091021849
0.87522842768
0.481867813289
0.137104283496
0.87522842768
0.481867813289
0.137104283496
0.99
0.477642039241
0.118004300974
0.99
0.477288260228
0.116582814767
0.99
0.477666049943
0.11498802708
0.99
0.4774865339
0.114027922027
1.0
0.478754412113
0.116834340906
1.0
0.478638271301
0.116377163457
0.878845811018
0.48062363865
0.117533341775
0.878845811018
0.48062363865
0.117533341775
0.878845811018
0.48063933754
0.117467899234
0.908548696977
0.47913305893
0.117300544649
0.908548696977
0.479461482092
0.116396707789
1.0
0.48012329205
0.118123253185
1.0
0.480062641609
0.118966157894
0.96852370712
0.758887984519
0.287896656624
0.96852370712
0.758887984519
0.287896656624
0.96852370712
0.758887984519
0.287896656624
0.96852370712
0.758887984519
0.287896656624
0.96852370712
0.75803041173
0.289654631865
0.991915572885
0.759059378296
0.290795349391
1.0
0.759523738208
0.290980886845
0.8958132386
0.759107675153
0.289000925661
0.99
0.461290657537
0.110706018185
0.698140452132
0.475402335455
0.110846105089
0.99
0.479827200549
0.113591896943
0.836570081676
0.479747490597
0.116725580029
0.836570081676
0.479747490597
0.116725580029
1.0
0.481015445433
0.121416709329
1.0
0.480677123518
0.122647923865
1.0
0.481528022932
0.123762639298
0.890836507427
0.4789223625
0.120631014382
0.890836507427
0.478834451162
0.12085716875
0.890836507427
0.478897842013
0.122007927105
0.890836507427
0.478897842013
0.122007927105
0.992628785517
0.480124728394
0.12536577616
0.992628785517
0.479543411451
0.128775293143
1.0
0.48025846717
0.130355641204
0.904519518482
0.480059797971
0.12865648464
1.0
0.479570380599
0.129692081111
0.909270760073
0.480543449055
0.129077907748
0.909270760073
0.480113416237
0.130609801831
0.909270760073
0.480113416237
0.130609801831
0.913525788129
0.479486433535
0.131084574564
0.913525788129
0.479963797561
0.131415836018
0.861626934966
0.78220635431
0.221112459253
0.861626934966
0.781886701102
0.221492162394
0.861626934966
0.781886701102
0.221492162394
0.861626934966
0.781169920024
0.223913669853
0.889390357495
0.465635758495
0.152957286663
0.889390357495
0.465635758495
0.152957286663
0.84254452768
0.532030884016
0.023773692181
0.803531814969
0.431710568996
-0.00288112737088
0.84254452768
0.435244012817
-0.01736079466
0.84254452768
0.837174679326
0.166798716415
0.84254452768
0.834108799744
0.16872382706
0.90706442666
0.850868713118
0.143271806498
0.90706442666
0.850868713118
0.143271806498
0.737442816847
0.852409909619
0.140751737213
0.737442816847
0.852409909619
0.140751737213
0.703900953296
0.967254985887
0.322257526812
0.703900953296
0.922352487186
0.404558014817
0.703900953296
0.922352487186
0.404558014817
0.703900953296
0.874189115138
0.542560231051
0.919451983207
0.8052411632
0.462607429897
0.754058410913
0.39238320688
0.413020621406
0.919451983207
0.406147356669
0.438518848782
0.921499524275
0.404853855924
0.45636631884
1.0
0.405041897155
0.453541980942
1.0
0.405134992019
0.453206561593
1.0
0.405134992019
0.453206561593
1.0
0.406246550242
0.457214951229
1.0
0.406645906025
0.455376472186
1.0
0.407341470355
0.455842715872
1.0
0.407519545476
0.455192093456
1.0
0.408054577451
0.45418049177
1.0
0.408220211843
0.453525815685
1.0
0.408794038652
0.453804875633
1.0
0.408794038652
0.453804875633
1.0
0.409106826373
0.452055840247
1.0
0.409243350294
0.450984815927
1.0
0.409452554643
0.450154582564
1.0
0.410553551048
0.450589720025
1.0
0.410790938655
0.449722318886
1.0
0.411229439987
0.44900643285
1.0
0.411540149037
0.447857946958
1.0
0.411561100832
0.446532157731
1.0
0.411659396289
0.445609377486
1.0
0.411659396289
0.445609377486
1.0
0.412682036519
0.445062223041
1.0
0.412837470864
0.44469912334
1.0
0.41368267352
0.444601395897
1.0
0.414013665666
0.442969021441
1.0
0.414415338466
0.442958911004
1.0
0.414586012022
0.442223581736
1.0
0.415238608266
0.441460490608
1.0
0.415238608266
0.441460490608
1.0
0.41531422966
0.441006869904
1.0
0.415387895426
0.440649100122
1.0
0.415583107852
0.440044247753
1.0
0.416415581301
0.439509019311
1.0
0.416653662123
0.438822452825
1.0
0.416778945727
0.437536564852
1.0
0.417087822861
0.436031843282
1.0
0.418260233253
0.436434421091
1.0
0.418420981861
0.435805128215
1.0
0.418420981861
0.435805128215
1.0
0.417794940501
0.434624335435
1.0
0.418070572461
0.43371103327
1.0
0.418858872365
0.434018090247
1.0
0.419025608198
0.433535762559
1.0
0.419711358909
0.434044096833
1.0
0.419971712713
0.433401590486
1.0
0.420479764159
0.432576985652
1.0
0.420479764159
0.432576985652
1.0
0.420741737242
0.432160158438
1.0
0.421012161507
0.432100113193
1.0
0.421268704638
0.431413504622
1.0
0.421708583289
0.431796049946
1.0
0.421900719176
0.431538249583
1.0
0.422314501349
0.431313980359
1.0
0.422841967654
0.43004072154
1.0
0.4324630753
0.432258629703
1.0
0.4324630753
0.432258629703
1.0
0.435344985718
0.424527021026
0.99
0.463282626958
0.430556549861
0.99
0.472036802301
0.407883350994
0.99
0.493210720072
0.413052322172
0.99
0.501855202988
0.394379842359
0.99
0.50990971097
0.396790888918
0.944074509385
0.51153632582
0.393232339714
0.944074509385
0.510246177631
0.392115713411
1.0
0.51125942916
0.389441946488
1.0
0.51125942916
0.389441946488
1.0
0.509639420242
0.388135774085
1.0
0.511218138188
0.384625390072
1.0
0.508822303479
0.383980790252
1.0
0.509836214606
0.382344233966
1.0
0.508845703483
0.381576895026
1.0
0.509510420592
0.380552845831
1.0
0.509132454018
0.380575497489
1.0
0.509334540098
0.380403525801
1.0
0.509334540098
0.380403525801
1.0
0.508854034583
0.380141121664
1.0
0.509162817176
0.379612083356
1.0
0.508483314054
0.37940983313
1.0
0.508410891289
0.379652948948
1.0
0.508274455674
0.379932021827
1.0
0.508512688167
0.37961935606
1.0
0.508512688167
0.37961935606
1.0
0.508242861547
0.379262211413
1.0
0.508407964085
0.378889785212
1.0
0.508472035864
0.378784844609
1.0
0.508515751096
0.378565360768
1.0
0.508580470728
0.37841609527
1.0
0.508912822069
0.37781387125
1.0
0.509170075145
0.378264156599
1.0
0.509346599836
0.377863846579
1.0
0.509938194881
0.377558721938
1.0
0.510058971149
0.376291292553
1.0
0.510058971149
0.376291292553
1.0
0.510557890212
0.375783275201
1.0
0.510823144701
0.375393362642
1.0
0.511024264995
0.375275760205
1.0
0.511199856666
0.374468961677
1.0
0.511837091774
0.374064182545
1.0
0.512080728157
0.373184788716
1.0
0.512080728157
0.373184788716
1.0
0.512840059272
0.372483848093
1.0
0.513191088783
0.371381122497
1.0
0.514649633814
0.372155089885
1.0
0.514761873418
0.372047860796
1.0
0.515724877829
0.371253790046
1.0
0.516052815139
0.370386116851
1.0
0.516691391149
0.369887338244
1.0
0.517024474435
0.368729529738
1.0
0.51842942234
0.369545357575
1.0
0.518574323295
0.369112231531
1.0
0.518574323295
0.369112231531
1.0
0.518196859891
0.368853067756
1.0
0.518313243249
0.368238483031
1.0
0.519336802483
0.36737842436
1.0
0.519442318332
0.36672447779
1.0
0.519932058277
0.366618569388
1.0
0.520057145979
0.366504495365
1.0
0.520399426444
0.366453664442
1.0
0.520465367032
0.36587312936
1.0
0.520465367032
0.36587312936
1.0
0.521030413664
0.365600078253
1.0
0.521151094436
0.365028572782
1.0
0.521256349232
0.364894638973
1.0
0.521401372811
0.364734653372
1.0
0.521438043578
0.364781025204
1.0
0.521360550525
0.365186875414
1.0
0.522098894572
0.365243557208
1.0
0.522098894572
0.365243557208
1.0
0.522040069937
0.365293396074
1.0
0.521028899845
0.365292090263
1.0
0.520855863506
0.365283861723
1.0
0.521524425555
0.366687921669
1.0
0.521539208326
0.367067252048
1.0
0.521007085458
0.366272261518
1.0
0.520933564579
0.366366481235
1.0
0.520643342282
0.366529034643
1.0
0.520540768776
0.366874602159
1.0
0.520540768776
0.366874602159
1.0
0.519861139088
0.367253158928
1.0
0.519746180645
0.367657939564
1.0
0.519405826097
0.367116933912
1.0
0.519294355449
0.367368592885
1.0
0.519065024556
0.367388879548
1.0
0.518788687634
0.367484872403
1.0
0.518831674775
0.367848328923
1.0
0.518759479815
0.368457061178
1.0
0.518759479815
0.368457061178
1.0
0.518395832008
0.368961765187
1.0
0.518255390034
0.369641046674
1.0
0.517602727281
0.369309244243
1.0
0.517394694563
0.369629812878
1.0
0.516974757211
0.36963179897
1.0
0.516722113545
0.370772944879
1.0
0.516722113545
0.370772944879
1.0
0.516417971451
0.371132005826
1.0
0.516303150166
0.37135819843
1.0
0.516163445264
0.371289924111
1.0
0.516059992172
0.371832943112
1.0
0.515568235861
0.372375302939
1.0
0.515438321221
0.372761995061
1.0
0.51528422382
0.3742945381
1.0
0.514962210476
0.374926274433
1.0
0.514335874497
0.374215151845
1.0
0.514409197591
0.374101802334
1.0
0.514409197591
0.374101802334
1.0
0.514792322935
0.375507131454
1.0
0.514700796698
0.376194726024
1.0
0.514370251285
0.376622681602
1.0
0.514184884955
0.377420868436
1.0
0.513576769863
0.377688857515
1.0
0.513501361139
0.378533055329
1.0
0.513501361139
0.378533055329
1.0
0.513371699992
0.377717792793
1.0
0.513315516686
0.378678735465
1.0
0.513398172343
0.379958066481
1.0
0.513346766467
0.380515802542
1.0
0.513285892531
0.381059183288
1.0
0.513181342219
0.381570825916
1.0
0.513005559267
0.382358744504
1.0
0.512970450038
0.383389769328
1.0
0.513066490403
0.384707520811
1.0
0.512827682139
0.385423459996
1.0
0.512827682139
0.385423459996
1.0
0.513041512761
0.385930411107
1.0
0.512948413056
0.387017522702
1.0
0.512802983689
0.388079002529
1.0
0.512828830112
0.388409036848
1.0
0.512412768998
0.389110895096
1.0
0.512292885293
0.390524474331
1.0
0.512817224199
0.391288474248
1.0
0.512817224199
0.391288474248
1.0
0.512720189899
0.391832684225
1.0
0.51276289543
0.393220925282
1.0
0.512676276325
0.394219024584
1.0
0.512785407359
0.395491274092
1.0
0.512810623541
0.3962777472
1.0
0.512752202023
0.396843130246
1.0
0.512490290267
0.398029723895
1.0
0.512490290267
0.398029723895
1.0
0.511843225954
0.398385632643
1.0
0.511749100523
0.399096220705
1.0
0.511882957095
0.400197396114
1.0
0.511585787737
0.401437334744
1.0
0.51083362674
0.401590881548
1.0
0.510781178866
0.402673957495
1.0
0.510788507641
0.403710527763
1.0
0.510497848694
0.404965301251
1.0
0.50993129824
0.405153417847
1.0
0.509831734123
0.405631642503
1.0
0.509831734123
0.405631642503
1.0
0.509681689158
0.406163989504
1.0
0.509525344666
0.406775520253
1.0
0.509412968534
0.407449796174
1.0
0.509200610277
0.40834569681
1.0
0.508479435962
0.409233704364
1.0
0.508325093667
0.409457269072
1.0
0.50835847863
0.410031705098
1.0
0.50835847863
0.410031705098
1.0
0.508069742633
0.411484968557
1.0
0.507409972939
0.41104736144
1.0
0.50728374762
0.411653012131
1.0
0.507809020245
0.412979426107
1.0
0.507782145878
0.413737577636
1.0
0.507355825798
0.414082647072
1.0
0.507256137151
0.414657438609
1.0
0.507256137151
0.414657438609
1.0
0.507112515651
0.415518900123
1.0
0.506995226387
0.416320625615
1.0
0.50706076699
0.417353793397
1.0
0.506873925096
0.418726404866
1.0
0.507205197666
0.420071067942
1.0
0.507101967166
0.420871790676
1.0
0.506995038036
0.422055355169
1.0
0.506851942966
0.423192613005
1.0
0.506725789136
0.424687029711
1.0
0.506608823651
0.425898704205
1.0
0.506608823651
0.425898704205
1.0
0.506657428295
0.427393902338
1.0
0.506586929789
0.428501285793
1.0
0.506633978703
0.430154701101
1.0
0.506472327969
0.431840232294
1.0
0.506762810124
0.433672880404
1.0
0.506702254084
0.434122928919
1.0
0.506702254084
0.434122928919
1.0
0.50626441605
0.435621228012
1.0
0.506200946969
0.437057822395
1.0
0.506116040545
0.438845231378
1.0
0.505651191273
0.441026405933
1.0
0.506159029956
0.443126429694
1.0
0.505934392423
0.444649273114
1.0
0.505790786083
0.445716004534
1.0
0.50535932411
0.447376120533
1.0
0.504704119386
0.448948264151
1.0
0.504511775569
0.450900847402
1.0
0.504511775569
0.450900847402
1.0
0.504397692069
0.452897732764
1.0
0.503965224512
0.454355495786
1.0
0.50430493738
0.455574190185
1.0
0.503976019736
0.457367202564
1.0
0.503833206225
0.458119424844
1.0
0.503350909144
0.460028161784
1.0
0.503350909144
0.460028161784
1.0
0.5031493169
0.460469658757
1.0
0.502901946338
0.461240657317
1.0
0.503185361925
0.462039878062
1.0
0.502843867552
0.463221172934
1.0
0.502816225888
0.463527482976
1.0
0.502639710274
0.463647009652
1.0
0.502562719534
0.463592118154
1.0
0.502426463599
0.463708962774
1.0
0.502426463599
0.463708962774
1.0
0.502226962802
0.464652548376
1.0
0.502131609016
0.464831340722
1.0
0.501959632673
0.463400247421
1.0
0.501635588089
0.464193099778
1.0
0.502014486394
0.464204929887
1.0
0.50188180185
0.464070632657
1.0
0.502272065089
0.464152415251
1.0
0.502216440765
0.464065234378
1.0
0.502427945867
0.463777821412
1.0
0.502427945867
0.463777821412
1.0
0.502304442586
0.46358408312
1.0
0.502568841006
0.462962679723
1.0
0.50229393852
0.463200245238
1.0
0.502431363291
0.462607674869
1.0
0.502404957412
0.462458004283
1.0
0.502371334629
0.462292688426
1.0
0.502126328377
0.462163530787
1.0
0.502126328377
0.462163530787
1.0
0.502367605236
0.46197868438
1.0
0.502274558954
0.462093874128
1.0
0.502969425829
0.461914217963
1.0
0.502724265529
0.462338065034
1.0
0.502517417422
0.461841434999
1.0
0.507611427952
0.446219377368
1.0
0.507587913718
0.445682002487
1.0
0.507319978358
0.446129508809
1.0
0.507319978358
0.446129508809
1.0
0.507602261794
0.446233263686
1.0
0.507412551117
0.446712030841
1.0
0.50795518582
0.447560588115
1.0
0.507668234933
0.448609849845
1.0
0.507634493685
0.448833188742
1.0
0.507531512145
0.449188705465
1.0
0.508016277718
0.450074529112
1.0
0.507525266481
0.451867085254
1.0
0.507552288876
0.452547917405
1.0
0.507552288876
0.452547917405
1.0
0.50712241073
0.453804412497
1.0
0.506820456449
0.454940401708
1.0
0.506698549228
0.455776023937
1.0
0.507019659392
0.457162669448
1.0
0.506556839669
0.458660209878
1.0
0.506899718104
0.459946680986
1.0
0.506608970674
0.461883594184
1.0
0.506608970674
0.461883594184
1.0
0.506880055928
0.463549197267
1.0
0.50657320177
0.465424256153
1.0
0.506345429432
0.467185958692
1.0
0.506154103298
0.468751139388
1.0
0.505786128423
0.470238527482
1.0
0.505257516319
0.472277080298
1.0
0.505674012226
0.474024846914
1.0
0.505326125502
0.475876187051
1.0
0.50434285823
0.477217754662
1.0
0.504096255361
0.47876794595
1.0
0.504096255361
0.47876794595
1.0
0.504063510103
0.479455713892
1.0
0.503550562765
0.480469263635
1.0
0.498507199293
0.472884429303
1.0
0.497330714187
0.470956755678
1.0
0.487733073063
0.460730286876
0.99
0.483942174113
0.459665689023
0.99
0.483942174113
0.459665689023
0.988199822323
0.472648151998
0.445321552181
0.988199822323
0.470242382957
0.445708148261
0.988199822323
0.469773222938
0.441896459748
1.0
0.466801062608
0.437170772974
1.0
0.466691776787
0.436164270599
1.0
0.462854065929
0.432376062081
1.0
0.462314770535
0.433811975005
1.0
0.459953261642
0.431757521528
1.0
0.459953261642
0.431757521528
1.0
0.459568589108
0.432551190687
1.0
0.458619840107
0.432225630773
1.0
0.458211187282
0.433336883322
1.0
0.456948284616
0.432613671444
1.0
0.456635962718
0.433471840984
1.0
0.456413502302
0.434783013896
1.0
0.456156194516
0.435739533274
1.0
0.454827564028
0.434769788975
1.0
0.454827564028
0.434769788975
1.0
0.454296265523
0.435795736272
1.0
0.453223047451
0.435741393478
1.0
0.452947126167
0.436282639799
1.0
0.451699260522
0.435370830962
1.0
0.451247277983
0.43639826157
1.0
0.450285345033
0.435765470405
1.0
0.450167968867
0.435637306337
1.0
0.4492117004
0.434823496108
1.0
0.4492117004
0.434823496108
1.0
0.448727804174
0.435754474151
1.0
0.447809388859
0.436249284751
1.0
0.447709402972
0.436051462607
1.0
0.447150226817
0.434753425407
1.0
0.446879446542
0.434983911853
1.0
0.445204003213
0.433594672472
1.0
0.445065316645
0.43366056153
1.0
0.444410706193
0.43283006523
1.0
0.444410706193
0.43283006523
1.0
0.444311044016
0.432658661985
1.0
0.443625248198
0.431836335698
1.0
0.443438652017
0.431553265033
1.0
0.443071357409
0.430713508301
1.0
0.442802553156
0.431012870377
1.0
0.442290268288
0.429770630901
1.0
0.442165552635
0.429539844742
1.0
0.441582316111
0.428711557872
1.0
0.441582316111
0.428711557872
1.0
0.441558850824
0.428131035919
1.0
0.441061341429
0.427291158889
1.0
0.440890795962
0.427350215579
1.0
0.440452009372
0.426791003344
1.0
0.440378901693
0.426493141434
1.0
0.440206351955
0.425919973036
1.0
0.440307160966
0.425658443527
1.0
0.440706183186
0.425444985141
1.0
0.440706183186
0.425444985141
1.0
0.440686469266
0.424964220258
1.0
0.440670315294
0.424887449439
1.0
0.440736540375
0.424788305788
1.0
0.440707262396
0.424508769388
1.0
0.440720248665
0.424191668339
1.0
0.440976833126
0.424400924151
1.0
0.441027192596
0.424238399442
1.0
0.441074938811
0.424192154853
1.0
0.441094167772
0.424512269373
1.0
0.441094167772
0.424512269373
1.0
0.441053153201
0.42471596042
1.0
0.441008671856
0.42482026645
1.0
0.441685986013
0.424979270426
1.0
0.441717407263
0.425237231169
