0.99
0.528761644481
0.704606945224
0.99
0.535035535739
0.735059857932
0.99
0.535035535739
0.735059857932
0.99
0.535158604814
0.764741106477
0.99
0.53808678263
0.796259698528
0.99
0.536022912981
0.828586145532
0.99
0.538084273148
0.859728094178
0.99
0.53569661674
0.893377573544
0.98739384644
0.539924058674
0.925867161173
0.98739384644
0.53935084933
0.959846588488
0.99
0.543579603818
0.987193957257
0.99
0.543579603818
0.987193957257
0.99
0.543267090515
1.01449261623
0.99
0.549233686417
1.03459666402
0.99
0.549560359345
1.05435922352
0.99
0.552484301134
1.07312069569
0.99
0.552348722705
1.08978609923
0.99
0.554638813919
1.09794910926
1.0
0.554341884297
1.10753425178
1.0
0.55741497875
1.11796979195
1.0
0.55741497875
1.11796979195
1.0
0.558477490944
1.12806163211
1.0
0.560657282805
1.13314231379
1.0
0.561459492417
1.13896868255
1.0
0.561482698709
1.13887672166
1.0
0.562851229462
1.13922469636
1.0
0.561131792456
1.13522360566
1.0
0.562427594675
1.13262071996
1.0
0.561805495067
1.13022935323
1.0
0.561805495067
1.13022935323
1.0
0.562002178444
1.12873916338
1.0
0.561925974016
1.12599254983
1.0
0.56224097478
1.1252600959
1.0
0.561004097597
1.12528409809
1.0
0.561539985268
1.12534855282
1.0
0.56141150971
1.12431680852
1.0
0.56173450813
1.12383905603
1.0
0.561247612788
1.12307936502
1.0
0.561247612788
1.12307936502
1.0
0.561495074585
1.12263364958
1.0
0.561445027222
1.12139826298
1.0
0.561750641896
1.12140473623
1.0
0.561030116903
1.1217353437
1.0
0.561504319031
1.12086531868
1.0
0.561983015102
1.11999521154
1.0
0.562565341096
1.120665112
1.0
0.562319967356
1.12058256449
1.0
0.562319967356
1.12058256449
1.0
0.562730508005
1.12049979234
1.0
0.562622089014
1.11994735185
1.0
0.562610111248
1.12034166328
1.0
0.562519115156
1.12057628339
1.0
0.562762753237
1.12070088384
1.0
0.562882041686
1.12053711288
1.0
0.563238042838
1.12036424518
1.0
0.562553761298
1.12027175232
1.0
0.562553761298
1.12027175232
1.0
0.562441149087
1.12023250223
1.0
0.561699838804
1.12084239065
1.0
0.561814098372
1.12082409397
1.0
0.563089036682
1.12022081376
1.0
0.563145761064
1.12086873437
1.0
0.562844917866
1.12162176317
1.0
0.562916632207
1.12183280635
1.0
0.562127838937
1.12244919875
1.0
0.562127838937
1.12244919875
1.0
0.562309399104
1.12283870342
1.0
0.563176937922
1.12278514625
1.0
0.56305961845
1.12351640872
1.0
0.562902038732
1.12479478212
1.0
0.562878912319
1.12600504421
1.0
0.563496634907
1.12620282971
1.0
0.563484297984
1.12640764704
1.0
0.563172768135
1.1266188305
1.0
0.563172768135
1.1266188305
1.0
0.563254678821
1.12711258082
1.0
0.562976109063
1.12724198215
1.0
0.562819623138
1.12696611895
1.0
0.563323799693
1.12733812164
1.0
0.563482902848
1.1278545933
1.0
0.563594573961
1.12807679053
1.0
0.563568463821
1.1287063454
1.0
0.563771738189
1.12877555878
1.0
0.563771738189
1.12877555878
1.0
0.564038669812
1.12924818377
1.0
0.563989118726
1.12948834265
1.0
0.564329355638
1.13046538996
1.0
0.564328507289
1.13078627657
1.0
0.564005013887
1.13017657636
1.0
0.56389068823
1.13067050472
1.0
0.564070841205
1.13156286412
1.0
0.564658771958
1.13170511267
1.0
0.564658771958
1.13170511267
1.0
0.564673262373
1.13144075427
1.0
0.564829555814
1.13083681676
1.0
0.564920711144
1.13135699297
1.0
0.565038859607
1.13154458918
1.0
0.565155227777
1.13176621827
1.0
0.565051680418
1.13216000515
1.0
0.564923125095
1.13191810148
1.0
0.564657522076
1.13146364592
1.0
0.564657522076
1.13146364592
1.0
0.56473144062
1.13125507389
1.0
0.564845392232
1.1312713919
1.0
0.564817374256
1.13151854405
1.0
0.564300506937
1.13095659557
1.0
0.564465779559
1.1309410747
1.0
0.565384182431
1.13040855667
1.0
0.565114866676
1.12982548468
1.0
0.563903405184
1.1299913468
1.0
0.563903405184
1.1299913468
1.0
0.563921931339
1.12918043155
1.0
0.564564915321
1.12878066472
1.0
0.564663576914
1.12836212838
1.0
0.564337078287
1.1277842526
1.0
0.564669226837
1.12802976956
1.0
0.564505355646
1.12737556697
1.0
0.564293495448
1.12607820145
1.0
0.564293495448
1.12607820145
1.0
0.564078827075
1.12548638614
1.0
0.56427662727
1.12565954316
1.0
0.564302568408
1.12554377092
1.0
0.563946104137
1.12598219398
1.0
0.563567502375
1.12549856534
1.0
0.563511948286
1.12438603161
1.0
0.563556759558
1.12441545304
1.0
0.563556759558
1.12441545304
1.0
0.563642237314
1.12320876034
1.0
0.563189594237
1.12236628984
1.0
0.563204010713
1.12198392911
1.0
0.563466762197
1.12212412718
1.0
0.563652557461
1.12214912153
1.0
0.56338241751
1.12106887185
1.0
0.563564516798
1.12076947424
1.0
0.563315999587
1.12057365893
1.0
0.563122645482
1.12005868664
1.0
0.563624376221
1.11970523541
1.0
0.563624376221
1.11970523541
1.0
0.563241421871
1.11880316083
1.0
0.562700109588
1.11876859509
1.0
0.562869940703
1.11828457239
1.0
0.563746789158
1.11727413435
1.0
0.563762722803
1.11705056888
1.0
0.563252373197
1.11663066621
1.0
0.563164179265
1.11596327195
1.0
0.563164179265
1.11596327195
1.0
0.563346810235
1.11590754174
1.0
0.563422641893
1.11559605684
1.0
0.563285092915
1.11448444732
1.0
0.563076218575
1.11380807168
1.0
0.56299201868
1.11367000237
1.0
0.562958215392
1.11331085127
1.0
0.562857071837
1.11253522329
1.0
0.563010844088
1.11193296711
1.0
0.563207537747
1.1120431063
1.0
0.563207537747
1.1120431063
1.0
0.563360150946
1.11205100029
1.0
0.56307766495
1.11081546811
1.0
0.562810149655
1.10989863147
1.0
0.562920806523
1.10972618137
1.0
0.563120547341
1.10926995288
1.0
0.562889354432
1.10886054146
1.0
0.562721896828
1.10828701494
1.0
0.562721896828
1.10828701494
1.0
0.562900040252
1.10795815414
1.0
0.562955842433
1.10736556718
1.0
0.563032977863
1.10635148352
1.0
0.562940853929
1.10570387396
1.0
0.563420069106
1.10661839266
1.0
0.563482042166
1.10664838534
1.0
0.56322477303
1.10641965472
1.0
0.563517229733
1.10566155684
1.0
0.563517229733
1.10566155684
1.0
0.564020842441
1.10462649954
1.0
0.5638599952
1.10516989809
1.0
0.564796271973
1.10543707994
1.0
0.565052059714
1.10621294524
1.0
0.564512353272
1.10698802949
1.0
0.564677004246
1.10690606981
1.0
0.563992647053
1.10727126759
1.0
0.563794296593
1.1075773782
1.0
0.564306292719
1.1080274455
1.0
0.564306292719
1.1080274455
1.0
0.564328924952
1.1082790153
1.0
0.564396322211
1.10873478761
1.0
0.564632493316
1.10910932936
1.0
0.564904603891
1.10903697572
1.0
0.565081823306
1.11001992214
1.0
0.564669856641
1.11021838489
1.0
0.564370450363
1.10964169589
1.0
0.564702931802
1.10932230877
1.0
0.564702931802
1.10932230877
1.0
0.564929469661
1.10977202273
1.0
0.564150228397
1.11032275012
1.0
0.563994811746
1.11039205077
1.0
0.563692706755
1.1104166303
1.0
0.563140324631
1.11014970523
1.0
0.563768457317
1.11044269262
1.0
0.563474880316
1.11051581083
1.0
0.563474880316
1.11051581083
1.0
0.562779312691
1.11075221053
1.0
0.562672548543
1.11093864772
1.0
0.562538502911
1.11051767729
1.0
0.562323947499
1.11097587964
1.0
0.562207265096
1.11168235623
1.0
0.561772598475
1.11144595388
1.0
0.560969122737
1.11088758392
1.0
0.56065132323
1.11089068679
1.0
0.56065132323
1.11089068679
1.0
0.56040118278
1.11168096016
1.0
0.559924286739
1.11145619837
1.0
0.55938763827
1.1108083413
1.0
0.559434034683
1.11054624851
1.0
0.55876586773
1.11075935001
1.0
0.558378631969
1.11041232003
1.0
0.557869507155
1.11130100852
1.0
0.557416516871
1.11165372698
1.0
0.556924173869
1.11148294929
1.0
0.556924173869
1.11148294929
1.0
0.556686925014
1.11127430104
1.0
0.556190441201
1.11177490049
1.0
0.556444132099
1.11222001819
1.0
0.556620724679
1.1125510312
1.0
0.55638512898
1.11268529542
1.0
0.556148536478
1.11244870434
1.0
0.556215147193
1.11251556545
1.0
0.556310161493
1.11294647776
1.0
0.556310161493
1.11294647776
1.0
0.555979147126
1.11292269473
1.0
0.555458550301
1.11292083255
1.0
0.555579056455
1.11252861894
1.0
0.555636423791
1.11153372469
1.0
0.555440015289
1.11196805396
1.0
0.555605631916
1.11279303744
1.0
0.555581254042
1.11338352144
1.0
0.555800492345
1.11360004284
1.0
0.555800492345
1.11360004284
1.0
0.555781125819
1.11348079284
1.0
0.55532928675
1.11382098291
1.0
0.555037189979
1.11367794209
1.0
0.554621493597
1.11417098515
1.0
0.554314575382
1.11492529948
1.0
0.554257524849
1.11495093532
1.0
0.554418458521
1.11443376396
1.0
0.553882842661
1.11417316184
1.0
0.553882842661
1.11417316184
1.0
0.553798418518
1.1140489451
1.0
0.553909115959
1.11485370857
1.0
0.55375909375
1.11536644899
1.0
0.55370655227
1.11531389725
1.0
0.553727413872
1.11497540179
1.0
0.553687303676
1.11569053572
1.0
0.553182477886
1.1155390478
1.0
0.553109038172
1.11508037429
1.0
0.553109038172
1.11508037429
1.0
0.553162504882
1.1156174306
1.0
0.552244799017
1.11621166293
1.0
0.551960382428
1.11618425001
1.0
0.552163721297
1.11563451832
1.0
0.552095847621
1.11651918881
1.0
0.551850544814
1.11660974917
1.0
0.551267555262
1.116324319
1.0
0.551057974984
1.11722659114
1.0
0.551057974984
1.11722659114
1.0
0.551438706781
1.11732467918
1.0
0.551263079708
1.11762763548
1.0
0.550738756008
1.11767587086
1.0
0.55029947982
1.11724858181
1.0
0.550161481131
1.11753762375
1.0
0.550164240264
1.11747048681
1.0
0.550117713098
1.11735926759
1.0
0.550108054353
1.117119794
1.0
0.550108054353
1.117119794
1.0
0.549939733082
1.11743368765
1.0
0.549812483915
1.11829298397
1.0
0.549636931843
1.11810380673
1.0
0.549225751632
1.1180885493
1.0
0.549023287534
1.11845901631
1.0
0.548968668834
1.11848491322
1.0
0.54879663378
1.11825085148
1.0
0.547950203468
1.11916890013
1.0
0.547950203468
1.11916890013
1.0
0.547792331794
1.1198197404
1.0
0.547957722183
1.11948971004
1.0
0.54773519822
1.1199307475
1.0
0.547408310262
1.12019398529
1.0
0.54714520093
1.12023738731
1.0
0.546852432196
1.12100788407
1.0
0.546448920827
1.1209233365
1.0
0.54641712502
1.12097982627
1.0
0.54641712502
1.12097982627
1.0
0.545962307182
1.12111647574
1.0
0.545451329629
1.12194854883
1.0
0.545243996061
1.12271169025
1.0
0.544830158394
1.12381951837
1.0
0.544450771903
1.12435256614
1.0
0.54412535945
1.12423383443
1.0
0.544038020831
1.12398110824
1.0
0.543553872284
1.12353328981
1.0
0.543553872284
1.12353328981
1.0
0.543394168043
1.12450412571
1.0
0.543299229189
1.12545874691
1.0
0.542825835091
1.12516387614
1.0
0.543039146513
1.12575860026
1.0
0.543227506063
1.12642377459
1.0
0.542590616211
1.1269161814
1.0
0.542590616211
1.1269161814
1.0
0.542239236007
1.12673254715
1.0
0.541935487075
1.12664425626
1.0
0.541379691179
1.12753794865
1.0
0.541155250256
1.12776580299
1.0
0.540986360997
1.12753217635
1.0
0.540494648061
1.12861059272
1.0
0.540271837953
1.1290565557
1.0
0.540122217104
1.12858461816
1.0
0.539803860356
1.12885126986
1.0
0.539662430909
1.12955348114
1.0
0.539662430909
1.12955348114
1.0
0.539580125345
1.13006750169
1.0
0.538930998228
1.13039370211
1.0
0.538615299763
1.13079682617
1.0
0.538404697815
1.13129019801
1.0
0.538058346064
1.13156084325
1.0
0.537985160445
1.13180181359
1.0
0.537834175432
1.13133070881
1.0
0.537973478027
1.1317429424
1.0
0.537973478027
1.1317429424
1.0
0.537785664248
1.13261364847
1.0
0.537539773025
1.1320517348
1.0
0.537334633663
1.13163370925
1.0
0.537701238792
1.13190442789
1.0
0.537473981642
1.13262137858
1.0
0.536818040497
1.13274228491
1.0
0.536818040497
1.13274228491
1.0
0.536673742462
1.13243824907
1.0
0.5370270997
1.13261473206
1.0
0.536898788924
1.13290183452
1.0
0.536728574201
1.13347454826
1.0
0.53638094022
1.13377818402
1.0
0.536252224274
1.1337290035
1.0
0.535850246401
1.13368732074
1.0
0.536403119709
1.13384993042
1.0
0.536402869049
1.13376372368
1.0
0.53566800857
1.13352860441
1.0
0.53566800857
1.13352860441
1.0
0.535602783421
1.13368493063
1.0
0.536137153373
1.13420510842
1.0
0.536098885269
1.13428768853
1.0
0.535879156945
1.13429826085
1.0
0.535560859786
1.13471933961
1.0
0.535612682955
1.13429823725
1.0
0.535224363808
1.13361567071
1.0
0.535116668114
1.13368078526
1.0
0.535116668114
1.13368078526
1.0
0.534871226203
1.13343156032
1.0
0.53490542759
1.13276760102
1.0
0.534936327911
1.13249208957
1.0
0.53404404546
1.1284520578
1.0
0.532871414905
1.12217669782
1.0
0.530440702935
1.11039125921
1.0
0.530440702935
1.11039125921
1.0
0.52992257848
1.09648989136
0.99
0.525694310762
1.07850131663
0.99
0.527553619381
1.05794397793
0.99
0.525024844707
1.0364110223
0.99
0.528138392581
1.01082698542
0.99
0.526190707406
0.989785051968
0.99
0.530686478196
0.964192542747
0.99
0.526672438252
0.94751798311
0.99
0.528007522234
0.933202707537
1.0
0.528472985973
0.923825104387
1.0
0.528472985973
0.923825104387
1.0
0.529496346573
0.913758960876
1.0
0.530332748159
0.911021627273
1.0
0.530184187295
0.908782713469
1.0
0.530798413074
0.907469624437
1.0
0.53023310851
0.907523173645
1.0
0.530459726785
0.906600191381
1.0
0.529775288948
0.906632150801
1.0
0.529775288948
0.906632150801
1.0
0.529759474109
0.90605672348
1.0
0.530162527084
0.905740680771
1.0
0.529545512745
0.905396870046
1.0
0.529434728383
0.905412552735
1.0
0.529867654821
0.905241565439
1.0
0.529640005509
0.905052525426
1.0
0.529241933354
0.904130342622
1.0
0.529241933354
0.904130342622
1.0
0.529437350541
0.904213809573
1.0
0.529899765427
0.903577901339
1.0
0.529969767659
0.902860233418
1.0
0.529817210476
0.90310824059
1.0
0.529504455885
0.903552621493
1.0
0.529904242554
0.903520543805
1.0
0.529599307828
0.903737789659
1.0
0.529263116627
0.904124599949
1.0
0.529155594842
0.904223416291
1.0
0.529090210904
0.90292778791
1.0
0.529090210904
0.90292778791
1.0
0.529156145801
0.902669133489
1.0
0.529962624234
0.90176857126
1.0
0.529953781681
0.901795293896
1.0
0.529422457053
0.901475712161
1.0
0.529382031252
0.901204580014
1.0
0.529078022757
0.902461336007
1.0
0.5292106162
0.902702639792
1.0
0.529546583461
0.902307752889
1.0
0.529546583461
0.902307752889
1.0
0.52912970629
0.902683709456
1.0
0.529056391987
0.902176083482
1.0
0.529154642932
0.902038135533
1.0
0.530212642153
0.901648641758
1.0
0.530349234434
0.901519893479
1.0
0.530165113008
0.901487640937
1.0
0.530165113008
0.901487640937
1.0
0.529747425453
0.90209440023
1.0
0.530792254087
0.901840015406
1.0
0.531089079659
0.901727787402
1.0
0.530565149507
0.902039027724
1.0
0.530278180849
0.902163672239
1.0
0.53033551486
0.901999723439
1.0
0.53045164328
0.902138846903
1.0
0.530626615589
0.902910914287
1.0
0.530557947728
0.903225130157
1.0
0.530873041315
0.901953078986
1.0
0.530873041315
0.901953078986
1.0
0.530788080091
0.902830110958
1.0
0.531519658037
0.903237918613
1.0
0.531245356603
0.902860594411
1.0
0.531403644244
0.903447006748
1.0
0.531740269858
0.904435146182
1.0
0.532160298832
0.904922410074
1.0
0.532160298832
0.904922410074
1.0
0.532010075603
0.905442916393
1.0
0.531759966595
0.905925824681
1.0
0.531944568853
0.906876294277
1.0
0.53278956788
0.906865597505
1.0
0.532655950958
0.906881080206
1.0
0.53283218298
0.906596239844
1.0
0.533011896714
0.907549639669
1.0
0.533450485572
0.90788062166
1.0
0.533475262145
0.907808319453
1.0
0.532894119801
0.908163878951
1.0
0.532894119801
0.908163878951
1.0
0.53290058221
0.907632726296
1.0
0.533001184775
0.907453655679
1.0
0.532712184268
0.907203983139
1.0
0.532476806952
0.908114892739
1.0
0.53231927006
0.908801432781
1.0
0.533123513643
0.908103064229
1.0
0.533033422652
0.908592260519
1.0
0.533199985653
0.908478856733
1.0
0.533199985653
0.908478856733
1.0
0.533664316374
0.908087257574
1.0
0.533839493232
0.908720731173
1.0
0.533538043699
0.908713816649
1.0
0.53359655935
0.90961670347
1.0
0.533241677996
0.909940508633
1.0
0.533918123963
0.908921930367
1.0
0.533918123963
0.908921930367
1.0
0.533988475287
0.909040793594
1.0
0.533977227033
0.909674350283
1.0
0.533857459634
0.909910008986
1.0
0.534281796151
0.910039952393
1.0
0.534459642304
0.910773426796
1.0
0.534329156841
0.910679332642
1.0
0.534538285277
0.909753599071
1.0
0.533583167942
0.904796913303
1.0
0.533583167942
0.904796913303
1.0
0.533883260249
0.896479928985
0.99
0.530352067189
0.87874133853
0.99
0.533342052376
0.849581232605
0.984989587695
0.52349548684
0.816907877227
0.984989587695
0.52655268785
0.77879434276
0.99
0.517860931522
0.755564062225
0.99
0.518195779381
0.722392230554
0.99
0.515549533983
0.705348636868
0.99
0.515549533983
0.705348636868
0.99
0.516781194219
0.695482478741
1.0
0.517602009406
0.69645074413
1.0
0.517546324631
0.699414050758
1.0
0.522627968572
0.702464761329
1.0
0.522346866545
0.70520460218
1.0
0.524196584365
0.704049406266
1.0
0.524151526007
0.705053657392
1.0
0.524616858276
0.706010449252
1.0
0.524914481798
0.706259875112
1.0
0.524865855262
0.707443799346
1.0
0.524865855262
0.707443799346
1.0
0.525606665024
0.709908551394
1.0
0.526883756062
0.711329285626
1.0
0.527028870522
0.711952265333
1.0
0.528370356337
0.713000119618
1.0
0.528832636744
0.7141379588
1.0
0.529775905853
0.715181271456
1.0
0.529775905853
0.715181271456
1.0
0.53021596081
0.71547215999
1.0
0.530826396288
0.716885499787
1.0
0.530908499398
0.717618220666
1.0
0.532416984598
0.718685824916
1.0
0.532871389929
0.719192323199
1.0
0.53345369047
0.720810889836
1.0
0.533740961988
0.723432131326
1.0
0.533886336852
0.724277323614
1.0
0.533886336852
0.724277323614
1.0
0.534387179121
0.724722885437
1.0
0.535573796937
0.726277372968
1.0
0.535888449626
0.728248448315
1.0
0.536366687492
0.730500164544
1.0
0.536463271993
0.731361593668
1.0
0.536987718685
0.733405771693
1.0
0.536965976207
0.734200710932
1.0
0.537735218611
0.736295475434
1.0
0.537847977257
0.738958105701
1.0
0.538007057892
0.74074472679
1.0
0.538007057892
0.74074472679
1.0
0.538369271369
0.742236068082
1.0
0.539518772789
0.744747091393
1.0
0.539671230414
0.745814591503
1.0
0.540137262395
0.747780840687
1.0
0.540883757517
0.748887090512
1.0
0.541439248441
0.751588325154
1.0
0.541439248441
0.751588325154
1.0
0.541657297911
0.752575369114
1.0
0.541595836676
0.754960709969
1.0
0.541824057806
0.756620309176
1.0
0.543306608054
0.759976040379
1.0
0.543594284201
0.762370150317
1.0
0.543182302264
0.7641835412
1.0
0.543440793482
0.765179303543
1.0
0.544173042019
0.766902497434
1.0
0.544173042019
0.766902497434
1.0
0.543346401717
0.77085257454
1.0
0.537954350896
0.772835898336
0.99
0.528921440195
0.788380783401
0.99
0.516640172882
0.789580961174
0.99
0.507884391394
0.797647735265
0.99
0.503339271566
0.799798388759
1.0
0.504162338836
0.7997330014
1.0
0.505669032518
0.801721872002
1.0
0.507715794969
0.800578911642
0.990521726766
0.508800426763
0.800695814007
0.990521726766
0.508800426763
0.800695814007
0.990521726766
0.509718112571
0.800049275565
1.0
0.510303603036
0.800727340966
1.0
0.511067409572
0.801365541988
1.0
0.51189767167
0.801391369631
1.0
0.512495249958
0.802162318795
1.0
0.512426636243
0.802750027443
1.0
0.512426636243
0.802750027443
1.0
0.513113180289
0.803599060859
1.0
0.513557566086
0.804760216887
1.0
0.513562975413
0.805332982716
1.0
0.51347931131
0.806324059691
1.0
0.514084546704
0.806368084778
1.0
0.513786509745
0.807068288123
1.0
0.514153868813
0.808419818098
1.0
0.51471368812
0.808572854867
1.0
0.515137605925
0.809237645981
1.0
0.515412874456
0.80932432743
1.0
0.515412874456
0.80932432743
1.0
0.51586766509
0.809983073058
1.0
0.516146557584
0.810825618604
1.0
0.516437210865
0.81117602836
1.0
0.516402347345
0.811401189028
1.0
0.516692919826
0.811259856288
1.0
0.516182215353
0.811251698654
1.0
0.516182215353
0.811251698654
1.0
0.516519379036
0.811781891592
1.0
0.517652726011
0.812536930445
1.0
0.517598249424
0.81314144191
1.0
0.517373357047
0.813381556662
1.0
0.517547573433
0.813388434759
1.0
0.517591466526
0.813918098451
1.0
0.517904530136
0.813300223501
1.0
0.518285586539
0.813433654005
1.0
0.518285586539
0.813433654005
1.0
0.518479604666
0.813574944032
1.0
0.518005554635
0.813982333635
1.0
0.518237697233
0.814876617947
1.0
0.518258483145
0.814941995381
1.0
0.518617458156
0.814715597399
1.0
0.519274642597
0.814869278016
1.0
0.519576565061
0.814494937893
1.0
0.519264547516
0.813552277333
1.0
0.519487261406
0.812980638472
1.0
0.519552882456
0.813005719811
1.0
0.519552882456
0.813005719811
1.0
0.520236422272
0.812973756015
1.0
0.521016814527
0.811954151479
1.0
0.521268826535
0.811892735086
1.0
0.521492353819
0.811693930263
1.0
0.521732138221
0.810197536292
1.0
0.521945686521
0.809914940798
1.0
0.521945686521
0.809914940798
1.0
0.522149902634
0.809556537766
1.0
0.522428040901
0.809869539647
1.0
0.522975947593
0.809866752941
1.0
0.52339121152
0.808737778662
1.0
0.523957167862
0.807896967703
1.0
0.523932335666
0.807833119225
1.0
0.523982899854
0.807481711748
1.0
0.524806580178
0.807149901711
1.0
0.524806580178
0.807149901711
1.0
0.52532784504
0.806334019858
1.0
0.525171413798
0.806181330279
1.0
0.525273487442
0.804540043391
1.0
0.525586609646
0.80390275853
1.0
0.525910747668
0.802569821341
1.0
0.527244673462
0.802665166799
1.0
0.527835063597
0.802160828745
1.0
0.527649185557
0.802307695118
1.0
0.527649185557
0.802307695118
1.0
0.527468503459
0.802701523882
1.0
0.527773621388
0.802353166173
1.0
0.528041718867
0.801961069447
1.0
0.528050954874
0.80171242462
1.0
0.528204793107
0.801153598234
0.993760645717
0.528849757123
0.801491845153
0.993760645717
0.529358874743
0.800752010789
1.0
0.529431497359
0.801449346509
1.0
0.529431497359
0.801449346509
1.0
0.529551303473
0.801605095601
0.997794719004
0.530112847652
0.801549398128
0.997794719004
0.530098481986
0.80164225313
1.0
0.530349729044
0.801510620633
1.0
0.530354295963
0.802069711072
0.998694599373
0.530622197768
0.802468144985
0.998694599373
0.530695764397
0.801684413953
1.0
0.531138768137
0.802078447768
1.0
0.531197458589
0.803295506381
1.0
0.531197458589
0.803295506381
0.997791523163
0.531750960082
0.803350934885
0.997791523163
0.5317673648
0.803618682913
0.991693019673
0.532888140775
0.804453680461
0.991693019673
0.532733136593
0.804974826503
1.0
0.534124314193
0.808514936875
1.0
0.534206392146
0.811779757708
0.99
0.542346146463
0.829272444628
0.99
0.542346146463
0.829272444628
0.99
0.543431526447
0.852864165921
0.99
0.553695963151
0.881861018573
0.99
0.555986579129
0.907531909545
0.99
0.565770659819
0.934639218182
0.99
0.569165493422
0.963188254079
0.99
0.576939564024
0.990793608277
0.99
0.576726479636
1.01575776687
0.99
0.584203490281
1.04340752419
0.99
0.584203490281
1.04340752419
0.99
0.585170734247
1.069047765
0.99
0.591638448521
1.09148800969
0.99
0.591696872337
1.11420965326
0.99
0.598679779438
1.13161712634
0.895688160638
0.599230136671
1.13712821318
0.895688160638
0.601349336912
1.14417213666
0.99
0.603588717165
1.16527691108
0.99
0.603588717165
1.16527691108
0.99
0.608067574978
1.16968083715
1.0
0.609628019092
1.17157396862
1.0
0.612010080719
1.17197172484
1.0
0.611434475777
1.16910372006
1.0
0.612098503537
1.16660557858
1.0
0.611208490158
1.16499641258
1.0
0.611501037455
1.16435009736
1.0
0.611501037455
1.16435009736
1.0
0.610675415012
1.16330158175
1.0
0.610947475967
1.16303511374
1.0
0.610578622992
1.16321234941
1.0
0.610397445187
1.16199330896
1.0
0.609562618114
1.16206594603
1.0
0.609974532599
1.16092930071
1.0
0.608691364784
1.1606250706
1.0
0.607880934276
1.15950504922
1.0
0.607880934276
1.15950504922
1.0
0.607171836664
1.15958068446
1.0
0.606922308622
1.15867934166
1.0
0.606555072599
1.15968033567
1.0
0.605011195991
1.16006972228
1.0
0.603866976552
1.16075309713
1.0
0.602539415994
1.16173221486
1.0
0.601331313808
1.16226254707
1.0
0.600646863816
1.16173804498
1.0
0.600646863816
1.16173804498
1.0
0.599801420982
1.16088021068
1.0
0.599307975301
1.16153511588
1.0
0.598756657703
1.16263811638
1.0
0.598348971808
1.16240876485
1.0
0.597016890441
1.1623238803
1.0
0.596753211491
1.16359497358
1.0
0.596069095131
1.16322115448
1.0
0.595477367003
1.16249556513
1.0
0.595477367003
1.16249556513
1.0
0.594729317241
1.16330585789
1.0
0.594748594047
1.16386230851
1.0
0.594099744706
1.16367457865
1.0
0.593961414289
1.16294688232
1.0
0.593666044412
1.16292559688
1.0
0.593281315265
1.16408270064
1.0
0.592385034225
1.16422085884
1.0
0.591524756531
1.16360933565
1.0
0.591524756531
1.16360933565
1.0
0.590901583443
1.16192892626
1.0
0.590581665018
1.16178977973
1.0
0.589680156887
1.16265413444
1.0
0.58860799511
1.16131816775
1.0
0.587647601958
1.16143641558
1.0
0.587641181346
1.16175604271
1.0
0.587013211254
1.16111251048
1.0
0.58651938075
1.16053219486
1.0
0.58651938075
1.16053219486
1.0
0.58570867367
1.16056123992
1.0
0.58541986071
1.16012901872
1.0
0.584980312653
1.15967279441
0.997144809409
0.584423304966
1.15929833839
0.997144809409
0.583604380092
1.15843123061
0.930032049238
0.583496019984
1.15775752278
0.930032049238
0.583457046114
1.15762362119
1.0
0.583804676967
1.15736125869
1.0
0.583804676967
1.15736125869
1.0
0.583437995071
1.15648149572
0.996554080602
0.582664108484
1.15532121988
0.996554080602
0.582429519879
1.15401129879
0.94800682184
0.582393739298
1.15414988947
0.94800682184
0.581819650633
1.15368391544
0.914906278211
0.582123162771
1.15495777953
0.914906278211
0.581788409766
1.15470686003
1.0
0.581733336961
1.15545074832
1.0
0.581733336961
1.15545074832
1.0
0.581390131433
1.15512606615
0.969682362038
0.581394899062
1.15566620238
0.969682362038
0.580864468728
1.15527556644
0.958891647119
0.58082980196
1.15600253725
0.958891647119
0.580794187539
1.15557900658
0.964027696944
0.579987284226
1.15474079891
0.964027696944
0.579759017167
1.15493373964
0.995838922004
0.580478278104
1.15622782264
0.995838922004
0.580478278104
1.15622782264
0.995838922004
0.580487131299
1.15522419562
0.972944404805
0.581298749995
1.1559441547
0.972944404805
0.581109712789
1.15545418022
0.933114024077
0.580531916494
1.15479385735
0.933114024077
0.579776445102
1.15511229016
0.965074272456
0.579782151039
1.15513553086
