0.831476690014
0.494643232384
0.284391327175
0.831476690014
0.49496869539
0.290573930563
0.821040033865
0.493399139053
0.29474799871
0.831476690014
0.495012003085
0.301069259085
0.99
0.48754768272
0.339591495163
0.99
0.48754768272
0.339591495163
0.99
0.48754768272
0.339591495163
0.99
0.486920668203
0.350718855007
0.99
0.486920668203
0.350718855007
1.0
0.487772964105
0.358026408161
0.749098825002
0.466854151676
0.401251684956
0.773014558766
0.490477928106
0.412965094692
0.90309016438
0.496100166171
0.38823845799
0.897154484771
0.490723452856
0.41242321978
0.88331810877
0.490991532892
0.41191109909
0.895289576373
0.490970407402
0.411383120655
0.895289576373
0.490970407402
0.411383120655
1.0
0.491024328276
0.410651154862
1.0
0.490987458277
0.410621287581
1.0
0.490987458277
0.410621287581
1.0
0.490913541556
0.425020879304
1.0
0.491846466169
0.426047205187
1.0
0.492223531629
0.42719778384
1.0
0.492779262491
0.427921774255
1.0
0.492779262491
0.427921774255
1.0
0.493494387121
0.429727162686
1.0
0.4937823037
0.42235641773
1.0
0.494038791371
0.422680489465
1.0
0.494029689326
0.42247556752
1.0
0.494143626312
0.42224704017
1.0
0.494158595371
0.422265730314
1.0
0.494202001487
0.4219482748
1.0
0.494189417705
0.4222351067
1.0
0.494189417705
0.4222351067
1.0
0.494000895693
0.422761678679
1.0
0.494069415135
0.422720794938
1.0
0.493739566377
0.422412692255
1.0
0.493829409422
0.422146723686
1.0
0.493795022031
0.421673484535
1.0
0.493813775237
0.421905923899
1.0
0.493431697392
0.421406485879
1.0
0.493431697392
0.421406485879
1.0
0.493313757312
0.420999434684
1.0
0.492707167634
0.420589394972
1.0
0.492649346634
0.420589925685
1.0
0.492956465941
0.421187656678
1.0
0.493078120565
0.420749965492
1.0
0.492721047807
0.42081034076
1.0
0.492692243306
0.420793981979
1.0
0.492573978322
0.421106786111
1.0
0.4924024497
0.421137105848
1.0
0.4924024497
0.421137105848
1.0
0.491916217587
0.421488156955
1.0
0.491896810115
0.421403283631
1.0
0.494653454653
0.424513430948
1.0
0.49480272969
0.42364444163
1.0
0.494621295977
0.42370639189
1.0
0.494521117868
0.424303250567
1.0
0.494277002198
0.423828577264
1.0
0.494306499002
0.423837929329
1.0
0.494306499002
0.423837929329
1.0
0.494095119346
0.423580743315
1.0
0.494078359106
0.423589711911
1.0
0.494284719774
0.424460354779
1.0
0.494361998249
0.424082455395
1.0
0.494285405182
0.424946236329
1.0
0.494317913737
0.425120485653
1.0
0.493964359785
0.424657863081
1.0
0.494011268259
0.424197537224
1.0
0.494191246672
0.425298126257
1.0
0.494191246672
0.425298126257
1.0
0.494090810744
0.425718698568
1.0
0.49394281128
0.426200938818
1.0
0.493921234261
0.426806963906
1.0
0.493982013561
0.427781087529
1.0
0.49387054284
0.428599317799
1.0
0.494006760061
0.429082573617
1.0
0.49398936053
0.429954386836
1.0
0.49398936053
0.429954386836
1.0
0.493407511556
0.428728099896
1.0
0.493415071961
0.429671461214
1.0
0.493646101731
0.430207550474
1.0
0.493641545843
0.430690630111
1.0
0.493563304051
0.430455024421
1.0
0.4936434964
0.431227974615
1.0
0.493702332065
0.43193277325
1.0
0.493818268064
0.432469042863
1.0
0.493818268064
0.432469042863
1.0
0.493849121902
0.432898264419
1.0
0.493885892018
0.43328137503
1.0
0.493712220214
0.433276659957
1.0
0.493803537621
0.433098296625
1.0
0.493971065426
0.4327549099
1.0
0.493914416646
0.433007197911
1.0
0.494375885226
0.434060872766
1.0
0.494531927552
0.43358077144
1.0
0.494531927552
0.43358077144
1.0
0.494253387653
0.433265463513
1.0
0.494495566019
0.432566471455
1.0
0.494510899213
0.432505769044
1.0
0.494518227214
0.432823025209
1.0
0.494236212105
0.432837297068
1.0
0.494371324515
0.433870527961
1.0
0.494462656043
0.434304102651
1.0
0.49469576351
0.433971033546
1.0
0.49469576351
0.433971033546
1.0
0.494191963446
0.433456366626
1.0
0.494372974551
0.432964573434
1.0
0.494653360746
0.433841797005
1.0
0.494733932127
0.434024176654
1.0
0.494462905238
0.43390627054
1.0
0.494643779895
0.434041700098
1.0
0.495069125167
0.435152626452
1.0
0.495297604992
0.434909077633
1.0
0.494914330483
0.434792851039
1.0
0.494914330483
0.434792851039
1.0
0.495079224753
0.434270854098
1.0
0.495031083499
0.433791236652
1.0
0.495277498674
0.433898162619
1.0
0.495479983891
0.433889964216
1.0
0.495698500286
0.433506361879
1.0
0.496114114706
0.433676655823
1.0
0.496190497666
0.433727154245
1.0
0.496190497666
0.433727154245
1.0
0.497250028208
0.435136269942
1.0
0.497343528325
0.434858110353
1.0
0.497443168168
0.435581384436
1.0
0.497763204812
0.435523826966
1.0
0.497608142927
0.43464424136
1.0
0.49752543164
0.434940152815
1.0
0.497690765727
0.434973946214
1.0
0.497829058098
0.434791623834
1.0
0.497829058098
0.434791623834
1.0
0.498277380299
0.435352275059
1.0
0.498332886586
0.435412777971
1.0
0.498862797178
0.43675456784
1.0
0.498934145009
0.436633903568
1.0
0.499393982111
0.437872957835
1.0
0.499453737738
0.438038654592
1.0
0.499162530994
0.437361319108
1.0
0.499315355619
0.437285075862
1.0
0.499315355619
0.437285075862
1.0
0.499395406485
0.437623618543
1.0
0.499445438666
0.438030000254
1.0
0.500398468378
0.440218540821
1.0
0.500468541651
0.440535367936
1.0
0.500349517229
0.440626421378
1.0
0.500301909769
0.441577090625
1.0
0.500443750736
0.442215735181
1.0
0.500513317121
0.443106719176
1.0
0.500513317121
0.443106719176
1.0
0.500569488986
0.443492102495
1.0
0.500571672631
0.443969775926
1.0
0.500660394088
0.444411844958
1.0
0.500809399259
0.444854279828
1.0
0.500787394151
0.443888337286
1.0
0.500798039695
0.444446858515
1.0
0.500848428547
0.444907913378
1.0
0.500987912042
0.445606433588
1.0
0.500987912042
0.445606433588
1.0
0.501440692195
0.445739211327
1.0
0.501529203565
0.445691321031
1.0
0.501805166634
0.447165653977
1.0
0.501924709109
0.447185757713
1.0
0.501916684723
0.446942545569
1.0
0.501887251604
0.447201335689
1.0
0.501841112227
0.446749645347
1.0
0.501996029513
0.446591550731
1.0
0.501996029513
0.446591550731
1.0
0.50181610003
0.445929983408
1.0
0.501732522851
0.44608465108
1.0
0.50176825125
0.446807396849
1.0
0.50165780653
0.44830629339
1.0
0.501590471311
0.448644412337
1.0
0.501702067185
0.448216748497
1.0
0.502136446549
0.449551885265
1.0
0.502397798836
0.448580100055
1.0
0.502397798836
0.448580100055
1.0
0.502562303338
0.448770631758
1.0
0.502607761374
0.449017870243
1.0
0.502539456981
0.449169227317
1.0
0.502554783455
0.449970184258
1.0
0.502709999044
0.449991769407
1.0
0.502822058211
0.449827743127
1.0
0.503175659351
0.450431445406
1.0
0.503236610296
0.450270392623
1.0
0.503236610296
0.450270392623
1.0
0.50307613602
0.450716882528
1.0
0.50320068036
0.451267558759
1.0
0.503336101426
0.45119303413
1.0
0.503299675146
0.451283753955
1.0
0.503304522633
0.451136969326
1.0
0.503360735882
0.45121555532
1.0
0.503484694473
0.451549663731
1.0
0.503466428622
0.451676766154
1.0
0.503466428622
0.451676766154
1.0
0.503819810505
0.452405663138
1.0
0.503841443751
0.452301413786
1.0
0.503873962645
0.452456259598
1.0
0.503786574765
0.452684021637
1.0
0.503447805774
0.451827910529
1.0
0.503495296984
0.451809130405
1.0
0.503894284852
0.452490000024
1.0
0.50383845111
0.452642796014
1.0
0.50383845111
0.452642796014
1.0
0.503456564333
0.452277708438
1.0
0.50351345059
0.452282538837
1.0
0.504079365184
0.453688042182
1.0
0.504132467432
0.453806693448
1.0
0.504268041383
0.453704730844
1.0
0.504153583704
0.453802898292
1.0
0.503986082629
0.45375994045
1.0
0.504027397152
0.453887517327
1.0
0.504027397152
0.453887517327
1.0
0.50396102276
0.453811832366
1.0
0.50399924147
0.453798880456
1.0
0.503936864268
0.453968415698
1.0
0.503927662594
0.454402578052
1.0
0.503844103671
0.454538885493
1.0
0.503884972026
0.454736161105
1.0
0.503779201971
0.454957514316
1.0
0.503702541623
0.454884021671
1.0
0.503702541623
0.454884021671
1.0
0.503687185171
0.454988977515
1.0
0.503687303855
0.455382221653
1.0
0.503453564502
0.455926978941
1.0
0.503500262342
0.456192655155
1.0
0.503792682832
0.456813542397
