1.0
0.555812580556
0.523753970215
1.0
0.555712450084
0.523615040952
1.0
0.55556786872
0.523237973442
1.0
0.555569144476
0.522879346817
1.0
0.555574396391
0.522919094082
1.0
0.555574396391
0.522919094082
1.0
0.555594149066
0.52254884613
1.0
0.555425896971
0.522267687488
1.0
0.555273511195
0.522255055981
1.0
0.555257365187
0.522399208734
1.0
0.555316357427
0.522062500932
1.0
0.555018690195
0.521498545803
1.0
0.55497863697
0.521250192209
1.0
0.554712345303
0.520568910069
1.0
0.554712345303
0.520568910069
1.0
0.554743303295
0.520255012768
1.0
0.554896561935
0.520833323361
1.0
0.554748742022
0.520841131116
1.0
0.554347132983
0.520046935039
1.0
0.554474974691
0.520019669168
1.0
0.55429080563
0.51985064509
1.0
0.554104391649
0.520043710428
1.0
0.553928601937
0.519920790631
1.0
0.553928601937
0.519920790631
1.0
0.553862889327
0.519771848694
1.0
0.553572287308
0.519531818981
1.0
0.553435849387
0.519565315846
1.0
0.552690421386
0.519042279061
1.0
0.552711109788
0.518896931393
1.0
0.552652333141
0.519263959887
1.0
0.552258591421
0.519855499042
1.0
0.552258591421
0.519855499042
1.0
0.551958802188
0.519560644309
1.0
0.551846290115
0.519815716583
1.0
0.551277797792
0.519129376217
1.0
0.551017210694
0.519408113054
1.0
0.550539310757
0.518460342168
1.0
0.550268248695
0.518597464641
1.0
0.550066428472
0.518574564956
1.0
0.549775607542
0.519074537632
1.0
0.549375296619
0.519044269742
1.0
0.549081149532
0.519856933155
1.0
0.549081149532
0.519856933155
1.0
0.548661651509
0.519270544578
1.0
0.548265650239
0.519318342692
1.0
0.547858254472
0.519027115028
1.0
0.547711441859
0.519214719419
1.0
0.547594184621
0.519370182502
1.0
0.54725296176
0.520010852622
1.0
0.54725296176
0.520010852622
1.0
0.547113304005
0.519719198251
1.0
0.547099535826
0.519953066483
1.0
0.546658182277
0.520042964095
1.0
0.546503523482
0.520477045612
1.0
0.546484367919
0.520335554871
1.0
0.546449878258
0.520189400855
1.0
0.546235486996
0.520070634718
1.0
0.546049153494
0.520755632601
1.0
0.546049153494
0.520755632601
1.0
0.546073785108
0.520285387436
1.0
0.546068677616
0.520371128918
1.0
0.546094261881
0.520287114205
1.0
0.545961608902
0.520590806476
1.0
0.545576531939
0.520629751822
1.0
0.54563548673
0.520563117802
1.0
0.545415128357
0.519939557072
1.0
0.545345858574
0.520107180843
1.0
0.545291115954
0.520034813658
1.0
0.545291115954
0.520034813658
1.0
0.545208781137
0.520133339987
1.0
0.545117823959
0.520479917427
1.0
0.54510532614
0.520686117235
1.0
0.545234932358
0.520540398745
1.0
0.545275833283
0.520508759707
1.0
0.545130917924
0.520357962063
1.0
0.545155199752
0.520377450008
1.0
0.545155199752
0.520377450008
1.0
0.545182662214
0.520650444662
1.0
0.54514245912
0.520665498471
1.0
0.545140356431
0.520578949185
1.0
0.545214570294
0.520589492874
1.0
0.545286391121
0.520519668207
1.0
0.54523555444
0.520744268682
1.0
0.545369896049
0.521260482985
1.0
0.545489452856
0.521285058057
1.0
0.545636932002
0.521234930324
1.0
0.545636932002
0.521234930324
1.0
0.545681209032
0.521321830906
1.0
0.545729729866
0.521401054771
1.0
0.545764534988
0.52165030632
1.0
0.546317765294
0.521919854549
1.0
0.546372604025
0.522022037702
1.0
0.54636963331
0.521932144961
1.0
0.546418469185
0.52203898443
1.0
0.546475601065
0.521974979312
1.0
0.546475601065
0.521974979312
1.0
0.546541992468
0.521758149577
1.0
0.547175779841
0.522534825387
1.0
0.547250992258
0.522330521115
1.0
0.547396722446
0.521279089154
1.0
0.547659709718
0.52086774586
1.0
0.548009425547
0.521440510938
1.0
0.548134878613
0.521013669862
1.0
0.548134878613
0.521013669862
1.0
0.548344177432
0.521067419806
1.0
0.548417180443
0.520916203687
1.0
0.548579182016
0.520930927366
1.0
0.548783521731
0.520588157384
1.0
0.548998262691
0.520328015748
1.0
0.549175219358
0.519987050484
1.0
0.549485037407
0.520276061987
1.0
0.549612616764
0.519871172194
1.0
0.549874858666
0.520072530834
1.0
0.549874858666
0.520072530834
1.0
0.550000998592
0.51992336656
1.0
0.55049619293
0.520429338902
1.0
0.550598034952
0.519981774516
1.0
0.55075548853
0.519771071994
1.0
0.550950544716
0.519592095554
1.0
0.551052061822
0.519976795612
1.0
0.551295243778
0.519541770586
1.0
0.551295243778
0.519541770586
1.0
0.551380853962
0.519456851288
1.0
0.55145793045
0.519206446741
1.0
0.551017432553
0.518849423655
1.0
0.551278731555
0.518508126137
1.0
0.551956617121
0.519470937673
1.0
0.552206704458
0.519237239107
1.0
0.55257906605
0.519661390427
1.0
0.55285765064
0.5190976518
1.0
0.552797255351
0.519053794315
1.0
0.552797255351
0.519053794315
1.0
0.553071602992
0.518548763499
1.0
0.553309206757
0.518951478975
1.0
0.55350901762
0.518932525769
1.0
0.553315944957
0.518971587555
1.0
0.553443298869
0.518890858952
1.0
0.553237608902
0.518991138541
1.0
0.553544031241
0.518890705064
1.0
0.553515647605
0.518617064288
1.0
0.553515647605
0.518617064288
1.0
0.553526465286
0.518535169656
1.0
0.553302624873
0.518615907285
1.0
0.553646785113
0.518156286533
1.0
0.553494669609
0.51839375424
1.0
0.553514479029
0.518765564052
1.0
0.553521726402
0.519160598637
1.0
0.553690081364
0.518722227723
1.0
0.553690081364
0.518722227723
1.0
0.553602838907
0.518891733279
1.0
0.553645805957
0.519065649117
1.0
0.553139860372
0.519159502743
1.0
0.553183316148
0.519346741534
1.0
0.553118043924
0.519591254644
1.0
0.553030102097
0.519759510435
1.0
0.552877121724
0.519785819778
1.0
0.5529610184
0.520108222499
1.0
0.552714107305
0.520616920061
1.0
0.552714107305
0.520616920061
1.0
0.552651619807
0.52091402026
1.0
0.552606279244
0.52145181042
1.0
0.552570929317
0.5220122924
1.0
0.55210330496
0.522047643242
1.0
0.552152743939
0.522109368187
1.0
0.551908060763
0.522166281647
1.0
0.551759285466
0.522861884245
1.0
0.551759285466
0.522861884245
1.0
0.551405094863
0.522861186441
1.0
0.551411041269
0.523169050385
1.0
0.551098417843
0.523199878229
1.0
0.551226252773
0.523342978606
1.0
0.550860260778
0.523427931087
1.0
0.550595728223
0.523917490637
1.0
0.550300216079
0.524395925929
1.0
0.550232651817
0.52495305273
1.0
0.550232651817
0.52495305273
1.0
0.549763323805
0.524824505367
1.0
0.54961088691
0.525275470244
1.0
0.549116750705
0.525163201478
1.0
0.548888289079
0.526028275138
1.0
0.548837876712
0.526185491507
1.0
0.548605714739
0.526934648814
1.0
0.548332913013
0.527735397247
1.0
0.548276195463
0.528631915532
1.0
0.54823548197
0.530296987781
1.0
0.54823548197
0.530296987781
1.0
0.547888596368
0.530714541148
1.0
0.547823953452
0.531446985114
1.0
0.547757511097
0.532780944305
1.0
0.547899539908
0.534937478312
1.0
0.547718585987
0.535573912786
1.0
0.548152798807
0.536587931624
1.0
0.548169223437
0.537759143718
1.0
0.548169223437
0.537759143718
1.0
0.548460399395
0.539647051064
1.0
0.548565958129
0.541044612593
1.0
0.549091028505
0.542967414122
1.0
0.549458946692
0.544035516232
1.0
0.549676352401
0.545770037152
1.0
0.550023951334
0.546599181713
1.0
0.550658344201
0.548538926676
1.0
0.551086384097
0.549119081873
1.0
0.551457149662
0.550687822508
1.0
0.551457149662
0.550687822508
1.0
0.551928074629
0.552073633897
1.0
0.552301603012
0.55402599904
1.0
0.552857364278
0.55499588028
1.0
0.552996722959
0.557231370609
1.0
0.553479897678
0.557814732883
1.0
0.553353987703
0.559375444579
1.0
0.55408648256
0.560649474891
1.0
0.55408648256
0.560649474891
1.0
0.553806426146
0.561059762194
1.0
0.554381620585
0.561998494051
1.0
0.553883128279
0.562192839919
1.0
0.554330947364
0.563451447654
1.0
0.553602550221
0.563803302789
1.0
0.554139259864
0.564275546295
1.0
0.553682239542
0.564021670481
1.0
0.553895183552
0.56496824492
1.0
0.553895183552
0.56496824492
1.0
0.55324837834
0.564389397679
1.0
0.553629127668
0.564655010367
1.0
0.552798650889
0.564161007208
1.0
0.552952265661
0.564446174134
1.0
0.552034486471
0.563902367845
1.0
0.552027075861
0.564588038657
1.0
0.550920276922
0.562910709236
1.0
0.550826457255
0.562704683949
1.0
0.549629697784
0.561881049904
1.0
0.549629697784
0.561881049904
1.0
0.54958231912
0.562139490558
1.0
0.548527690088
0.560783637167
1.0
0.548193573626
0.561408523988
1.0
0.546709834365
0.560004148801
1.0
0.546492114896
0.559990665051
1.0
0.54550110334
0.558408000381
1.0
0.545355244605
0.558136991993
1.0
0.545355244605
0.558136991993
1.0
0.544135268165
0.556578436017
1.0
0.543803002956
0.556875239581
1.0
0.542388981344
0.555528114281
1.0
0.542155921101
0.555170204453
1.0
0.541080754654
0.553958412789
1.0
0.540887802948
0.553268088208
1.0
0.539386948094
0.551664267505
1.0
0.539151765298
0.551566716778
1.0
0.539151765298
0.551566716778
1.0
0.537942778091
0.549946809671
1.0
0.537460706335
0.550028871323
1.0
0.536046937609
0.548409315079
1.0
0.535577544867
0.54805096773
1.0
0.534572154829
0.546252343458
1.0
0.534181206822
0.546090871372
1.0
0.533166454348
0.544541607076
1.0
0.532905685041
0.544346245053
1.0
0.532905685041
0.544346245053
1.0
0.532245116262
0.542939936706
1.0
0.531750730375
0.542612265254
1.0
0.530953337963
0.540729266794
1.0
0.530767411293
0.539977395256
1.0
0.530536141889
0.538454583698
1.0
0.530317036943
0.537884776311
1.0
0.529731381814
0.536364860158
1.0
0.529386777685
0.535492515434
1.0
0.529386777685
0.535492515434
1.0
0.528935701589
0.534014059965
1.0
0.528878478878
0.533089154294
1.0
0.529477501987
0.532558546592
1.0
0.529486523819
0.530859172987
1.0
0.529301299837
0.529494153521
1.0
0.529437489464
0.52851072571
1.0
0.529538397035
0.527098910194
1.0
0.529482287075
0.525600666354
1.0
0.529736275755
0.524258804705
1.0
0.529736275755
0.524258804705
1.0
0.529870316085
0.522701648923
1.0
0.530218193767
0.522045823361
1.0
0.530458957666
0.520294624724
1.0
0.530567894225
0.519365504106
1.0
0.530702016521
0.518153619554
1.0
0.530853388121
0.517022078433
1.0
0.530997152997
0.515760723033
1.0
0.530997152997
0.515760723033
1.0
0.53134880415
0.515126689854
1.0
0.531655192892
0.513106073545
1.0
0.53185453361
0.51232570445
1.0
0.531993651046
0.511287274171
1.0
0.532198965887
0.510059111172
1.0
0.532366458982
0.508850409328
1.0
0.532600630297
0.508072203275
1.0
0.532873676803
0.506746294952
1.0
0.532873676803
0.506746294952
1.0
0.533218330718
0.506083793421
1.0
0.533515687971
0.504518862577
1.0
0.533759512555
0.503884489903
1.0
0.533958196372
0.502587355578
1.0
0.534383089348
0.501663165182
1.0
0.53471849664
0.500233023224
1.0
0.535304654817
0.499445330075
1.0
0.535505488783
0.49793986876
1.0
0.535505488783
0.49793986876
1.0
0.535978290778
0.497250152271
1.0
0.536079059414
0.496018559806
1.0
0.536486543255
0.495533427902
1.0
0.536742049152
0.494544867074
1.0
0.537096339776
0.493737023186
1.0
0.537347655159
0.492577241587
1.0
0.537962868464
0.491987781921
1.0
0.538289651302
0.490278452411
1.0
0.538289651302
0.490278452411
1.0
0.538613468593
0.489825952814
1.0
0.538873508866
0.488435992312
1.0
0.539681787958
0.48742828358
1.0
0.539871770243
0.486343874809
1.0
0.540370190838
0.486021623027
1.0
0.540640305706
0.484633463322
1.0
0.541103626585
0.48364489112
1.0
0.541210199151
0.482459718036
1.0
0.541210199151
0.482459718036
1.0
0.541901627862
0.481929295272
1.0
0.542210956517
0.480617995679
1.0
0.542503283946
0.47988030675
1.0
0.542712509805
0.478380500457
1.0
0.543161217927
0.477852399919
1.0
0.543371304974
0.476955802057
1.0
0.543805954806
0.47615425489
1.0
0.543953137838
0.474950065255
1.0
0.543953137838
0.474950065255
1.0
0.54420281466
0.474163729454
1.0
0.544483502497
0.472466659353
1.0
0.544491751633
0.47165002686
1.0
0.544537432785
0.471057893101
1.0
0.545022722015
0.4706078944
1.0
0.545056170519
0.469726891248
1.0
0.545410270558
0.469069112683
1.0
0.545430613255
0.467922855213
1.0
0.545430613255
0.467922855213
1.0
0.545857037974
0.467373157336
1.0
0.545824366459
0.466548733747
1.0
0.545944152075
0.465861534298
1.0
0.546031004382
0.465094974421
1.0
0.546622809657
0.464669341712
1.0
0.546803114077
0.463360585578
1.0
0.547010847279
0.463025934246
1.0
0.547093418189
0.46162138032
1.0
0.547093418189
0.46162138032
1.0
0.547523338946
0.461147013993
1.0
0.54759823354
0.46046254914
1.0
0.547651480326
0.459883407505
1.0
0.547827928544
0.458927522945
1.0
0.547842231738
0.457700993152
1.0
0.54781615412
0.457020580977
1.0
0.547987725164
0.456294584791
1.0
0.548367771108
0.455088953251
1.0
0.548367771108
0.455088953251
1.0
0.548863837082
0.454459856814
1.0
0.548999322811
0.453351282984
1.0
0.549215521778
0.453268430249
1.0
0.549379990898
0.452289895043
1.0
0.549384210391
0.451005256297
1.0
0.549513114759
0.449685233199
1.0
0.549859732081
0.448866720882
1.0
0.550013358107
0.447382693005
1.0
0.550013358107
0.447382693005
1.0
0.550189145747
0.446806050211
1.0
0.550182880827
0.44598219342
1.0
0.550535086983
0.445067110102
1.0
0.550651936782
0.444266231868
1.0
0.550791981542
0.443526024487
1.0
0.551048155537
0.442319501271
1.0
0.551187450324
0.441545888776
1.0
0.551546537589
0.439438329108
1.0
0.551546537589
0.439438329108
1.0
0.551707210053
0.438566409856
1.0
0.551676200036
0.437882454198
1.0
0.552085507377
0.437500226035
1.0
0.552206097619
0.436410937985
1.0
0.552645329297
0.436071123152
1.0
0.552903709125
0.434558028956
1.0
0.552869359005
0.433474348979
1.0
0.55300744461
0.432272946325
1.0
0.55300744461
0.432272946325
1.0
0.553612664703
0.431613082477
1.0
0.553731299745
0.4308814824
1.0
0.554016646411
0.42991781378
1.0
0.554181762931
0.428405520582
1.0
0.554591748126
0.427622832432
1.0
0.554694747001
0.426754343115
1.0
0.554712696269
0.425492544621
1.0
0.554991575342
0.423870177364
1.0
0.554991575342
0.423870177364
1.0
0.555304856687
0.422654565464
1.0
0.555538638883
0.421105610514
1.0
0.555888848535
0.420561206248
1.0
0.556078920005
0.419211895512
1.0
0.556307627546
0.418147714588
1.0
0.556350878462
0.416280929411
1.0
0.55657544724
0.415646727859
1.0
0.556814227118
0.414335181592
1.0
0.556814227118
0.414335181592
1.0
0.557507241342
0.413521589526
1.0
0.557661949989
0.411888803719
1.0
0.558052328467
0.410727921619
1.0
0.558366344313
0.409172326177
1.0
0.558387017281
0.408034127094
1.0
0.558402293276
0.406689331182
1.0
0.558889356675
0.405518628038
1.0
0.558889356675
0.405518628038
1.0
0.559244769733
0.403366919346
1.0
0.559593947718
0.40303338275
1.0
0.559960482074
0.401236912338
1.0
0.560306894523
0.40015716337
1.0
0.560465053015
0.398574525345
1.0
0.561071878684
0.39795031048
1.0
0.561237400894
0.395928943633
1.0
0.561366211115
0.395526184441
1.0
0.561657900577
0.39402014654
1.0
0.561657900577
0.39402014654
1.0
0.557937615742
0.391889448016
1.0
0.558166528025
0.390805694188
0.99
0.549514779565
0.390220806314
0.99
0.54963414268
0.388950278871
0.99
0.538070867918
0.391714494278
0.99
0.538131499372
0.391001575474
0.99
0.527469155299
0.396531068829
0.99
0.525431819066
0.398525241698
0.99
0.525431819066
0.398525241698
0.99
0.51852656906
0.404246735055
0.99
0.510568985793
0.420571181305
0.99
0.50781798374
0.425196044605
0.99
0.497387664451
0.451837476031
0.99
0.497271443285
0.457010310616
0.99
0.48909691498
0.480703711859
0.99
0.489973790953
0.481638561732
0.99
0.489973790953
0.481638561732
0.99
0.485242048226
0.49996547548
0.99
0.485904465301
0.500023266706
0.99
0.482763600098
0.514376025967
0.99
0.483391838812
0.514444786428
1.0
0.482925810481
0.5212867588
1.0
0.483030048618
0.521402896065
1.0
0.483674143051
0.522175635277
1.0
0.483907325557
0.522469506639
1.0
0.48445063926
0.521422474247
1.0
0.48445063926
0.521422474247
1.0
0.48473488554
0.521836075999
1.0
0.48516648924
0.521206358669
1.0
0.485637125354
0.521600842424
1.0
0.485974861213
0.520968824232
1.0
0.486206337179
0.521199723624
1.0
0.486540205482
0.520757360703
1.0
0.48678677291
0.521316987002
1.0
0.487115978126
0.521503075825
1.0
0.487115978126
0.521503075825
1.0
0.48748317344
0.522160468911
1.0
0.4878271031
0.521771485666
1.0
0.487819068853
0.522394483898
1.0
0.488069604472
0.52210314281
1.0
0.487979691127
0.522222975045
1.0
0.488118827907
0.522416104586
1.0
0.488173152717
0.52288400886
1.0
0.488307510062
0.523120052655
1.0
0.488307510062
0.523120052655
1.0
0.488457719775
0.523761168061
1.0
0.488687838011
0.52364925245
1.0
0.488748341628
0.524241618345
1.0
0.488753711689
0.524334398692
1.0
0.48881600032
0.524415210795
1.0
0.488945492199
0.525094677788
1.0
0.489021969252
0.525574231201
1.0
0.489014693286
0.525573578298
1.0
0.489014693286
0.525573578298
1.0
0.489093194478
0.525544585387
1.0
0.489179943
0.525590268888
1.0
0.489041535153
0.525514680815
1.0
0.48903828711
0.525644304328
1.0
0.486770136752
0.526876497467
1.0
0.486646635452
0.527159454512
1.0
0.48389815389
0.529901064441
1.0
0.484094444765
0.529659450504
1.0
0.484094444765
0.529659450504
1.0
0.481286938162
0.532254237031
1.0
0.481365574757
0.531867914585
1.0
0.480383994978
0.534651533983
1.0
0.479586905232
0.536492471412
1.0
0.479470010842
0.536830568876
1.0
0.476508968061
0.54481267106
1.0
0.477039310171
0.545163639732
1.0
0.475504009574
0.5511231013
1.0
0.475504009574
0.5511231013
1.0
0.475502690571
0.55097121505
0.999845341306
0.474716296848
0.555341533244
0.999845341306
0.474716614193
0.554629253458
1.0
0.474460742448
0.558368040213
1.0
0.474628416544
0.558357478777
1.0
0.474456173015
0.560106184976
1.0
0.474703991913
0.560025022332
1.0
0.474841974479
0.559254276216
1.0
0.474841974479
0.559254276216
1.0
0.475583470322
0.559838394335
1.0
0.475751811138
0.55927096498
1.0
0.476030141052
0.558764394558
1.0
0.476390654872
0.557553188839
1.0
0.477304213102
0.558044754275
1.0
0.477612444341
0.557737676825
1.0
0.477939314937
0.557820909815
1.0
0.478100664257
0.557337054951
1.0
0.478100664257
0.557337054951
1.0
0.478337021995
0.557167875964
1.0
0.478656016915
0.556952498005
1.0
0.479235048658
0.556805350709
1.0
0.479684041503
0.555591242033
1.0
0.479875009586
0.555664929572
1.0
0.479974190845
0.55550651153
1.0
0.480570696427
0.556017029801
1.0
0.480570696427
0.556017029801
1.0
0.48097810449
0.555315403386
1.0
0.481307251996
0.555273904193
1.0
0.481424452018
0.554762446019
1.0
0.481520903446
0.555029681079
1.0
0.481699088622
0.554521882667
1.0
0.482106592654
0.555166407029
1.0
0.482387724691
0.554637148243
1.0
0.482759264377
0.554782265013
1.0
0.482873996467
0.554639991259
1.0
0.482873996467
0.554639991259
1.0
0.483871891146
0.554120002106
1.0
0.483989927935
0.553977359949
0.99
0.492879453958
0.555565356193
0.99
0.493038732168
0.555392519105
0.99
0.507162307459
0.557566436078
0.99
0.50760881506
0.55704785395
0.99
0.50760881506
0.55704785395
0.99
0.522033514443
0.558398152047
0.99
0.522538222885
0.557765393311
0.99
0.532047817896
0.556751442219
0.99
0.534234834385
0.552000549862
0.99
0.537756475896
0.545324094628
0.99
0.544104089985
0.528368678828
0.99
0.544447443322
0.523100319398
0.99
0.552483950782
0.501637900935
0.99
0.551562122098
0.495523130381
0.99
0.55951791939
0.474308836193
0.99
0.55951791939
0.474308836193
0.99
0.558586443189
0.471314486534
0.99
0.56363659826
0.454750899005
0.99
0.563383110349
0.454530679785
1.0
0.564992554515
0.445799476297
1.0
0.565112751943
0.44648369886
1.0
0.566553966304
0.438170083385
1.0
0.566553966304
0.438170083385
1.0
0.566502276954
0.439054793649
1.0
0.567137524919
0.435605829003
1.0
0.567362320554
0.436398824261
1.0
0.567519568036
0.436470406293
1.0
0.56777258197
0.43683415571
1.0
0.568088346865
0.437195368356
1.0
0.568048195398
0.437504140329
1.0
0.568139306042
0.437990849845
1.0
0.568482694997
0.438781993917
1.0
0.568659052677
0.439075794343
1.0
0.568659052677
0.439075794343
1.0
0.568639243833
0.439457854912
1.0
0.568661704987
0.440091828101
1.0
0.569071682583
0.440827455218
1.0
0.569116241962
0.441217307818
1.0
0.569522444428
0.442432871723
1.0
0.569730212123
0.442876140745
1.0
0.570204148177
0.444029900265
1.0
0.570252117414
0.444921082066
1.0
0.570252117414
0.444921082066
1.0
0.570442101533
0.445821360081
1.0
0.570547383817
0.446244660232
1.0
0.57071093555
0.446908885861
1.0
0.571040331043
0.447656453987
1.0
0.571170222618
0.448448610174
1.0
0.571232344603
0.448783182777
1.0
0.571232344603
0.448783182777
1.0
0.571267293214
0.449874883233
1.0
0.57130965059
0.450637982888
1.0
0.571542623372
0.451497628736
1.0
0.571847009617
0.452633145636
1.0
0.572048005284
0.45368302409
1.0
0.5719578189
0.454696613247
1.0
0.572211822769
0.455845795459
1.0
0.572133997226
0.456732738559
1.0
0.572051641438
0.457188603563
1.0
0.572157600933
0.458145597245
1.0
0.572157600933
0.458145597245
1.0
0.572200499106
0.458657848155
1.0
0.572064719545
0.459752206613
1.0
0.572216409513
0.460567067613
1.0
0.572367848163
0.461740382512
1.0
0.572883271525
0.462975573592
1.0
0.572907794396
0.46368415449
1.0
0.572907794396
0.46368415449
1.0
0.573156422216
0.464522579301
1.0
0.573247734517
0.464822910935
1.0
0.573585695615
0.46550479957
1.0
0.573476813983
0.466417314787
1.0
0.573567740415
0.467296105578
1.0
0.573745785691
0.467645873435
1.0
0.573887089042
0.46820029383
1.0
0.573811105546
0.46891179812
1.0
0.574137895812
0.469436059833
1.0
0.574137895812
0.469436059833
1.0
0.574294367682
0.47008617222
1.0
0.574345298141
0.470439931334
1.0
0.574422413554
0.471268553414
1.0
0.574628236824
0.471638662685
1.0
0.574615996669
0.472262476173
1.0
0.574788608069
0.472742030602
1.0
0.574741083188
0.473159628797
1.0
0.57458416332
0.472789728286
1.0
0.574600505277
0.473194932459
1.0
0.574600505277
0.473194932459
1.0
0.574743983355
0.473673618717
1.0
0.574899635169
0.474073577159
1.0
0.574875142741
0.474098977858
1.0
0.574722408968
0.474897509671
1.0
0.574635745563
0.47490558918
1.0
0.574495684659
0.475155895133
1.0
0.574495684659
0.475155895133
1.0
0.574222825802
0.475022638673
1.0
0.574202116294
0.474840398943
1.0
0.574181177662
0.474995445095
1.0
0.574056202102
0.475526049538
1.0
0.57397694649
0.475588757237
1.0
0.57380420305
0.475799081851
1.0
0.573926543958
0.475965923151
1.0
0.573675946221
0.476341813125
1.0
0.573536035197
0.476080747663
1.0
0.573332072311
0.476598108696
1.0
0.573332072311
0.476598108696
1.0
0.573446365001
0.476834666962
1.0
0.573239603967
0.477479910426
1.0
0.573025571087
0.477576478775
1.0
0.572826500554
0.477918840755
1.0
0.572940432471
0.478252483232
1.0
0.572878936641
0.478281255798
1.0
0.572699693638
0.478011901848
1.0
0.572489169748
0.478442807079
1.0
0.572489169748
0.478442807079
1.0
0.572288151161
0.478545848273
1.0
0.572183460877
0.478980731911
1.0
0.572514286607
0.479701139192
1.0
0.572538670393
0.479859751892
1.0
0.573330385925
0.480965429598
1.0
0.573188510914
0.481282284636
1.0
0.57364319412
0.482601040104
1.0
0.57364319412
0.482601040104
1.0
0.573538770476
0.483310382382
1.0
0.574348318862
0.484478762554
1.0
0.574386928568
0.484904138962
1.0
0.575765439045
0.486590863118
1.0
0.575715016312
0.48750809962
1.0
0.576845840363
0.486179740213
1.0
0.576688187764
0.48720760899
0.744347689952
0.541001127891
0.436555207949
0.744347689952
0.540604765358
0.437629408734
0.744347689952
0.540604765358
0.437629408734
0.882268162362
0.542534958834
0.401348545048
0.882268162362
0.541662290318
0.403120694111
0.99
0.646888864923
0.371291613492
0.99
0.645739179429
0.372658303828
0.99
0.645739179429
0.372658303828
0.780561144965
0.309797364465
0.0187240422308
0.780561144965
0.307405247635
0.0231067848272
0.780561144965
0.304460204006
0.0280557108296
0.780561144965
0.304460204006
0.0280557108296
0.780561144965
0.304460204006
0.0280557108296
0.780561144965
0.304460204006
0.0280557108296
0.780561144965
0.304460204006
0.0280557108296
0.780561144965
0.310164045068
0.0174474087806
0.849770993795
0.318924309537
0.0173886320565
0.940985497649
0.32229975296
0.0230531785096
0.98001255315
0.326782153066
0.0421820425089
0.98001255315
0.326782153066
0.0421820425089
0.781354216269
0.145754176696
0.0999004414049
0.875425419408
0.566432852833
0.439277004892
0.875425419408
0.566432852833
0.439277004892
0.99
0.591458402465
0.50138287428
1.0
0.591513734635
0.503929912666
1.0
0.591924465518
0.503775064206
1.0
0.592279118855
0.503929924188
1.0
0.592680997868
0.502978851092
1.0
0.593457068392
0.505495724311
1.0
0.593811708051
0.504599807337
1.0
0.593811708051
0.504599807337
1.0
0.594258795113
0.505769915437
1.0
0.594591157725
0.505102708897
1.0
0.594754618812
0.505513296444
1.0
0.595002975449
0.50561035427
1.0
0.595207811257
0.504852613721
1.0
0.5954528214
0.503973606339
1.0
0.5954528214
0.503973606339
1.0
0.595450424329
0.502806271341
1.0
0.595627079209
0.502546198081
1.0
0.595836430026
0.501951666083
1.0
0.595925404402
0.501170586144
1.0
0.596412539745
0.501938281051
1.0
0.596722033068
0.500768481212
1.0
0.596639944899
0.499716915572
1.0
0.596788628765
0.498586330075
1.0
0.59665815455
0.497952382052
1.0
0.596847943337
0.496936802394
1.0
0.596847943337
0.496936802394
1.0
0.596795700551
0.496522143707
1.0
0.596777927653
0.495766110847
1.0
0.596819107939
0.496411653323
1.0
0.596956943159
0.495653196445
1.0
0.597330829889
0.496244323525
1.0
0.597380272539
0.495894421049
1.0
0.597380272539
0.495894421049
1.0
0.597088473184
0.495467442771
1.0
0.597059854515
0.495099269774
1.0
0.596924923429
0.494424833097
1.0
0.596852178319
0.494531234594
1.0
0.596775342314
0.494787185556
1.0
0.59681274932
0.494497136805
1.0
0.596793638744
0.494517760649
1.0
0.596737855929
0.494262790217
1.0
0.59683249609
0.493915741064
1.0
0.59683249609
0.493915741064
1.0
0.596939191534
0.493471641412
1.0
0.596621209203
0.492809131904
1.0
0.5965679693
0.493016977569
1.0
0.596669595646
0.493120969138
1.0
0.596715913105
0.492499105259
1.0
0.59662627095
0.492026335529
1.0
0.596550248044
0.491822765504
1.0
0.596279225032
0.491716613785
1.0
0.596279225032
0.491716613785
1.0
0.596214810051
0.491685331384
1.0
0.595878066889
0.491248659629
1.0
0.595952883109
0.49087902331
1.0
0.596174856276
0.491499076068
1.0
0.596098296313
0.490785057688
1.0
0.595911178292
0.491079293818
1.0
0.595890398321
0.490839317457
1.0
0.595890398321
0.490839317457
1.0
0.595945946997
0.49099802729
1.0
0.595820095794
0.49115527177
1.0
0.595671677485
0.49061237754
1.0
0.595716551141
0.490789377717
1.0
0.595796526535
0.49189314903
1.0
0.595660036341
0.492329974369
1.0
0.596018952088
0.492694146281
1.0
0.596097543522
0.492920626631
1.0
0.596097543522
0.492920626631
1.0
0.596230480017
0.494015595396
1.0
0.596233362361
0.494789686718
1.0
0.596413099155
0.495577072122
1.0
0.596432585025
0.49539327725
1.0
0.596275570007
0.495368803812
1.0
0.596202509635
0.496219030985
1.0
0.596014694947
0.496858007253
1.0
0.59598841843
0.497144471559
1.0
0.59598841843
0.497144471559
1.0
0.596503646059
0.498670857732
1.0
0.596654003239
0.498978985315
1.0
0.5965828039
0.499255357914
1.0
0.596478604595
0.499987591494
1.0
0.596538602422
0.500747980714
1.0
0.596548104811
0.50136046758
1.0
0.596850924922
0.50239952246
1.0
0.59695774846
0.503151598712
1.0
0.59695774846
0.503151598712
1.0
0.597228034838
0.50405639254
1.0
0.597193652548
0.504644191408
1.0
0.597430284604
0.505534998438
1.0
0.597557139574
0.506176353132
1.0
0.597545499411
0.506280965583
1.0
0.597599372526
0.507445387875
1.0
0.598102014636
0.50802464483
1.0
0.598123241923
0.508797535696
1.0
0.598172945601
0.50994513632
1.0
0.598353844082
0.510398658325
1.0
0.598353844082
0.510398658325
1.0
0.598662715306
0.511561158038
1.0
0.598647208743
0.512172501327
1.0
0.598862550416
0.512972802174
1.0
0.599276357444
0.512931642758
1.0
0.59948368196
0.513515842988
1.0
0.599613278587
0.514025565575
1.0
0.599613278587
0.514025565575
1.0
0.599829694264
0.513980158566
1.0
0.599887385449
0.514454595352
1.0
0.599978644758
0.514801617868
1.0
0.600147883358
0.515256125983
1.0
0.600725948426
0.516007749406
1.0
0.600905507081
0.516439149088
1.0
0.600919213434
0.516817451828
1.0
0.601060169191
0.517173264746
1.0
0.601060169191
0.517173264746
1.0
0.600288179897
0.515834809187
1.0
0.600483847688
0.515829408223
1.0
0.595874682497
0.512725776447
1.0
0.595985261864
0.513011774561
0.99
0.585743967209
0.506237795732
0.99
0.58597892918
0.50613482541
0.99
0.571689777778
0.492498315361
0.99
0.571594386232
0.493046357726
0.99
0.571594386232
0.493046357726
0.99
0.558614997795
0.485801248
0.99
0.556234108804
0.488386998334
0.99
0.541559461584
0.47293461503
0.99
0.533799780626
0.481354826729
0.943368183873
0.529933889765
0.480833885145
0.943368183873
0.51971207425
0.495273601221
0.99
0.506567093567
0.484414533421
0.99
0.497765130101
0.49689063556
0.99
0.495769409978
0.496667132322
0.99
0.495769409978
0.496667132322
0.99
0.488962152948
0.50369005704
0.99
0.486718439745
0.502439724216
0.99
0.481668999979
0.507951080951
0.99
0.480026555675
0.506616617487
0.99
0.475798826505
0.51302894628
0.99
0.475773677048
0.51252936035
1.0
0.473400801353
0.515513957727
1.0
0.473400801353
0.515513957727
1.0
0.473277678258
0.515126445642
1.0
0.472726945443
0.516381285123
1.0
0.472724264899
0.516561183786
1.0
0.473546052335
0.516399193703
1.0
0.473748991795
0.517290923599
1.0
0.474195757175
0.516533795086
1.0
0.474299561342
0.516385756541
1.0
0.474777489917
0.516136857102
1.0
0.474523171517
0.516104997854
1.0
0.474523171517
0.516104997854
1.0
0.474805815867
0.516100337212
1.0
0.474820650888
0.516309542756
1.0
0.475153679677
0.516736306373
1.0
0.475372586267
0.51708206535
1.0
0.475509842142
0.51681052526
1.0
0.475221972739
0.516241645146
1.0
0.475457003827
0.516180705552
1.0
0.475457003827
0.516180705552
1.0
0.47531108173
0.517039325076
1.0
0.475358943948
0.517089686111
1.0
0.475063004357
0.516603246902
1.0
0.475264979358
0.516580214881
1.0
0.475309116213
0.516601806574
1.0
0.475344831628
0.516488203485
1.0
0.475068201567
0.516101013465
1.0
0.47521130985
0.516075313969
1.0
0.475109172573
0.516107707583
1.0
0.4751227023
0.51617308521
1.0
0.4751227023
0.51617308521
1.0
0.474837284757
0.515831888693
1.0
0.474887448401
0.515769279402
1.0
0.474497949227
0.514868544
1.0
0.474513470202
0.514541133739
1.0
0.474888190054
0.514779258062
1.0
0.474925067103
0.514536722784
0.987220545182
0.476016787714
0.515086832769
0.987220545182
0.476016787714
0.515086832769
0.987220545182
0.475991669016
0.515087513463
0.928762380998
0.477851928846
0.516755061518
0.928762380998
0.477942590193
0.516412409075
0.886536098302
0.481107193013
0.519893868159
0.886536098302
0.481151521887
0.519989586211
0.909595981549
0.482037026899
0.522270597169
0.909595981549
0.482297243749
0.523164698388
0.909595981549
0.482297243749
0.523164698388
0.908908596828
0.483370145295
0.524281185917
0.908908596828
0.483853163174
0.523278303282
0.883474367394
0.484629298135
0.525094083217
0.883474367394
0.486192057831
0.523946528106
0.908565562641
0.486584158609
0.522848632678
0.835180778523
0.487529383066
0.522545488789
0.835180778523
0.487023952801
0.522589465267
0.831063835438
0.488227965251
0.521403029042
0.831063835438
0.488227965251
0.521403029042
0.831063835438
0.487168130515
0.520149020868
0.856100938451
0.488617206122
0.518739474401
0.856100938451
0.488045961048
0.518559409013
0.891927375138
0.488786360481
0.516914205821
0.891927375138
0.488345539511
0.516618782695
0.995470063982
0.489162350172
0.515291925729
0.995470063982
0.488997290027
0.515187567394
1.0
0.489394158401
0.513978255077
1.0
0.489394158401
0.513978255077
1.0
0.488738771729
0.514124795204
1.0
0.489041635887
0.513995777314
1.0
0.488006464139
0.513768130037
1.0
0.48813413687
0.514503206771
1.0
0.487670994231
0.514056855553
1.0
0.487646016316
0.51491701795
1.0
0.487197797959
0.514874712233
1.0
0.487310604574
0.514599832977
1.0
0.487310604574
0.514599832977
1.0
0.487041897573
0.514680639027
1.0
0.486997028277
0.514621819571
1.0
0.486503851983
0.514130143273
1.0
0.486640493804
0.512425199999
1.0
0.486200534598
0.512662457308
1.0
0.486226913756
0.512878556209
1.0
0.486101621836
0.512475809046
1.0
0.486078217474
0.512166292274
1.0
0.485792224301
0.512299688108
1.0
0.485792224301
0.512299688108
1.0
0.485772857553
0.51258252807
1.0
0.48551566693
0.512548857635
1.0
0.48571883302
0.512147570439
1.0
0.485193882888
0.51155714303
1.0
0.485035122828
0.511372025841
1.0
0.485006816423
0.511454011767
1.0
0.485057938662
0.511701913799
1.0
0.485057938662
0.511701913799
1.0
0.484807759254
0.511473730535
1.0
0.484930836069
0.511772830024
1.0
0.484495073856
0.510859891422
1.0
0.484442319883
0.510847699563
1.0
0.483886302884
0.510167214515
1.0
0.483818711878
0.509904407243
1.0
0.483292922401
0.509789623053
1.0
0.483439789807
0.509552235991
1.0
0.48309669227
0.509434160808
1.0
0.48309669227
0.509434160808
1.0
0.483090235634
0.509513574887
1.0
0.483225175077
0.510228223901
1.0
0.48317193699
0.510367193124
1.0
0.482756344644
0.50950999421
1.0
0.482868682669
0.509155512534
1.0
0.482437092151
0.508564524117
1.0
0.482388830912
0.508819575659
1.0
0.482388830912
0.508819575659
1.0
0.482559326765
0.508704606311
1.0
0.482513931212
0.508490605658
1.0
0.482179738504
0.508137427842
1.0
0.48214851055
0.50794044892
1.0
0.481725920366
0.507626036754
1.0
0.48183211669
0.507239661917
1.0
0.481821649694
0.507292380651
1.0
0.481843447264
0.507265742893
1.0
0.481843447264
0.507265742893
1.0
0.481915342013
0.507273111263
1.0
0.482048944013
0.507776658918
1.0
0.481510819989
0.506827340021
1.0
0.481574612127
0.50634009288
1.0
0.481525226218
0.506343479897
1.0
0.481510722378
0.505861545422
1.0
0.481437703583
0.505700500709
1.0
0.481577170579
0.505584771423
1.0
0.481928738191
0.505951237512
1.0
0.481928738191
0.505951237512
1.0
0.481979094716
0.505869194391
1.0
0.481623979991
0.50564876267
1.0
0.481809554519
0.504887015691
1.0
0.481975014021
0.504703366992
1.0
0.482032278206
0.504758164944
1.0
0.4819858063
0.504719741206
1.0
0.482186598609
0.504019100335
1.0
0.482186598609
0.504019100335
1.0
0.482236896526
0.504415408279
1.0
0.482283026733
0.504295238079
1.0
0.482402688013
0.504074887944
1.0
0.482582084039
0.50398033557
1.0
0.482403328187
0.503677437394
1.0
0.482573693535
0.503609772506
1.0
0.48294027049
0.504011321279
1.0
0.483166786104
0.503788302721
1.0
0.483148432145
0.503573910571
1.0
0.483148432145
0.503573910571
1.0
0.483331766671
0.503464730017
1.0
0.483840749471
0.503840918357
1.0
0.484048908683
0.503455618137
1.0
0.483815379391
0.504147237691
1.0
0.483861175229
0.50397031756
1.0
0.483860153392
0.504215224479
1.0
0.484031570142
0.503850247428
1.0
0.484031570142
0.503850247428
1.0
0.483974259952
0.503651633172
1.0
0.484069727554
0.503614541896
1.0
0.484282960039
0.503897368765
1.0
0.484633948828
0.503246893543
1.0
0.484595620948
0.503234989531
1.0
0.484717343352
0.503279867454
1.0
0.484712093982
0.504215964511
1.0
0.484765770766
0.504009505675
1.0
0.484765770766
0.504009505675
1.0
0.484604451383
0.50350956822
1.0
0.484718281227
0.503326165638
1.0
0.484552796494
0.502907396203
1.0
0.484613826034
0.502580406115
1.0
0.484795328857
0.502625706758
1.0
0.484965249415
0.502437463784
1.0
0.484933304794
0.502481773301
1.0
0.484966256409
0.502760879204
1.0
0.485347039668
0.503626224113
1.0
0.485347039668
0.503626224113
1.0
0.485543966939
0.503340476348
1.0
0.485506906938
0.503704484665
1.0
0.485621794129
0.503648331244
1.0
0.485624330547
0.504213265691
1.0
0.485788831919
0.504053832203
1.0
0.485736873474
0.503995981711
1.0
0.485803115934
0.503795462666
1.0
0.485803115934
0.503795462666
1.0
0.486024915765
0.503312447472
1.0
0.486116774881
0.503678426275
1.0
0.485910337261
0.50377480158
1.0
0.486104190341
0.50384860686
1.0
0.486469231851
0.504328942028
1.0
0.486544697587
0.504321401635
1.0
0.486609486265
0.504236029426
1.0
0.486866764696
0.504186800587
1.0
0.486866764696
0.504186800587
1.0
0.487516006937
0.504532960352
1.0
0.487547129905
0.504445189523
1.0
0.487327810257
0.504564364831
1.0
0.487416647461
0.504377983185
1.0
0.487357674152
0.504428659722
1.0
0.487381059502
0.504007160073
1.0
0.487576826749
0.504241087738
1.0
0.487751099857
0.504463717353
1.0
0.487751099857
0.504463717353
1.0
0.488134072049
0.505782090971
1.0
0.488081142244
0.505788428957
1.0
0.488905719909
0.505180305728
1.0
0.488889676066
0.504859644613
0.93439468922
0.49012155338
0.503032020649
0.93439468922
0.490222524471
0.503484591419
0.838124471925
0.473876168861
0.464556609676
0.838124471925
0.47367881922
0.46443781788
0.838124471925
0.47367881922
0.46443781788
0.838124471925
0.47367881922
0.46443781788
0.838124471925
0.47367881922
0.46443781788
0.703797861128
0.551016646366
0.292618008961
0.703797861128
0.550637504044
0.293344955656
0.703797861128
0.550133224417
0.294151914621
0.703797861128
0.549228008412
0.293205117781
0.703797861128
0.549228008412
0.293205117781
0.703797861128
0.728827000237
-0.0649299883696
0.703797861128
0.799902801556
-0.275314476066
0.787582893351
0.519588313139
0.469537139453
0.836900081235
0.814084093872
-0.0679304433957
0.836900081235
0.814084093872
-0.0679304433957
0.836900081235
0.781939818145
-0.0625714723957
0.836900081235
0.781939818145
-0.0625714723957
0.99
0.37966918951
-0.349743320663
0.828193402072
0.37715212254
-0.351748452722
0.828193402072
0.372938315422
-0.346776762027
0.828193402072
0.372938315422
-0.346776762027
0.716675040008
0.343132685705
-0.319998892246
0.716675040008
0.403596899928
-0.0663937254428
0.99
0.460562415314
-0.369760217508
0.99
0.458267848476
-0.372940269958
0.99
0.458267848476
-0.372940269958
0.99
0.458267848476
-0.372940269958
0.71804746924
0.368041312007
-0.320581983067
0.71804746924
0.368041312007
-0.320581983067
0.71804746924
0.364868261981
-0.325747614618
0.71804746924
0.363737925027
-0.32761346476
0.71804746924
0.36210353755
-0.338344355301
0.71804746924
0.303905987717
-0.327044752954
0.754960397256
0.311150997461
-0.32763014317
