0.760026675068
0.564769462262
0.610233463672
0.760026675068
0.564671206372
0.610876847156
0.612398074043
0.526033527197
0.557042089047
0.612398074043
0.526257175704
0.556610418719
0.612398074043
0.526236372415
0.556860101092
0.612398074043
0.525562112292
0.556403654229
0.612398074043
0.521247671912
0.556045029937
0.612398074043
0.521247671912
0.556045029937
0.764896697134
0.482142743035
0.62460948883
0.764896697134
0.474136346474
0.627669716573
0.764896697134
0.474136346474
0.627669716573
0.99
0.521229125456
0.55586140781
1.0
0.517351004619
0.559945432045
1.0
0.51536628359
0.562601387321
1.0
0.515682223905
0.562218545375
1.0
0.515886043331
0.561881146569
1.0
0.515921483703
0.56108842462
1.0
0.515921483703
0.56108842462
1.0
0.515960193942
0.561808883812
1.0
0.516389559427
0.563227868484
1.0
0.51617776319
0.56288879415
1.0
0.516478435939
0.563387602356
1.0
0.514104365321
0.563181544785
1.0
0.513830568601
0.563578138687
1.0
0.515940519537
0.565371198721
1.0
0.516181507493
0.564438014698
1.0
0.515612936461
0.564310679664
1.0
0.515645898412
0.562956803144
1.0
0.515645898412
0.562956803144
1.0
0.51558772691
0.563738287193
1.0
0.515753410949
0.5627329137
1.0
0.516256240056
0.564281104768
1.0
0.516259963069
0.563043789639
1.0
0.514419129957
0.563660207686
1.0
0.514491316442
0.563848005359
1.0
0.514076162792
0.562196376176
1.0
0.514076162792
0.562196376176
1.0
0.513964217649
0.56245959618
1.0
0.515164212081
0.564829603902
1.0
0.515197594014
0.564533330356
1.0
0.513925181821
0.564803000949
1.0
0.514035504564
0.56538161452
1.0
0.51490066985
0.563812896759
1.0
0.51497039513
0.564257337989
1.0
0.514831157186
0.565911474847
1.0
0.514831157186
0.565911474847
1.0
0.514613133291
0.565506187769
1.0
0.516323333172
0.56787927236
1.0
0.516311414268
0.56869324566
1.0
0.526995816617
0.583434482535
1.0
0.527043716784
0.58316028251
0.624407925028
0.552839216576
0.639114788096
0.624407925028
0.552810923337
0.640040261462
0.624407925028
0.555774989664
0.641996093983
0.624407925028
0.564296902098
0.645430819692
0.624407925028
0.564296902098
0.645430819692
0.784597880052
0.565218308536
0.654514499209
0.784597880052
0.572963595376
0.658178658921
0.611091358175
0.571442114249
0.659066440435
0.611091358175
0.574714899633
0.665284817575
0.611091358175
0.578331910291
0.669486574475
0.611091358175
0.578331910291
0.669486574475
0.769351959305
0.577322527377
0.663625030443
0.769351959305
0.577874010173
0.664817773997
0.769351959305
0.577743711692
0.662595881678
0.711281652755
0.579832247338
0.665037813506
0.711281652755
0.579831836854
0.664545819118
0.618558699756
0.575461089256
0.663180674726
0.618558699756
0.575541510057
0.663838597864
0.613959976948
0.578132712355
0.666580199528
0.613959976948
0.578383005574
0.665795388447
0.613959976948
0.578383005574
0.665795388447
0.615358055633
0.577240469117
0.659089193437
0.615358055633
0.57721377847
0.658506143795
0.615358055633
0.577284930395
0.659544573501
0.810185514599
0.579223446522
0.6625493602
0.810185514599
0.579096420922
0.663031737998
1.0
0.576363643037
0.67709269551
1.0
0.576363643037
0.67709269551
1.0
0.576291135129
0.676580035486
1.0
0.576937222496
0.677987151805
1.0
0.57684623017
0.678493355048
1.0
0.57541015694
0.678633634112
1.0
0.575399730713
0.67878197586
1.0
0.576573542903
0.680397578895
1.0
0.576516897348
0.681271437239
1.0
0.575867663101
0.68259521082
1.0
0.575842087923
0.683650080413
1.0
0.575842087923
0.683650080413
1.0
0.575495673343
0.684058948698
1.0
0.5753528912
0.683671166361
1.0
0.576047360526
0.684826386222
1.0
0.575979864292
0.6857304948
1.0
0.576022326423
0.685811887888
1.0
0.575063273492
0.686673798074
1.0
0.575063273492
0.686673798074
1.0
0.575439021851
0.685995661311
1.0
0.574415060682
0.686577811733
1.0
0.574574002957
0.686814762752
1.0
0.574267278465
0.687293566869
1.0
0.573659560012
0.687728840347
0.997610760036
0.573858864354
0.689424199604
0.997610760036
0.573870006422
0.690171883493
0.985414696813
0.572842041144
0.692950319425
0.985414696813
0.572842041144
0.692950319425
0.985414696813
0.572983297025
0.693503965102
0.996957882682
0.573394652372
0.693259715173
0.996957882682
0.573264321105
0.693739114926
0.943957910571
0.573053136034
0.69433742347
0.943957910571
0.573157000208
0.694754160578
0.952503923219
0.573330637018
0.696122551536
0.952503923219
0.573355534103
0.695230574891
0.985694703198
0.571736243179
0.694920458325
0.985694703198
0.571487440358
0.695883867482
0.985694703198
0.571487440358
0.695883867482
1.0
0.570906171006
0.694697747842
1.0
0.571059222329
0.694475377673
0.970807094648
0.569884134593
0.695033837254
0.970807094648
0.56979550954
0.695657933206
0.962728290538
0.568895734697
0.697811634387
0.962728290538
0.568835518567
0.697373108561
