0.99
0.442878077527
0.432565707025
1.0
0.440276121219
0.435541472634
1.0
0.440485120105
0.435956970702
1.0
0.440521521365
0.438293369333
1.0
0.440521521365
0.438293369333
1.0
0.440774050816
0.439210167534
1.0
0.442011557123
0.440420800119
1.0
0.442251288384
0.440717288046
1.0
0.443555619759
0.44156208533
1.0
0.443899012069
0.442627972808
1.0
0.44454739828
0.443112298815
1.0
0.444374853957
0.443462974788
1.0
0.444920466105
0.445453312431
1.0
0.444920466105
0.445453312431
1.0
0.445004618527
0.445633063033
1.0
0.445528325889
0.446454610664
1.0
0.445356202221
0.447077684235
1.0
0.445481461549
0.448123533612
1.0
0.445406954951
0.44814325943
1.0
0.445714659227
0.448092223457
1.0
0.4460839516
0.448860243719
1.0
0.445999086045
0.449501705037
1.0
0.445496028761
0.448800538291
