0.99
0.689893160012
0.599424163414
0.99
0.699038227785
0.589065929274
0.99
0.706546756602
0.591442891924
0.99
0.718408559267
0.575441971765
0.99
0.719674413274
0.576604481777
0.99
0.731768323887
0.563179111269
0.99
0.730672426968
0.561543787592
0.99
0.739080343663
0.551578011042
0.99
0.739080343663
0.551578011042
0.99
0.738317963677
0.54746302453
1.0
0.740597667835
0.544897211989
1.0
0.740054919745
0.543853109981
1.0
0.740500085286
0.543756610653
1.0
0.740197152784
0.543181701302
1.0
0.74019330055
0.54291396178
1.0
0.73992253883
0.542337937565
1.0
0.740916210207
0.541528034039
1.0
0.740916210207
0.541528034039
1.0
0.740319263709
0.541532266375
1.0
0.740622214541
0.541157237118
1.0
0.740431470949
0.539827906626
1.0
0.74079706708
0.539327535435
1.0
0.740548980494
0.538782350428
1.0
0.741136160468
0.538463206584
1.0
0.740677064704
0.53787518526
1.0
0.741323571537
0.537482498486
1.0
0.741026658318
0.536978298148
1.0
0.741026658318
0.536978298148
1.0
0.741286667502
0.537099583715
1.0
0.741158019154
0.53690338607
1.0
0.741489618455
0.536947536374
1.0
0.741074110238
0.535929276716
1.0
0.741217767706
0.535615435327
1.0
0.741125153808
0.535753081634
1.0
0.741849103031
0.534967324819
1.0
0.741849103031
0.534967324819
1.0
0.741743961152
0.53453951649
1.0
0.742032283102
0.534062142471
1.0
0.742099814467
0.534326511056
1.0
0.74219394437
0.533940210272
1.0
0.74192899246
0.533657146144
1.0
0.742468380664
0.53332374172
1.0
0.742655806743
0.534078802976
1.0
0.742464816568
0.534477406955
1.0
0.742464816568
0.534477406955
1.0
0.742496535868
0.533988378046
1.0
0.742664173675
0.533137249178
1.0
0.742619606495
0.533801559743
1.0
0.742640123373
0.534366347712
1.0
0.74269693754
0.534398980655
1.0
0.742790091296
0.534566153657
1.0
0.742645188477
0.534531880313
1.0
0.742864853474
0.534259987429
1.0
0.742864853474
0.534259987429
1.0
0.742847552154
0.534436923032
1.0
0.742864700927
0.534393353952
1.0
0.742065034497
0.534069136
1.0
0.741877225562
0.534054052529
1.0
0.742435380968
0.534734991337
1.0
0.742420528441
0.534487302383
1.0
0.742637068478
0.534364709415
1.0
0.74246602119
0.535111215383
1.0
0.74246602119
0.535111215383
1.0
0.743937611288
0.53597875437
1.0
0.744146975514
0.535970825401
1.0
0.747997779018
0.540276778228
1.0
0.747754537303
0.540660502692
1.0
0.750185836972
0.545948947985
1.0
0.750762928098
0.545613782971
1.0
0.751776305604
0.549311938033
1.0
0.754147582195
0.54762936306
1.0
0.753690651605
0.547794222603
1.0
0.753690651605
0.547794222603
1.0
0.755953046007
0.547527491379
1.0
0.756166569593
0.547180679103
1.0
0.756861306036
0.549293533035
1.0
0.757223610964
0.549650167189
1.0
0.757308282418
0.549677615931
1.0
0.757200285232
0.549961929866
1.0
0.756571120536
0.55050486202
1.0
0.756571120536
0.55050486202
1.0
0.756278252078
0.550626856217
1.0
0.756262028078
0.550362340947
1.0
0.756470400645
0.550731190482
1.0
0.756493649316
0.550854197859
1.0
0.756306904527
0.551105790638
1.0
0.756050035755
0.551059232445
1.0
0.75601781633
0.551180606741
1.0
0.755850913692
0.552750606909
1.0
0.755850913692
0.552750606909
1.0
0.755819803593
0.552748646286
1.0
0.755455087822
0.552326885949
1.0
0.755422712438
0.55347102852
1.0
0.755354048746
0.553331538776
1.0
0.75529004965
0.552720850056
1.0
0.754915854625
0.552981571639
1.0
0.755145673248
0.55327234939
1.0
0.755029837193
0.55322262407
1.0
0.755029837193
0.55322262407
1.0
0.755139913557
0.55374857505
1.0
0.754762648374
0.554421989857
1.0
0.754817422272
0.554377090936
1.0
0.754576647244
0.554912512852
1.0
0.754731497146
0.555000265
1.0
0.754354364415
0.555618799038
1.0
0.754182997414
0.555910039494
1.0
0.753815975429
0.556799696762
1.0
0.753815975429
0.556799696762
1.0
0.753743322719
0.558247091034
1.0
0.753666082962
0.557980200128
1.0
0.753913088577
0.557319591916
1.0
0.753602215362
0.557722770933
1.0
0.753588856832
0.557802163571
1.0
0.753385420873
0.557587875992
1.0
0.753706157746
0.557844304409
1.0
0.753744604715
0.558419675082
1.0
0.753744604715
0.558419675082
1.0
0.753607398679
0.558522721402
1.0
0.753229705511
0.558904151973
1.0
0.753449274322
0.559562871417
1.0
0.753382313276
0.559617048138
1.0
0.753423381739
0.560114691369
1.0
0.753306365863
0.560353000454
1.0
0.753360913676
0.56000611602
1.0
0.752988084251
0.560613620393
1.0
0.752988084251
0.560613620393
1.0
0.752992750748
0.561011959397
1.0
0.752965478688
0.560818155516
1.0
0.753623900641
0.560966527941
1.0
0.753439194028
0.56129657703
1.0
0.753579129881
0.562563514915
1.0
0.753493401359
0.562575544638
1.0
0.752842799402
0.561766898236
1.0
0.752709798027
0.562014054687
1.0
0.752709798027
0.562014054687
1.0
0.752744834616
0.562022904802
1.0
0.752442078534
0.562724414824
1.0
0.752476865807
0.562972317205
1.0
0.752537577803
0.562991906299
1.0
0.752568755449
0.562817294666
1.0
0.752426749473
0.562509161627
1.0
0.752385677458
0.562611377954
1.0
0.752131557688
0.562738136223
1.0
0.752131557688
0.562738136223
1.0
0.752654984091
0.563100135806
1.0
0.752629784603
0.563432691044
1.0
0.752303636067
0.563249878447
1.0
0.752276341352
0.562319863235
1.0
0.752182413769
0.562284729706
1.0
0.752010760264
0.562599099337
1.0
0.751969532517
0.562664923002
1.0
0.751782817393
0.562936507738
1.0
0.751782817393
0.562936507738
1.0
0.751786063544
0.562893537976
1.0
0.75171377067
0.563516100324
1.0
0.75277535824
0.562959566849
1.0
0.752511359297
0.562814178417
1.0
0.755213249801
0.56294137658
1.0
0.755132880725
0.563172563528
1.0
0.755826956683
0.562927863906
1.0
0.756205718191
0.562648299599
1.0
0.756205718191
0.562648299599
1.0
0.755518428157
0.562431130737
1.0
0.757551736525
0.559592084066
1.0
0.757584088335
0.559359116482
1.0
0.75906148145
0.55683151589
1.0
0.758989388947
0.556505951545
1.0
0.758219621104
0.556492483753
1.0
0.758390083541
0.556457260789
1.0
0.758046273026
0.556377035077
1.0
0.758046273026
0.556377035077
1.0
0.757691286753
0.556472811958
1.0
0.757764912611
0.55697471956
1.0
0.757673794612
0.557150292702
1.0
0.757623400127
0.557224840235
1.0
0.75754670347
0.55697684641
1.0
0.757131931536
0.556694525606
1.0
0.756952342928
0.556784701817
1.0
0.757290197331
0.556907612551
1.0
0.757290197331
0.556907612551
1.0
0.757193765628
0.556306158177
1.0
0.756837279582
0.557368864897
1.0
0.756575191583
0.557774816674
1.0
0.756291056456
0.557634665511
1.0
0.756169039648
0.557500890538
1.0
0.755979366711
0.558384975462
1.0
0.755499874481
0.557692277959
1.0
0.755236607144
0.557820817147
1.0
0.755236607144
0.557820817147
1.0
0.755142090309
0.558157581284
1.0
0.755248080583
0.558019975319
1.0
0.755028016022
0.558218860658
1.0
0.7550810998
0.558087425843
1.0
0.754986171757
0.557517110074
1.0
0.754509316099
0.557500276925
1.0
0.754110795014
0.558316085998
1.0
0.754075498249
0.559068443008
1.0
0.754075498249
0.559068443008
1.0
0.754316743368
0.55889160868
1.0
0.754184031205
0.558798450231
1.0
0.753795958016
0.5587730429
1.0
0.75379123416
0.55850185538
1.0
0.753641339008
0.558166259606
1.0
0.753326211207
0.558125885255
1.0
0.753327984112
0.558770844352
1.0
0.753327984112
0.558770844352
1.0
0.752937146644
0.559939887433
1.0
0.75264687918
0.560170757872
1.0
0.752584961916
0.560019241462
1.0
0.752226660731
0.560244909403
1.0
0.752068062152
0.561222294217
1.0
0.751635621375
0.561499713038
1.0
0.751126305365
0.562653072912
1.0
0.750959193056
0.562537371104
1.0
0.751046327802
0.562214633232
1.0
0.751046327802
0.562214633232
1.0
0.750620368178
0.562751042785
1.0
0.750347198928
0.563544309854
1.0
0.749934344787
0.562967175366
1.0
0.749916557138
0.563069216356
1.0
0.749696059573
0.562802972551
1.0
0.74916963629
0.562962320867
1.0
0.748495327752
0.562302425772
1.0
0.748219581555
0.563296740356
1.0
0.748219581555
0.563296740356
1.0
0.748049754762
0.563371451623
1.0
0.748075793845
0.56335278527
1.0
0.747625115591
0.563554592946
1.0
0.747314080178
0.563226942861
1.0
0.747138673578
0.56299255441
1.0
0.746630371064
0.563655529251
1.0
0.74633625514
0.563209434502
1.0
0.74633625514
0.563209434502
1.0
0.745895709959
0.563735583149
1.0
0.745236952502
0.563868416055
1.0
0.745092501802
0.564389807014
1.0
0.745609272576
0.563935803331
1.0
0.745430791814
0.563639520976
1.0
0.74530791381
0.563620759953
1.0
0.745327601191
0.563632269837
1.0
0.745105467774
0.56341283677
1.0
0.745273513204
0.562821996424
1.0
0.745273513204
0.562821996424
1.0
0.745021059003
0.562374247611
1.0
0.744306820469
0.563547990562
1.0
0.744124856374
0.563140230494
1.0
0.744010558578
0.563248225701
1.0
0.743921224088
0.562772245337
1.0
0.743972113826
0.562671727382
1.0
0.74378712535
0.562611653051
1.0
0.743452024672
0.562508666698
1.0
0.743452024672
0.562508666698
1.0
0.743740184205
0.562798560372
1.0
0.743722724033
0.562992716266
1.0
0.743670100057
0.562399271608
1.0
0.743755806619
0.562500279178
1.0
0.74371020846
0.562548562808
1.0
0.74394879853
0.561599641471
1.0
0.743802839221
0.561155987363
1.0
0.74345602997
0.561652621548
1.0
0.74345602997
0.561652621548
1.0
0.743506326858
0.561609234257
1.0
0.743391688945
0.561676047713
1.0
0.743332453469
0.561266087556
1.0
0.743145938123
0.562058540956
1.0
0.742918819789
0.561576241174
1.0
0.742891389711
0.560619828836
1.0
0.742805046539
0.560924097759
1.0
0.742809731179
0.56104866392
1.0
0.742809731179
0.56104866392
1.0
0.742680297548
0.560467415295
1.0
0.742454488713
0.559679241752
1.0
0.742587881352
0.559739182285
1.0
0.742345465796
0.560258651501
1.0
0.742138756448
0.559789341707
1.0
0.742024430829
0.559745918159
1.0
0.740464461591
0.55893348169
1.0
0.740217014477
0.558825907154
1.0
0.740217014477
0.558825907154
1.0
0.735590517203
0.55647564537
1.0
0.735514896673
0.555720871253
1.0
0.732224354511
0.5559609457
1.0
0.731214691648
0.557280410529
1.0
0.729696908535
0.559702055421
1.0
0.726384900895
0.56229519832
1.0
0.725860265302
0.562801280326
1.0
0.722308213907
0.567550288639
1.0
0.722308213907
0.567550288639
1.0
0.721698711697
0.566936468311
1.0
0.71945570518
0.572374026682
1.0
0.719179775127
0.571631089297
1.0
0.719121555768
0.572069485456
1.0
0.718908645469
0.57129653227
1.0
0.719695761069
0.570924264867
1.0
0.719355321035
0.569115999715
1.0
0.719287599271
0.568524225064
1.0
0.719287599271
0.568524225064
1.0
0.719169867678
0.568039898884
1.0
0.719103361902
0.567830932893
1.0
0.719028854627
0.567785416852
1.0
0.71918416726
0.567423000928
1.0
0.718944331934
0.56666587117
1.0
0.718967875806
0.566302944957
1.0
0.719106045714
0.566093227796
1.0
0.718895903385
0.56658225022
1.0
0.718895903385
0.56658225022
1.0
0.718744383026
0.56669390878
1.0
0.719155324013
0.566107264688
1.0
0.719294320213
0.56613786794
1.0
0.719201442199
0.56550787069
1.0
0.719131655099
0.565059455996
1.0
0.71916898616
0.564902626672
1.0
0.719254516518
0.565083919813
1.0
0.719273549234
0.565163202041
1.0
0.719273549234
0.565163202041
1.0
0.719347352387
0.564913745341
1.0
0.719238095077
0.564833030211
1.0
0.719375974539
0.565024011996
1.0
0.719360757791
0.565719591338
1.0
0.719512838308
0.566675475917
1.0
0.719707968019
0.566399730748
1.0
0.719371463179
0.566179202771
1.0
0.719175553516
0.566641044266
1.0
0.719175553516
0.566641044266
1.0
0.719022329794
0.566753349111
1.0
0.719322077796
0.566827459623
1.0
0.719982447645
0.56727770418
1.0
0.720076940381
0.567480220988
1.0
0.719958642955
0.568553340039
1.0
0.71985010104
0.568698757306
1.0
0.721931684184
0.574407352036
1.0
0.722061936743
0.574717452117
1.0
0.722061936743
0.574717452117
1.0
0.725744393243
0.586880301128
1.0
0.725809231162
0.586895474269
1.0
0.728136839315
0.595021966618
1.0
0.72864337891
0.596669055075
1.0
0.729278429323
0.600023025392
1.0
0.731071682957
0.604033509682
1.0
0.730890155816
0.604177975531
1.0
0.73198236844
0.609959512606
1.0
0.73198236844
0.609959512606
1.0
0.731964321279
0.61056744806
1.0
0.733081150879
0.612438841607
1.0
0.733441026982
0.613712561837
1.0
0.733632465876
0.615081360282
1.0
0.733666410203
0.615887931065
1.0
0.733561917188
0.616785953477
1.0
0.733133930388
0.616440674487
1.0
0.733490962432
0.616970379409
1.0
0.733490962432
0.616970379409
1.0
0.733429649437
0.61712196267
1.0
0.733400057551
0.61751594061
1.0
0.7333301384
0.617299401495
1.0
0.733328047607
0.618007635497
1.0
0.733203026402
0.618144216653
1.0
0.733111803105
0.618564014226
1.0
0.732754747061
0.618128328644
1.0
0.732790662639
0.618061478344
1.0
0.732790662639
0.618061478344
1.0
0.732814715251
0.618605254482
1.0
0.732457611029
0.619272006693
1.0
0.7322502743
0.620003101591
1.0
0.731971901928
0.620466077248
1.0
0.731862837186
0.621169274169
1.0
0.731888186196
0.621382574105
1.0
0.731736164641
0.620686725767
1.0
0.731736164641
0.620686725767
1.0
0.731740077523
0.620560578336
1.0
0.731381250172
0.620572746791
1.0
0.731255073978
0.621575504137
1.0
0.731055232391
0.621806386585
1.0
0.73078787102
0.622081787782
1.0
0.730767285549
0.622121864987
1.0
0.730759923239
0.622109104612
1.0
0.730575630304
0.622048415806
1.0
0.730575630304
0.622048415806
1.0
0.730101156599
0.622826395129
1.0
0.729802577174
0.622758930973
1.0
0.730050430035
0.623118220331
1.0
0.729599085571
0.622871774455
1.0
0.729614587623
0.622822856403
1.0
0.729427528239
0.622874089648
1.0
0.729267761208
0.623392980385
1.0
0.729198460291
0.622937442853
1.0
0.72905028278
0.623401152865
1.0
0.72905028278
0.623401152865
1.0
0.72863169418
0.623165964686
1.0
0.728398124392
0.623329686924
1.0
0.728046833399
0.623094806631
1.0
0.727889497583
0.623051841952
1.0
0.727618670217
0.622861855623
1.0
0.727492674379
0.622716796888
1.0
0.727362568529
0.622595655655
1.0
0.726918903625
0.622641284227
1.0
0.726918903625
0.622641284227
1.0
0.726557786462
0.622192136278
1.0
0.726557131813
0.622360102517
1.0
0.726144766032
0.621909080207
1.0
0.726101169109
0.622453939097
1.0
0.726222395769
0.622108506067
1.0
0.725931005932
0.621466119123
1.0
0.725794236639
0.621841685227
1.0
0.725692157914
0.622487584656
1.0
0.725692157914
0.622487584656
1.0
0.725485584565
0.622195272365
1.0
0.725371359874
0.622270808163
1.0
0.725005256061
0.621882112171
1.0
0.724804247209
0.621874237534
1.0
0.724782290155
0.621447000682
1.0
0.724631107937
0.621621915609
1.0
0.724608854659
0.622413169541
1.0
0.724434566431
0.622316615591
1.0
0.724434566431
0.622316615591
1.0
0.724371847548
0.622273136418
1.0
0.724354113921
0.622401388804
1.0
0.724564079439
0.623030647447
1.0
0.724637336866
0.622942670129
1.0
0.724497772274
0.623272221395
1.0
0.724571372031
0.623999929693
1.0
0.724688847307
0.624032143811
1.0
0.724661814717
0.624253726099
1.0
0.724661814717
0.624253726099
1.0
0.724874792111
0.62522025659
1.0
0.724721997866
0.624703531744
1.0
0.724583619043
0.624976430008
1.0
0.724515618059
0.625722239951
1.0
0.7242409695
0.625798983152
1.0
0.724234740918
0.626454142826
1.0
0.724324675092
0.626911463246
1.0
0.724655570607
0.627685432707
1.0
0.724655570607
0.627685432707
1.0
0.724675334459
0.627874416839
1.0
0.724512813375
0.628187755543
1.0
0.724499832982
0.62855706129
1.0
0.724549910534
0.628999164216
1.0
0.72445034473
0.628987038982
1.0
0.724147939235
0.62939570075
1.0
0.724308569342
0.629640426829
1.0
0.724382627894
0.629877416678
1.0
0.724382627894
0.629877416678
1.0
0.724182143873
0.629765869025
1.0
0.724479261113
0.629851396298
1.0
0.724443029762
0.630501621388
1.0
0.72419563444
0.630481462508
1.0
0.724210837336
0.630468393825
1.0
0.724055137993
0.630737430154
1.0
0.723963428326
0.630936499549
1.0
0.723963428326
0.630936499549
1.0
0.723966644108
0.631174272244
1.0
0.722067083632
0.628014196845
1.0
0.722035689414
0.628732836581
1.0
0.717780512818
0.621770854546
1.0
0.717681497799
0.621584334404
1.0
0.7157567781
0.618162215331
1.0
0.715375962904
0.617617169349
1.0
0.715204082859
0.618121786386
1.0
0.71257252619
0.616563713944
1.0
0.71257252619
0.616563713944
1.0
0.712746010336
0.617093937288
1.0
0.710474680336
0.617154963043
1.0
0.711182204168
0.616943911606
1.0
0.710765619745
0.617173057155
1.0
0.710893646189
0.617438781199
1.0
0.711572816586
0.617461203601
1.0
0.711572816586
0.617461203601
1.0
0.711736014913
0.617806612448
1.0
0.71207649447
0.617686014318
1.0
0.712392685508
0.618309012707
1.0
0.712125706737
0.618601717986
1.0
0.712241997581
0.618792388908
1.0
0.712574935873
0.618211975011
1.0
0.712787857157
0.618482411564
1.0
0.712803485965
0.618341914025
1.0
0.713063633591
0.61816802331
1.0
0.71320453705
0.618716277623
1.0
0.71320453705
0.618716277623
1.0
0.713400356686
0.618889884951
1.0
0.713863968635
0.618127148121
1.0
0.714408886423
0.618564463168
1.0
0.714538788379
0.618150350654
1.0
0.714654728142
0.618111686812
1.0
0.714669427903
0.618573149818
1.0
0.714669427903
0.618573149818
1.0
0.715142609396
0.618462122311
1.0
0.71531235913
0.617817934255
1.0
0.715752534279
0.617993986059
1.0
0.716073796668
0.61767350606
1.0
0.716061032021
0.618144763017
1.0
0.716070619612
0.618224602664
1.0
0.716267354209
0.618093021956
1.0
0.716774408159
0.618258983128
1.0
0.716974038687
0.618124876265
1.0
0.717020071483
0.617816007065
1.0
0.717020071483
0.617816007065
1.0
0.716795361081
0.617921493683
1.0
0.716975139214
0.617655992062
1.0
0.717230510646
0.618169849228
1.0
0.717164440129
0.618664786439
1.0
0.717406491486
0.619212999073
1.0
0.717413354209
0.619162070039
1.0
0.71769107508
0.619640912131
1.0
0.71769107508
0.619640912131
1.0
0.717830303636
0.619651665719
1.0
0.717921926975
0.619717087059
1.0
0.718121850915
0.620189102496
1.0
0.717976032212
0.620349233928
1.0
0.71821642713
0.620338803
1.0
0.718457740009
0.620612181343
1.0
0.718360988469
0.621047856626
1.0
0.718346101678
0.621304986088
1.0
0.718526626417
0.621674491357
1.0
0.718526626417
0.621674491357
1.0
0.718639952786
0.621866337931
1.0
0.718457244714
0.621833684331
1.0
0.718345036224
0.622086159308
1.0
0.718648691889
0.622192095534
1.0
0.718185992257
0.622912450317
1.0
0.718219490744
0.62349032599
1.0
0.718356354512
0.623907162093
1.0
0.718356354512
0.623907162093
1.0
0.718330648945
0.623579554802
1.0
0.718380921389
0.624352778065
1.0
0.718338648776
0.625179367224
1.0
0.718353768262
0.625335067095
1.0
0.718473970425
0.625555068092
1.0
0.718545576661
0.625781586005
1.0
0.718418927734
0.62577214231
1.0
0.71853401713
0.626054786367
1.0
0.718746144963
0.626808570581
1.0
0.718746144963
0.626808570581
1.0
0.71875758963
0.62692439665
1.0
0.718748462466
0.627303121511
1.0
0.718709861707
0.627413131599
1.0
0.718719435605
0.627512102961
1.0
0.719032495194
0.627247280339
1.0
0.719084557303
0.627238242031
1.0
0.719323526941
0.627389457322
1.0
0.719323526941
0.627389457322
1.0
0.719035152856
0.627643238132
1.0
0.719156096997
0.627576887792
1.0
0.719469728288
0.627058012626
1.0
0.719704556711
0.627342834366
1.0
0.719746038689
0.627552190449
1.0
0.71963306437
0.627620248316
1.0
0.719644190915
0.627679400173
1.0
0.71996186381
0.628129073967
1.0
0.720182744073
0.628292934999
1.0
0.720182744073
0.628292934999
1.0
0.720239314413
0.628255132982
1.0
0.72034062311
0.62775630556
1.0
0.720788094341
0.627237317038
1.0
0.721028603258
0.627156496813
1.0
0.721222484373
0.627316058681
1.0
0.721088491902
0.627373283576
1.0
0.72142525313
0.627699162989
1.0
0.72142525313
0.627699162989
1.0
0.721768388268
0.627221071065
1.0
0.722058266613
0.627428661018
1.0
0.722163539728
0.627178983174
1.0
0.722246881482
0.627066864464
