0.99
0.557693204436
0.500516201377
0.99
0.572502086179
0.505511396617
0.99
0.583719165326
0.486486769081
0.99
0.590531205686
0.492446006412
0.99
0.603159514248
0.473547651959
0.99
0.603568604242
0.475011580175
0.99
0.603568604242
0.475011580175
0.99
0.615024498718
0.458844638956
0.99
0.613281401204
0.457456098218
0.99
0.623320309525
0.441912436371
0.99
0.621899129593
0.441121925429
0.871795487535
0.623196413925
0.439628881548
0.871795487535
0.622369902682
0.439447965945
0.871795487535
0.622369902682
0.439447965945
0.915846218488
0.623734402932
0.439097993717
0.915846218488
0.622261695336
0.438098528753
0.983903705814
0.621961900819
0.439674617519
0.983903705814
0.621441987275
0.439733669683
0.943918253117
0.62164990896
0.441421632634
0.943918253117
0.620991749751
0.441530082985
0.929788488812
0.620935479947
0.441569208858
0.929788488812
0.620228795825
0.44110219159
0.904515171374
0.61951851139
0.442471058954
0.904515171374
0.61951851139
0.442471058954
0.904515171374
0.618654832516
0.442186899767
0.933217309661
0.618201802297
0.442885402329
0.933217309661
0.617479133438
0.443082015807
0.904159497059
0.618083878521
0.443790624631
0.904159497059
0.6175700641
0.44301944266
0.898609615484
0.616494074619
0.445259440408
0.898609615484
0.615459524523
0.444653440941
0.898609615484
0.615459524523
0.444653440941
0.910624416016
0.615409762805
0.444624171481
0.910624416016
0.614840762151
0.444074092179
0.84774868309
0.615611071304
0.443488754052
0.84774868309
0.615235265024
0.443664834233
0.958725307679
0.614994306337
0.444956928374
0.958725307679
0.614334827941
0.444869199092
0.917276539697
0.61353549406
0.446016444672
0.917276539697
0.613332877149
0.446135329677
0.859393953542
0.613504237444
0.445821182167
0.859393953542
0.613504237444
0.445821182167
0.859393953542
0.612692931048
0.445369105896
0.865299567123
0.613202800513
0.444552172501
0.865299567123
0.612666612854
0.444675429281
0.906587366623
0.612591078894
0.444965276727
0.906587366623
0.61236761634
0.445149066777
0.889999125764
0.612493268751
0.444963370092
0.889999125764
0.611880602525
0.445034752721
0.873351088129
0.612363988825
0.444092499606
0.873351088129
0.612029930884
0.444402940571
0.873351088129
0.612029930884
0.444402940571
0.937597921426
0.611841260683
0.444786602584
0.937597921426
0.611445891016
0.444482810102
1.0
0.612752613599
0.443045565645
1.0
0.612244941853
0.443059060303
1.0
0.613694361192
0.441159346922
1.0
0.613371081107
0.440878037625
1.0
0.613371081107
0.440878037625
1.0
0.613392159684
0.440941783082
1.0
0.612864791173
0.440565611751
1.0
0.612790719708
0.441373257809
1.0
0.612316843301
0.441340054372
1.0
0.612053811527
0.441652325065
1.0
0.61176525977
0.441026414387
1.0
0.611605329036
0.441381889824
1.0
0.611374758587
0.441976820998
1.0
0.611386512707
0.442449569095
1.0
0.611386512707
0.442449569095
1.0
0.610882391221
0.442077545919
1.0
0.610592926538
0.442766689584
1.0
0.610391116178
0.442513308021
1.0
0.610330616511
0.442817057846
1.0
0.609970788639
0.44249115304
1.0
0.609760813946
0.443127917919
1.0
0.60947501383
0.443062960204
1.0
0.60947501383
0.443062960204
1.0
0.609340240092
0.443490372867
1.0
0.609125005026
0.443814635946
1.0
0.609030027394
0.444447503372
1.0
0.608937571584
0.44452036547
1.0
0.60884202593
0.444953380983
1.0
0.608832109999
0.445609026715
1.0
0.608682943437
0.445769540512
1.0
0.606331236008
0.443699954496
1.0
0.606331236008
0.443699954496
1.0
0.606340358727
0.443789677602
0.99
0.596625019816
0.434615899561
0.99
0.596319966403
0.43517460241
0.99
0.581701340556
0.425175971162
0.99
0.581663648641
0.425236476198
0.99
0.567358125373
0.418776215135
0.99
0.566683508744
0.419454933691
1.0
0.564049577917
0.42035830213
0.99
0.558600733752
0.426425531396
0.99
0.558600733752
0.426425531396
0.99
0.556004903695
0.426029591904
0.99
0.545463025762
0.442301778551
0.99
0.544718240098
0.440321013771
0.99
0.536471453139
0.455935827589
0.99
0.535969232047
0.455140498688
0.99
0.530755582942
0.464131579317
0.99
0.530544603621
0.463957412154
1.0
0.530431158132
0.465350839969
1.0
0.530431158132
0.465350839969
1.0
0.53023783252
0.464682362543
1.0
0.530925231622
0.463321989122
1.0
0.531253640604
0.463495435656
1.0
0.531581515412
0.463371818527
1.0
0.531292719696
0.463067257695
1.0
0.531418588443
0.462884366839
1.0
0.531509553096
0.462485275756
1.0
0.531571983278
0.462338742617
1.0
0.531571983278
0.462338742617
1.0
0.531375690678
0.462342251431
1.0
0.531465761113
0.462183652291
1.0
0.531777661545
0.463096077876
1.0
0.531630329638
0.463480615484
1.0
0.531750254194
0.463983355634
1.0
0.531913726247
0.463885353373
1.0
0.531587008532
0.462708799839
1.0
0.531539108256
0.462696174954
1.0
0.531623043533
0.462733259367
1.0
0.531623043533
0.462733259367
1.0
0.531611187607
0.4627192818
1.0
0.53179467298
0.463048298238
1.0
0.531896428761
0.463287992846
1.0
0.531988315516
0.463507312761
1.0
0.532015188887
0.463302181651
1.0
0.531761183711
0.463190592123
1.0
0.531830190879
0.463130564386
1.0
0.531830190879
0.463130564386
1.0
0.531672957068
0.46296457635
1.0
0.531648433851
0.463045216996
1.0
0.53136598987
0.462205396386
1.0
0.531306810937
0.462479727434
1.0
0.531206369687
0.46317671977
1.0
0.531392559999
0.462924186858
1.0
0.531393648601
0.462248072154
1.0
0.531361546424
0.462248936026
1.0
0.531361546424
0.462248936026
1.0
0.531142794623
0.462058691727
1.0
0.531035817707
0.46210372516
1.0
0.530951019629
0.462499934312
1.0
0.531134146295
0.4623128305
1.0
0.531018872896
0.462159988834
1.0
0.530987758572
0.462281735389
1.0
0.530047425724
0.460977717004
1.0
0.530038060532
0.460567193151
1.0
0.529437266381
0.461003297106
1.0
0.529437266381
0.461003297106
1.0
0.52939363725
0.46137970192
1.0
0.52938840792
0.461854516015
1.0
0.529380297201
0.462300934859
1.0
0.52831315911
0.461580774689
1.0
0.528197662483
0.46182892395
1.0
0.527599957699
0.461739226713
1.0
0.52745664984
0.462176077576
1.0
0.52745664984
0.462176077576
1.0
0.526898698313
0.46203833363
1.0
0.52673716263
0.462667746722
1.0
0.525854965938
0.462827502069
1.0
0.525732911541
0.463656771124
1.0
0.524794915601
0.463121179072
1.0
0.524439238548
0.463698318418
1.0
0.523882099623
0.463877930456
1.0
0.523882099623
0.463877930456
1.0
0.523567720934
0.464698415571
1.0
0.522922666999
0.465343377679
1.0
0.522556972739
0.466694596136
1.0
0.522359633544
0.467557286898
1.0
0.52223171673
0.468147268326
1.0
0.521510060103
0.468208353916
1.0
0.521354899411
0.46868501226
1.0
0.520686225843
0.469317135873
1.0
0.520278292164
0.470851594492
1.0
0.51957973908
0.470424302851
1.0
0.51957973908
0.470424302851
1.0
0.51916049861
0.472003210405
1.0
0.518404625568
0.472397871165
1.0
0.518344580217
0.473233589051
1.0
0.518242691891
0.474461423794
1.0
0.517993654293
0.474921522462
1.0
0.517584234268
0.474301985325
1.0
0.517341036338
0.475636709543
1.0
0.517341036338
0.475636709543
1.0
0.516565470696
0.475385482541
1.0
0.516446421016
0.476417173615
1.0
0.516145577492
0.476741798713
1.0
0.515859150007
0.477217719303
1.0
0.515302842217
0.477514983074
1.0
0.514893570495
0.478755326743
1.0
0.514443165711
0.478275544434
1.0
0.514321018025
0.4789976639
1.0
0.513991063637
0.479099136543
1.0
0.513991063637
0.479099136543
1.0
0.51379099571
0.479328185034
1.0
0.513127748081
0.478741463669
1.0
0.512954920197
0.479382166191
1.0
0.512535384921
0.479474639671
1.0
0.512321831655
0.480012807836
1.0
0.511524864288
0.479327739732
1.0
0.511408378717
0.479882485541
1.0
0.511408378717
0.479882485541
1.0
0.511194057711
0.479620105892
1.0
0.510960440474
0.48016103979
1.0
0.511332266596
0.480923205053
1.0
0.511041600576
0.481296896452
1.0
0.510662032929
0.480943943567
1.0
0.510541617588
0.481111063038
1.0
0.510169956998
0.48119845322
1.0
0.510169956998
0.48119845322
1.0
0.510135175855
0.481305291413
1.0
0.510421308948
0.481888686911
1.0
0.510328622706
0.481976641979
1.0
0.510409664402
0.482211668755
1.0
0.5105368435
0.481909271422
1.0
0.510374972536
0.481605329855
1.0
0.510403595894
0.481743196757
1.0
0.510339818702
0.48167248966
1.0
0.510310025854
0.482107537248
1.0
0.510188520831
0.481596176481
1.0
0.510188520831
0.481596176481
1.0
0.5102223434
0.481593994916
1.0
0.510074127594
0.481160905701
1.0
0.510194408075
0.480997089101
1.0
0.509894301504
0.480799145697
1.0
0.509939431988
0.480699122416
1.0
0.510050382036
0.480047541989
1.0
0.510067634161
0.480357958605
1.0
0.510067634161
0.480357958605
1.0
0.510213695446
0.480853858042
1.0
0.510324131789
0.480827882976
1.0
0.51063746689
0.481861925601
1.0
0.510632263985
0.481626234328
1.0
0.51035584195
0.481084829253
1.0
0.510504430997
0.480710356299
1.0
0.510482771267
0.481034090723
1.0
0.510482771267
0.481034090723
1.0
0.510487841002
0.48144931463
1.0
0.51017404273
0.480534101644
1.0
0.510142607624
0.481835390452
1.0
0.509977918763
0.481253387651
1.0
0.510098986869
0.480500216443
1.0
0.510744219491
0.481843487828
1.0
0.510793088844
0.481345416675
1.0
0.510331852813
0.480257846108
1.0
0.510418130663
0.480269024733
1.0
0.510418130663
0.480269024733
1.0
0.510538533501
0.480315329097
1.0
0.510563417594
0.480258226547
1.0
0.510715868238
0.480101819873
1.0
0.510832159665
0.479524735389
1.0
0.511091938319
0.48046774616
1.0
0.511369633152
0.480171777056
1.0
0.511220041336
0.480141001593
1.0
0.511220041336
0.480141001593
1.0
0.511181669147
0.480389623964
1.0
0.51125161902
0.480404983151
1.0
0.511299607215
0.480208679491
1.0
0.511409140318
0.480773137392
1.0
0.511579147753
0.480448091604
1.0
0.511680589359
0.480086152772
1.0
0.511781949092
0.479877761762
1.0
0.512216482751
0.481039272287
1.0
0.512453071669
0.480999727845
1.0
0.512206406262
0.480317604207
1.0
0.512206406262
0.480317604207
1.0
0.512279866889
0.480504071988
1.0
0.512532732961
0.480177504507
1.0
0.51265335961
0.4805604343
1.0
0.512994650515
0.481314816341
1.0
0.51323978222
0.480968294662
1.0
0.513788941853
0.481673679612
1.0
0.513893401438
0.481538273505
1.0
0.513893401438
0.481538273505
1.0
0.514193826213
0.482212332668
1.0
0.514455748066
0.481998713153
1.0
0.514699062779
0.481831081216
1.0
0.515023203957
0.480810845292
1.0
0.51502221202
0.481100479596
1.0
0.515175233768
0.480807759396
1.0
0.515175233768
0.480807759396
1.0
0.515033535592
0.481066171355
1.0
0.515302944757
0.482145323197
1.0
0.515723886201
0.483215565413
1.0
0.51599792294
0.483320160425
1.0
0.516177668661
0.483417246711
1.0
0.516421097104
0.483034769933
1.0
0.516892408723
0.484286476495
1.0
0.517031704457
0.484905186991
1.0
0.51703216823
0.484464674305
1.0
0.51726991147
0.484816988695
1.0
0.51726991147
0.484816988695
1.0
0.517807151366
0.486143925121
1.0
0.518201195859
0.485715467821
1.0
0.518295618704
0.485524750278
1.0
0.518561437766
0.485506448076
1.0
0.518859589588
0.486617754878
1.0
0.519146454637
0.487163196006
1.0
0.519572246393
0.487813326166
1.0
0.519572246393
0.487813326166
1.0
0.519857106006
0.487864499607
1.0
0.52006690212
0.488041493741
1.0
0.520367571773
0.487730632994
1.0
0.520139868741
0.487582697503
1.0
0.520312761156
0.48782672651
1.0
0.520884319854
0.489207164041
1.0
0.521116758522
0.489190638777
1.0
0.521676449762
0.489858787146
1.0
0.521907251972
0.489720879654
1.0
0.522071463099
0.490899352475
1.0
0.522071463099
0.490899352475
1.0
0.522398126917
0.491216609921
1.0
0.522760110364
0.492100720908
1.0
0.522898285922
0.492332511255
1.0
0.522660888359
0.492435871941
1.0
0.522720605861
0.492825186081
1.0
0.52335832901
0.494409416316
1.0
0.523694723104
0.494828295329
1.0
0.523694723104
0.494828295329
1.0
0.523542753035
0.494122897201
1.0
0.523716436743
0.494362535669
1.0
0.523578266399
0.493885664077
1.0
0.523684441987
0.493901255204
1.0
0.523918564914
0.494470373795
1.0
0.524124186349
0.494793720252
1.0
0.524178997419
0.495220290516
1.0
0.524178997419
0.495220290516
1.0
0.524334061479
0.495146620301
1.0
0.52453009643
0.495279174652
1.0
0.524713452427
0.495010514201
1.0
0.525236449052
0.49735564517
1.0
0.525235580153
0.497239257033
1.0
0.525114071095
0.497195841794
1.0
0.525249435387
0.497757249402
1.0
0.525646416556
0.499028311055
1.0
0.525816021821
0.498913246839
1.0
0.525816021821
0.498913246839
1.0
0.526683420966
0.501715140227
1.0
0.526840430824
0.502402056684
1.0
0.527048784004
0.502735679066
1.0
0.527248415486
0.50395075639
1.0
0.52715111968
0.503458603077
1.0
0.527358720561
0.503774410672
1.0
0.527663060835
0.504766823817
1.0
0.527663060835
0.504766823817
1.0
0.527674469702
0.504917682798
1.0
0.527856713406
0.504795752745
1.0
0.528022082251
0.505557178072
1.0
0.528019514108
0.505369633815
1.0
0.528127840666
0.50614432904
1.0
0.52810279287
0.505853268767
1.0
0.528147172374
0.50590863561
1.0
0.528043804084
0.506137346401
1.0
0.528043804084
0.506137346401
1.0
0.528206687298
0.505738403749
1.0
0.528503399395
0.506627943291
1.0
0.528565243549
0.507202846263
1.0
0.528444465141
0.507948111928
1.0
0.528511218266
0.508057476882
1.0
0.528692710499
0.508442726747
1.0
0.528953540396
0.508187754453
1.0
0.529359999106
0.508800660237
1.0
0.529434169146
0.509462664958
1.0
0.529434169146
0.509462664958
1.0
0.529666540561
0.509908144495
1.0
0.529649117829
0.51060744474
1.0
0.529593954887
0.510713233102
1.0
0.529777601607
0.510828662953
1.0
0.529864963147
0.51091658433
1.0
0.529897320743
0.510961762702
1.0
0.529897320743
0.510961762702
1.0
0.530379415144
0.512161602743
1.0
0.530494094644
0.512247952358
1.0
0.53024754143
0.511594147694
1.0
0.530390065751
0.511897809415
1.0
0.53081201462
0.51362303646
1.0
0.53085142281
0.51368680667
1.0
0.531121175071
0.514194129235
1.0
0.531280586819
0.514211518742
1.0
0.531029516033
0.514531933787
1.0
0.531180211635
0.514921458121
1.0
0.531180211635
0.514921458121
1.0
0.5307776017
0.515325536077
1.0
0.530722167535
0.515688825404
1.0
0.530779655035
0.515621241774
1.0
0.530930561367
0.515813743334
1.0
0.530666363238
0.515140848913
1.0
0.530612197367
0.515088004663
1.0
0.529991851868
0.51433651064
1.0
0.529991851868
0.51433651064
1.0
0.530028050205
0.514582796423
1.0
0.529665324073
0.514678405018
1.0
0.529741259516
0.514962186484
1.0
0.529299867445
0.514325347512
1.0
0.529168057634
0.515177950448
1.0
0.528848225163
0.514700482853
1.0
0.528903550316
0.514300473378
1.0
0.528539448454
0.514160818548
1.0
0.528539448454
0.514160818548
1.0
0.528315302028
0.51462468954
1.0
0.528082158822
0.51439148578
1.0
0.528047393622
0.51459241062
1.0
0.527554690813
0.514399127395
1.0
0.527407840844
0.514100905816
1.0
0.526516477593
0.513386430888
1.0
0.52643470312
0.513594689395
1.0
0.523071043513
0.512798256077
1.0
0.522826518269
0.512541413641
1.0
0.522826518269
0.512541413641
