1.0
0.572378152605
0.7629147686
1.0
0.57234480557
0.763379347405
0.99
0.571158363002
0.73352169029
0.99
0.571072809931
0.733401661128
0.99
0.569478804682
0.69632093593
0.99
0.569233182193
0.695777168073
0.99
0.569751679136
0.667229577505
0.99
0.569751679136
0.667229577505
0.99
0.570093145581
0.662330219121
0.99
0.568063071722
0.624437900763
0.885060401263
0.570152585046
0.607370577663
0.885060401263
0.568685172879
0.577628148341
0.95966936186
0.574157406414
0.506762870785
0.940455518368
0.569858876834
0.477506370232
0.940455518368
0.576607409431
0.425973992499
0.871873433565
0.572257222676
0.403204723157
0.871873433565
0.572257222676
0.403204723157
0.852414987328
0.574414689807
0.333984307319
0.852414987328
0.575368092729
0.334409336965
0.786454260724
0.582270033851
0.311937957816
0.786454260724
0.581967853212
0.311392880125
0.72460900086
0.573971705811
0.253237889751
0.72460900086
0.574906344118
0.254833139517
0.776047594343
0.573100210104
0.237717195376
0.776047594343
0.573615940232
0.238244855004
0.787546252784
0.569968898499
0.229005966276
0.787546252784
0.569775394143
0.22824196167
0.787546252784
0.569775394143
0.22824196167
0.85748673939
0.578348538099
0.251342031336
0.85748673939
0.578661497921
0.250624071507
0.864517918709
0.577508359802
0.252153790357
0.864517918709
0.577718853862
0.253068004496
0.840042103741
0.577498992593
0.253495284813
0.840042103741
0.577775966081
0.253248616759
0.932832222112
0.577406747266
0.253892484977
0.932832222112
0.57732437983
0.253443879465
0.932832222112
0.57732437983
0.253443879465
