1.0
0.570153130703
0.527890046822
1.0
0.56992505926
0.527872672463
1.0
0.569542748635
0.527878843329
1.0
0.569338541307
0.527806121845
1.0
0.56866820341
0.526274752965
1.0
0.568057650425
0.527011021594
1.0
0.567695950428
0.526413978011
1.0
0.567380729907
0.526232193418
1.0
0.566648496962
0.525270939707
1.0
0.566259995296
0.525556170874
1.0
0.566259995296
0.525556170874
1.0
0.565750953941
0.525445969114
1.0
0.56536397218
0.5253755821
1.0
0.564620731626
0.523973814994
1.0
0.564404075944
0.524336516672
1.0
0.56378692502
0.523870193167
1.0
0.563399311099
0.523920587681
1.0
0.563241716257
0.524065535187
1.0
0.562880561391
0.523770485716
1.0
0.562880561391
0.523770485716
1.0
0.562697982563
0.523649246085
1.0
0.562489764525
0.523931754957
1.0
0.56210626549
0.523663553208
1.0
0.561824812541
0.523785736422
1.0
0.561328698471
0.522704829392
1.0
0.561296545133
0.522461654493
1.0
0.560928316978
0.522637922681
1.0
0.560928316978
0.522637922681
1.0
0.560783689348
0.522397769014
1.0
0.560449902073
0.521243905213
1.0
0.560183839144
0.521608626421
1.0
0.559879490376
0.521249780663
1.0
0.559634200226
0.52106361502
1.0
0.559435173101
0.520029488559
1.0
0.559477473098
0.519645181347
1.0
0.559240498524
0.519115177009
1.0
0.559137051398
0.519085945349
1.0
0.559137051398
0.519085945349
1.0
0.558985483784
0.518919892639
1.0
0.559069168742
0.519035734522
1.0
0.558920017562
0.518560291198
1.0
0.558714795312
0.518059206899
1.0
0.55863780242
0.517387959699
1.0
0.558671217062
0.51692268067
1.0
0.558572366635
0.516933664229
1.0
0.558737087085
0.516273348321
1.0
0.558737087085
0.516273348321
1.0
0.558641836199
0.515323660773
1.0
0.558703493627
0.515110130555
1.0
0.559060589172
0.516123227071
1.0
0.559186468911
0.515399973767
1.0
0.558963470671
0.514745736001
1.0
0.558846059978
0.514831423676
1.0
0.559196774553
0.514871045518
1.0
0.558969681302
0.515833213436
1.0
0.558969681302
0.515833213436
1.0
0.558995238349
0.515177483426
1.0
0.55936262709
0.514147451691
1.0
0.559875683609
0.514578678653
1.0
0.559888716693
0.514141596865
1.0
0.560626221211
0.512614020297
1.0
0.560563768667
0.512949928808
0.85012457112
0.561681316368
0.513275398265
0.85012457112
0.561681316368
0.513275398265
0.85012457112
0.561526175457
0.513149859799
0.85012457112
0.561526175457
0.513149859799
0.85012457112
0.561526175457
0.513149859799
0.85012457112
0.561526175457
0.513149859799
0.636805812822
0.555864264264
0.514112489016
0.636805812822
0.555515628897
0.513067087003
0.636805812822
0.554848196448
0.513233355896
0.636805812822
0.554848196448
0.513233355896
0.636805812822
0.553732788573
0.513510402118
0.636805812822
0.552703814911
0.51106607642
0.636805812822
0.551736591048
0.506102755941
0.636805812822
0.550870335557
0.505111200468
0.904491670541
0.549308334748
0.494690713804
0.904491670541
0.54939406106
0.49650849451
0.929196850545
0.548607774622
0.498383916069
0.929196850545
0.548813586305
0.500410674211
0.929196850545
0.548813586305
0.500410674211
0.97279120945
0.549401412371
0.504160806647
0.97279120945
0.549420119873
0.505377647138
1.0
0.550371351602
0.509163858058
1.0
0.550216044464
0.509558021558
1.0
0.551416263622
0.510816596432
1.0
0.551416623741
0.511237891256
1.0
0.551577726491
0.511731704008
1.0
0.551192869121
0.51142053899
1.0
0.551380959564
0.511901427789
1.0
0.551380959564
0.511901427789
1.0
0.551330574791
0.512546093973
1.0
0.551535121497
0.511796166412
1.0
0.551295919003
0.511685703367
1.0
0.551463696799
0.510926146487
1.0
0.551026392222
0.509753535697
1.0
0.55119627491
0.509264161634
1.0
0.55114660024
0.509890793961
1.0
0.551321881955
0.509641145983
1.0
0.551204015456
0.509132712277
1.0
0.551204015456
0.509132712277
1.0
0.551387323271
0.508728966589
1.0
0.551446141063
0.50886334752
1.0
0.551682783679
0.508331434851
1.0
0.551586557566
0.507795474511
1.0
0.551946459332
0.506858819205
1.0
0.552126857888
0.507142870037
1.0
0.552126857888
0.507142870037
1.0
0.552113120899
0.507115993593
1.0
0.552105115232
0.50683015454
1.0
0.552373653498
0.506561692615
1.0
0.55214954917
0.506496772872
1.0
0.552331106433
0.505794627428
1.0
0.552496680393
0.505719536264
1.0
0.5526569722
0.505256683014
1.0
0.552592928916
0.504862571019
1.0
0.552789329773
0.504723581895
1.0
0.552789329773
0.504723581895
1.0
0.552724948675
0.504524507033
1.0
0.55291404582
0.503359009929
1.0
0.552910345303
0.503581954573
1.0
0.553055906986
0.503460859407
1.0
0.553355005232
0.503843372759
1.0
0.55344884119
0.503441586204
1.0
0.553805240032
0.504541196806
1.0
0.553753285541
0.504505530477
1.0
0.55377781853
0.504850125504
1.0
0.55377781853
0.504850125504
1.0
0.553760874416
0.504851740369
1.0
0.553750409694
0.505036387822
1.0
0.553858975737
0.50495377365
1.0
0.553832241493
0.505284480954
1.0
0.553767084953
0.5060086518
1.0
0.553813962431
0.50660076671
1.0
0.553750037014
0.506768476674
1.0
0.553750037014
0.506768476674
1.0
0.554230121168
0.507969030364
1.0
0.5543361387
0.508433824096
1.0
0.554240013911
0.50885603763
1.0
0.554295660192
0.509618365358
1.0
0.554203698583
0.509566238162
1.0
0.554204944809
0.510318667801
1.0
0.554294443314
0.510282408197
1.0
0.554294443314
0.510282408197
1.0
0.554398477208
0.51045249638
1.0
0.554607827131
0.51202177928
1.0
0.554587131157
0.512415708464
1.0
0.554863032449
0.51182304799
1.0
0.55491619488
0.512196034163
1.0
0.554961514435
0.512383498039
1.0
0.555147906715
0.51236687835
1.0
0.555469568652
0.5125472343
1.0
0.555688540271
0.512617228074
1.0
0.555688540271
0.512617228074
1.0
0.556167862143
0.513148735954
1.0
0.556267055193
0.513434407367
1.0
0.556581061732
0.513593681768
1.0
0.556787142934
0.513678785622
1.0
0.556942904562
0.513251493991
1.0
0.557018022646
0.513163069199
1.0
0.55744970885
0.513438767234
1.0
0.55744970885
0.513438767234
1.0
0.557748037585
0.513483102195
1.0
0.55795401961
0.514360838897
1.0
0.558192230058
0.514156129806
1.0
0.558749568755
0.514801551952
1.0
0.558986325337
0.514750526958
1.0
0.558887571284
0.513741441517
1.0
0.559097580272
0.51413099923
1.0
0.559097580272
0.51413099923
1.0
0.559076399367
0.513887322239
1.0
0.559297047253
0.514033383583
1.0
0.559462089039
0.514691685601
1.0
0.559768330223
0.514633811567
1.0
0.560265377198
0.515226432534
1.0
0.560426694196
0.51536023451
1.0
0.560769487236
0.51554275553
1.0
0.561019040421
0.515692015477
1.0
0.561019040421
0.515692015477
1.0
0.560992233328
0.515997492865
1.0
0.561259321871
0.515902886387
1.0
0.561221705267
0.516043810547
1.0
0.561254217338
0.516100090587
1.0
0.561351312445
0.516791413199
1.0
0.561491694445
0.516723463821
1.0
0.561428031421
0.518048006571
1.0
0.561611070869
0.518233166864
1.0
0.561611070869
0.518233166864
1.0
0.561491935468
0.51866504122
1.0
0.561541129378
0.518881989615
1.0
0.561451794709
0.518362942833
1.0
0.561502589265
0.519067310682
1.0
0.561237331519
0.519425449353
1.0
0.561345812975
0.519980842839
1.0
0.56138524218
0.520680118996
1.0
0.561335801042
0.521286907432
1.0
0.561066005151
0.520755164244
1.0
0.56103316288
0.521775919218
1.0
0.56103316288
0.521775919218
1.0
0.560746321981
0.521787633977
1.0
0.560695220383
0.522288655445
1.0
0.560383055675
0.521710960096
1.0
0.560416932935
0.522556381949
1.0
0.56036229908
0.522125823004
1.0
0.560297156675
0.522442470616
1.0
0.559960922575
0.522861936813
1.0
0.559960922575
0.522861936813
1.0
0.559788695141
0.522725326547
1.0
0.559476985665
0.522161261999
1.0
0.559471134376
0.521822566572
1.0
0.559050314708
0.521742661734
1.0
0.558884200547
0.522251387099
1.0
0.558484514308
0.522456528393
1.0
0.55811234713
0.5231243853
1.0
0.55811234713
0.5231243853
1.0
0.557883593188
0.523037353236
1.0
0.557801158323
0.523154747592
1.0
0.557533921718
0.52357806441
1.0
0.557260885173
0.523922669111
1.0
0.557082698105
0.523325644937
1.0
0.557087916876
0.523634591269
1.0
0.556556472146
0.523525509879
1.0
0.556411986992
0.523998834554
1.0
0.556175831489
0.52356244177
1.0
0.556158517312
0.523509833787
1.0
0.556158517312
0.523509833787
1.0
0.555942532233
0.523432829612
1.0
0.555922247711
0.524023477326
