1.0
0.457469185129
0.628112347133
1.0
0.457144197297
0.628851929067
1.0
0.457529901904
0.629793596026
1.0
0.457565689693
0.629840383314
1.0
0.457039074618
0.629992650323
1.0
0.457327981872
0.629470145558
1.0
0.456694790355
0.628946537866
1.0
0.456439934342
0.628840827427
1.0
0.456439934342
0.628840827427
1.0
0.455910573555
0.629124624147
1.0
0.456022898666
0.629875749445
1.0
0.457742960348
0.62906158183
1.0
0.457909323076
0.62844179904
1.0
0.457586810528
0.628840052963
1.0
0.45805453356
0.629238676567
1.0
0.457927672516
0.629511020602
1.0
0.457575858478
0.629797856433
1.0
0.457575858478
0.629797856433
1.0
0.45720647741
0.629854099123
1.0
0.457234776033
0.629048529959
1.0
0.456340138904
0.62756615823
1.0
0.456314137808
0.628567781393
1.0
0.455135634866
0.628468735685
1.0
0.455144011691
0.62890506746
1.0
0.45626539579
0.629577728146
1.0
0.456757838777
0.629669310016
1.0
0.456013511199
0.629436406343
1.0
0.456013511199
0.629436406343
1.0
0.455939698522
0.629238087513
1.0
0.456562732184
0.629995629594
1.0
0.456561631872
0.630748528495
1.0
0.455840687591
0.630074573611
1.0
0.455964709996
0.630168562924
1.0
0.456357526432
0.631358181192
1.0
0.456235609134
0.631087507319
1.0
0.456235609134
0.631087507319
1.0
0.456245408514
0.630547414981
1.0
0.456866038613
0.631231528326
1.0
0.457643484942
0.631642863984
1.0
0.457248697689
0.632376830436
1.0
0.45742420006
0.63403399263
1.0
0.457140469632
0.633037592127
1.0
0.457111484899
0.63219822172
1.0
0.457053686049
0.631571670534
1.0
0.456670444544
0.633182358069
1.0
0.456670444544
0.633182358069
1.0
0.457442319775
0.627936603465
1.0
0.457047720907
0.629098706563
1.0
0.459349245539
0.61645722113
1.0
0.458444952195
0.617077656019
1.0
0.461505182807
0.600439899769
1.0
0.462148972111
0.599068457756
1.0
0.46512117729
0.583640415751
1.0
0.46512117729
0.583640415751
1.0
0.467764677607
0.580769568227
1.0
0.469090647649
0.572194979755
1.0
0.484542124165
0.554430354979
1.0
0.483827103513
0.556171025618
0.99
0.560079276197
0.477653891781
0.99
0.559960861266
0.477990104747
0.99
0.83498738125
0.156076730891
0.99
0.83475057765
0.155315746419
1.0
-10.8328935916
13.5278909539
1.0
-10.8328935916
13.5278909539
1.0
-12.3050495746
15.2381501901
1.0
-100.0
100.0
1.0
-100.0
100.0
1.0
-100.0
100.0
1.0
-100.0
100.0
1.0
-100.0
100.0
1.0
-100.0
100.0
1.0
-100.0
100.0
1.0
-100.0
100.0
1.0
-100.0
100.0
1.0
-100.0
100.0
1.0
-100.0
100.0
1.0
-100.0
100.0
1.0
-100.0
100.0
1.0
-100.0
100.0
1.0
-100.0
100.0
1.0
-100.0
100.0
1.0
-100.0
100.0
1.0
-100.0
100.0
1.0
-100.0
100.0
1.0
-100.0
100.0
1.0
-65.3636404429
74.69932935
1.0
-62.7753323252
71.7151504175
1.0
-100.0
100.0
1.0
-100.0
100.0
1.0
-100.0
100.0
1.0
-57.6698847847
65.9593302888
1.0
-51.6371067505
59.1118726578
1.0
-28.3584992718
32.8169046637
1.0
-30.9140356811
36.034297359
1.0
-21.286994456
25.0182261929
1.0
-5.56944057418
7.44316469554
1.0
-1.22272208911
2.46396772681
1.0
0.207242737455
0.847324247977
1.0
0.57507824727
0.424263033972
1.0
0.57507824727
0.424263033972
1.0
0.293846075701
0.746129396429
1.0
-100.0
100.0
1.0
-100.0
100.0
1.0
0.148757913243
1.00361200058
1.0
0.149132834272
1.00304974154
0.99
0.330974920148
0.814737731732
0.99
0.330934483983
0.815359252096
0.99
0.330934483983
0.815359252096
1.0
0.343154066956
0.800783303125
1.0
0.343911130785
0.799702017162
1.0
0.334287875107
0.811206239793
1.0
0.340252291998
0.799756117779
1.0
0.346834349129
0.792355896605
0.99
0.357205148648
0.764371385137
0.99
0.351910150579
0.769698549306
1.0
0.353153070509
0.762774546357
1.0
0.353153070509
0.762774546357
1.0
0.350651786846
0.765965488144
1.0
0.350622070944
0.763243984654
1.0
0.355853981623
0.748298964148
1.0
0.356221735553
0.747511952153
0.99
0.285152547682
0.673205372879
0.99
0.284958801016
0.672288791934
1.0
0.232662868494
0.576387208922
1.0
0.232741721762
0.576318851521
1.0
0.221965874896
0.565782070978
1.0
0.221965874896
0.565782070978
1.0
0.222140003363
0.565345362237
1.0
0.226853069943
0.57648911115
1.0
0.226660435387
0.577798460699
1.0
0.224886476695
0.568158932821
1.0
0.224749439614
0.568293827619
1.0
0.224951742049
0.57543817682
1.0
0.224591850031
0.575502983042
1.0
0.224591850031
0.575502983042
1.0
0.223036829963
0.576727854437
1.0
0.22280294669
0.576174605036
1.0
0.222126392575
0.57447429415
1.0
0.2257235181
0.574644895755
1.0
0.225736651688
0.577028464794
0.99
0.242120116366
0.578146518961
0.99
0.242120116366
0.578146518961
0.99
0.24279323812
0.580722594158
0.99
0.265281772072
0.605826266325
0.99
0.263816803064
0.604495625923
1.0
0.274927047486
0.609834515946
1.0
0.282737362873
0.615780906977
1.0
0.294011293549
0.629801996729
1.0
0.372130350922
0.689128915559
1.0
0.365317676977
0.687260524134
0.99
0.817314509957
-0.0316733081581
0.99
0.817314509957
-0.0316733081581
0.99
0.836145167659
-0.0533751621407
0.912512341338
0.550806027233
0.2177522705
0.912512341338
0.549189190642
0.217884863919
0.964085845008
0.484356839552
0.213516131636
0.964085845008
0.485157960925
0.213617045713
0.908964218731
0.472438850991
0.210559699959
0.908964218731
0.471245333633
0.210494903896
1.0
0.447367988665
0.208841742562
1.0
0.447367988665
0.208841742562
1.0
0.446919201237
0.208803577867
1.0
0.434066805529
0.209089624704
1.0
0.434404643918
0.208881155017
1.0
0.434701742511
0.208803650526
1.0
0.435874335323
0.208832995233
1.0
0.43723022361
0.20881114498
1.0
0.437641423204
0.208809016678
1.0
0.437712939201
0.208595832997
1.0
0.439345056308
0.20848318331
1.0
0.439345056308
0.20848318331
1.0
0.439013912888
0.208581621195
1.0
0.438572230748
0.208546561502
1.0
0.436150612837
0.208990797621
1.0
0.437293275556
0.208961682627
1.0
0.440681367406
0.208394109642
1.0
0.439776819794
0.20843692921
1.0
0.44037347487
0.208386634994
1.0
0.44037347487
0.208386634994
1.0
0.441058046436
0.208438996306
1.0
0.443182641731
0.208095647037
1.0
0.44268419448
0.20819416989
1.0
0.443635556474
0.208118660801
1.0
0.445213564997
0.208813791854
1.0
0.446247944831
0.208645303803
0.99
0.453819539083
0.212152969197
0.99
0.453819539083
0.212152969197
0.99
0.453205555105
0.212309077137
0.99
0.475599518682
0.215063538416
0.99
0.476919344575
0.215004161747
0.99
0.493385245253
0.216952223647
0.99
0.491218476381
0.216930956371
0.99
0.529201781384
0.217977112622
0.99
0.510898576821
0.217575600796
0.99
0.627719376556
0.445694095603
0.99
0.627719376556
0.445694095603
0.99
0.63158470926
0.45121614448
0.99
0.637515771991
0.429367831048
0.99
0.635149969225
0.424566275443
0.99
0.637064466863
0.409430472907
0.99
0.637852139589
0.395225191392
0.99
0.637295501353
0.394176578638
1.0
0.636597367627
0.416942509951
1.0
0.636597367627
0.416942509951
1.0
0.636902447605
0.417276253452
1.0
0.636773600574
0.417154739394
1.0
0.637961914086
0.387891393154
1.0
0.63830550403
0.388736186439
1.0
0.638223058716
0.388262239933
1.0
0.638028582248
0.388143652277
1.0
0.638028582248
0.388143652277
1.0
0.638419644638
0.388897801995
1.0
0.639039134381
0.385561806749
1.0
0.639066582433
0.385312781601
1.0
0.638636523741
0.38452041346
1.0
0.638636523741
0.38452041346
1.0
0.638580370041
0.384694632225
1.0
0.639016524074
0.38518083879
1.0
0.638874300814
0.387773706993
1.0
0.638396062607
0.386859119621
1.0
0.639023735663
0.387961491726
1.0
0.638765712798
0.387401479151
1.0
0.638765712798
0.387401479151
1.0
0.638576754172
0.38686453475
1.0
0.63841391016
0.386698441551
1.0
0.638501861635
0.386699956795
1.0
0.63881808409
0.387077888648
1.0
0.639442554722
0.387895798353
1.0
0.639442554722
0.387895798353
1.0
0.638944494883
0.387244996785
1.0
0.638542730075
0.385871427778
1.0
0.638906418267
0.386431366776
1.0
0.639188895749
0.386543780433
1.0
0.638857950307
0.386247462534
1.0
0.638857950307
0.386247462534
1.0
0.639503325176
0.386891346625
1.0
0.643530554541
0.388379164232
1.0
0.643809501477
0.388698155843
0.99
0.655549476146
0.396660552672
0.99
0.655549476146
0.396660552672
0.99
0.668899822372
0.408172056499
0.99
0.683361253995
0.42194595195
0.908312745977
0.678436224935
0.428070469876
0.908312745977
0.687657625911
0.434309101077
0.908312745977
0.694070093101
0.442231276752
0.908312745977
0.694070093101
0.442231276752
0.908312745977
0.69514336625
0.443561690227
0.908312745977
0.695147566016
0.443269810798
0.908312745977
0.695658959946
0.443963872942
0.88486048125
0.697375852715
0.440606357306
0.88486048125
0.69833881208
0.442248608627
0.868550301991
0.696217604863
0.441022995389
0.868550301991
0.696643436345
0.441139791392
0.868550301991
0.696643436345
0.441139791392
0.911756922777
0.696362124815
0.441853831974
0.911756922777
0.695417098714
0.440941480066
1.0
0.694657237038
0.439919579006
1.0
0.695265714995
0.440253610653
1.0
0.695208196622
0.441483920148
1.0
0.694699108087
0.441022748549
1.0
0.694553362517
0.433075448874
1.0
0.694549876796
0.432876026468
1.0
0.694549876796
0.432876026468
1.0
0.693442491774
0.429511057461
1.0
0.693792482954
0.430099916384
1.0
0.693589798558
0.429858333518
1.0
0.693939166022
0.430214516536
1.0
0.694165637892
0.43084013554
1.0
0.694421159977
0.43085218684
1.0
0.694421159977
0.43085218684
1.0
0.693889641339
0.430044457444
1.0
0.693799252567
0.429390434465
1.0
0.694206760351
0.429549825999
1.0
0.694234545217
0.428911271385
1.0
0.694392242781
0.42877734956
1.0
0.684009698401
0.408206605487
1.0
0.683424559495
0.407725567677
1.0
0.683283542407
0.408477470312
1.0
0.683164871647
0.407988332394
1.0
0.683164871647
0.407988332394
1.0
0.683088564193
0.408765350313
1.0
0.68350355965
0.409389269485
1.0
0.683467593895
0.409460511375
1.0
0.683575213517
0.409673249729
1.0
0.683649975401
0.409669909811
1.0
0.683706121496
0.410245178018
1.0
0.683706121496
0.410245178018
1.0
0.683697430981
0.410231246387
1.0
0.683649715322
0.409494272298
1.0
0.683739973261
0.408541367766
1.0
0.684042372328
0.409022801113
1.0
0.684061974291
0.409626601119
1.0
0.684264789559
0.409447433449
1.0
0.683872158504
0.411544683405
1.0
0.684332591293
0.412397664924
1.0
0.68479905785
0.409950234535
1.0
0.68479905785
0.409950234535
1.0
0.68425378203
0.40984830959
1.0
0.684195859296
0.410243465668
1.0
0.684696273625
0.410302504373
1.0
0.684425299125
0.411703406682
1.0
0.684437378632
0.411615156756
1.0
0.684569309098
0.410602542018
1.0
0.684235136931
0.410102812337
1.0
0.684092817503
0.410553745961
1.0
0.684092817503
0.410553745961
1.0
0.684039300771
0.410855579182
1.0
0.683986396533
0.410790180774
1.0
0.683420132347
0.409759501645
1.0
0.683706138432
0.408342751885
1.0
0.684284451955
0.408798937254
1.0
0.684149504475
0.410061982214
1.0
0.684874790246
0.411616787702
1.0
0.684874790246
0.411616787702
1.0
0.684896184527
0.411617584803
1.0
0.683953877877
0.410541368001
1.0
0.683865425781
0.410867416907
1.0
0.683523312616
0.410472657286
1.0
0.683412199053
0.411727133223
1.0
0.683916194582
0.411978925365
1.0
0.684091929227
0.411415003433
1.0
0.684832847123
0.412616331746
1.0
0.684833782011
0.412073897181
1.0
0.684833782011
0.412073897181
1.0
0.685225873554
0.411898061972
1.0
0.68516628357
0.411844161539
1.0
0.68478746259
0.411744950119
1.0
0.684704104289
0.412389248218
1.0
0.68477574329
0.41249403449
1.0
0.684846524528
0.412942345267
1.0
0.684593726958
0.412593986625
1.0
0.6847688549
0.410259355302
1.0
0.6847688549
0.410259355302
1.0
0.684927658158
0.410543729504
1.0
0.684807504879
0.411261416845
1.0
0.685184785163
0.411288180292
1.0
0.685084440435
0.412518843926
1.0
0.684983816816
0.412634820398
1.0
0.685051975936
0.412143003296
1.0
0.685545966774
0.412549788169
1.0
0.685545966774
0.412549788169
1.0
0.685661923873
0.411681881464
1.0
0.685429539314
0.41150074955
1.0
0.68517491175
0.411809405179
1.0
0.679974643629
0.410417721403
1.0
0.680096059907
0.410364605096
0.99
0.666028770873
0.410747530246
0.99
0.666159353252
0.411765497462
0.99
0.639572861058
0.382747919107
0.99
0.639578979874
0.381400961969
0.99
0.639578979874
0.381400961969
0.837353086681
0.626512926089
0.391328644564
0.837353086681
0.626639443889
0.388514333014
0.837353086681
0.627600914476
0.391716556133
0.837353086681
0.627600914476
0.391716556133
0.863723478515
0.314322820564
-0.0269187954187
0.863723478515
0.406383579993
0.0282115295451
0.805178176364
0.428725100593
0.0173238946934
0.805178176364
0.440499469844
-0.0290148513235
0.805178176364
0.434799067062
0.0110731901816
0.805178176364
0.434799067062
0.0110731901816
0.805178176364
0.436050499973
0.0163037721518
0.805178176364
0.43599449069
0.014595481878
0.805178176364
0.43599449069
0.014595481878
0.805178176364
0.43599449069
0.014595481878
0.79764972309
0.425006493154
0.529675776906
0.785910834194
0.473004152946
0.361704882938
0.785910834194
0.466765397057
0.36155875804
0.785910834194
0.466765397057
0.36155875804
0.785910834194
0.466765397057
0.36155875804
0.785910834194
0.466765397057
0.36155875804
0.785910834194
0.460100833591
0.361408592755
0.784227532227
0.461250770915
0.37026059483
0.877484258553
0.462811343435
0.366050166443
0.923475583525
0.465318502685
0.367783802956
0.944440407023
0.47324767232
0.384775172682
0.933475081513
0.473685698731
0.385451731209
0.933475081513
0.473685698731
0.385451731209
0.941431842415
0.47406530726
0.386105728352
0.995359885717
0.473840996335
0.389350721033
0.995359885717
0.480555627012
0.378275645057
0.895216575094
0.480229534396
0.379782168808
0.995359885717
0.480793556564
0.381326468312
0.995359885717
0.480793556564
0.381326468312
1.0
0.473987414282
0.378818583477
1.0
0.473980765879
0.382598890662
0.983718997195
0.473643951429
0.381814425205
0.983718997195
0.473643951429
0.381814425205
1.0
0.474166534964
0.384549778303
1.0
0.473717535703
0.386696280306
0.998498437896
0.473843794484
0.388115080903
0.973194664535
0.475607427243
0.383191072519
0.973194664535
0.475607427243
0.383191072519
1.0
0.476830695982
0.378746108141
1.0
0.476528178713
0.379780372672
1.0
0.476861981045
0.380901400343
1.0
0.476861981045
0.380901400343
0.96844908557
0.485332452492
0.396923534868
1.0
0.485786564599
0.397421975499
0.980775206136
0.486049992698
0.398018613628
0.988241012927
0.486267228626
0.398547393282
1.0
0.486212707623
0.399062017757
1.0
0.486453213967
0.39670667297
1.0
0.486450224395
0.396795146066
0.984693634683
0.486848959821
0.396259764897
0.984693634683
0.493527824387
0.377962568412
0.99
0.493801210208
0.376850225633
0.99
0.493801210208
0.376850225633
0.977415537154
0.493453487416
0.378417951271
0.975144927004
0.493482199145
0.378911538723
0.921130038193
0.506417195167
0.370113360567
0.921130038193
0.506374575565
0.37120038877
0.921130038193
0.506374575565
0.37120038877
0.963696257932
0.396111392428
0.097036674331
0.878721313059
0.395910925268
0.0966366991061
0.827758248254
0.397577417754
0.0932795084456
0.928902835969
0.424675491319
0.00321505716224
0.806351532422
0.434939597196
-0.0259896635841
0.934125662237
0.437151469599
-0.0320292381366
0.934125662237
0.437151469599
-0.0320292381366
0.934125662237
0.437151469599
-0.0320292381366
0.794036664338
0.677602817188
0.388294710631
0.794036664338
0.695242421625
0.343278226445
0.704790550819
0.401757396031
0.436015034769
0.794036664338
0.717800597659
0.310096187344
0.783256332856
0.741825420129
0.363124532603
0.783256332856
0.743857058613
0.369321135777
0.907733048268
0.781173781515
0.306937152603
0.907733048268
0.781381791673
0.30571935445
0.907733048268
0.781660192702
0.30509171107
0.907733048268
0.781660192702
0.30509171107
0.907733048268
0.782485515751
0.306863621419
0.907733048268
0.783613121516
0.309738648163
0.991960711306
0.783928148792
0.316533302481
0.860525132515
0.78438883954
0.31774878666
0.860525132515
0.784737064907
0.322103017667
0.927491146482
0.784894282346
0.326819513287
0.927491146482
0.785351353206
0.328540236513
0.915635404333
0.786800008156
0.331171088262
0.915635404333
0.786800008156
0.331171088262
0.915635404333
0.787111442753
0.331045007565
0.92027978654
0.788002128766
0.334165542426
0.92027978654
0.788969078752
0.334745702716
0.891215183455
0.788693389042
0.336372961587
0.891215183455
0.789894130258
0.335952731441
0.946885802469
0.790501795445
0.335694814629
0.946885802469
0.791913006213
0.334206061987
0.909672492553
0.791090479048
0.334237713406
0.909672492553
0.791090479048
0.334237713406
0.909672492553
0.79316826377
0.332535050166
0.90198911695
0.793151070284
0.333666914763
0.90198911695
0.796517112229
0.331065516464
0.945310813557
0.797173952734
0.332290636048
0.945310813557
0.798496416629
0.33056801406
0.914217964449
0.797868612851
0.331725044598
0.914217964449
0.797889496931
0.3327864904
0.914217964449
0.797889496931
0.3327864904
0.859265539493
0.798051518749
0.332829918707
0.859265539493
0.798475690828
0.331371482073
0.881561223033
0.798610599467
0.331998708145
0.881561223033
0.798912767757
0.331870468486
0.889224133957
0.79901159793
0.33162189976
0.889224133957
0.799531836684
0.330809331301
0.864631083554
0.798780723582
0.332212336082
0.864631083554
0.79848516708
0.332404113009
0.917551650307
0.797932596595
0.330789241391
0.917551650307
0.797932596595
0.330789241391
0.917551650307
0.798174522372
0.331458626357
0.933194174536
0.797423097526
0.33108141788
0.933194174536
0.7976902819
0.330799754081
0.929998877026
0.797908264333
0.331440842019
0.929998877026
0.798193451923
0.331207342766
0.919877860623
0.798286214395
0.332561710609
0.919877860623
0.798576471903
0.333123654403
0.952843633654
0.798243634953
0.33307634479
0.952843633654
0.798243634953
0.33307634479
0.952843633654
0.798294735164
0.333686752869
0.90444530653
0.797905545402
0.333210680872
0.90444530653
0.797962261778
0.332647137815
0.907343269233
0.797419101296
0.333431832206
0.907343269233
0.797247931797
0.334209958201
0.969935039741
0.797213113695
0.335497859375
0.969935039741
0.797336129355
0.335327569287
0.969935039741
0.797336129355
0.335327569287
1.0
0.796304242494
0.335373414744
1.0
0.796307793732
0.334903496197
1.0
0.795540745336
0.336581794752
1.0
0.795978601157
0.336572539376
1.0
0.795396924535
0.338303334305
1.0
0.7947198386
0.338751434732
1.0
0.794709870996
0.340601161918
1.0
0.79490343591
0.341245584107
1.0
0.794798286157
0.342265949146
1.0
0.794798286157
0.342265949146
1.0
0.794791353276
0.341752080493
1.0
0.794732011053
0.342215491056
1.0
0.794241141284
0.343253439021
1.0
0.793862619925
0.344138740058
1.0
0.793903522367
0.344030352649
1.0
0.79375809775
0.343842485338
1.0
0.79375809775
0.343842485338
1.0
0.793551561381
0.344131591533
1.0
0.793523304644
0.344695250116
1.0
0.793534429352
0.344898503772
1.0
0.793150380691
0.344246822441
1.0
0.792490894876
0.344581456759
1.0
0.792625492134
0.345068053717
1.0
0.792611915821
0.345457107732
1.0
0.792152476264
0.344423419573
1.0
0.791769344329
0.3449234552
1.0
0.791769344329
0.3449234552
1.0
0.791877503082
0.345409512509
1.0
0.792044665709
0.345287647
1.0
0.794722157436
0.347138829582
1.0
0.795267305885
0.346574497309
1.0
0.798256104883
0.349871568109
1.0
0.797287998702
0.350910595734
1.0
0.798363213863
0.351072574857
1.0
0.798353868906
0.35157349405
1.0
0.797705157577
0.35006716086
1.0
0.797705157577
0.35006716086
1.0
0.799399896239
0.345879318079
1.0
0.799201157059
0.346146901828
1.0
0.806106622342
0.334127527444
1.0
0.806135811814
0.33431901267
1.0
0.810080667412
0.327981484511
1.0
0.809843859658
0.328028730131
1.0
0.810860074452
0.327016095259
1.0
0.810860074452
0.327016095259
1.0
0.810609963178
0.325674330864
1.0
0.809864696931
0.326413123102
1.0
0.809708643661
0.325812492891
1.0
0.809399426459
0.325667068823
1.0
0.809281847656
0.32582072544
1.0
0.809192233313
0.326646486018
1.0
0.809538879191
0.32761497016
1.0
0.809678732503
0.327074068656
1.0
0.809303489625
0.326672703743
1.0
0.809303489625
0.326672703743
1.0
0.809236267974
0.325544505762
1.0
0.808989007847
0.325134961202
1.0
0.808797207976
0.326583057646
1.0
0.808869097048
0.326706562891
1.0
0.808382764014
0.327766518592
1.0
0.808364989855
0.327507516956
1.0
0.808364989855
0.327507516956
1.0
0.80828118599
0.327301974911
1.0
0.808079601561
0.327307864386
1.0
0.808298268728
0.327449124985
1.0
0.808065772705
0.326770415967
1.0
0.80813742513
0.327209162405
1.0
0.807791755139
0.326780625108
1.0
0.807658621753
0.327076489717
1.0
0.807413115574
0.326501369486
1.0
0.807576589178
0.326308350376
1.0
0.807851299513
0.327196715506
1.0
0.807851299513
0.327196715506
1.0
0.807830032759
0.327448715834
1.0
0.807819452607
0.326675606227
1.0
0.807654444818
0.327041234327
1.0
0.807358765936
0.3272783822
1.0
0.807541351625
0.327564609011
1.0
0.807548474893
0.327419286469
1.0
0.80734977447
0.327890678569
1.0
0.80734977447
0.327890678569
1.0
0.807090709994
0.327429391887
1.0
0.807106754388
0.328103225097
1.0
0.806664706556
0.326506876386
1.0
0.806324072678
0.326237762425
1.0
0.806356211245
0.32730430267
1.0
0.806526364891
0.327482350447
1.0
0.806370473413
0.327679903606
1.0
0.806370473413
0.327679903606
1.0
0.806005863526
0.327799273625
1.0
0.805845999422
0.327868425297
1.0
0.806116275788
0.327822741824
1.0
0.806037147337
0.328808470593
1.0
0.805401682761
0.32988230305
1.0
0.805294127479
0.328857679349
1.0
0.805227204104
0.328802157541
1.0
0.805333495078
0.330272690131
1.0
0.804990217791
0.331151542741
1.0
0.804652933125
0.330536209168
1.0
0.804652933125
0.330536209168
1.0
0.803933850686
0.331353321544
1.0
0.810638400679
0.34011385667
1.0
0.810221343415
0.340659707243
1.0
0.810196844962
0.342023246076
1.0
0.809687936905
0.342707802721
1.0
0.809827561532
0.342735587468
1.0
0.809586662851
0.34293711946
1.0
0.808993831762
0.341657358082
1.0
0.808993831762
0.341657358082
1.0
0.808670209812
0.342572759449
1.0
0.808609274996
0.342305516307
1.0
0.807478271393
0.343709862433
1.0
0.807315300518
0.343031393816
1.0
0.807515637513
0.342795989352
1.0
0.807618606668
0.343721335066
1.0
0.807618606668
0.343721335066
1.0
0.806628818411
0.344983189446
1.0
0.806701861027
0.345578040686
1.0
0.806498029377
0.345821820347
1.0
0.806337636698
0.345445637949
1.0
0.806272029728
0.34479177921
1.0
0.80628181568
0.344561005314
1.0
0.805930606318
0.344957965231
1.0
0.806127698001
0.345493091759
1.0
0.806008800331
0.345654549361
1.0
0.80534802229
0.344229113901
1.0
0.80534802229
0.344229113901
1.0
0.804977632362
0.344440599855
1.0
0.805128804827
0.345080375494
1.0
0.804631633371
0.345526837151
1.0
0.804806655285
0.34624387893
1.0
0.805047577935
0.345559239804
1.0
0.804809638762
0.345387062513
1.0
0.804105329568
0.346290483665
1.0
0.804105329568
0.346290483665
1.0
0.80431755184
0.347995092765
1.0
0.80370384569
0.34955883066
1.0
0.80406071627
0.350278205443
1.0
0.804383541844
0.349758165997
0.917744010779
0.804169748601
0.349648234205
0.917744010779
0.803403604434
0.350720276541
0.781390983367
0.804184462419
0.355035180656
0.781390983367
0.803046139039
0.356045687534
0.744759874438
0.792790707833
0.272934496096
0.744759874438
0.792790707833
0.272934496096
0.744759874438
0.792475184665
0.273202602608
0.805836979222
0.726562961696
0.0877986025975
0.805836979222
0.726562961696
0.0877986025975
0.805836979222
0.725102849769
0.090062291533
0.805836979222
0.722368757359
0.094905792979
0.805836979222
0.713580241277
0.108558742377
0.747226099419
100.0
100.0
0.747226099419
100.0
100.0
0.747226099419
100.0
100.0
0.755291343268
0.795038106594
0.118837711196
0.755291343268
0.780599859066
0.136385910588
0.755291343268
0.776278499348
0.0631037752626
0.755291343268
0.776278499348
0.0631037752626
0.790516170374
0.716688976397
0.210911418763
0.790516170374
0.720461316279
0.208710110416
0.790516170374
0.72231487677
0.207631580083
0.790516170374
0.744980477563
0.213177049007
