1.0
0.547148480046
0.494742352365
1.0
0.547219331332
0.494854753208
1.0
0.547283940618
0.495068122309
1.0
0.547148235819
0.495295907262
1.0
0.546955314291
0.495636712465
1.0
0.546955314291
0.495636712465
1.0
0.546927189885
0.495531683633
1.0
0.547102803653
0.495776806748
1.0
0.547321382396
0.496257420168
1.0
0.547001655223
0.497028821657
1.0
0.54689026353
0.497227655398
1.0
0.547146189262
0.497470009094
1.0
0.545792338472
0.510150795173
1.0
0.545709906718
0.510227157011
1.0
0.545709906718
0.510227157011
1.0
0.54591312021
0.509801076778
1.0
0.545635283974
0.510266852067
1.0
0.545599454142
0.510133688468
1.0
0.54567528612
0.510464927166
1.0
0.54566785075
0.510535328307
1.0
0.545382059806
0.510713976174
1.0
0.54528963247
0.510503231574
1.0
0.545364837167
0.510578085926
1.0
0.54567589466
0.510773097533
1.0
0.54567589466
0.510773097533
1.0
0.545697877639
0.510915245713
1.0
0.546650125831
0.516228614667
1.0
0.546435825906
0.516383033235
1.0
0.549469148635
0.527954349683
1.0
0.549473364563
0.527872872997
0.99
0.554712870803
0.552964475978
0.99
0.55473744858
0.555280286575
0.99
0.55473744858
0.555280286575
0.99
0.555051510779
0.565210933765
1.0
0.555037934373
0.566092679477
1.0
0.555544647645
0.573316538576
1.0
0.555330843855
0.572981830816
0.906547688693
0.555286780719
0.579738367957
0.906547688693
0.555425296789
0.579457620916
0.953967147398
0.555205140091
0.580134229103
0.953967147398
0.555205140091
0.580134229103
0.953967147398
0.555038389833
0.579647798332
0.948496229429
0.554938791122
0.579210198456
0.948496229429
0.554880947738
0.579134666108
0.967085515086
0.554603828388
0.578898012103
0.967085515086
0.554637196214
0.578646598826
0.906045212175
0.554737550119
0.579728123892
0.906045212175
0.554243566785
0.579899016168
0.903538686054
0.554547397792
0.581173624799
0.903538686054
0.554640013518
0.581005657926
0.903538686054
0.554640013518
0.581005657926
0.908612603567
0.554116444484
0.580793202362
0.908612603567
0.553935710204
0.580677640249
0.957864490921
0.553515016359
0.581522452503
0.957864490921
0.55389390258
0.581596167471
0.946050873026
0.553275352626
0.581425750194
0.946050873026
0.553278783079
0.581574130921
0.921288996845
0.55346702189
0.582332979317
0.921288996845
0.553506373171
0.582359688278
0.921288996845
0.553506373171
0.582359688278
0.908405996964
0.553277170436
0.583556915018
0.908405996964
0.553388886955
0.58383399817
0.934321535854
0.553311556393
0.582030612471
0.934321535854
0.553348379036
0.582560445548
0.91106127215
0.553169501393
0.582387401524
0.91106127215
0.552875575776
0.581981773928
0.966974154657
0.553060505465
0.580730309893
0.966974154657
0.553513760768
0.581194212111
0.870968314669
0.553723959444
0.58143144031
0.870968314669
0.553723959444
0.58143144031
0.870968314669
0.553503601096
0.581256299074
0.876262879961
0.55383027827
0.582247764998
0.876262879961
0.554168197123
0.582772768238
0.891214254904
0.554081022585
0.582068656314
0.891214254904
0.553772017734
0.581697399598
0.906539161174
0.553581740173
0.582107241023
0.906539161174
0.553673737119
0.582390138968
0.906539161174
0.553673737119
0.582390138968
0.923161844148
0.553730261917
0.582938197542
0.923161844148
0.553639996751
0.583398688009
0.92299440832
0.553789764621
0.5827569867
0.92299440832
0.553642715437
0.582909476359
0.925246015636
0.553108474707
0.582731407133
0.925246015636
0.552997434939
0.582613782597
0.971440076883
0.552939630706
0.582672994903
0.971440076883
0.553251075364
0.58291435672
0.971440076883
0.553251075364
0.58291435672
0.971440076883
0.553123626309
0.582648881628
0.893086525287
0.553019477251
0.583255596232
0.893086525287
0.552814376322
0.583568723327
0.905859721056
0.552744769269
0.585231883143
0.905859721056
0.552837800075
0.585147883918
0.986916409258
0.552205318208
0.586051508538
0.986916409258
0.552252007851
0.586382806119
0.919812673245
0.552019458879
0.587168495824
0.919812673245
0.552019458879
0.587168495824
0.919812673245
0.55187924793
0.587247373882
0.961963168427
0.55135214833
0.586843509383
0.961963168427
0.551609957882
0.586881562518
0.927130463261
0.551232792942
0.588213229972
0.927130463261
0.550738265569
0.588263406845
0.925391077256
0.550904612313
0.587954925243
0.925391077256
0.550963740943
0.58779008407
0.939211398585
0.55111005925
0.586966705356
0.939211398585
0.55111005925
0.586966705356
0.939211398585
0.551323744488
0.587172122462
0.923755082835
0.551111178841
0.588462053193
0.923755082835
0.551012983785
0.5884434249
0.952444717592
0.550728385977
0.588098250976
0.952444717592
0.550683890237
0.588090496666
0.878958622391
0.550756562801
0.588696082893
0.878958622391
0.550699811888
0.588500920013
0.878958622391
0.550699811888
0.588500920013
0.934212805405
0.550013643789
0.590051094807
0.934212805405
0.550154547693
0.590441454748
0.926467234891
0.550032945907
0.590654431011
0.926467234891
0.550027052652
0.590690434878
0.912272894513
0.549828837754
0.591457357257
0.912272894513
0.549909263543
0.591400410771
0.840475073166
0.549873179811
0.592096682189
0.840475073166
0.549690468829
0.591755271124
0.931509384222
0.549236792951
0.593123290859
0.931509384222
0.549236792951
0.593123290859
0.931509384222
0.548971755598
0.593090465802
0.867076309836
0.549653905369
0.592619217715
0.867076309836
0.549808914373
0.592561031169
0.890920862859
0.549170416593
0.593645786137
0.890920862859
0.5491940203
0.593395586171
0.884247546818
0.548853676563
0.593315554364
0.884247546818
0.547643693934
0.590852948513
0.863657458792
0.547871826773
0.590300760953
0.863657458792
0.547871826773
0.590300760953
0.863657458792
0.545345267707
0.584897277494
0.932647898375
0.545214328751
0.585824894848
0.932647898375
0.543752236854
0.58321453571
0.892946651669
0.543836933373
0.582691313135
0.892946651669
0.543726155995
0.583014088966
0.904288276435
0.543481787107
0.581952145627
0.904288276435
0.54363921774
0.582489676475
0.97016978439
0.543154989877
0.581304992167
0.97016978439
0.543154989877
0.581304992167
0.97016978439
0.543141544593
0.581928649068
0.93755980394
0.542722169085
0.58152161971
0.93755980394
0.542845857673
0.580259032273
0.890011184185
0.542712063951
0.580408767605
0.890011184185
0.542704676633
0.580300418642
0.964310456765
0.542222232204
0.579459590478
0.964310456765
0.54203276328
0.579702474721
0.860267945552
0.542007928734
0.579513852263
0.860267945552
0.542007928734
0.579513852263
0.860267945552
0.542036495453
0.579516144104
0.91580469765
0.541584285475
0.579195793711
0.91580469765
0.541568167101
0.579906104465
0.858004810112
0.542442826713
0.579268889577
0.858004810112
0.542558735697
0.580010347449
0.856473916464
0.542244841746
0.580256408312
0.856473916464
0.542452325481
0.579936550833
0.909562138123
0.542213550492
0.579806815604
0.909562138123
0.542213550492
0.579806815604
0.909562138123
0.542433448386
0.580373161159
0.876257340751
0.542054817187
0.580178283535
0.876257340751
0.542027161281
0.57993554875
0.913428012299
0.542392451156
0.57962789239
0.913428012299
0.542253367328
0.579762555968
0.89128285487
0.542739106276
0.579841725565
0.89128285487
0.543015417574
0.580721245676
0.896974928068
0.542989958025
0.579139897207
0.896974928068
0.542989958025
0.579139897207
0.896974928068
0.543180876265
0.579579380403
0.897335405682
0.54362449925
0.579379408681
0.897335405682
0.543620819585
0.579560388065
0.887783833517
0.544283003255
0.580004586031
0.887783833517
0.543984095113
0.579490305255
0.937345315543
0.543569488433
0.579036137084
0.937345315543
0.543903286288
0.578782096823
0.913500175272
0.545123265687
0.5795778748
0.913500175272
0.545123265687
0.5795778748
0.913500175272
0.545141126482
0.579821611789
0.932141214939
0.54565307556
0.579251889111
0.932141214939
0.545752707737
0.578682222057
1.0
0.547218791017
0.579608522175
1.0
0.547119972344
0.579363730833
1.0
0.548766276878
0.580836728845
1.0
0.54889809216
0.580805480212
1.0
0.549192491359
0.580901218431
1.0
0.549192491359
0.580901218431
1.0
0.549162143314
0.580595789013
1.0
0.549442397075
0.580100648342
1.0
0.549594695186
0.580366313563
1.0
0.549496889623
0.580294861882
1.0
0.549335611006
0.580051731766
1.0
0.549234232668
0.579918288687
1.0
0.549462677902
0.579996988366
1.0
0.549681934987
0.579676558416
1.0
0.549681934987
0.579676558416
1.0
0.549622876749
0.579494280591
1.0
0.549787642433
0.579481905039
1.0
0.550116336352
0.579693861864
1.0
0.549992569171
0.579708824909
1.0
0.549848767878
0.579695782836
1.0
0.550225451729
0.579250766064
1.0
0.550223728311
0.579034837619
1.0
0.550000132954
0.579448818044
1.0
0.550000132954
0.579448818044
1.0
0.550145261417
0.579830423844
1.0
0.550351068265
0.58000322063
1.0
0.550388094817
0.580436950151
1.0
0.55028604954
0.580302599024
1.0
0.550001594156
0.580109435666
1.0
0.549970869314
0.5801234461
1.0
0.551267310482
0.571330699601
1.0
0.551503725016
0.571510445641
1.0
0.551503725016
0.571510445641
1.0
0.55148417236
0.571487732639
1.0
0.551319982847
0.572013783711
1.0
0.551244488368
0.571958217118
1.0
0.551339523342
0.571575997949
1.0
0.551235978785
0.571074867268
1.0
0.551137219872
0.571264737364
1.0
0.550903124716
0.571195904374
1.0
0.550929341482
0.57091812708
1.0
0.550929341482
0.57091812708
1.0
0.550875074241
0.570807464211
1.0
0.550907657931
0.571220970385
1.0
0.551124047965
0.571278194231
1.0
0.551005679972
0.571285152604
1.0
0.551169302913
0.571326088364
1.0
0.551245387049
0.571121041794
1.0
0.551171625177
0.57076607713
1.0
0.55133994893
0.571063333861
1.0
0.55133994893
0.571063333861
1.0
0.551214485849
0.570727429008
1.0
0.551214408312
0.570548992358
1.0
0.551352404216
0.57058017832
1.0
0.551501948058
0.570583056343
1.0
0.551650008458
0.570554795608
1.0
0.551625535098
0.570473316605
1.0
0.551735709665
0.570707957409
1.0
0.552016930048
0.570725653475
1.0
0.552016930048
0.570725653475
1.0
0.553909962785
0.57229251084
1.0
0.554129324899
0.572313386612
1.0
0.557069711458
0.575113773774
1.0
0.557076989909
0.574912220222
1.0
0.558544476456
0.578358697237
1.0
0.559133152726
0.578230464948
1.0
0.559491891013
0.579427199531
1.0
0.561542793033
0.57867499202
1.0
0.561542793033
0.57867499202
1.0
0.561380851912
0.579215767206
1.0
0.562758755972
0.579724356278
1.0
0.562688204284
0.580160376608
1.0
0.56240814839
0.583246024571
1.0
0.562368655615
0.583260355484
1.0
0.562494924067
0.583422034922
1.0
0.562543275595
0.583405202565
1.0
0.562670885015
0.583413083836
1.0
0.562670885015
0.583413083836
1.0
0.562864775458
0.583719703017
1.0
0.563140207934
0.583578328929
1.0
0.562887788392
0.583211712156
1.0
0.563047131308
0.583382296151
1.0
0.563158208587
0.583665118537
1.0
0.56300965902
0.584035677926
1.0
0.563321865131
0.583994539018
1.0
0.563244306865
0.583950245591
1.0
0.563244306865
0.583950245591
1.0
0.563328788532
0.584077755841
1.0
0.563353457594
0.583879620672
1.0
0.563105137497
0.583460392001
1.0
0.56314344895
0.583861281114
1.0
0.56286189225
0.583717641919
1.0
0.562768756524
0.584013913061
1.0
0.562998687256
0.584100271575
1.0
0.562723779451
0.584050015455
1.0
0.562723779451
0.584050015455
1.0
0.56266957479
0.58378526356
1.0
0.562954579346
0.58318092866
1.0
0.562881901809
0.583191875747
1.0
0.562565129406
0.582864776791
1.0
0.562591346053
0.582742725717
1.0
0.562414008187
0.582701070928
1.0
0.562348072952
0.582506868077
1.0
0.562367179917
0.582529068635
1.0
0.562367179917
0.582529068635
1.0
0.562203676515
0.582541138438
1.0
0.5619785063
0.582817092177
1.0
0.562430181253
0.583178657045
1.0
0.56279664488
0.582274001603
1.0
0.562724446656
0.581979109892
1.0
0.562505665809
0.581874123157
1.0
0.56251070135
0.58158144409
1.0
0.562625884066
0.581315026573
1.0
0.562625884066
0.581315026573
1.0
0.562793662824
0.581091794229
1.0
0.562949634311
0.580540833005
1.0
0.563090414619
0.580332564071
1.0
0.563175063997
0.580125190412
1.0
0.562753706267
0.579824899143
1.0
0.562685306234
0.579730492279
1.0
0.563101243286
0.579441552901
1.0
0.563101243286
0.579441552901
1.0
0.562975097343
0.579148922659
1.0
0.563008494992
0.57945764384
1.0
0.563094493777
0.579464649471
1.0
0.5629554933
0.579300650075
1.0
0.562989071779
0.578826429222
1.0
0.56298254749
0.578803334802
1.0
0.562996170295
0.57882851538
1.0
0.562907378436
0.578600235776
1.0
0.562822531497
0.578434942684
1.0
0.562822531497
0.578434942684
1.0
0.562762221919
0.578193188647
1.0
0.562684567527
0.57812523553
1.0
0.562550480079
0.577944464447
1.0
0.562524859014
0.577566065386
1.0
0.562230794534
0.577814897476
1.0
0.562275596402
0.577575666772
1.0
0.562359712402
0.576945626388
1.0
0.562149618866
0.576398149107
1.0
0.562149618866
0.576398149107
1.0
0.561846532721
0.576556686185
1.0
0.561678994233
0.576659070039
1.0
0.56217818371
0.577261576844
1.0
0.562259390741
0.576929870525
1.0
0.562118162721
0.577023233531
1.0
0.561964489383
0.577113364818
1.0
0.561994845159
0.577175203453
1.0
0.561994845159
0.577175203453
1.0
0.561909803874
0.577242886269
1.0
0.56178127429
0.577561482742
1.0
0.56174600468
0.577733442719
1.0
0.561870064725
0.577721436063
1.0
0.561716219996
0.577823102064
1.0
0.561556980483
0.578427705097
1.0
0.561714223245
0.578673831851
1.0
0.561333032314
0.578452126972
1.0
0.561346783717
0.578383882431
1.0
0.561346783717
0.578383882431
1.0
0.561739317704
0.579271222232
1.0
0.561685208694
0.580151513111
1.0
0.561885595856
0.579946588316
1.0
0.561595267243
0.57975570794
1.0
0.561773633224
0.580244838317
1.0
0.561907707204
0.580370168079
1.0
0.561747994553
0.58037747489
1.0
0.561579027194
0.580657781721
1.0
0.561579027194
0.580657781721
1.0
0.561497441535
0.581045162638
1.0
0.561696117025
0.580883619486
1.0
0.561742145989
0.580842110471
1.0
0.56171976463
0.58168342409
1.0
0.561911098191
0.581793033232
1.0
0.561854960808
0.581944236464
1.0
0.561274409812
0.582142777821
1.0
0.561260147878
0.58225180103
1.0
0.561260147878
0.58225180103
1.0
0.561302254305
0.582757972431
1.0
0.561300422493
0.582687857151
1.0
0.56160289001
0.58205679321
1.0
0.561689262272
0.582964111698
1.0
0.561771608667
0.583127051603
1.0
0.561487740242
0.583554963031
1.0
0.561487740242
0.583554963031
1.0
0.561346025472
0.583814670669
1.0
0.561569334624
0.583738340264
1.0
0.56154205949
0.583705352711
1.0
0.561463549392
0.583927765376
1.0
0.56158877604
0.583884572169
1.0
0.561617461724
0.584096845205
1.0
0.56145009869
0.584389155122
1.0
0.561337187353
0.584329749257
1.0
0.561097482427
0.58448717914
1.0
0.561224561985
0.58473049717
1.0
0.561224561985
0.58473049717
1.0
0.561291769653
0.584660645848
1.0
0.560993685499
0.585271335054
1.0
0.561175326947
0.584726748469
1.0
0.561234274212
0.584389787856
1.0
0.561362250696
0.584791264939
1.0
0.561340143094
0.585080567383
1.0
0.561374335811
0.58510901199
1.0
0.561354194652
0.584787790753
1.0
0.561354194652
0.584787790753
1.0
0.561366037462
0.584546686157
1.0
0.561420795972
0.5844380414
1.0
0.561383613671
0.58436252564
1.0
0.561235980793
0.584705606149
1.0
0.561233920071
0.584830149721
1.0
0.561540341203
0.584415334892
1.0
0.561171185687
0.584559254209
1.0
0.561171185687
0.584559254209
1.0
0.560974832547
0.584537612644
1.0
0.561376009416
0.584173581542
1.0
0.561230898796
0.584276127736
1.0
0.561366900811
0.584634610094
1.0
0.561570687306
0.584462506212
1.0
0.561532538475
0.584482220447
