0.827732629029
0.682396299035
0.647363824396
0.827732629029
0.678880757471
0.643874838774
0.827732629029
0.679973628454
0.646071362005
0.827732629029
0.679973628454
0.646071362005
0.827732629029
0.681365382719
0.646643091165
0.827732629029
0.682541080066
0.647645871899
0.99
0.657006876687
0.672589437298
0.99
0.657006876687
0.672589437298
0.99
0.657103285182
0.673571958437
0.99
0.657693319804
0.673058472789
0.99
0.659222668845
0.673366912049
0.99
0.659962774099
0.673049734036
0.99
0.660803454482
0.674632473431
0.99
0.660617796721
0.673726942935
0.831819699489
0.660561211135
0.680937624672
0.831819699489
0.660561211135
0.680937624672
0.831819699489
0.660828307727
0.68017740827
0.820375530098
0.659150498172
0.681917266649
0.820375530098
0.659559532189
0.681919497305
0.83744896617
0.657957585052
0.685099062688
0.83744896617
0.659989255684
0.685527968856
0.865468818731
0.659596352741
0.687157264207
0.855431162506
0.659597646223
0.689632096505
0.83062586022
0.658279671162
0.695356971427
0.83062586022
0.663033765202
0.660040291265
0.83062586022
0.663033765202
0.660040291265
0.83062586022
0.663033765202
0.660040291265
0.83062586022
0.663033765202
0.660040291265
0.83062586022
0.663033765202
0.660040291265
0.83062586022
0.663033765202
0.660040291265
