1.0
0.53900350427
0.425052263517
1.0
0.539117388748
0.425540267479
1.0
0.560348886343
0.423042361613
1.0
0.560348886343
0.423042361613
1.0
0.560566676806
0.421572072186
1.0
0.577979733189
0.418187470101
1.0
0.578080634973
0.41941793742
1.0
0.581855704044
0.42090740848
1.0
0.583102370305
0.417639806619
1.0
0.582610985266
0.420617033801
1.0
0.585418011614
0.411957682582
1.0
0.584553224361
0.410859940852
1.0
0.584553224361
0.410859940852
0.962867377863
0.590795510127
0.385500148434
0.962867377863
0.592838749761
0.386309668974
0.962867377863
0.593522450377
0.388408250652
0.974854111487
0.593677816368
0.388098740594
0.974854111487
0.592988653487
0.386940771608
0.910879271726
0.593372586677
0.386987129539
0.910879271726
0.594250722222
0.385902849701
0.96155957389
0.594632071085
0.387610862268
0.96155957389
0.59595892795
0.390227431567
1.0
0.596071293204
0.391029007716
1.0
0.596071293204
0.391029007716
1.0
0.595728055546
0.388910923955
1.0
0.595846638691
0.39035749271
1.0
0.596270467022
0.391483342337
1.0
0.596589619499
0.392588994772
1.0
0.597749669948
0.394025076362
1.0
0.59790339488
0.393691387345
1.0
0.59790339488
0.393691387345
1.0
0.596957441479
0.391385555886
1.0
0.596746988758
0.393672186412
1.0
0.596585394699
0.392430622912
1.0
0.596525146333
0.393274623253
1.0
0.597963155058
0.395604632647
1.0
0.598026918787
0.395279627943
1.0
0.59808563883
0.395132652899
1.0
0.59808563883
0.395132652899
1.0
0.598038173037
0.394808969647
1.0
0.598545036392
0.394311782318
1.0
0.598655725088
0.394165954124
1.0
0.59985274042
0.394933624566
1.0
0.599768975076
0.394848013798
1.0
0.601653407293
0.396542670569
1.0
0.601962475337
0.395518933207
1.0
0.602091829297
0.393494755394
1.0
0.602091829297
0.393494755394
1.0
0.601956083873
0.394309510101
1.0
0.602128810759
0.396444578596
1.0
0.60214797278
0.397087565545
1.0
0.604083407737
0.395846434935
1.0
0.604132370118
0.394730866637
1.0
0.603982920932
0.396117652352
1.0
0.604137042427
0.394935458871
1.0
0.605735485342
0.396024159
1.0
0.605735485342
0.396024159
1.0
0.605794372538
0.395836040908
0.698890481567
0.601982781274
0.420312435173
0.698890481567
0.602019053352
0.419921471037
0.698890481567
0.602019053352
0.419921471037
1.0
0.637788726976
0.502018592652
1.0
0.638525781972
0.505320016745
1.0
0.638525781972
0.505320016745
1.0
0.638211431698
0.504347542936
1.0
0.638230549009
0.502972743523
1.0
0.638541749664
0.503023420399
1.0
0.638559720459
0.50310942794
1.0
0.638559720459
0.50310942794
1.0
0.639479187901
0.501927895762
1.0
0.639307028259
0.503471653788
1.0
0.639893561525
0.504602331752
1.0
0.640272113008
0.504801032864
1.0
0.640272113008
0.504801032864
1.0
0.640442025019
0.504986871023
1.0
0.64074149738
0.505178306381
1.0
0.640687881172
0.504421519633
1.0
0.640567757753
0.505309204512
1.0
0.640567757753
0.505309204512
1.0
0.640979165074
0.504429917947
