0.629911967741
0.502337263242
0.0672194162586
0.885908839792
0.492204848886
0.0771548607274
0.885908839792
0.49237640646
0.0771916730738
0.885908839792
0.491547347492
0.076466560352
0.885908839792
0.491547347492
0.076466560352
1.0
0.492899971747
0.0786845837691
1.0
0.492651591014
0.078862489155
1.0
0.492714411115
0.0815404215776
1.0
0.492919737694
0.0839300057264
1.0
0.49275149184
0.084057845854
1.0
0.49227000151
0.0836584772178
1.0
0.492755424575
0.0818989194694
1.0
0.499371693977
0.0911310258559
1.0
0.499754605992
0.0902791345575
1.0
0.50001492775
0.0894192675584
1.0
0.50001492775
0.0894192675584
0.99
0.528136989358
0.141952446085
0.99
0.528415984399
0.141939867963
0.99
0.535642161718
0.166383459409
0.99
0.535809411181
0.165051185759
0.99
0.535809411181
0.165051185759
0.99
0.535774861324
0.165869504433
1.0
0.535733337083
0.166752348209
1.0
0.535733337083
0.166752348209
1.0
0.535352730363
0.167443437709
1.0
0.534813880862
0.16744635575
1.0
0.532716030132
0.176693513787
1.0
0.532602214514
0.176652494873
0.99
0.525283975099
0.201837797202
0.99
0.525283975099
0.201837797202
1.0
0.524265434158
0.181041489975
1.0
0.522322219835
0.208331350987
1.0
0.521845354767
0.207929702268
1.0
0.521451410149
0.20990326736
1.0
0.521538521057
0.210224449561
1.0
0.521538521057
0.210224449561
1.0
0.521177998667
0.211837021779
1.0
0.520825950819
0.211355262139
1.0
0.520822840195
0.211771723955
1.0
0.52089595824
0.212437297882
1.0
0.520923759909
0.213046909655
1.0
0.520790500771
0.214284545784
1.0
0.520892763456
0.21398482495
1.0
0.520892763456
0.21398482495
1.0
0.521002236568
0.213388499162
1.0
0.5209636888
0.213492579824
1.0
0.52058322613
0.214862835692
1.0
0.520850817699
0.217459044834
1.0
0.520776711817
0.217957567083
1.0
0.520667244575
0.217781126945
1.0
0.520667244575
0.217781126945
1.0
0.519682045936
0.187970358711
1.0
0.517933193651
0.216936223142
1.0
0.517002688495
0.195341435022
0.99
0.500872773877
0.223050031855
0.99
0.500117193707
0.219470769718
1.0
0.499220051861
0.223015519227
1.0
0.499281658721
0.222356753303
1.0
0.498546074333
0.22107882881
1.0
0.498546074333
0.22107882881
1.0
0.497948325548
0.22067610087
1.0
0.499930007136
0.224313680824
1.0
0.500139138902
0.224288179845
1.0
0.499430516777
0.226281469601
1.0
0.500065780214
0.220706203132
1.0
0.500166125025
0.21990777549
1.0
0.499431285064
0.220714693103
1.0
0.499431285064
0.220714693103
1.0
0.499824459561
0.222211752744
1.0
0.501032089013
0.221169885645
1.0
0.500315471644
0.224649600487
1.0
0.501320823321
0.221399446817
1.0
0.500607712319
0.226092929081
1.0
0.501968384263
0.220047200183
1.0
0.501249614619
0.225425374017
1.0
0.502083875426
0.219408844254
1.0
0.502083875426
0.219408844254
1.0
0.501351249667
0.224308381958
1.0
0.501859006602
0.218944062672
1.0
0.501124753699
0.223311057435
1.0
0.502574994381
0.217895780704
1.0
0.501840351118
0.222913550264
1.0
0.50203078419
0.217169783067
1.0
0.50203078419
0.217169783067
1.0
0.502438070199
0.21580265161
1.0
0.502679316044
0.214601550552
1.0
0.501920350009
0.21953015441
1.0
0.501432602235
0.21522898073
0.99
0.493677246141
0.21472394998
1.0
0.493354750375
0.235094277022
1.0
0.493354750375
0.235094277022
0.99
0.47325244015
0.231061640845
1.0
0.473473073222
0.269447574629
1.0
0.473337863796
0.267770187102
1.0
0.473337863796
0.267770187102
1.0
0.473654858013
0.268366052365
1.0
0.473927138846
0.268850705345
1.0
0.474017959616
0.267997247032
0.939891263627
0.462908361586
0.225667376586
1.0
0.463397060453
0.286455352713
1.0
0.462697682181
0.226455512952
1.0
0.462697682181
0.226455512952
0.985561833653
0.462199576875
0.227403258864
1.0
0.462700409559
0.28855781135
1.0
0.46272892718
0.227983766025
1.0
0.463226817736
0.288750331738
1.0
0.461908019731
0.225116349897
1.0
0.462384826886
0.284825203949
1.0
0.462384826886
0.284825203949
0.984811223656
0.449022396633
0.206564695973
0.99
0.449342209526
0.254464472883
0.945282501279
0.395800827389
0.133619823197
0.99
0.396102960289
0.145549872825
0.917235423163
0.392654582564
0.131646763731
0.917235423163
0.392993760694
0.141039276306
0.936208242798
0.391369813935
0.135289908116
0.831747309134
0.391335085087
0.12899773252
0.831747309134
0.391335085087
0.12899773252
0.831747309134
0.391686246869
0.135435466921
0.910877749505
0.391058152691
0.128647478346
0.910877749505
0.39140469677
0.136858950559
0.882607773249
0.390753655393
0.130253080698
0.882607773249
0.391087746987
0.139400700061
0.882142986355
0.390070918151
0.129439963618
0.882142986355
0.390396715538
0.138613651602
0.845816924084
0.389482261713
0.130304995613
0.845816924084
0.389482261713
0.130304995613
0.845816924084
0.38928245797
0.131854224012
0.845816924084
0.389615441469
0.139304086189
0.870248159391
0.389635146667
0.133734600181
0.870248159391
0.389995363431
0.137153210998
0.84463693437
0.389753305868
0.137355646008
0.84463693437
0.389753305868
0.137355646008
0.819030131321
0.409059029054
0.104973905086
0.819030131321
0.422310930038
0.130703429267
0.819030131321
0.423326116976
0.065579084537
0.87905652
0.422558434854
0.129685649329
0.87905652
0.422558434854
0.129685649329
0.87905652
0.423592709783
0.0641725601057
0.88112347225
0.422225969495
0.12908341138
0.88112347225
0.422000244392
0.131465104419
0.88112347225
0.423050755901
0.0648076815137
0.857987699818
0.42107914072
0.131667337052
0.866710183871
0.422166193731
0.0642168950507
0.866710183871
0.422166193731
0.0642168950507
0.849024195868
0.420364897117
0.131738416749
0.849024195868
0.421482795846
0.063498594409
0.813673801045
0.419962041351
0.131662259774
0.813673801045
0.421081947913
0.0639516520941
0.824916340328
0.420158778524
0.131658735065
0.824916340328
0.419930436437
0.132347165029
0.851639797376
0.419053511089
0.132267951112
0.851639797376
0.419053511089
0.132267951112
0.851639797376
0.4188569928
0.133710267091
0.851639797376
0.418873715731
0.134165675367
0.839455814942
0.419886539737
0.136843194385
0.839455814942
0.419573453825
0.138460392866
0.99
0.419809279991
0.125527050802
0.99
0.421138602273
0.0445558292795
0.99
0.533607633863
0.153621453988
1.0
0.534764405086
0.165791529868
1.0
0.534764405086
0.165791529868
1.0
0.494564379741
0.247586752531
1.0
0.493870732203
0.230204453687
1.0
0.491900602765
0.232048993335
0.647018083874
0.49767055824
0.221849173338
1.0
0.496937992281
0.217394328759
1.0
0.496937992281
0.217394328759
1.0
0.493442582549
0.21849416492
1.0
0.491637791366
0.218446175018
1.0
0.489859156294
0.219387177073
1.0
0.489859156294
0.219387177073
0.69171298758
0.496890025907
0.207248232682
1.0
0.496105946891
0.209129854921
0.723544553311
0.496569925553
0.20654285672
1.0
0.495768253148
0.206983190284
0.631523689924
0.496552295769
0.205990148481
1.0
0.49573031418
0.204892078457
1.0
0.49573031418
0.204892078457
1.0
0.496191158624
0.205713889415
0.642152612349
0.497599712281
0.200714282906
1.0
0.496787212301
0.203787217384
1.0
0.496736032652
0.203308789185
1.0
0.496906773324
0.203074133994
1.0
0.496906773324
0.203074133994
1.0
0.496884417939
0.202175463557
0.619982887793
0.501390691732
0.192295536117
0.99
0.492009970541
0.227866385122
1.0
0.491212254793
0.212045915906
0.99
0.491567762052
0.265450748327
0.99
0.491567762052
0.265450748327
0.99
0.491353424899
0.301999418308
0.99
0.492159810754
0.339693769501
1.0
0.489829110929
0.211723754995
0.99
0.489863011821
0.385514638017
1.0
0.486863174118
0.214421234235
1.0
0.486863174118
0.214421234235
1.0
0.487950945797
0.213297452214
0.99
0.498282478147
0.402248155736
0.949955814494
0.490884169508
0.446868983802
1.0
0.486585495502
0.215086480738
0.989583715625
0.491567413288
0.449511904963
1.0
0.492016210058
0.446129629006
1.0
0.487655873158
0.211988875371
1.0
0.489119889626
0.210040907822
1.0
0.489119889626
0.210040907822
1.0
0.494139433794
0.443085277509
1.0
0.489730828675
0.208581645027
1.0
0.495904718453
0.437845011988
1.0
0.491518389572
0.206010422283
1.0
0.496960449372
0.438009080496
1.0
0.492590713474
0.212072166345
0.99
0.497608906908
0.454797242027
0.99
0.497492534936
0.454565458419
0.99
0.493088516904
0.245426076189
