1.0
0.399195293647
0.166799529475
1.0
0.399081613436
0.167063163328
1.0
0.399085403137
0.166842619853
1.0
0.399282308137
0.166772802215
1.0
0.399283414271
0.16669683425
1.0
0.399350537555
0.166671704111
1.0
0.399274317236
0.16660934535
1.0
0.399274317236
0.16660934535
1.0
0.399499437412
0.167126835358
1.0
0.399558999555
0.167232972097
1.0
0.399450300028
0.166779386236
1.0
0.399355668973
0.167032373658
1.0
0.399563811256
0.167520605339
1.0
0.399571575703
0.167116211917
1.0
0.399484972479
0.166641753231
1.0
0.399578078545
0.16651603655
1.0
0.399456450188
0.166710674321
1.0
0.39927395916
0.167173270977
1.0
0.39927395916
0.167173270977
1.0
0.399455326762
0.167581040222
1.0
0.399457438518
0.167609326669
1.0
0.399557776494
0.16718148341
1.0
0.399563383316
0.1670849253
1.0
0.39969893304
0.167089608813
1.0
0.399557892945
0.167316466846
1.0
0.399557892945
0.167316466846
1.0
0.402060065008
0.1702396556
1.0
0.402784082254
0.169916665482
0.99
0.419572175016
0.195785935041
0.99
0.423651329345
0.195169277342
0.99
0.444079734981
0.227988356034
0.99
0.449269348645
0.225890273231
0.99
0.464469501467
0.247493837506
0.99
0.469564338975
0.24099718688
0.99
0.486997523718
0.257872383202
0.987923661682
0.490667991048
0.25005862216
0.987923661682
0.490667991048
0.25005862216
0.987923661682
0.49692170334
0.255341268628
1.0
0.500295553848
0.24861756347
1.0
0.499342091634
0.248377476917
1.0
0.500514640579
0.247733670031
1.0
0.500623357764
0.247355198164
1.0
0.501321136465
0.246025875479
1.0
0.502015072254
0.246965560459
1.0
0.502310675847
0.24635023725
1.0
0.502310675847
0.24635023725
1.0
0.501967961989
0.245964795137
1.0
0.501966702853
0.246507107807
1.0
0.501826601485
0.246257304979
1.0
0.501757220565
0.246454716522
1.0
0.501580833427
0.245722149394
1.0
0.501572793784
0.245761651643
1.0
0.501572793784
0.245761651643
1.0
0.501433837405
0.24624539467
1.0
0.501477514298
0.246073270947
1.0
0.501435337916
0.245517901528
1.0
0.501381852218
0.24550179104
1.0
0.501293437563
0.245413208377
1.0
0.501294183695
0.245089283614
1.0
0.501265328892
0.244833851802
1.0
0.501368496748
0.244867035123
1.0
0.50155504055
0.245052838852
1.0
0.501398899929
0.24515885789
1.0
0.501398899929
0.24515885789
1.0
0.501104961452
0.244937679969
1.0
0.501128923505
0.245059976854
1.0
0.501129444593
0.245244770766
1.0
0.500910626092
0.245296990051
1.0
0.500795234045
0.244505550081
1.0
0.500913481247
0.244195081292
1.0
0.501056661826
0.244015211545
1.0
0.500880590991
0.244138391656
1.0
0.500880590991
0.244138391656
1.0
0.501262640385
0.24504220153
1.0
0.501275965712
0.246343741908
0.99
0.509783558352
0.264438712254
0.99
0.512758477948
0.269093081736
0.99
0.527721916542
0.307959862672
0.99
0.53142231492
0.317948426501
0.99
0.541113081058
0.340906709442
0.99
0.541113081058
0.340906709442
0.99
0.542192522965
0.344368077777
0.990766944866
0.54743047983
0.351457079254
0.982447548301
0.549541472992
0.351027088045
0.982447548301
0.550061950346
0.351052101651
1.0
0.552578598443
0.349114950993
1.0
0.552507618305
0.349718673905
1.0
0.553406154482
0.349620829194
1.0
0.553664036981
0.350293258071
1.0
0.553851471979
0.350205776486
1.0
0.553851471979
0.350205776486
1.0
0.553834529622
0.349955871214
1.0
0.553477562473
0.350538181098
1.0
0.553478185074
0.350714851137
1.0
0.553825479272
0.350199776237
1.0
0.553966784245
0.35019133131
1.0
0.553658272054
0.350731352508
1.0
0.553658272054
0.350731352508
1.0
0.553385682973
0.350332509237
1.0
0.5533753735
0.350324468493
1.0
0.553321857267
0.350209576691
1.0
0.553204565986
0.350664981232
1.0
0.553087875251
0.350886095238
1.0
0.553079411708
0.350879049807
1.0
0.552467910635
0.350118868876
1.0
0.552423799159
0.350507884274
1.0
0.55225332269
0.350671150133
1.0
0.552297757143
0.350450071995
1.0
0.552297757143
0.350450071995
1.0
0.552588781315
0.350711342795
1.0
0.552540481549
0.3512736604
1.0
0.552090400575
0.350951792326
1.0
0.552192634289
0.350750361669
1.0
0.551915928758
0.350771226429
1.0
0.551525826821
0.351198577288
1.0
0.551126268295
0.3507229374
1.0
0.551126268295
0.3507229374
1.0
0.551018502465
0.350904587589
1.0
0.550721009704
0.350652945983
1.0
0.55074751154
0.351349896702
1.0
0.550200094664
0.350759306134
1.0
0.549753851395
0.351448832393
1.0
0.549374402806
0.351892419566
1.0
0.549069684439
0.352412548611
1.0
0.549069684439
0.352412548611
1.0
0.545738761209
0.348707757556
1.0
0.543194342531
0.351846589729
0.99
0.524200223269
0.328867775164
0.99
0.512939370826
0.34319369894
0.99
0.48482982731
0.314220682702
0.99
0.471659683023
0.338488276331
0.99
0.444728143903
0.316432303343
0.99
0.434451364732
0.336588886092
