0.907733048268
0.781173781515
0.306937152603
0.907733048268
0.781381791673
0.30571935445
0.907733048268
0.781660192702
0.30509171107
0.907733048268
0.781660192702
0.30509171107
0.907733048268
0.782485515751
0.306863621419
0.907733048268
0.783613121516
0.309738648163
0.991960711306
0.783928148792
0.316533302481
0.860525132515
0.78438883954
0.31774878666
0.860525132515
0.784737064907
0.322103017667
0.927491146482
0.784894282346
0.326819513287
0.927491146482
0.785351353206
0.328540236513
0.915635404333
0.786800008156
0.331171088262
0.915635404333
0.786800008156
0.331171088262
0.915635404333
0.787111442753
0.331045007565
0.92027978654
0.788002128766
0.334165542426
0.92027978654
0.788969078752
0.334745702716
0.891215183455
0.788693389042
0.336372961587
0.891215183455
0.789894130258
0.335952731441
0.946885802469
0.790501795445
0.335694814629
0.946885802469
0.791913006213
0.334206061987
0.909672492553
0.791090479048
0.334237713406
0.909672492553
0.791090479048
0.334237713406
0.909672492553
0.79316826377
0.332535050166
0.90198911695
0.793151070284
0.333666914763
0.90198911695
0.796517112229
0.331065516464
0.945310813557
0.797173952734
0.332290636048
0.945310813557
0.798496416629
0.33056801406
0.914217964449
0.797868612851
0.331725044598
0.914217964449
0.797889496931
0.3327864904
0.914217964449
0.797889496931
0.3327864904
0.859265539493
0.798051518749
0.332829918707
0.859265539493
0.798475690828
0.331371482073
0.881561223033
0.798610599467
0.331998708145
0.881561223033
0.798912767757
0.331870468486
0.889224133957
0.79901159793
0.33162189976
0.889224133957
0.799531836684
0.330809331301
0.864631083554
0.798780723582
0.332212336082
0.864631083554
0.79848516708
0.332404113009
0.917551650307
0.797932596595
0.330789241391
0.917551650307
0.797932596595
0.330789241391
0.917551650307
0.798174522372
0.331458626357
0.933194174536
0.797423097526
0.33108141788
0.933194174536
0.7976902819
0.330799754081
0.929998877026
0.797908264333
0.331440842019
0.929998877026
0.798193451923
0.331207342766
0.919877860623
0.798286214395
0.332561710609
0.919877860623
0.798576471903
0.333123654403
0.952843633654
0.798243634953
0.33307634479
0.952843633654
0.798243634953
0.33307634479
0.952843633654
0.798294735164
0.333686752869
0.90444530653
0.797905545402
0.333210680872
0.90444530653
0.797962261778
0.332647137815
0.907343269233
0.797419101296
0.333431832206
0.907343269233
0.797247931797
0.334209958201
0.969935039741
0.797213113695
0.335497859375
0.969935039741
0.797336129355
0.335327569287
0.969935039741
0.797336129355
0.335327569287
1.0
0.796304242494
0.335373414744
1.0
0.796307793732
0.334903496197
1.0
0.795540745336
0.336581794752
1.0
0.795978601157
0.336572539376
1.0
0.795396924535
0.338303334305
1.0
0.7947198386
0.338751434732
1.0
0.794709870996
0.340601161918
1.0
0.79490343591
0.341245584107
1.0
0.794798286157
0.342265949146
1.0
0.794798286157
0.342265949146
1.0
0.794791353276
0.341752080493
1.0
0.794732011053
0.342215491056
1.0
0.794241141284
0.343253439021
1.0
0.793862619925
0.344138740058
1.0
0.793903522367
0.344030352649
1.0
0.79375809775
0.343842485338
1.0
0.79375809775
0.343842485338
1.0
0.793551561381
0.344131591533
1.0
0.793523304644
0.344695250116
1.0
0.793534429352
0.344898503772
1.0
0.793150380691
0.344246822441
1.0
0.792490894876
0.344581456759
1.0
0.792625492134
0.345068053717
1.0
0.792611915821
0.345457107732
1.0
0.792152476264
0.344423419573
1.0
0.791769344329
0.3449234552
1.0
0.791769344329
0.3449234552
1.0
0.791877503082
0.345409512509
1.0
0.792044665709
0.345287647
1.0
0.794722157436
0.347138829582
1.0
0.795267305885
0.346574497309
1.0
0.798256104883
0.349871568109
1.0
0.797287998702
0.350910595734
1.0
0.798363213863
0.351072574857
1.0
0.798353868906
0.35157349405
1.0
0.797705157577
0.35006716086
1.0
0.797705157577
0.35006716086
1.0
0.799399896239
0.345879318079
1.0
0.799201157059
0.346146901828
1.0
0.806106622342
0.334127527444
1.0
0.806135811814
0.33431901267
1.0
0.810080667412
0.327981484511
1.0
0.809843859658
0.328028730131
1.0
0.810860074452
0.327016095259
1.0
0.810860074452
0.327016095259
1.0
0.810609963178
0.325674330864
1.0
0.809864696931
0.326413123102
1.0
0.809708643661
0.325812492891
1.0
0.809399426459
0.325667068823
1.0
0.809281847656
0.32582072544
1.0
0.809192233313
0.326646486018
1.0
0.809538879191
0.32761497016
1.0
0.809678732503
0.327074068656
1.0
0.809303489625
0.326672703743
1.0
0.809303489625
0.326672703743
1.0
0.809236267974
0.325544505762
1.0
0.808989007847
0.325134961202
1.0
0.808797207976
0.326583057646
1.0
0.808869097048
0.326706562891
1.0
0.808382764014
0.327766518592
1.0
0.808364989855
0.327507516956
1.0
0.808364989855
0.327507516956
1.0
0.80828118599
0.327301974911
1.0
0.808079601561
0.327307864386
1.0
0.808298268728
0.327449124985
1.0
0.808065772705
0.326770415967
1.0
0.80813742513
0.327209162405
1.0
0.807791755139
0.326780625108
1.0
0.807658621753
0.327076489717
1.0
0.807413115574
0.326501369486
1.0
0.807576589178
0.326308350376
1.0
0.807851299513
0.327196715506
1.0
0.807851299513
0.327196715506
1.0
0.807830032759
0.327448715834
1.0
0.807819452607
0.326675606227
1.0
0.807654444818
0.327041234327
1.0
0.807358765936
0.3272783822
1.0
0.807541351625
0.327564609011
1.0
0.807548474893
0.327419286469
1.0
0.80734977447
0.327890678569
1.0
0.80734977447
0.327890678569
1.0
0.807090709994
0.327429391887
1.0
0.807106754388
0.328103225097
1.0
0.806664706556
0.326506876386
1.0
0.806324072678
0.326237762425
1.0
0.806356211245
0.32730430267
1.0
0.806526364891
0.327482350447
1.0
0.806370473413
0.327679903606
1.0
0.806370473413
0.327679903606
1.0
0.806005863526
0.327799273625
1.0
0.805845999422
0.327868425297
1.0
0.806116275788
0.327822741824
1.0
0.806037147337
0.328808470593
1.0
0.805401682761
0.32988230305
1.0
0.805294127479
0.328857679349
1.0
0.805227204104
0.328802157541
1.0
0.805333495078
0.330272690131
1.0
0.804990217791
0.331151542741
1.0
0.804652933125
0.330536209168
1.0
0.804652933125
0.330536209168
1.0
0.803933850686
0.331353321544
1.0
0.810638400679
0.34011385667
1.0
0.810221343415
0.340659707243
1.0
0.810196844962
0.342023246076
1.0
0.809687936905
0.342707802721
1.0
0.809827561532
0.342735587468
1.0
0.809586662851
0.34293711946
1.0
0.808993831762
0.341657358082
1.0
0.808993831762
0.341657358082
1.0
0.808670209812
0.342572759449
1.0
0.808609274996
0.342305516307
1.0
0.807478271393
0.343709862433
1.0
0.807315300518
0.343031393816
1.0
0.807515637513
0.342795989352
1.0
0.807618606668
0.343721335066
1.0
0.807618606668
0.343721335066
1.0
0.806628818411
0.344983189446
1.0
0.806701861027
0.345578040686
1.0
0.806498029377
0.345821820347
1.0
0.806337636698
0.345445637949
1.0
0.806272029728
0.34479177921
1.0
0.80628181568
0.344561005314
1.0
0.805930606318
0.344957965231
1.0
0.806127698001
0.345493091759
1.0
0.806008800331
0.345654549361
1.0
0.80534802229
0.344229113901
1.0
0.80534802229
0.344229113901
1.0
0.804977632362
0.344440599855
1.0
0.805128804827
0.345080375494
1.0
0.804631633371
0.345526837151
1.0
0.804806655285
0.34624387893
1.0
0.805047577935
0.345559239804
1.0
0.804809638762
0.345387062513
1.0
0.804105329568
0.346290483665
1.0
0.804105329568
0.346290483665
1.0
0.80431755184
0.347995092765
1.0
0.80370384569
0.34955883066
1.0
0.80406071627
0.350278205443
1.0
0.804383541844
0.349758165997
0.917744010779
0.804169748601
0.349648234205
0.917744010779
0.803403604434
0.350720276541
0.781390983367
0.804184462419
0.355035180656
0.781390983367
0.803046139039
0.356045687534
0.744759874438
0.792790707833
0.272934496096
0.744759874438
0.792790707833
0.272934496096
