0.976107932655
0.728709016423
0.375341328231
0.921935816269
0.741113650226
0.344701313674
0.921935816269
0.743628651642
0.344858269629
0.901301054571
0.752240868802
0.325209035032
0.874442484278
0.759829102836
0.302762728124
0.874442484278
0.760169961675
0.301814857176
0.874442484278
0.760169961675
0.301814857176
0.879775888326
0.761537946284
0.299605214136
0.879775888326
0.76181223298
0.300279854278
0.862927157793
0.76186989154
0.300915637839
0.862927157793
0.761682071457
0.300931988245
0.890719019408
0.763037179016
0.302442785028
0.890719019408
0.762742019877
0.301742826539
0.917359062554
0.762654639292
0.30170290171
0.917359062554
0.762486910799
0.301931831853
0.895800387461
0.762478383156
0.302426867954
0.895800387461
0.762478383156
0.302426867954
0.895800387461
0.762082333933
0.301943331204
0.875647460443
0.762054536534
0.299889077785
0.875647460443
0.761726465468
0.298477922348
0.903366308393
0.762465716105
0.298865661512
0.903366308393
0.76222760812
0.298541653178
0.879437052488
0.761818514386
0.297249058264
0.879437052488
0.761477928812
0.296293156223
0.879437052488
0.761477928812
0.296293156223
0.872969981167
0.761429230393
0.297164920556
0.872969981167
0.760973355133
0.29666490689
0.88780574799
0.760142757851
0.299264442142
0.88780574799
0.760078709822
0.300412576003
0.87234328177
0.760586945258
0.298155139296
0.87234328177
0.749113082179
0.292502322695
0.885046703786
0.748914905571
0.294626166239
0.885046703786
0.74839072181
0.294307666007
0.885046703786
0.74839072181
0.294307666007
0.900480981321
0.747849521036
0.294930684153
0.900480981321
0.747458197602
0.29608027523
0.889949298465
0.747300507985
0.297142535577
0.889949298465
0.746348198588
0.2957856682
0.884891448038
0.745289701039
0.297690568693
0.884891448038
0.74438479613
0.297272111289
0.912719575409
0.74348625055
0.300090704054
0.912719575409
0.74254674928
0.30023704629
0.912719575409
0.74254674928
0.30023704629
0.886877439761
0.742197286945
0.299589034754
0.886877439761
0.741176387159
0.2993545774
0.906033838393
0.740122731803
0.303390444637
0.906033838393
0.739133889227
0.302740807301
0.867900582803
0.737458414075
0.301660126766
0.867900582803
0.736437261645
0.301552457855
0.89471277545
0.735870632578
0.305724474971
0.89471277545
0.734777150642
0.30504679994
0.89471277545
0.734777150642
0.30504679994
0.881358099008
0.733358723052
0.309012098053
0.881358099008
0.732411180593
0.308970055936
0.913737031736
0.731304206199
0.31083275726
0.913737031736
0.730540900827
0.310821205614
0.888295100314
0.729801575386
0.312659012433
0.888295100314
0.72821153978
0.311981022745
0.886848263657
0.727438074716
0.313383123963
0.886848263657
0.7262499134
0.313855536765
0.86948889412
0.725051269318
0.314472736037
0.86948889412
0.725051269318
0.314472736037
0.86948889412
0.724033596096
0.314780203475
0.847505371124
0.722971533542
0.316944347523
0.847505371124
0.721357014531
0.316091993092
0.881792745757
0.720157227365
0.318549161535
0.881792745757
0.718100230431
0.320042620776
0.857296182382
0.71721949516
0.321532815553
0.857296182382
0.711032044591
0.324820562122
0.857296182382
0.711032044591
0.324820562122
0.856616230795
0.709391060952
0.328954242174
0.856616230795
0.704488762527
0.328348330274
0.99
0.695302258842
0.357977051021
0.99
0.688823604206
0.377003115765
1.0
0.68791548478
0.381500712077
1.0
0.68791548478
0.381500712077
1.0
0.686122068447
0.382231833773
1.0
0.685748181574
0.381830092791
1.0
0.684075380539
0.380221976752
1.0
0.682111659438
0.384006936597
1.0
0.680868794546
0.381633767264
1.0
0.679042093167
0.383676252088
1.0
0.677226194794
0.382701682496
1.0
0.675734467199
0.3848482632
1.0
0.675734467199
0.3848482632
1.0
0.67257100211
0.382282458091
1.0
0.670865581937
0.383797348598
1.0
0.669030102669
0.386823683305
1.0
0.667139099874
0.38534963671
1.0
0.665578281852
0.387773016471
1.0
0.66359114074
0.386396045881
1.0
0.66234276991
0.388691200511
1.0
0.660671907849
0.386623281451
1.0
0.660671907849
0.386623281451
1.0
0.658894939021
0.38824420098
1.0
0.656994305386
0.386099541288
1.0
0.655283478209
0.390226879116
1.0
0.654154662923
0.389170977442
1.0
0.652401544054
0.391534569954
1.0
0.651521793605
0.391087367553
1.0
0.650505475486
0.392525597475
1.0
0.648549649645
0.391240822823
1.0
0.648549649645
0.391240822823
1.0
0.647009528985
0.393566243407
1.0
0.64478314288
0.39164816704
1.0
0.643194798123
0.394437130462
1.0
0.641963535953
0.392422585201
1.0
0.640450949712
0.394740985035
1.0
0.639045495247
0.393498707789
1.0
0.637649647645
0.39484891008
1.0
0.635690937175
0.393415775273
1.0
0.635690937175
0.393415775273
1.0
0.633899469672
0.395285969833
1.0
0.632288964478
0.393886848976
1.0
0.630820838774
0.396679873342
1.0
0.628156895152
0.394656367377
1.0
0.626530781553
0.39658599581
1.0
0.624592078559
0.395764912461
1.0
0.623191351525
0.397409574483
1.0
0.62184374644
0.397448403591
1.0
0.62184374644
0.397448403591
1.0
0.620103350108
0.400796136933
1.0
0.618211402992
0.39916595292
1.0
0.616823205397
0.401400443395
1.0
0.615151780946
0.400332399931
1.0
0.613228572633
0.403569504799
1.0
0.611503850533
0.402195300979
1.0
0.610114003023
0.405309692496
1.0
0.608595844757
0.404494273901
1.0
0.608595844757
0.404494273901
1.0
0.607130137522
0.406306075815
1.0
0.60540242628
0.404767461402
1.0
0.604021868678
0.40738069274
1.0
0.602178102201
0.406868420023
1.0
0.601081964012
0.407356057418
1.0
0.599744563691
0.40613761629
1.0
0.598417512132
0.408481918468
1.0
0.597403650481
0.40679483475
1.0
0.597403650481
0.40679483475
1.0
0.596706986799
0.408186613014
1.0
0.594802245625
0.407556708283
1.0
0.593472413839
0.40984269449
1.0
0.594053924691
0.40538225672
1.0
0.593060194264
0.407924752412
1.0
0.595515865604
0.406162615809
1.0
0.595399595499
0.404248434705
1.0
0.596111333194
0.403545105953
1.0
0.596111333194
0.403545105953
1.0
0.598484686204
0.392534163604
1.0
0.598242153764
0.39062331066
1.0
0.601967598288
0.378864016675
1.0
0.601923389396
0.378949880442
1.0
0.60266182558
0.375350176444
1.0
0.601148078761
0.374596324505
1.0
0.599697189319
0.377827877173
1.0
0.597936140762
0.377768750157
1.0
0.597936140762
0.377768750157
1.0
0.596645047377
0.381308846812
1.0
0.595548642681
0.381190545362
1.0
0.59443585772
0.381168547724
1.0
0.59281011797
0.38057104212
1.0
0.591545551638
0.38349479235
1.0
0.590556950614
0.383379658705
1.0
0.589513756129
0.385886233265
1.0
0.589226884311
0.385927533849
1.0
0.589226884311
0.385927533849
1.0
0.588119361134
0.388011268328
1.0
0.586879260947
0.386746871452
1.0
0.586073939979
0.388117953728
1.0
0.584132822895
0.387288748207
1.0
0.583629834432
0.388416149317
1.0
0.582956896923
0.388341336304
1.0
0.581843083589
0.391115745953
1.0
0.581003495542
0.390973601253
1.0
0.581003495542
0.390973601253
1.0
0.580078475093
0.39255787134
1.0
0.57982313241
0.392814230677
1.0
0.579190075741
0.393620958082
1.0
0.579103409137
0.39365329964
1.0
0.57867245226
0.395484433602
1.0
0.578111610129
0.395871855334
1.0
0.577598426715
0.397471455661
1.0
0.577345783194
0.397091597129
1.0
0.577345783194
0.397091597129
1.0
0.576726536734
0.398113057863
1.0
0.576607118025
0.399545577735
1.0
0.575840236509
0.403181955738
1.0
0.5755599422
0.40371444192
1.0
0.575024826852
0.40518884011
1.0
0.574873455333
0.405028626565
1.0
0.574341870724
0.40721837796
