1.0
0.506317777234
0.680442131327
1.0
0.506314031528
0.680436319622
1.0
0.506098805829
0.680720605943
1.0
0.506113532741
0.680736884061
1.0
0.506725684207
0.680979845967
1.0
0.506712612589
0.680951863759
1.0
0.506744673194
0.681087175342
1.0
0.506744673194
0.681087175342
1.0
0.506751237819
0.68109703137
1.0
0.506379774501
0.680653008439
1.0
0.506367104417
0.680643323518
1.0
0.506469887922
0.680838833279
1.0
0.506484889662
0.680861551794
1.0
0.50568953362
0.679858341349
1.0
0.505686514505
0.679822242881
1.0
0.505686514505
0.679822242881
1.0
0.505616273963
0.679424116399
1.0
0.50560601066
0.679441534752
1.0
0.506309942525
0.680515234934
0.993084507003
0.506300114185
0.680500643394
0.993084507003
0.506087693032
0.679815141268
1.0
0.506099834605
0.679843282205
1.0
0.506497475054
0.680401093759
1.0
0.506497962216
0.680352265728
1.0
0.506302397796
0.680062562576
1.0
0.506302397796
0.680062562576
1.0
0.506299029422
0.680085869303
1.0
0.506448765764
0.680035739851
1.0
0.506461920639
0.680009702089
1.0
0.506173661705
0.679518036371
1.0
0.506178890564
0.679590058618
1.0
0.50566000638
0.679607378515
1.0
0.505642726875
0.679628800902
1.0
0.505759997333
0.679552744451
1.0
0.505759997333
0.679552744451
1.0
0.505763918136
0.679497954118
1.0
0.506084066093
0.679356443461
1.0
0.506072302905
0.679344857501
1.0
0.506636635251
0.679566019307
1.0
0.506645647665
0.67946421683
1.0
0.5060218334
0.679781010989
1.0
0.506034856091
0.679838076103
1.0
0.50578009397
0.679063019645
1.0
0.50578009397
0.679063019645
1.0
0.505773505229
0.679085319729
1.0
0.505763582023
0.6792855428
1.0
0.50576784934
0.679278395638
1.0
0.505882401998
0.680391133518
1.0
0.505861144124
0.680312911227
1.0
0.505391601705
0.69171762946
1.0
0.505402353656
0.691730916764
1.0
0.505402353656
0.691730916764
1.0
0.502724887011
0.697970742582
1.0
0.502704253162
0.698012502269
1.0
0.502944092365
0.698960707718
0.988579052845
0.502832625182
0.699362389656
0.988579052845
0.502871525744
0.69821775589
0.94467450016
0.502784637803
0.698459178365
0.94467450016
0.502863834609
0.697740861747
1.0
0.502859848485
0.697874275831
1.0
0.502349037096
0.698266688592
1.0
0.502349037096
0.698266688592
0.981001786989
0.502358287391
0.698146398718
0.981001786989
0.502491194233
0.698599914947
1.0
0.502510090989
0.698586075567
1.0
0.502112654624
0.698699157706
1.0
0.502112319729
0.698756397065
1.0
0.502462725169
0.698913891732
1.0
0.502469708271
0.698995904702
1.0
0.502469708271
0.698995904702
1.0
0.502124860777
0.699149347625
1.0
0.502117013213
0.699163600092
1.0
0.501050265509
0.699371794432
1.0
0.501051677015
0.699337358165
1.0
0.500756052967
0.699418995287
0.999147252921
0.500749430916
0.69936880706
0.999147252921
0.502184190227
0.698582365879
1.0
0.502182728118
0.698661627641
1.0
0.502683826376
0.699260186988
1.0
0.502683826376
0.699260186988
0.999949714414
0.502688076335
0.69924725601
0.999949714414
0.502222364128
0.69843748124
1.0
0.50222408242
0.698402935938
1.0
0.502123857568
0.698565101728
1.0
0.502125311512
0.698663805539
1.0
0.501831035678
0.6979826969
1.0
0.501851961017
0.697920453531
1.0
0.50221679327
0.697902121775
1.0
0.50221679327
0.697902121775
0.94693187764
0.502195013306
0.697861105645
0.94693187764
0.500900451518
0.698738190026
1.0
0.500912965191
0.698763281057
1.0
0.501145902732
0.699230205085
1.0
0.501129830383
0.699185218404
1.0
0.501993776297
0.698027202068
1.0
0.501993625859
0.698025683921
1.0
0.501885407557
0.698558788222
1.0
0.501885407557
0.698558788222
1.0
0.501913159182
0.698556598847
1.0
0.502289875438
0.698311016967
1.0
0.502269909288
0.698370225757
1.0
0.502297741064
0.698978211194
1.0
0.502311942806
0.698937037406
1.0
0.502153943937
0.698467786971
1.0
0.502153943937
0.698467786971
1.0
0.502153844091
0.698425542023
1.0
0.502788777663
0.69799716346
1.0
0.502788355212
0.69801854057
1.0
0.501271762239
0.698835016282
1.0
0.501268317759
0.698860716794
1.0
0.501912852587
0.699415368532
1.0
0.501919288767
0.699435459611
1.0
0.503022541638
0.698311375291
1.0
0.503005578028
0.698130211421
1.0
0.502705800758
0.698414939144
1.0
0.502705800758
0.698414939144
1.0
0.50272768228
0.698516729585
1.0
0.502727030461
0.698034601936
1.0
0.502722846955
0.698094799257
1.0
0.503042248261
0.698479293346
1.0
0.50306003903
0.698472749729
1.0
0.50247194365
0.697652345175
1.0
0.502473636563
0.697638905185
1.0
0.502443935826
0.697964864914
1.0
0.502443935826
0.697964864914
0.993882210195
0.502417142779
0.697916080779
0.993882210195
0.501261588354
0.698802849058
1.0
0.501274538196
0.698840081542
1.0
0.500517130725
0.697961387861
0.981335051431
0.500519060538
0.697883251504
0.981335051431
0.502544844035
0.697156053514
0.981335051431
0.502544844035
0.697156053514
1.0
0.50253785731
0.697200687598
1.0
0.502524811648
0.697521308724
1.0
0.502516554046
0.69750913893
1.0
0.502425716131
0.696780214948
0.961550904807
0.502425867118
0.696716948406
0.961550904807
0.502013407732
0.696696334998
1.0
0.502025394053
0.696786477286
1.0
0.502260730486
0.696826954211
1.0
0.502268705539
0.696831214738
1.0
0.502268705539
0.696831214738
1.0
0.502547581157
0.696534013441
0.951718237025
0.502513400718
0.696425761337
0.951718237025
0.501234651649
0.697345119556
1.0
0.501245750621
0.697391455448
1.0
0.502360290581
0.697854037815
1.0
0.502355575434
0.697837151037
1.0
0.502774567848
0.696624697616
1.0
0.502785360712
0.69669236227
1.0
0.502785360712
0.69669236227
1.0
0.502343448655
0.69683156094
0.994457398952
0.502336958701
0.696719402207
0.994457398952
0.502439704865
0.696230242015
1.0
0.502452144655
0.696331358319
1.0
0.502088781425
0.696259339279
1.0
0.502095481038
0.696253034267
1.0
0.502281658167
0.695634958248
1.0
0.502283261178
0.695624073051
1.0
0.502171172394
0.69499731888
1.0
0.502171172394
0.69499731888
1.0
0.50215648214
0.694942036561
1.0
0.50116715137
0.694881844653
1.0
0.501178847747
0.694927375503
1.0
0.500445975123
0.694890476417
1.0
0.500434139879
0.694854829992
1.0
0.501452739671
0.693013614278
1.0
0.501452739671
0.693013614278
1.0
0.501448677536
0.692988456829
1.0
0.500947951212
0.691972216669
1.0
0.500962971194
0.691991264823
1.0
0.500832071475
0.691046387526
1.0
0.500838165772
0.691045065645
1.0
0.499979391308
0.690702214379
1.0
0.499985993708
0.690663018073
1.0
0.499367352559
0.689970472393
1.0
0.49936112512
0.690021275706
1.0
0.498099852217
0.688786737691
1.0
0.498099852217
0.688786737691
1.0
0.498091336589
0.688701167673
1.0
0.497529490646
0.687934397006
1.0
0.497529641741
0.687938035562
1.0
0.496282660288
0.687409839506
1.0
0.496253916855
0.687329215986
1.0
0.496315062786
0.684207958347
1.0
0.496338975858
0.684185561419
1.0
0.495800412286
0.683853614558
1.0
0.495800412286
0.683853614558
1.0
0.495800646088
0.683820548618
1.0
0.495459323274
0.68389099542
1.0
0.495452432214
0.683793861024
1.0
0.494953958922
0.684043743796
1.0
0.494955291148
0.684092439426
1.0
0.494312231248
0.684034369955
1.0
0.4943199895
0.684004796331
1.0
0.4943199895
0.684004796331
1.0
0.494125395279
0.684726928249
1.0
0.49409135684
0.684712504298
1.0
0.494057612996
0.685504911396
1.0
0.494058370245
0.685568469682
1.0
0.494385311852
0.68579438995
1.0
0.494379457833
0.685832823874
1.0
0.493921686728
0.68706589995
1.0
0.493903005528
0.68712995819
1.0
0.493903005528
0.68712995819
1.0
0.494081149589
0.687557593399
1.0
0.494073075021
0.687570198684
1.0
0.494792793955
0.687966635993
1.0
0.494792073864
0.687931038104
1.0
0.49476017301
0.687894317414
1.0
0.494750194355
0.687983186073
1.0
0.494542750758
0.688303167529
1.0
0.49456884296
0.688282706641
1.0
0.494873481218
0.689208335351
1.0
0.494873481218
0.689208335351
1.0
0.494845258536
0.68921078527
1.0
0.494788414127
0.68962785672
0.973210933494
0.494798698833
0.689657506861
0.973210933494
0.494510119116
0.689444949247
1.0
0.494518469107
0.689424367949
1.0
0.495735896873
0.690511023079
1.0
0.495735896873
0.690511023079
0.944748349711
0.495703938359
0.690423105126
0.944748349711
0.496298577322
0.690243900771
1.0
0.496326594782
0.690263639425
1.0
0.496413057825
0.690494550712
0.973600103831
0.496412225123
0.690500096692
0.973600103831
0.496375217405
0.690805624642
1.0
0.496388401305
0.690877596194
1.0
0.496615069618
0.691355923693
1.0
0.496624370777
0.691381358409
1.0
0.496624370777
0.691381358409
1.0
0.495894120933
0.691605531365
1.0
0.495885346988
0.691622603449
1.0
0.497586337486
0.692213492779
1.0
0.497585798972
0.692226737009
1.0
0.497097549014
0.691888823206
1.0
0.497091774645
0.691899943184
1.0
0.49704566232
0.690949794895
1.0
0.497048948856
0.690889420381
1.0
0.497054965247
0.690733178945
1.0
0.497054965247
0.690733178945
1.0
0.49705959785
0.690814187878
1.0
0.497371862588
0.691414472371
1.0
0.49737711182
0.691416150752
1.0
0.497441526077
0.69114701125
1.0
0.497450899504
0.691112574217
1.0
0.497197864215
0.691247217197
1.0
0.497197864215
0.691247217197
1.0
0.497190466259
0.691334780137
1.0
0.496871071619
0.690906178852
1.0
0.496869525309
0.690757411362
1.0
0.497502597078
0.691537219387
1.0
0.497500256762
0.69161128994
1.0
0.496551796625
0.690692613266
0.927696269538
0.496537905608
0.690537454184
0.927696269538
0.497534470282
0.690041453147
0.927696269538
0.497534470282
0.690041453147
1.0
0.4975573964
0.690058351965
1.0
0.497525472508
0.689715551621
0.913840068006
0.497525666099
0.689785379499
0.913840068006
0.497762158103
0.689708921569
1.0
0.497779730041
0.689660902154
1.0
0.49794815216
0.689530368019
1.0
0.497966179652
0.689584238984
1.0
0.497665204949
0.688645217252
1.0
0.497649412742
0.688651650017
1.0
0.497649412742
0.688651650017
1.0
0.49723868026
0.688683148031
1.0
0.497259241939
0.688696814888
1.0
0.495890562534
0.687376788044
1.0
0.495885404072
0.687369782906
1.0
0.495665628186
0.687478440831
1.0
0.495649295936
0.687417849074
1.0
0.497464209643
0.68764240654
1.0
0.497464209643
0.68764240654
1.0
0.497466435732
0.687581225844
1.0
0.496890222413
0.687197875599
1.0
0.496900533254
0.687269531127
1.0
0.496896875283
0.687420013731
1.0
0.496895513832
0.687428190609
1.0
0.496823341278
0.687248158677
1.0
0.496831429177
0.687175262418
1.0
0.496611786244
0.686962126466
1.0
0.496598928375
0.686953018755
1.0
0.496598928375
0.686953018755
1.0
0.49623422634
0.685754325893
1.0
0.496263933873
0.685818460313
1.0
0.49534584834
0.686026211883
1.0
0.495334276805
0.686024752928
1.0
0.49601267218
0.686990103863
1.0
0.496008864448
0.686949843265
1.0
0.497088373207
0.68620282507
1.0
0.497080394443
0.686123742117
1.0
0.497080394443
0.686123742117
1.0
0.496930849409
0.686129905176
1.0
0.496939154073
0.686148206928
1.0
0.497021049699
0.685746173947
1.0
0.497020625318
0.685777219839
1.0
0.497079594581
0.685189576941
1.0
0.497104036977
0.685173784115
1.0
0.497104036977
0.685173784115
1.0
0.497407695154
0.68525353758
1.0
0.497409519965
0.685242617803
1.0
0.497412888676
0.685303828072
1.0
0.496596248157
0.684385119764
1.0
0.49659151619
0.684403460651
1.0
0.497340313124
0.685714117874
1.0
0.497333569594
0.68562130551
1.0
0.498225550729
0.685952041378
1.0
0.498242281959
0.685915716588
1.0
0.49892981629
0.686258734492
1.0
0.49892981629
0.686258734492
1.0
0.498929158664
0.686275650427
1.0
0.499384074294
0.686376005438
1.0
0.499386365983
0.686354367526
1.0
0.49846700927
0.686184800659
1.0
0.498463336158
0.686150462447
1.0
0.498536276339
0.686751658302
1.0
0.498550776143
0.686844983546
