0.8428270346
0.496625460305
0.554146027481
0.872327947347
0.500051063125
0.52810001336
0.958861530694
0.505898927314
0.544155666398
0.921052960962
0.506335957723
0.545693165617
0.921052960962
0.506335957723
0.545693165617
0.921052960962
0.504430844241
0.552563041231
0.978129281449
0.505228569735
0.552249357789
0.994434456619
0.504992728611
0.558629734786
0.994434456619
0.504955333636
0.563375057327
1.0
0.505127083269
0.570271163583
1.0
0.505786266057
0.570842551758
1.0
0.503995271084
0.571093449514
1.0
0.504966754343
0.569222368866
1.0
0.504966754343
0.569222368866
1.0
0.502316629846
0.565842624036
1.0
0.503100972075
0.56402983475
1.0
0.502415944891
0.561356681702
1.0
0.502842011741
0.560021872182
1.0
0.5009217643
0.563888956875
1.0
0.501325478542
0.562609860397
1.0
0.500127427977
0.561229357386
1.0
0.500841942594
0.559361332778
1.0
0.500841942594
0.559361332778
1.0
0.499758577454
0.557721643059
1.0
0.500425688329
0.556445309267
1.0
0.499756029901
0.556222172536
1.0
0.500011133889
0.556184834397
1.0
0.499245682404
0.556753729052
1.0
0.499678741077
0.556456550061
1.0
0.497947446791
0.555660999169
1.0
0.498152124676
0.555400462438
1.0
0.497451925119
0.553171777992
1.0
0.497451925119
0.553171777992
1.0
0.497660042258
0.553320554585
0.995916641045
0.496264165925
0.5515566177
0.995916641045
0.496174871342
0.551895265328
1.0
0.49566569098
0.55209128097
1.0
0.496173726536
0.550840086173
1.0
0.495368030361
0.54949886268
1.0
0.495408553834
0.549928700596
1.0
0.495408553834
0.549928700596
1.0
0.495428764714
0.550259999812
1.0
0.495687180535
0.549286648501
1.0
0.495155988214
0.548314859958
1.0
0.495188839317
0.548112535928
1.0
0.495310192059
0.545952633584
1.0
0.495586462275
0.545016729163
1.0
0.495888755693
0.543677657556
1.0
0.495938516999
0.543138143422
1.0
0.495278081737
0.544037181267
1.0
0.495278081737
0.544037181267
1.0
0.495459486249
0.542952364851
1.0
0.495100756141
0.540329562567
1.0
0.495320011047
0.539631857362
1.0
0.494764903377
0.538685959957
1.0
0.494763610718
0.536834371222
1.0
0.4944572628
0.537732851723
1.0
0.49462699494
0.536851624365
1.0
0.49462699494
0.536851624365
1.0
0.495788897975
0.537906850727
1.0
0.496251086189
0.536122172682
1.0
0.495863160651
0.534096298163
0.985882359926
0.495828360364
0.533922286919
0.985882359926
0.495753740291
0.535416698452
1.0
0.495982645538
0.535035814677
1.0
0.495332093279
0.534622676781
1.0
0.495460755497
0.53356662626
1.0
0.494549414215
0.534669366107
1.0
0.494549414215
0.534669366107
1.0
0.494622091482
0.535162549321
1.0
0.495140781015
0.536109970398
1.0
0.495158562946
0.535707567783
1.0
0.494686945674
0.536722224805
1.0
0.494517838581
0.537561693424
1.0
0.493813923874
0.536155629256
1.0
0.493813923874
0.536155629256
0.960174576887
0.493398171746
0.538228293529
0.960174576887
0.492165856797
0.533600253896
1.0
0.492093482414
0.533564661939
1.0
0.48658126147
0.514969189028
1.0
0.486396570896
0.514911202479
1.0
0.481451520515
0.493245408022
1.0
0.48126024719
0.493984309888
1.0
0.478231458464
0.477686748396
1.0
0.478002452006
0.478237989725
1.0
0.478002452006
0.478237989725
1.0
0.477398203511
0.474800593581
1.0
0.477217816039
0.471878677203
1.0
0.47731881399
0.47337647246
0.99
0.478259860286
0.457003857739
0.99
0.477442135354
0.456023702955
0.756320340302
0.477979972456
0.430838366633
0.756320340302
0.476744557002
0.429594587772
0.756320340302
0.474854075128
0.428954353613
0.756320340302
0.474854075128
0.428954353613
0.705064868506
0.476265896568
0.435538009542
0.705064868506
0.475542115163
0.432294738792
0.705064868506
0.47312752161
0.432466525706
0.966154129253
0.471083563667
0.426347259584
0.966154129253
0.469910827005
0.425944334595
0.79947109651
0.469846992972
0.426773543482
0.79947109651
0.469042020164
0.426438322628
0.882058441194
0.469181873641
0.43464343893
0.882058441194
0.469181873641
0.43464343893
0.882058441194
0.467800622957
0.433763431694
0.868370679782
0.467747262921
0.430556969093
0.868370679782
0.467414525727
0.429259452291
0.835347448541
0.466863847755
0.426886732423
0.835347448541
0.46467973335
0.42458668433
1.0
0.464487581332
0.424189388115
1.0
0.464585417218
0.424857319691
1.0
0.464473481518
0.42488048007
1.0
0.464473481518
0.42488048007
1.0
0.463841494678
0.424929498653
0.840601151714
0.463480961105
0.42253410784
0.840601151714
0.463703082023
0.422706372614
0.758572327063
0.463734615241
0.420396529563
0.758572327063
0.461994377447
0.417625593423
0.831891651054
0.46159018422
0.417600621319
0.831891651054
0.462350277311
0.418381804546
0.919183072672
0.462307229498
0.423633122762
0.919183072672
0.462307229498
0.423633122762
0.919183072672
0.461423151297
0.423546944604
0.812030958061
0.46133713497
0.424629529424
0.812030958061
0.460658961795
0.423879948469
1.0
0.460695592031
0.423109953306
1.0
0.462105505486
0.423613491884
0.762561139991
0.461770616194
0.420078533937
0.762561139991
0.460409711514
0.419779820505
0.762561139991
0.460409711514
0.419779820505
0.817784396321
0.46036888345
0.417156793238
0.817784396321
0.460368665631
0.416486562944
0.784934729227
0.460321650997
0.418656630293
0.784934729227
0.459650224034
0.419502482025
0.763196706861
0.459386206599
0.42165727832
0.763196706861
0.460022994391
0.421066352005
0.99
0.460030310806
0.423511403228
0.99
0.45903309603
0.424163747557
1.0
0.458993073802
0.426364072949
1.0
0.460085473944
0.426986573331
1.0
0.460085473944
0.426986573331
1.0
0.459930455519
0.426597127176
1.0
0.457915930186
0.425977486181
1.0
0.458028127518
0.425374027722
1.0
0.457581851958
0.424076842061
0.878692994812
0.457552338312
0.424998209881
0.878692994812
0.458447722307
0.426276654914
0.878692994812
0.458447722307
0.426276654914
0.802257137976
0.458343280266
0.42349799886
0.802257137976
0.457407548074
0.422693487955
0.96053193394
0.457556256421
0.422019119616
0.96053193394
0.458208692131
0.420964741585
0.972838183176
0.458133587546
0.420437861961
0.972838183176
0.458185512354
0.419714905001
0.843723909725
0.457487366254
0.422769621818
0.843723909725
0.458016903274
0.4234133191
1.0
0.457891526323
0.426269342343
1.0
0.457873328387
0.425607516242
1.0
0.457873328387
0.425607516242
1.0
0.457781344225
0.425563364367
1.0
0.45624762298
0.423567917485
