1.0
0.584325894999
0.521332821154
1.0
0.584492512331
0.521071658565
1.0
0.584499330804
0.521377089742
1.0
0.584659009764
0.521668841078
1.0
0.585133759822
0.521947940503
1.0
0.585356125099
0.521648654669
1.0
0.585353404663
0.521744493824
1.0
0.585495614849
0.521692173992
1.0
0.585896421058
0.522044937494
1.0
0.585896421058
0.522044937494
1.0
0.586088301717
0.522463293089
1.0
0.586188514534
0.523067285472
1.0
0.586356211825
0.522990762482
1.0
0.586786827136
0.523318348428
1.0
0.586911348844
0.523317372011
1.0
0.586738834877
0.523424068222
1.0
0.586957427948
0.523577836588
1.0
0.586888533995
0.523677739312
1.0
0.586888533995
0.523677739312
1.0
0.586924314193
0.523717544474
1.0
0.586672629095
0.523109095394
1.0
0.587031996102
0.523005599778
1.0
0.587870482233
0.523698697783
1.0
0.587775922864
0.523456862278
1.0
0.58759283665
0.523392647679
1.0
0.587541641008
0.52377234394
1.0
0.587600610941
0.523804357728
1.0
0.587600610941
0.523804357728
1.0
0.587768407836
0.523883952453
1.0
0.587747629996
0.523634815142
1.0
0.587866362081
0.523129978052
1.0
0.587700288308
0.523219240249
1.0
0.587840021435
0.523277161242
1.0
0.587549494315
0.522985844917
1.0
0.587344869652
0.523279396086
1.0
0.587234587617
0.52360927473
1.0
0.587234587617
0.52360927473
1.0
0.587241899762
0.523798172962
1.0
0.587149776591
0.523358009642
1.0
0.587299787567
0.522854017799
1.0
0.587621632489
0.523187349802
1.0
0.587473868911
0.523370613747
1.0
0.587350328517
0.523155015247
1.0
0.587476557782
0.522973036088
1.0
0.589274848415
0.525212300871
1.0
0.589274848415
0.525212300871
1.0
0.589235868576
0.525171906063
1.0
0.596384153857
0.534915725804
1.0
0.596491053445
0.535023134224
0.99
0.60484388428
0.55018954506
0.99
0.604939584745
0.550387079468
1.0
0.609370632965
0.560663843754
1.0
0.611604129391
0.562079729344
1.0
0.613342052935
0.566543273179
1.0
0.613342052935
0.566543273179
1.0
0.615165870756
0.569726334941
1.0
0.615081165781
0.570072521021
0.912614718357
0.616309029815
0.572544620811
0.912614718357
0.616113822776
0.571930241564
0.906901465845
0.615783161811
0.573122235664
0.906901465845
0.615639102592
0.572502702415
0.91551499254
0.61532306601
0.57306313755
0.91551499254
0.61532306601
0.57306313755
0.91551499254
0.615570487891
0.572825765184
0.91806639147
0.615067128073
0.57235594229
0.91806639147
0.614938710384
0.571917045732
0.896538263919
0.614854072283
0.57144220964
0.896538263919
0.614931960408
0.571527572717
0.878213766111
0.614752741871
0.573317939219
0.878213766111
0.614499308335
0.572873630772
0.857361894455
0.614057308685
0.572995978446
0.857361894455
0.614326700995
0.573465992045
0.857361894455
0.614326700995
0.573465992045
0.88839643443
0.613978698334
0.573429388331
0.88839643443
0.614374479768
0.572977707513
0.911299076883
0.614631061872
0.573025043676
0.911299076883
0.614556491389
0.573269354062
0.971073202081
0.614648793804
0.573855754238
0.971073202081
0.613653232407
0.573249018272
0.951575532118
0.613313893739
0.573405792756
0.951575532118
0.613313893739
0.573405792756
0.951575532118
0.604611501673
0.566449261913
0.944018965905
0.605011362636
0.566967267856
0.944018965905
0.558381617971
0.528579613994
0.964824440379
0.558285637256
0.529778166303
0.983965936447
0.556076425946
0.53225232364
0.983965936447
0.527995662004
0.512762716191
0.99
0.522446802087
0.521216169471
0.99
0.496172518483
0.501750578018
0.99
0.496172518483
0.501750578018
0.99
0.484577045104
0.512459585386
0.99
0.463076360961
0.495671636206
0.99
0.45262114739
0.510343535648
0.99
0.446388838255
0.504993315823
0.99
0.437629741706
0.5165695535
0.99
0.437654563866
0.517612375389
0.99
0.430886028982
0.525722980529
0.99
0.43216611472
0.526039844003
1.0
0.429497297282
0.528973747571
1.0
0.429497297282
0.528973747571
1.0
0.428672534978
0.528579665386
1.0
0.428316460573
0.529394488172
1.0
0.428146156532
0.52979100379
1.0
0.428594568387
0.528232476294
1.0
0.429565244465
0.528747746348
1.0
0.429805614835
0.528565510499
1.0
0.430308021228
0.528753192348
1.0
0.430479860295
0.529035856587
1.0
0.430479860295
0.529035856587
1.0
0.430510595576
0.529140982194
1.0
0.430577612554
0.529167904502
1.0
0.430797596071
0.529358825498
1.0
0.430940781116
0.529860396984
1.0
0.430463753776
0.530605722912
1.0
0.430494938666
0.530261765024
1.0
0.431435528474
0.530310334009
1.0
0.431365998696
0.53048570933
1.0
0.431365998696
0.53048570933
1.0
0.431275530931
0.530758767902
1.0
0.431407932658
0.530399399852
1.0
0.431393691314
0.530396413651
1.0
0.431459201706
0.530571461096
1.0
0.431450192008
0.530976538441
1.0
0.431455085532
0.53118254533
1.0
0.431422921707
0.531550775696
1.0
0.431473822112
0.531697557484
1.0
0.431473822112
0.531697557484
1.0
0.431492155538
0.531736681498
1.0
0.431401884749
0.531903828633
1.0
0.43131231613
0.532028879426
1.0
0.431455232646
0.53292792996
1.0
0.431577908559
0.533708941805
1.0
0.431498199353
0.533267144962
1.0
0.431614938036
0.532695495623
1.0
0.431779608659
0.532812552727
1.0
0.431779608659
0.532812552727
1.0
0.431729745421
0.532882656577
1.0
0.431734174544
0.532962909185
1.0
0.431775562684
0.532946591235
1.0
0.43175825033
0.532849012385
1.0
0.43157592248
0.532753930499
1.0
0.43162331318
0.532495198201
1.0
0.431500538864
0.532566398618
1.0
0.431472730505
0.532943173036
1.0
0.431472730505
0.532943173036
1.0
0.431431048042
0.533457391401
1.0
0.431509003407
0.533401732226
1.0
0.434424563639
0.534901951658
1.0
0.434583110908
0.535131140431
0.99
0.454289656881
0.546275629132
0.99
0.454352133728
0.546318495414
0.99
0.484300550825
0.56280608049
0.99
0.484300550825
0.56280608049
0.99
0.484282826319
0.563077246949
0.99
0.515087800009
0.579729560906
0.99
0.51877912058
0.575075261091
0.99
0.550608301596
0.594686044988
0.99
0.560404610521
0.583454169174
0.99
0.610205170994
0.608768114144
0.99
0.624909460743
0.594170502969
0.99
0.624909460743
0.594170502969
0.99
0.641189307008
0.578790717899
0.7220281914
0.686882476349
0.59579920268
0.7220281914
0.702160803195
0.581474705836
