0.612495831118
0.654492302856
0.727467330365
0.612495831118
0.65490967067
0.726976406796
0.605861130125
0.656253907771
0.7267082296
0.605861130125
0.656033179357
0.724158623944
0.605861130125
0.656456381876
0.722621857728
0.689313103033
0.653560588178
0.713598882449
0.689313103033
0.653560588178
0.713598882449
0.689313103033
0.654296290117
0.71097469826
0.689313103033
0.654152046624
0.710379988956
0.689313103033
0.654062108851
0.710429131317
0.631389014196
0.654676251676
0.710178627733
0.631389014196
0.645468306003
0.706518791854
0.625419673899
0.64608041309
0.706283148158
0.635279594125
0.646693086243
0.706046614469
0.635279594125
0.646693086243
0.706046614469
0.680821417569
0.647306321837
0.705809193223
0.680821417569
0.647426428052
0.705077267791
0.629031610141
0.648040246781
0.704839206582
0.629031610141
0.647895162089
0.704149065026
0.733084402751
0.650013323314
0.697277575491
0.733084402751
0.650013323314
0.697277575491
0.733084402751
0.651412244923
0.691088325793
0.722332908748
0.652034640747
0.690764277482
0.722332908748
0.652034640747
0.690764277482
0.721422134006
0.652657638952
0.690439050657
0.690644552283
0.653281235769
0.690112648672
0.736280353593
0.653905427417
0.689785074883
0.725869082335
0.654530210102
0.689456332646
0.725869082335
0.654855797558
0.686443086718
0.709394203998
0.655481025147
0.68611437142
0.709394203998
0.655520851691
0.686272491752
0.632470465011
0.655841995427
0.69254856649
0.632470465011
0.655841995427
0.69254856649
0.632470465011
0.656000067348
0.690429027104
0.625723749872
0.656645116589
0.689636115409
0.625723749872
0.656756853126
0.689307889135
0.66156927778
0.657377707284
0.689060786637
0.66156927778
0.6573145145
0.688414024012
0.712417791703
0.65793568463
0.688166491702
0.712417791703
0.658217900539
0.685379306814
0.608804931101
0.65883945289
0.6851321048
0.608804931101
0.65883945289
0.6851321048
0.608804931101
0.658906763462
0.684459487484
0.625380289784
0.659528781085
0.684211735187
0.625380289784
0.659505929468
0.682760928016
0.619660208528
0.660128172382
0.682513140695
0.619660208528
0.660261943199
0.681866882197
0.619660208528
0.660261943199
0.681866882197
0.686953496238
0.657639984004
0.678488300693
0.686953496238
0.658066030022
0.676849856851
0.686953496238
0.658215493666
0.674696482847
0.686953496238
0.65817719091
0.672889560837
0.686953496238
0.65820998065
0.672825762687
0.701741776185
0.65876808094
0.672542557193
0.701741776185
0.658766830158
0.672716424606
0.701741776185
0.658766830158
0.672716424606
0.741998083799
0.65932527105
0.672432172183
0.741998083799
0.659445323056
0.670787163907
0.730880659045
0.660003969668
0.670502607623
0.730880659045
0.659730988923
0.670037243644
0.685867364315
0.660289584338
0.6697522617
0.685867364315
0.660277834069
0.67149687541
0.650158964532
0.660836979439
0.671210107251
0.650158964532
0.660757766108
0.670863575486
0.650158964532
0.660757766108
0.670863575486
0.62649882197
0.66100977109
0.677157644685
0.62649882197
0.661307761863
0.675802294248
0.649148073896
0.661886825079
0.675053368673
0.649148073896
0.661917465131
0.677221666225
0.615579451796
0.658084729381
0.674026137825
0.615579451796
0.658009279347
0.672937390705
0.615579451796
0.658059494848
0.674757323123
0.615579451796
0.658131782551
0.673366185751
0.615579451796
0.658131782551
0.673366185751
0.7027430824
0.659077993763
0.673339746878
0.7027430824
0.659076652422
0.674941379659
0.707034191947
0.659565312791
0.674698857522
0.707034191947
0.659526257362
0.67461281838
0.697333605077
0.660014931364
0.674369594207
0.697333605077
0.659916777428
0.676352096683
0.747921433568
0.660405675254
0.676107356052
0.747921433568
0.66053265338
0.676030680344
0.747921433568
0.66053265338
0.676030680344
0.729037369733
0.660715390743
0.682381301946
0.729037369733
0.660437486294
0.683130657973
0.664329287425
0.660945981046
0.682423423752
0.664329287425
0.661011370579
0.681314877656
0.706521344321
0.661494713979
0.681153004222
0.706521344321
0.661686481618
0.681603433031
0.701483150235
0.662170059808
0.6814407924
0.701483150235
0.661821253301
0.681945927182
0.701483150235
0.661821253301
0.681945927182
0.639481283205
0.662304570391
0.681782910366
0.639481283205
0.662232094413
0.683414603671
0.70880498219
0.658089740149
0.680718163487
0.70880498219
0.658113778801
0.681403927983
0.70880498219
0.65818608476
0.680353930696
0.668677268217
0.658302663753
0.686762327241
0.668677268217
0.658303590518
0.685732379075
0.685410456988
0.658737963201
0.685072555849
0.685410456988
0.658737963201
0.685072555849
0.685410456988
0.658529718166
0.6878322646
0.743786304362
0.658939577592
0.687717900117
0.743786304362
0.658407338931
0.688076711103
0.691959704734
0.658816556865
0.687962306536
0.691959704734
0.659122001822
0.688253418875
0.600751321804
0.654001337239
0.685607328336
0.600751321804
0.653898102223
0.684523539351
0.719741941428
0.65469828715
0.68458670362
0.719741941428
0.65469828715
0.68458670362
0.719741941428
0.654261365673
0.685573091007
0.653279242927
0.654600501578
0.68542485609
0.653279242927
0.654661563099
0.686101833238
0.704871244683
0.654710592944
0.692565170088
0.704871244683
0.65456640296
0.693782561967
0.703579941191
0.654923492675
0.693171972056
0.703579941191
0.654926563512
0.694624519039
0.692764473151
0.655259534749
0.694560424642
0.692764473151
0.655259534749
0.694560424642
0.692764473151
0.655316987677
0.694169496903
0.719003769652
0.655649445707
0.694105476454
0.719003769652
0.655391528506
0.69501559881
0.657578444383
0.65572336924
0.694951421949
0.657578444383
0.655961468839
0.693837994403
0.654892844877
0.656003700922
0.700378265509
0.654892844877
0.65559639062
0.70326508533
0.622175025681
0.655946148112
0.702740232671
0.622175025681
0.655946148112
0.702740232671
0.622175025681
0.65563561199
0.703369387692
0.606891546405
0.655960883902
0.703390735438
0.606891546405
0.656205075145
0.703050573809
0.741016328338
0.651719210436
0.700808789154
0.741016328338
0.651397376165
0.701068677523
0.741016328338
0.651444016512
0.701088953565
0.721392926798
0.651697650006
0.701079609286
0.721392926798
0.651697650006
0.701079609286
0.721392926798
0.651652637593
0.701534700277
0.720990250566
0.651905463828
0.70152549863
0.720990250566
0.651960510336
0.701542281277
0.70151008161
0.65221255647
0.701533291676
0.70151008161
0.651939655555
0.702347958676
0.654667074981
0.652190799779
0.702339085787
0.654667074981
0.651975516757
0.702911516807
0.646547822934
0.651946532946
0.709509469644
0.646547822934
0.651946532946
0.709509469644
0.646547822934
0.65191339003
0.710031448964
0.613583915439
0.652425421091
0.709641019801
0.613583915439
0.652380295075
0.710266097724
0.613583915439
0.652295079889
0.710092037613
0.613583915439
0.652295079889
0.710092037613
0.742238015548
0.647867978259
0.708071649393
0.742238015548
0.647520013812
0.709659570056
0.742238015548
0.647612899572
0.70871117062
0.742238015548
0.647466702443
0.710539989659
0.669506656668
0.64763625756
0.710588976558
0.669506656668
0.647456719672
0.711381552581
0.749215196932
0.647625119147
0.711430919678
0.749215196932
0.647625119147
0.711430919678
0.749215196932
0.647808065109
0.709440752006
0.696981297337
0.647975339866
0.709490866221
0.696981297337
0.64782950445
0.711397938915
0.738400063821
0.647995678332
0.711448289449
0.738400063821
0.647741095109
0.711902143296
0.675559588752
0.647906079019
0.711952917766
0.675559588752
0.647970132128
0.713119371936
0.692296740246
0.64813406557
0.713170485026
0.692296740246
0.64813406557
0.713170485026
0.692296740246
0.648165232132
0.712661857788
0.711979594753
0.648328044308
0.712713523114
0.711979594753
0.648171475086
0.713876610198
0.70818320637
0.648333161344
0.713928612982
0.70818320637
0.648279873863
0.714494707203
0.686215456462
0.648440450058
0.714547125807
0.686215456462
0.648440450058
0.714547125807
0.686215456462
0.64854693078
0.714045880034
0.679635081068
0.648437025866
0.720710881957
0.679635081068
0.648368576431
0.720912914701
0.707327997445
0.64854491777
0.720506447169
0.707327997445
0.64841493899
0.720482140395
0.677395365584
0.648568136161
0.720623386081
0.677395365584
0.648421737036
0.720994577368
0.703141465324
0.64857376395
0.721136632917
0.703141465324
0.648604271593
0.721512726108
0.709318039824
0.648755187693
0.721655638712
0.709318039824
0.648755187693
0.721655638712
0.709318039824
0.648577240035
0.723324256199
0.698888025507
0.648727010029
0.723467827512
0.698888025507
0.648951019001
0.723672580262
0.69331101111
0.649099737746
0.723817083119
0.69331101111
0.649116965436
0.723534016951
0.713367633823
0.649264555454
0.72367944856
0.713367633823
0.649264555454
0.72367944856
0.713367633823
0.649328786222
0.72489706226
0.713503257182
0.649475298702
0.725043273982
0.713503257182
0.649511739265
0.725285514693
0.723460097409
0.649657142965
0.725432605487
0.723460097409
0.649437828526
0.725133132236
0.729251261605
0.649582032616
0.72528108689
0.729251261605
0.649813494156
0.72607935467
0.711184030271
0.649688203353
0.732831188797
0.711184030271
0.649727548871
0.732824671997
0.682170400745
0.649887657963
0.732515124577
0.682170400745
0.649887657963
0.732515124577
0.682170400745
0.649475397456
0.734161974191
0.67244134115
0.649612372137
0.734399565861
0.67244134115
0.649950194035
0.735531676565
0.688246061919
0.650086142031
0.735770640682
0.688246061919
0.650120231455
0.734778275565
0.73541844978
0.650255036574
0.735018654234
0.73541844978
0.650296806432
0.734505397362
0.729929775079
0.650430478586
0.734747148781
0.729929775079
0.650430478586
0.734747148781
0.729929775079
0.650525697269
0.736285781044
0.709457801135
0.650658275908
0.736528744002
0.709457801135
0.650633300013
0.73723445286
0.646400822848
0.65049991396
0.74407959031
0.646400822848
0.65056863509
0.746862990446
0.726340464951
0.650717033417
0.74664901702
0.726340464951
0.650577517536
0.748046990752
0.674823911241
0.650702977283
0.748380692035
0.674823911241
0.650702977283
0.748380692035
0.674823911241
0.650893797172
0.749222546691
0.684161989694
0.650757061468
0.756160712
0.684161989694
0.650637531299
0.757208249515
0.759118254248
0.650778508445
0.757086218659
0.759118254248
0.650854295753
0.759737513397
0.663957085091
0.650716538581
0.766763823537
0.663957085091
0.650497243277
0.769626404655
0.707304995881
0.650632097925
0.769595084731
0.707304995881
0.650632097925
0.769595084731
0.707304995881
0.650873728079
0.770738831999
0.74225847304
0.65098640224
0.771255876054
0.74225847304
0.650640086179
0.773276344926
0.719153263082
0.650498784265
0.780387077632
0.719153263082
0.650597106859
0.782395539925
0.759028485063
0.65072474649
0.782458327363
0.759028485063
0.65072474649
0.782458327363
0.759028485063
0.65107080177
0.783915347301
0.656157325824
0.656273064128
0.793087834321
0.656157325824
0.656073389513
0.795048036331
0.759840932683
0.655824647063
0.795067173124
0.759840932683
0.655935990437
0.797088071545
0.686083192066
0.656103364842
0.79781316105
0.686083192066
0.656336908496
0.799057552558
0.706312306632
0.656239191594
0.806338573723
0.706312306632
0.656773590781
0.807981095046
0.706312306632
0.656773590781
0.807981095046
0.756611570703
0.656957348743
0.808256534923
0.756611570703
0.657169832453
0.809204004016
0.664820346619
0.662577265569
0.811869232295
0.664820346619
0.662522437857
0.814153448539
0.709445563041
0.662315701488
0.814846977881
0.709445563041
0.662693414264
0.815174891607
0.715843069434
0.662917152964
0.816023149236
0.715843069434
0.663384549853
0.816979922123
0.708557310728
0.663323461622
0.824357185142
0.708557310728
0.663323461622
0.824357185142
0.708557310728
0.663423122194
0.826044616177
0.716916302539
0.668808573763
0.828176701912
0.716916302539
0.669156211642
0.829054539172
0.731965253834
0.669012558468
0.829873925532
0.731965253834
0.669420542679
0.830250083261
0.716415977167
0.669699239954
0.831215852587
0.716415977167
0.670273145209
0.832514795197
0.716415977167
0.670273145209
0.832514795197
0.73779908797
0.670551336024
0.833485193317
0.73779908797
0.670869899429
0.833541743621
0.674597962155
0.676208315476
0.836182413712
0.674597962155
0.676475769728
0.836440316142
0.679490451992
0.676396609609
0.837298280623
0.679490451992
0.676866078807
0.838012668185
0.674215688703
0.677202420263
0.83901169187
0.674215688703
0.677813529229
0.837936019185
0.700142239681
0.678149602173
0.838940420073
0.700142239681
0.678149602173
0.838940420073
0.700142239681
0.678516136438
0.840062940201
0.673942671463
0.68382408286
0.842678058598
0.673942671463
0.684073199918
0.843576953522
0.683986408041
0.684057212957
0.844471957754
0.683986408041
0.684417289944
0.843784046726
0.67304038333
0.684809617413
0.844815202697
0.67304038333
0.685042233352
0.84442742829
0.631205376349
0.685434104232
0.845462762624
0.631205376349
0.685434104232
0.845462762624
0.631205376349
0.686434158089
0.843909082478
0.682660907536
0.686826065769
0.844950746785
0.682660907536
0.687408733657
0.844748227985
0.614971013884
0.687800355039
0.845794706762
0.614971013884
0.687672579682
0.845415639616
0.683004713334
0.688793662191
0.841523663415
0.683004713334
0.688793662191
0.841523663415
0.683004713334
0.689406878427
0.841478432094
0.683004713334
0.689745295267
0.840172201555
0.698861303425
0.690141724681
0.841149930562
0.698861303425
0.690425929284
0.841703800012
0.665659037672
0.690821900114
0.842684997854
0.665659037672
0.691289122395
0.84233284552
0.646007312383
0.696591095603
0.84575075227
0.646007312383
0.697059629147
0.84449127966
0.646007312383
0.69748031108
0.844323129409
0.646007312383
0.69748031108
0.844323129409
0.738743472745
0.698749347377
0.840362423025
0.738743472745
0.699420713321
0.839406919954
0.738743472745
0.700053113889
0.838417739474
0.632344692126
0.70051022616
0.839354110989
0.632344692126
0.700494121401
0.839462073419
0.632344692126
0.700494121401
0.839462073419
0.633008224958
0.706557540313
0.836930271121
0.633008224958
0.707181195139
0.835996446264
0.633008224958
0.707776837176
0.834307522417
0.647164361952
0.707901633112
0.835058291922
0.647164361952
0.708255145144
0.834089424965
0.604002563781
0.708772425047
0.834974406012
0.604002563781
0.709329877065
0.833706086344
0.604002563781
0.709329877065
0.833706086344
0.636065414487
0.710761798303
0.829510657837
0.636065414487
0.71132042095
0.828486431242
0.636065414487
0.711516580065
0.828132134553
0.636065414487
0.711516580065
0.828132134553
0.643652911145
0.709606152599
0.82391759394
0.643652911145
0.709853739425
0.822645881839
0.643652911145
0.710287717414
0.822782420431
0.643652911145
0.710381030809
0.821513880878
0.643652911145
0.710513963615
0.821167356645
0.706142660312
0.711861226634
0.816609782763
0.706142660312
0.711797751778
0.81611024484
0.706142660312
0.712486573983
0.814928546672
0.706142660312
0.712486573983
0.814928546672
0.679307494607
0.712970582859
0.815581049655
0.679307494607
0.713109646291
0.814619536062
0.66262411783
0.713593449062
0.815274292048
0.66262411783
0.713744075256
0.814628541795
0.610223620258
0.714227669464
0.815285384503
0.610223620258
0.714152081446
0.814256476531
0.630036508782
0.715518065843
0.809562193819
0.630036508782
0.71606637218
0.8069307009
0.630036508782
0.716627036058
0.80620996596
0.630036508782
0.716627036058
0.80620996596
0.692606190755
0.718010133096
0.801350812836
0.692606190755
0.718531005728
0.800303863427
0.692606190755
0.718272145282
0.799078076946
0.603696387753
0.719203198646
0.793102197061
0.603696387753
0.719369723513
0.791672678701
0.603696387753
0.719369723513
0.791672678701
0.669386254161
0.719838922406
0.792633552648
0.669386254161
0.720035153304
0.791845628641
0.66921864053
0.720540133853
0.792271323632
0.66921864053
0.72088029837
0.790330057898
0.653277445751
0.721385320942
0.790757669696
0.653277445751
0.721613785917
0.790000064313
0.612430213699
0.722118810026
0.790428890684
0.612430213699
0.722579102817
0.789494554775
0.612430213699
0.722579102817
0.789494554775
0.99
0.724341649181
0.769751444266
0.99
0.724662382078
0.768210662555
0.99
0.724849555391
0.768239147988
1.0
0.726405919139
0.769431200833
1.0
0.72623912003
0.768283393765
1.0
0.731231153896
0.766819840976
1.0
0.732449987264
0.76503051803
1.0
0.738449069545
0.76463672103
1.0
0.740069400356
0.762065087195
1.0
0.740069400356
0.762065087195
1.0
0.745380585922
0.765679909207
1.0
0.746637811349
0.764093194132
1.0
0.748892859414
0.767760640682
1.0
0.750441190733
0.767443601348
1.0
0.750158299598
0.767499803926
1.0
0.750529380238
0.768299007619
1.0
0.750529380238
0.768299007619
1.0
0.75127508528
0.768094543583
1.0
0.751792472065
0.766447363912
1.0
0.752184987418
0.765965357125
1.0
0.752205181735
0.765294304765
1.0
0.75234760296
0.764876852093
1.0
0.752684992058
0.762725126601
0.661002818
0.748478723993
0.767543474955
0.661002818
0.748381975189
0.767665578423
0.661002818
0.748381975189
0.767665578423
0.682650870802
0.749454858668
0.767546097079
0.682650870802
0.749569886262
0.765912377874
0.692499659874
0.750229770857
0.76617300702
0.692499659874
0.750584913633
0.765213558505
0.626235453694
0.751245035607
0.765474829726
0.626235453694
0.751330741779
0.765021260606
0.756658614199
0.753106402127
0.759559811044
0.756658614199
0.753527600866
0.757858327642
0.756658614199
0.753522901688
0.757160252147
0.685229688814
0.754191712831
0.757342729067
0.685229688814
0.754191712831
0.757342729067
0.685229688814
0.75441291473
0.75711327522
0.625879234318
0.755081975613
0.757295566863
0.625879234318
0.755179751203
0.756244411622
0.625879234318
0.755179751203
0.756244411622
0.738115963382
0.7541389931
0.749640481337
0.738115963382
0.754557549413
0.747489243877
0.738115963382
0.754752206544
0.748125192658
0.738115963382
0.754635234484
0.746929711197
0.738115963382
0.755342099947
0.746189204822
0.713575213304
0.756009731554
0.745733494211
0.713575213304
0.756009731554
0.745733494211
0.713575213304
0.755798402729
0.745397213175
0.66314816652
0.756426423377
0.745475656741
0.66314816652
0.756484910886
0.744711323089
0.632006662548
0.757113067996
0.744789652117
0.632006662548
0.757380876656
0.742947968751
0.62077510734
0.753991542959
0.734547955014
0.62077510734
0.754078113811
0.734766289411
0.62077510734
0.754078113811
0.734766289411
0.779228668889
0.754998763697
0.735442994622
0.779228668889
0.754763242847
0.735861499548
0.803989158299
0.755348114283
0.735831946852
0.803989158299
0.755666321383
0.733918841781
0.742415422682
0.756251309947
0.733889333594
0.742415422682
0.756229818981
0.733815527443
0.702158983828
0.756814946689
0.733785096812
0.702158983828
0.756631244099
0.733741466677
0.702158983828
0.756631244099
0.733741466677
0.667009458326
0.752694883173
0.731655088461
0.667009458326
0.752801730512
0.732426363282
0.783893873888
0.75371124144
0.732538071998
0.783893873888
0.753950740377
0.730421557953
0.808538314303
0.754483494099
0.730362655513
0.808538314303
0.754407592702
0.730125117252
0.777795512911
0.754940361131
0.730065321168
0.777795512911
0.75480543459
0.730784076476
0.711632408504
0.755338274771
0.730722872138
0.711632408504
0.755532479313
0.730827486718
0.711632408504
0.755532479313
0.730827486718
0.67116497169
0.756065454737
0.730765026821
0.67116497169
0.755986050391
0.73067726098
0.640601408663
0.756519047638
0.730613831352
0.640601408663
0.756487837062
0.730751509138
0.614393951105
0.75702089027
0.730686951088
0.614393951105
0.757439994864
0.729480563143
0.614393951105
0.757439994864
0.729480563143
0.611060160254
0.753445081224
0.72733653719
0.611060160254
0.753253289225
0.727760682168
0.751826446951
0.754110111311
0.727840281319
0.751826446951
0.754257903195
0.726735288846
0.761190009402
0.754737431798
0.726641474559
0.761190009402
0.754595005925
0.72701237434
0.710913316102
0.75507446286
0.72691728408
0.710913316102
0.755023726056
0.726184480539
0.619886745081
0.75093675471
0.723984563137
0.619886745081
0.750811235134
0.724042134068
0.619886745081
0.750811235134
0.724042134068
0.721016373767
0.751615998343
0.724092738935
0.721016373767
0.751963976733
0.723790937967
0.781616029138
0.752388240627
0.723665187107
0.781616029138
0.752260370912
0.722133025523
0.75677398843
0.752684283163
0.722006764518
0.75677398843
0.752291799959
0.72244129934
0.75677398843
0.752291799959
0.72244129934
0.725611661335
0.75271544179
0.722313808749
0.725611661335
0.752231771331
0.723249160676
0.696429025938
0.748054006638
0.720993148281
0.696429025938
0.748100059857
0.720225130968
0.760698759206
0.748850352695
0.720244436243
0.760698759206
0.748974341469
0.718983269917
0.755570139559
0.749340900417
0.718824328055
0.755570139559
0.749275812541
0.719238521969
0.710266115983
0.749642041818
0.719078043341
0.710266115983
0.749642041818
0.719078043341
0.710266115983
0.749761547625
0.717910015028
0.725252898174
0.750127372832
0.717748493104
0.725252898174
0.74957847113
0.718545522522
0.658751678628
0.749943868251
0.718382647658
0.658751678628
0.750418549875
0.716542830953
0.638976386984
0.750783587755
0.716378935336
0.638976386984
0.750747720745
0.716067524292
0.638976386984
0.750747720745
0.716067524292
0.751380658506
0.748290287864
0.707758469223
0.751380658506
0.748148719929
0.706942408487
0.751380658506
0.748325538231
0.706363548709
0.751380658506
0.748299392877
0.705645372216
0.751380658506
0.748058493868
0.705305931195
0.717391973738
0.748406987114
0.704482180653
0.717391973738
0.748406987114
0.704482180653
0.717391973738
0.748145375424
0.703715887109
0.680907566617
0.748456823924
0.70343011223
0.680907566617
0.748200145585
0.702481119938
0.676768638792
0.748510962151
0.702193971767
0.676768638792
0.748483669828
0.702749878205
0.676373441246
0.748794052698
0.702460658975
0.676373441246
0.74835036828
0.701990688326
0.63690275755
0.748660122984
0.701700110469
0.63690275755
0.748660122984
0.701700110469
0.63690275755
0.748533380913
0.701775528265
0.620870633322
0.748842636489
0.701483131662
0.620870633322
0.748675731096
0.701338759071
0.625252963554
0.748984458889
0.701044654082
0.625252963554
0.748296002111
0.701673253706
0.631148044313
0.743945671981
0.69912515898
0.631148044313
0.743730852112
0.699633148373
0.715619848302
0.744367631241
0.699491950262
