0.901154597942
0.584789062708
0.341065142135
0.923200866593
0.585138531962
0.342204673325
0.923200866593
0.585138531962
0.342204673325
0.923200866593
0.585571018812
0.342984981625
0.859478416253
0.674317107632
0.44045579855
0.923200866593
0.616361796437
0.378622280041
0.923200866593
0.616361796437
0.378622280041
0.898286524111
0.653655406467
0.387676671896
0.898286524111
0.654788009087
0.388780617518
0.898286524111
0.656392166049
0.391347013878
0.898286524111
0.656392166049
0.391347013878
0.898286524111
0.657855689985
0.393484829224
0.898286524111
0.659144127948
0.396275107706
0.898286524111
0.661080086147
0.397584519317
0.898286524111
0.661080086147
0.397584519317
0.898286524111
0.662735866415
0.397427439882
0.898286524111
0.662735866415
0.397427439882
0.898286524111
0.664296799126
0.398918724227
0.901386075536
0.665685997677
0.391842858721
0.901386075536
0.665685997677
0.391842858721
0.611489573345
0.670821032908
0.407903149766
0.611489573345
0.670821032908
0.407903149766
0.611489573345
0.670821032908
0.407903149766
0.611489573345
0.670821032908
0.407903149766
0.611489573345
0.670821032908
0.407903149766
0.611489573345
0.670821032908
0.407903149766
0.611489573345
0.670821032908
0.407903149766
0.611489573345
0.670821032908
0.407903149766
0.611489573345
0.670821032908
0.407903149766
0.611489573345
0.666231539158
0.433019558964
0.705200966983
0.620474967824
0.499860746065
0.705200966983
0.6282321661
0.45650728341
0.764165536739
0.661778203855
0.298451215257
0.764165536739
0.661778203855
0.298451215257
0.784699024267
0.522096686347
0.132115525911
0.762513835144
0.524513826892
0.0992699231414
0.762513835144
0.652604118941
0.205673204938
0.762513835144
0.652604118941
0.205673204938
0.762513835144
0.652604118941
0.205673204938
0.762513835144
0.652604118941
0.205673204938
0.762513835144
0.652604118941
0.205673204938
0.762513835144
0.652604118941
0.205673204938
0.762513835144
0.652604118941
0.205673204938
0.762513835144
0.652604118941
0.205673204938
0.762513835144
0.652604118941
0.205673204938
0.762513835144
0.652604118941
0.205673204938
0.762513835144
0.652604118941
0.205673204938
0.762513835144
0.652814350908
0.127631065351
0.762513835144
0.652814350908
0.127631065351
0.843332081733
0.508143254698
0.525229443488
0.843332081733
0.508143254698
0.525229443488
0.855983468032
0.46801742935
0.486630319611
0.904451034618
0.46684470703
0.488274740596
0.904451034618
0.46684470703
0.488274740596
0.817438068431
0.467981830404
0.493498520173
0.817438068431
0.466119017358
0.49021213271
0.817438068431
0.466119017358
0.49021213271
0.817438068431
0.466119017358
0.49021213271
0.850697707729
0.463723149821
0.48274084299
0.850697707729
0.463723149821
0.48274084299
0.850697707729
0.463439530021
0.484246859871
0.850697707729
0.462570524589
0.483721887414
0.850697707729
0.463055205334
0.484394758293
0.850697707729
0.463088641842
0.484938322448
0.850697707729
0.463141413153
0.4853159967
0.850697707729
0.462924389633
0.485144998226
0.850697707729
0.462924389633
0.485144998226
0.850697707729
0.462715100004
0.485562002067
0.850697707729
0.462228592281
0.485834589913
0.850697707729
0.462228592281
0.485834589913
0.879805714284
0.462522440214
0.489545889831
0.879805714284
0.462545822831
0.489692132839
0.879805714284
0.462545822831
0.489692132839
0.879805714284
0.462545822831
0.489692132839
1.0
0.4937933326
0.487696984122
1.0
0.4937933326
0.487696984122
1.0
0.494401611848
0.488113807435
0.867133350818
0.50147491726
0.481727420906
0.867133350818
0.50147491726
0.481727420906
0.867133350818
0.50147491726
0.481727420906
0.99
0.665940305886
0.476412477304
0.99
0.665940305886
0.476412477304
0.99
0.665940305886
0.476412477304
0.99
0.665940305886
0.476412477304
0.99
0.665940305886
0.476412477304
1.0
0.664755424892
0.475852856639
1.0
0.664755424892
0.475852856639
1.0
0.664909645018
0.479229014747
1.0
0.664909645018
0.479229014747
0.956406524714
0.665620517661
0.479447695559
0.956406524714
0.665620517661
0.479447695559
0.956406524714
0.665620517661
0.479447695559
0.956406524714
0.665620517661
0.479447695559
1.0
0.665162090966
0.48008897611
1.0
0.665320005024
0.480990883991
1.0
0.665200274996
0.484491085434
1.0
0.665200274996
0.484491085434
0.615901275038
0.663442534629
0.485088845845
0.630356895119
0.663911380813
0.485764378253
0.630356895119
0.663911380813
0.485764378253
0.985128623659
0.659760222933
0.490636608837
0.985128623659
0.659760222933
0.490636608837
0.985128623659
0.659760222933
0.490636608837
0.985128623659
0.659760222933
0.490636608837
0.913278790648
0.550803080186
0.473731768977
0.99
0.532876100257
0.413856645529
0.99
0.374210182573
0.302088687556
0.912715569542
0.436369259971
0.371142124914
0.912715569542
0.436369259971
0.371142124914
0.874996549405
0.543414144319
0.541808998763
0.874996549405
0.542889960378
0.541415652601
0.874996549405
0.542023461168
0.539328249069
