0.971061364714
0.487475658239
0.678571465997
1.0
0.487875659665
0.678089197889
1.0
0.487875659665
0.678089197889
1.0
0.487654780383
0.679725083108
0.767559956371
0.525705756273
0.770806427523
0.767559956371
0.530587476093
0.777808318988
0.767559956371
0.539239133071
0.802821811471
0.767559956371
0.551016357217
0.835141240202
0.767559956371
0.562602991617
0.867289918742
0.742056885406
0.56366247932
0.887089446414
0.742056885406
0.57360688287
0.918471747589
0.742056885406
0.57360688287
0.918471747589
0.742056885406
0.57360688287
0.918471747589
0.880183303356
0.930871283571
0.723049200265
0.880183303356
0.930360859191
0.723485987672
0.880183303356
0.929959458458
0.72401138471
0.880183303356
0.929711357237
0.724441044451
0.880183303356
0.929515480827
0.72485204243
0.880183303356
0.929373729168
0.725195879128
0.880183303356
0.929257219549
0.725508204892
0.852349681641
0.612713040011
1.06412038061
0.852349681641
0.610865434526
1.07270281645
0.852349681641
0.610865434526
1.07270281645
0.852349681641
0.611306484668
1.07485691608
0.852349681641
0.611306484668
1.07485691608
1.0
0.626724425502
1.13001307669
1.0
0.628141446232
1.13342551444
1.0
0.628141446232
1.13342551444
1.0
0.630456424514
1.13488697426
1.0
0.631990823135
1.13381181909
1.0
0.632879317165
1.13450354392
1.0
0.635322240477
1.13066831731
1.0
0.635322240477
1.13066831731
1.0
0.637334159961
1.12640352527
1.0
0.638070820097
1.12188307438
1.0
0.639420465531
1.1173527634
1.0
0.642332716249
1.11273669889
1.0
0.642332716249
1.11273669889
1.0
0.64333240336
1.11051392124
1.0
0.642407862941
1.10752763831
1.0
0.642638934361
1.10517475421
1.0
0.642412820841
1.10367046971
1.0
0.642412820841
1.10367046971
1.0
0.641563703593
1.10082239363
1.0
0.642276180515
1.0998467663
1.0
0.641343050283
1.09903176912
1.0
0.641509552675
1.1000673215
1.0
0.641509552675
1.1000673215
1.0
0.641539836792
1.09934427517
1.0
0.640494806883
1.09920793762
1.0
0.63966265242
1.10065925346
1.0
0.638367782348
1.0985884726
1.0
0.638367782348
1.0985884726
1.0
0.638625296913
1.09673584703
1.0
0.637261991243
1.09685586621
1.0
0.637503216811
1.09676278674
1.0
0.637299656527
1.09549058716
1.0
0.637299656527
1.09549058716
1.0
0.636853971466
1.09521050085
1.0
0.636088651514
1.09848699398
1.0
0.636580402428
1.09571656969
1.0
0.63310422796
1.097978784
1.0
0.63310422796
1.097978784
1.0
0.633099348208
1.09866663393
1.0
0.633466819522
1.09781086435
1.0
0.632046054934
1.09754861735
1.0
0.63064171056
1.09839702681
1.0
0.63064171056
1.09839702681
1.0
0.630155974807
1.09644661465
1.0
0.629453279036
1.09633000114
1.0
0.629453279036
1.09633000114
0.97636440804
0.826777693808
0.6903139543
0.97636440804
0.826225339715
0.690125625102
0.97636440804
0.825831180109
0.689435260917
0.97636440804
0.824700935667
0.689076595273
0.97636440804
0.823086412013
0.688704955898
0.97636440804
0.823086412013
0.688704955898
0.97636440804
0.820457323671
0.68752059467
0.97636440804
0.817331172719
0.685718604687
0.97636440804
0.814363316276
0.685907005218
0.97636440804
0.810640917978
0.684033616111
0.97636440804
0.7867481763
0.586551641509
0.97636440804
0.7867481763
0.586551641509
0.97636440804
0.7867481763
0.586551641509
0.97636440804
0.7867481763
0.586551641509
0.71721896041
0.748989431405
0.491912455356
0.71721896041
0.585408058585
0.538078311394
0.71721896041
0.438607127004
0.354660439729
0.71721896041
0.43332916209
0.34321632414
0.71721896041
0.48305848502
0.599563888133
0.71721896041
0.48305848502
0.599563888133
0.826476245033
0.485443968672
0.581594887547
0.826476245033
0.485063088246
0.587992584483
0.826476245033
0.485738654414
0.589934250283
0.860609766279
0.484225342971
0.589466867387
0.860609766279
0.484648979244
0.594589000613
0.871772407716
0.484783549133
0.59580270725
0.871772407716
0.484794306966
0.601536816641
0.980688657692
0.485004762116
0.601318718638
0.980688657692
0.485004762116
0.601318718638
0.985975767543
0.485838484891
0.607665081848
0.916027813821
0.486564168824
0.60862871853
0.916027813821
0.48665333598
0.613084668463
0.978165069064
0.487349675359
0.614437362584
0.978165069064
0.487131370429
0.622311522835
0.979821004038
0.488014441842
0.623667682707
0.979821004038
0.488086581575
0.627140701511
0.979821004038
0.488086581575
0.627140701511
0.714669831093
0.469929208139
0.639280358548
0.714669831093
0.469862834238
0.640929549663
0.714669831093
0.469921422274
0.644074528634
0.856486434096
0.476901492142
0.656602198605
0.856486434096
0.477401049574
0.658097697003
0.856486434096
0.477635129204
0.65853173103
0.843325097313
0.47782519552
0.652148887385
0.843325097313
0.479170282985
0.651791241414
0.843325097313
0.479170282985
0.651791241414
0.851304208547
0.47878456555
0.652171114748
0.851304208547
0.479073741326
0.651008531462
0.829112501558
0.479826317527
0.653381628491
0.829112501558
0.480335523626
0.65361778267
0.86207651175
0.480570913615
0.653296751421
0.86207651175
0.481411986263
0.65380853931
0.857946345376
0.481686346177
0.65398789529
0.857946345376
0.481391702519
0.654010641212
0.857946345376
0.481391702519
0.654010641212
0.808680346741
0.481668338178
0.655932025007
0.808680346741
0.482504527867
0.656985475417
0.866085157854
0.482449631177
0.656600146681
0.866085157854
0.482895161586
0.652738862095
0.807902922711
0.482742108547
0.65301586485
0.807902922711
0.483603371383
0.652507297483
0.825929625476
0.483843580387
0.653274513965
0.825929625476
0.484300209867
0.655591880263
0.825929625476
0.484300209867
0.655591880263
0.849974070766
0.484451046328
0.656721518331
0.849974070766
0.485186207163
0.654798353259
0.858637099208
0.485232087375
0.65502253024
0.858637099208
0.485844978923
0.655879444098
0.818983635181
0.485769387142
0.656607944081
0.818983635181
0.485988393654
0.657802237475
0.830033033284
0.498958719942
0.686475368832
0.830033033284
0.49901019874
0.685681992179
0.830033033284
0.49901019874
0.685681992179
0.795379674978
0.49856743178
0.681829892715
0.795379674978
0.500202048829
0.68092386257
0.801419793543
0.501161802863
0.684376934815
0.801419793543
0.500971292763
0.685339209724
0.892883518783
0.472547549782
0.649208373663
0.892883518783
0.473395338565
0.649336637751
0.874452285792
0.474328635355
0.649521222448
0.874452285792
0.47474311024
0.651275597748
0.874452285792
0.47474311024
0.651275597748
0.880517833163
0.475200201438
0.651815013484
0.880517833163
0.475370193252
0.651184417378
0.900437656055
0.476415551852
0.65085978518
0.900437656055
0.47719335807
0.651145551682
0.888702283781
0.477222205161
0.651541714181
0.888702283781
0.477830363399
0.651115505758
0.954324283066
0.478263212565
0.652024034959
0.954324283066
0.478785983471
0.652543710303
0.954324283066
0.478785983471
0.652543710303
0.913479954963
0.479600117792
0.653105441407
0.913479954963
0.47971221443
0.653857259352
0.913721043319
0.479980094412
0.65354372752
0.913721043319
0.481070417895
0.652175538739
0.965496147917
0.481295095983
0.65312299572
0.965496147917
0.48134153308
0.655472724093
0.883718487585
0.482407326028
0.655914596436
0.883718487585
0.482588944512
0.655841575948
0.883718487585
0.482588944512
0.655841575948
0.926149464122
0.482633319483
0.655776740168
0.926149464122
0.482666879383
0.65580377419
0.93476054152
0.482515329824
0.655602479101
0.93476054152
0.482883752532
0.654290274569
0.876463465841
0.48388183943
0.654367333911
0.876463465841
0.484202092023
0.654613482494
0.917078578186
0.484508180717
0.655069418156
0.917078578186
0.485392268254
0.653295325452
0.917078578186
0.485392268254
0.653295325452
0.896609583923
0.485258110129
0.653209879685
0.896609583923
0.48527063982
0.656035990559
0.91332187625
0.485516271445
0.65689191305
0.91332187625
0.485483764007
0.655751251043
0.901273217157
0.485577804539
0.656013316202
0.901273217157
0.485878140074
0.655304425316
0.944348159549
0.486364745566
0.655420636935
0.944348159549
0.486723042355
0.655654936401
0.944348159549
0.486723042355
0.655654936401
0.904975081799
0.487150203307
0.6558928561
0.904975081799
0.486888507907
0.657035305194
0.910197458339
0.487532165038
0.65750957874
0.910197458339
0.487634625164
0.655985551388
0.843067394327
0.488380015777
0.655844976185
0.843067394327
0.488666303276
0.656590674562
0.881322565474
0.488802772492
0.656148173615
0.881322565474
0.489188448407
0.656585652851
0.881322565474
0.489188448407
0.656585652851
0.921158100078
0.489142624174
0.656739667571
0.921158100078
0.489327965364
0.656361502314
0.897707894791
0.489969431328
0.656729500475
0.897707894791
0.489896142005
0.656073400986
0.933488134721
0.489980384764
0.656961480379
0.933488134721
0.49018932146
0.655510051563
0.870581794448
0.490808517333
0.655294244823
0.870581794448
0.490573563899
0.658630115149
0.870581794448
0.490573563899
0.658630115149
0.904235895048
0.491025160158
0.658972694965
0.904235895048
0.491315381764
0.658239980804
0.891207816529
0.491228684706
0.658389519971
0.891207816529
0.491302246291
0.659003828152
0.936208264193
0.491370100868
0.659204824301
0.936208264193
0.491498089487
0.658070488629
0.909717116292
0.491718706314
0.658557683084
0.909717116292
0.491718706314
0.658557683084
0.909717116292
0.492190493532
0.659619105595
0.846906668263
0.492916254936
0.6596290454
0.846906668263
0.492833003266
0.659696324349
0.90129446775
0.493618383879
0.659886098733
0.90129446775
0.493877178505
0.656534053163
0.943310123464
0.494852352276
0.656609324769
0.943310123464
0.49484585822
0.65766557437
0.897763204355
0.495158188633
0.657782257264
0.897763204355
0.494766603301
0.659941792709
0.897763204355
0.494766603301
0.659941792709
0.8981865895
0.495492625201
0.660245955657
0.8981865895
0.495872666423
0.657313443551
0.972395012756
0.495917389704
0.65773720416
0.972395012756
0.496019081475
0.658636174018
0.967483589014
0.496734067064
0.659013925977
0.967483589014
0.496936314226
0.66084618483
0.984881772606
0.497262654413
0.661010758892
0.984881772606
0.497911420619
0.660125012403
0.984881772606
0.497911420619
0.660125012403
0.905439122207
0.498516066379
0.660525939556
0.905439122207
0.499040101556
0.662202953553
0.957873174457
0.498634624421
0.662228127325
0.957873174457
0.498766546359
0.662032940444
0.950747332798
0.499136966306
0.662131217916
0.950747332798
0.499417772829
0.660833465539
0.892990680323
0.499145074314
0.660809202226
0.892990680323
0.499591521149
0.661013098982
0.892990680323
0.499591521149
0.661013098982
0.976278748151
0.499946815982
0.660942925429
0.976278748151
0.500216925188
0.660349948237
0.953183313004
0.499995908024
0.66014489111
0.953183313004
0.500477373584
0.659489047141
0.856364925766
0.500677202116
0.65973964549
0.856364925766
0.500780377949
0.659109348367
0.953020076273
0.501004341984
0.659506467098
0.953020076273
0.500934142583
0.661587725782
0.953020076273
0.500934142583
0.661587725782
0.919504226592
0.500902512871
0.660891825892
0.919504226592
0.501356007521
0.659584055197
0.937090295089
0.501429240086
0.659651397664
0.937090295089
0.501865534963
0.660027585128
0.90264015325
0.502128066738
0.660890824481
0.90264015325
0.502455632945
0.662121351306
0.875327996751
0.502754867705
0.662424899632
0.875327996751
0.502925275156
0.663104939359
0.875327996751
0.502925275156
0.663104939359
0.906701887906
0.503262245732
0.663306556992
0.906701887906
0.503334422898
0.662853511145
0.861695479511
0.50356222815
0.662847220018
0.861695479511
0.504023538012
0.661642615656
0.923762348242
0.504382586615
0.661651128593
0.923762348242
0.504485931881
0.663075731747
0.923762348242
0.504485931881
0.663075731747
0.971019935217
0.504384147298
0.663228812254
0.971019935217
0.505195777344
0.65955214407
0.8554949122
0.50528074492
0.659004288765
0.8554949122
0.505412680486
0.661000727445
0.863885225359
0.506070016571
0.66211940053
0.863885225359
0.506641933071
0.661298191901
0.881316107736
0.506686189841
0.661216948194
0.881316107736
0.506794040061
0.660937071562
0.886152205431
0.507000326505
0.661113509405
0.886152205431
0.506966117376
0.662451616933
0.886152205431
0.506966117376
0.662451616933
0.86667523217
0.507307124025
0.662684034599
0.86667523217
0.507459021238
0.662439245963
0.908142539955
0.507702437469
0.662763712555
0.908142539955
0.508080908266
0.662617893267
0.946508948152
0.508507587492
0.66307904985
0.946508948152
0.508789835968
0.662410795111
0.946508948152
0.508789835968
0.662410795111
0.874967410957
0.509010150939
0.662612605567
0.874967410957
0.509073723389
0.663232123613
0.913064134341
0.508836988752
0.662935200232
0.913064134341
0.508952550687
0.662476175252
0.897412993872
0.509108522429
0.662382276377
0.897412993872
0.509040618692
0.66250145448
0.909003971898
0.508896513107
0.662508808419
0.909003971898
0.509012574796
0.661911959138
0.94674352031
0.510010519646
0.662496008535
0.94674352031
0.510010519646
0.662496008535
0.94674352031
0.51038019445
0.662683383008
0.895006790557
0.510542610614
0.66278236161
0.895006790557
0.51047767412
0.662978354904
1.0
0.510246019725
0.662441729815
1.0
0.510251062947
0.66156436173
0.913992545926
0.51030406435
0.662011229981
0.913992545926
0.510004983977
0.663300539147
0.95663304152
0.51025041302
0.663245847385
0.95663304152
0.510108477161
0.664721068416
0.95663304152
0.510108477161
0.664721068416
1.0
0.510537055197
0.66524355157
1.0
0.51044836555
0.664300108897
0.90797725781
0.510497996633
0.664340168471
0.90797725781
0.510111907627
0.665280706865
0.914940855733
0.509976286667
0.665417914206
0.914940855733
0.509818724779
0.664686244342
0.905480571383
0.50979832256
0.664348496632
0.905480571383
0.50941092
0.667107629647
0.905480571383
0.50941092
0.667107629647
0.961664064567
0.509363188048
0.667588079955
0.961664064567
0.509137337203
0.666603220528
0.905336850939
0.508946013042
0.666523201607
0.905336850939
0.508282089289
0.667739398021
0.927930098766
0.508369145825
0.667903174625
0.927930098766
0.508248417474
0.668003868544
0.945017920773
0.50772092456
0.667811051856
0.945017920773
0.507422910904
0.668207989659
0.945017920773
0.507422910904
0.668207989659
0.908337246039
0.50751421719
0.668414484729
0.908337246039
0.507719425093
0.669441455932
0.912112840788
0.508094539978
0.66938297521
0.912112840788
0.507846444323
0.668298198747
0.921630553491
0.508007882363
0.668432000135
0.921630553491
0.508280262974
0.669026223803
0.912311797613
0.508499629802
0.669220906026
0.912311797613
0.508499629802
0.669220906026
0.912311797613
0.508691596784
0.669787264765
0.937019732481
0.508842052008
0.669844700478
0.937019732481
0.508618439091
0.670601470443
0.911811460213
0.508829690501
0.670512656251
0.911811460213
0.508748032853
0.668912351111
0.937914749007
0.508867374023
0.668743136235
0.937914749007
0.509554950483
0.669241784549
0.944266017646
0.509948387472
0.669311491309
0.944266017646
0.510123816004
0.669920855049
0.944266017646
0.510123816004
0.669920855049
0.899099239639
0.510008796453
0.670390652595
0.899099239639
0.510562447815
0.669842025975
0.998978921038
0.510824511108
0.670024446086
0.998978921038
0.511298615415
0.669578586508
1.0
0.511327575588
0.669459068578
1.0
0.511803899763
0.671892767938
1.0
0.511470471329
0.672284521056
1.0
0.512306481515
0.672822587616
1.0
0.512306481515
0.672822587616
0.942210400199
0.512298253452
0.673558516556
0.942210400199
0.512366254135
0.674422095114
0.96138300992
0.512906558412
0.67583766374
0.96138300992
0.513351678144
0.677561287965
0.980079934882
0.513786826355
0.678463370286
0.980079934882
0.51419613395
0.678726833633
0.904992783967
0.514330459006
0.679617248194
0.904992783967
0.514557700839
0.680898295383
0.904992783967
0.514557700839
0.680898295383
0.975550875305
0.51493613396
0.682366105298
0.975550875305
0.515448202738
0.685758291066
0.942845770596
0.515830946483
0.687224091775
0.942845770596
0.515955996999
0.688162998494
0.997932403051
0.516282898943
0.68953501935
0.997932403051
0.516469056919
0.691739945176
0.997932403051
0.516469056919
0.691739945176
0.963670897836
0.516586285204
0.693056242501
0.963670897836
0.51576407122
0.695618595637
0.953467766237
0.516289216971
0.697324767845
0.953467766237
0.516986629737
0.698295850176
0.95918941744
0.516921981986
0.699602557569
0.95918941744
0.516854666921
0.703258247067
0.982643651986
0.517467074459
0.70517916471
0.982643651986
0.517855220604
0.708126939939
0.958667232331
0.518501553196
0.710424322963
0.958667232331
0.518906953498
0.712327193111
0.958667232331
0.518906953498
0.712327193111
1.0
0.519631252948
0.714222693307
1.0
0.519742575999
0.717277307178
0.901582668114
0.519560697773
0.718892328999
0.901582668114
0.519779994174
0.720921213136
0.944814470442
0.520048444243
0.721211223556
0.944814470442
0.519835348475
0.723674482655
0.895899746039
0.519607809244
0.724361498391
0.895899746039
0.520184705931
0.725913947261
0.895899746039
0.520184705931
0.725913947261
0.897721437831
0.520149398853
0.726161348839
0.897721437831
0.519842119935
0.730589823822
0.939969632045
0.520237751334
0.731860825428
0.939969632045
0.521015619981
0.733006986581
0.872841276772
0.521840637801
0.734371848384
0.872841276772
0.522006538831
0.736662016522
0.872841276772
0.522006538831
0.736662016522
0.792228857055
0.52209148367
0.737695713338
0.792228857055
0.522538418181
0.739023375369
0.912840005956
0.523173113732
0.739366547538
0.912840005956
0.523733272158
0.742445600956
0.903375356428
0.52435999536
0.743410144331
0.903375356428
0.524708369906
0.743838255355
0.827196050585
0.524727371544
0.744240009597
0.827196050585
0.525142586508
0.745591463159
0.880762334664
0.525493187137
0.746555722114
0.880762334664
0.526437519393
0.746533316802
0.880762334664
0.526437519393
0.746533316802
0.843862297799
0.5268842678
0.747545229179
0.843862297799
0.526820110055
0.748582178405
0.918533569868
0.527069301346
0.750048822208
0.918533569868
0.527697883395
0.749631665361
0.849080367735
0.528168270591
0.750881551233
0.849080367735
0.528250873899
0.752124539823
0.827204049361
0.528410342892
0.753438582186
0.827204049361
0.528410342892
0.753438582186
0.827204049361
0.528854669315
0.753223990595
0.834042557287
0.538143972453
0.785898130825
0.834042557287
0.538810153926
0.784552872361
0.777038262057
0.538792426934
0.784592298676
0.777038262057
0.539129404293
0.784157442522
0.830431839203
0.526268966985
0.758891112596
0.830431839203
0.526364822174
0.75748056278
0.795433677611
0.538949053971
0.782074195934
0.795433677611
0.540152986443
0.781481374873
0.795433677611
0.540152986443
0.781481374873
0.825737861502
0.540101946348
0.781231771892
0.825737861502
0.540589762118
0.779482806268
0.806039232845
0.540560317661
0.777636662784
0.806039232845
0.540958321253
0.775785241586
0.784965653147
0.541651676064
0.779664701575
0.784965653147
0.5429695452
0.77859792803
0.789538312288
0.530343320976
0.75038525297
0.789538312288
0.531015922318
0.748703505188
0.789538312288
0.531015922318
0.748703505188
0.800416389698
0.542917210746
0.773297257596
0.800416389698
0.543581910791
0.772017790617
0.799923063839
0.544015240036
0.771909839058
0.799923063839
0.544423066465
0.770196668731
0.791626640457
0.545116270174
0.772654856617
0.791626640457
0.545916846008
0.772411885209
0.791626640457
0.545916846008
0.772411885209
0.858951699996
0.544649876797
0.767096806304
0.858951699996
0.545496959658
0.764172224098
0.827794954502
0.545358836926
0.763966218306
0.827794954502
0.546187050766
0.763123841621
0.791715835306
0.547133193568
0.766163417857
0.791715835306
0.547451730553
0.764097586879
0.808837902292
0.548132122969
0.764598202982
0.808837902292
0.549686405782
0.761680082491
0.845308354608
0.548387088087
0.756370571375
0.845308354608
0.548928363394
0.753609198275
0.845308354608
0.548928363394
0.753609198275
0.827902641441
0.548499631881
0.750980991592
0.827902641441
0.549539033035
0.74873749182
0.818017077863
0.550554184775
0.751493433624
0.818017077863
0.551253288275
0.748942805477
0.824426582037
0.551921890599
0.750604172002
0.824426582037
0.552839448395
0.748256069852
0.819007149774
0.553521635727
0.74983384282
0.819007149774
0.554940804329
0.746542996255
0.819007149774
0.554940804329
0.746542996255
0.827490054142
0.555069503001
0.745136644732
0.827490054142
0.555811056683
0.741950403151
0.794976014086
0.556371734986
0.742708675953
0.794976014086
0.558075226142
0.739922896192
0.851786787753
0.555592428055
0.727672960962
0.851786787753
0.556829210364
0.724242066668
0.850490989217
0.557697747322
0.72612118537
0.850490989217
0.559036503838
0.723895117267
0.850490989217
0.559036503838
0.723895117267
0.822657033667
0.559927728926
0.726118510422
0.822657033667
0.560952917628
0.722885913179
0.809439538252
0.561497291208
0.723280148319
0.809439538252
0.562794509858
0.719837716993
0.833231508947
0.563017719241
0.718671626847
0.833231508947
0.565118325435
0.714609571328
0.833231508947
0.565118325435
0.714609571328
0.805764549989
0.565657264536
0.714476587352
0.805764549989
0.566770075024
0.712876575193
0.811644949552
0.567277289472
0.713316212717
0.811644949552
0.568819437366
0.710234624176
0.82203653085
0.569276817849
0.709151243064
0.82203653085
0.570274104686
0.705505769117
0.806231542624
0.570628301395
0.70516191519
0.806231542624
0.572219778422
0.702454864525
0.806231542624
0.572219778422
0.702454864525
0.807625289274
0.572377755721
0.701085015999
0.807625289274
0.573511044523
0.698817983047
0.801031888216
0.573692785894
0.698535427808
0.801031888216
0.575226981001
0.696445169708
0.821289844285
0.564215848481
0.65651868214
0.821289844285
0.565427473903
0.652455139333
0.840118277176
0.574752040295
0.679134801384
0.840118277176
0.576862793104
0.678078130208
0.860183780498
0.577498651367
0.679728138041
0.860183780498
0.579310127467
0.676112259644
0.860183780498
0.579310127467
0.676112259644
0.830824307896
0.580126506891
0.677465421798
0.830824307896
0.581335051047
0.675722052988
0.822814215497
0.58265673956
0.679533961702
0.822814215497
0.58411828855
0.67630077842
0.858326579387
0.582092118636
0.664777163724
0.858326579387
0.582443789619
0.662895087731
0.83428432289
0.583136749547
0.665688032623
0.83428432289
0.583136749547
0.665688032623
0.83428432289
0.584243401907
0.663274773863
0.829558929545
0.585024274113
0.664810111004
0.829558929545
0.587344666872
0.661390750009
0.787734597916
0.588509332429
0.663957613797
0.787734597916
0.58973730771
0.661622206252
0.794887919887
0.590579973788
0.663907535986
0.794887919887
0.591533404266
0.661861067811
0.794887919887
0.591533404266
0.661861067811
0.944773256217
0.578532969039
0.621042388893
0.944773256217
0.579551000263
0.619742818908
0.944773256217
0.580519278214
0.618338662401
0.944773256217
0.582290878758
0.61459134121
0.988288687798
0.581890321617
0.612942930321
0.988288687798
0.582854857035
0.610776367864
0.869657498252
0.58324018868
0.610447986074
0.869657498252
0.584559934316
0.607243888335
0.869657498252
0.584559934316
0.607243888335
0.931138551205
0.58406338693
0.606304353676
0.931138551205
0.584891926431
0.604897735163
0.900777913526
0.585022069211
0.603214912391
0.900777913526
0.585184975252
0.601750423199
0.94151750505
0.584434834561
0.601097103256
0.94151750505
0.585677355575
0.598197479571
0.94151750505
0.585677355575
0.598197479571
0.955726882291
0.58514812812
0.597226676298
0.955726882291
0.58669340188
0.594381677221
0.946391298488
0.587700106444
0.594135960976
0.946391298488
0.587798813993
0.59315295539
0.972166112803
0.586959822824
0.591587118263
0.972166112803
0.587621987722
0.58971313892
0.869900791841
0.588275922259
0.589101572125
0.869900791841
0.590139990421
0.588133566275
0.878507227593
0.590671850351
0.587471783002
0.878507227593
0.59089433284
0.58566956892
0.878507227593
0.59089433284
0.58566956892
0.932815942469
0.59048793437
0.584412926896
0.932815942469
0.592202546752
0.582126901561
0.854236260383
0.592535361532
0.581167431285
0.854236260383
0.592686220799
0.578632071107
0.875359087174
0.593057714569
0.578116166347
0.875359087174
0.594055859539
0.57586300178
0.886487038212
0.594059388136
0.575068180835
0.886487038212
0.594059388136
0.575068180835
0.886487038212
0.594835893517
0.574581335772
0.890833999826
0.595138323555
0.57338200852
0.890833999826
0.595913400482
0.571132130195
0.901159850935
0.596530073718
0.570753124543
0.901159850935
0.598064206709
0.567777370917
0.957240092373
0.598592435162
0.567504481237
0.957240092373
0.598995681025
0.56774143662
0.957240092373
0.598995681025
0.56774143662
0.84217588593
0.598969153368
0.567052390426
0.84217588593
0.598908106613
0.566989978858
0.869727220831
0.599157819352
0.566669743572
0.869727220831
0.600081392109
0.566260857798
0.915403117828
0.599975047357
0.565631809482
0.915403117828
0.601609980166
0.562469051575
0.948753837989
0.602115061283
0.562232740325
0.948753837989
0.603660940193
0.560671801599
0.855540499292
0.603869958746
0.560359660604
0.855540499292
0.605021704976
0.558186178794
0.855540499292
0.605021704976
0.558186178794
0.937502358576
0.604983840985
0.558108367643
0.937502358576
0.606143736458
0.559012559404
0.950553546288
0.606631257204
0.559767629199
0.950553546288
0.607270866436
0.559128248176
0.941074401596
0.607864579525
0.560050521249
0.941074401596
0.608897415372
0.559796337238
0.941074401596
0.608897415372
0.559796337238
0.961772207886
0.609146464482
0.560064080703
0.961772207886
0.610427889431
0.560051147426
0.886205451695
0.611111307859
0.560658533118
0.886205451695
0.612407014125
0.5589818963
0.878388289581
0.612821535546
0.559332627176
0.878388289581
0.615358770078
0.557696793234
0.902007432563
0.615470376613
0.558354871055
0.902007432563
0.616629356893
0.55749373536
0.902007432563
0.616629356893
0.55749373536
0.930585036614
0.616411953917
0.557744955179
0.930585036614
0.61803095912
0.557871681182
0.90938020549
0.618637781375
0.558480139985
0.90938020549
0.620892949098
0.557338139395
0.867309900969
0.620624264021
0.557432857468
0.867309900969
0.622405168562
0.555570421457
0.839454397262
0.623071488204
0.556099215742
0.839454397262
0.625266705231
0.554426632821
0.827988221456
0.625822615902
0.555134590601
0.827988221456
0.626938514137
0.553764551871
0.827988221456
0.626938514137
0.553764551871
0.832148588531
0.627443664893
0.554469837433
0.832148588531
0.627849503435
0.556972880778
0.832747943986
0.628798878034
0.558260615164
0.832747943986
0.63015362671
0.557444250826
0.809358063801
0.630458571613
0.557868716736
0.809358063801
0.631497418302
0.556923702906
0.809358063801
0.631497418302
0.556923702906
0.811425541291
0.632083875793
0.557389971977
0.811425541291
0.633210780649
0.558209585882
0.913322242857
0.6337508101
0.558776087762
0.913322242857
0.635242749781
0.558311336788
0.851651843152
0.635295623393
0.558129100488
0.851651843152
0.635674527246
0.559149385565
0.823423491832
0.635571450664
0.560362519506
0.823423491832
0.636651065558
0.559768692718
0.82202566694
0.636702724126
0.560837820477
0.82202566694
0.637451455458
0.561710512659
0.82202566694
0.637451455458
0.561710512659
0.871602924778
0.637998674091
0.562119928266
0.871602924778
0.638248866611
0.562376519923
0.829352370267
0.638353002825
0.563246769458
0.829352370267
0.638240330596
0.564162413011
0.888610572444
0.637991410217
0.564641959245
0.888610572444
0.63742644149
0.566705462434
0.888610572444
0.63742644149
0.566705462434
0.852906020342
0.638109375956
0.566877915991
0.852906020342
0.637376476295
0.569004836039
0.816450132621
0.637761917595
0.569710030853
0.816450132621
0.636919263767
0.570880724946
0.852898507949
0.637162199565
0.570860479536
0.852898507949
0.637735910189
0.570119227663
0.864432512045
0.637834658675
0.570566830316
0.864432512045
0.636170255804
0.573931776025
0.864432512045
0.636170255804
0.573931776025
0.817159844641
0.636298562575
0.574598091144
0.817159844641
0.636566073787
0.575534511549
0.836842814567
0.6363279363
0.575651100827
0.836842814567
0.636144389642
0.574651684037
0.848548205955
0.636317808155
0.574961787156
0.848548205955
0.635722032183
0.576724251041
0.79327979581
0.652022906357
0.624227448871
0.79327979581
0.646150574566
0.633084116885
0.79327979581
0.646150574566
0.633084116885
0.784409472325
0.621703766967
0.594598788226
0.784409472325
0.612366415824
0.612853671693
0.765588278923
0.620407691861
0.622132336308
0.765588278923
0.609667446342
0.652983531648
0.812931655357
0.611475044281
0.662261531988
0.812931655357
0.609721329987
0.673304859148
0.910510186431
0.608173587722
0.676389080167
0.910510186431
0.607364157247
0.689835848582
0.910510186431
0.607364157247
0.689835848582
0.81874740242
0.609395365519
0.693149231556
0.81874740242
0.609343653504
0.699029578645
0.862146322293
0.608806231348
0.701215038155
0.862146322293
0.607552307971
0.703158918711
1.0
0.607482280387
0.703771442432
1.0
0.60686273661
0.705068629116
0.897574009196
0.606346041303
0.70664333002
0.897574009196
0.606364784189
0.707573395531
0.897574009196
0.606364784189
0.707573395531
0.883031282734
0.60639722587
0.70858931454
0.883031282734
0.605370363467
0.709193047268
0.867333762909
0.605619320035
0.710641694293
0.867333762909
0.604843495353
0.712121992992
0.933847874807
0.605006102979
0.713437909091
0.933847874807
0.605216489356
0.713884622531
0.970675241187
0.605579912068
0.715026579978
0.970675241187
0.605267667593
0.71528078635
0.970675241187
0.605267667593
0.71528078635
