0.988927348486
0.490822218352
0.709030333597
0.972898440222
0.497952084693
0.732102991936
0.972898440222
0.499369322649
0.749329659917
0.972898440222
0.499369322649
0.749329659917
0.99
0.506017405391
0.773114062043
0.99
0.506361279867
0.793202226569
0.972733543977
0.510045769807
0.815489694029
0.972733543977
0.509633643726
0.837532932266
0.99
0.515105818546
0.860542544508
0.99
0.51515486341
0.881975215844
0.99
0.51515486341
0.881975215844
0.99
0.519711526488
0.906114778138
0.99
0.519953290157
0.926791291695
0.99
0.525098627672
0.950673032427
0.99
0.524931996745
0.972083756301
0.99
0.528989926124
0.99206738943
0.99
0.527841154635
1.01101418305
0.99
0.529465871157
1.03147741205
0.99
0.52912949673
1.04714583857
0.99
0.532731005649
1.0610003998
0.99
0.532587774358
1.07470888353
0.99
0.532587774358
1.07470888353
0.99
0.536000151413
1.09012362499
0.99
0.53497604911
1.09988238751
1.0
0.536284748046
1.10815815164
1.0
0.536175730145
1.11860289629
1.0
0.535940758009
1.12667335443
1.0
0.535823637005
1.13380863478
1.0
0.535964013583
1.13621653516
1.0
0.536708703518
1.1389380687
1.0
0.536708703518
1.1389380687
1.0
0.535842583567
1.13713234369
1.0
0.536441092884
1.13614267486
1.0
0.535347645773
1.1329791534
1.0
0.535791677149
1.13239547164
1.0
0.535729620595
1.13221294777
1.0
0.535992750244
1.1317954632
1.0
0.535032194592
1.1305897926
1.0
0.535370656827
1.13078619888
1.0
0.535370656827
1.13078619888
1.0
0.534234238928
1.13057317141
1.0
0.53436131874
1.13076145999
1.0
0.534029262665
1.1306984455
1.0
0.53401864201
1.13049157393
1.0
0.53373364307
1.12956309804
1.0
0.533766363904
1.12985821989
1.0
0.533235957557
1.1303817939
1.0
0.533221783739
1.13077377526
1.0
0.533221783739
1.13077377526
1.0
0.532640145816
1.13041135176
1.0
0.532614280165
1.13006289732
1.0
0.532126030271
1.129859555
1.0
0.532090591725
1.13001477022
1.0
0.532370063218
1.12981978033
1.0
0.532369793263
1.12986705979
1.0
0.532369793263
1.12986705979
1.0
0.531894107073
1.12970277557
1.0
0.531884603739
1.12946498041
1.0
0.531349391686
1.12962767309
1.0
0.531186209229
1.12936654435
1.0
0.530982321788
1.1294413393
1.0
0.531050716724
1.12938593685
1.0
0.530746790344
1.12790675737
1.0
0.530487779728
1.12727888741
1.0
0.531073237853
1.12773793184
1.0
0.53108970323
1.12717061156
1.0
0.53108970323
1.12717061156
1.0
0.530743227763
1.1257380845
1.0
0.530341310548
1.12566379145
1.0
0.530058526129
1.12542738801
1.0
0.530123081657
1.12550069767
1.0
0.529441475309
1.12501442009
1.0
0.529411522238
1.12459284591
1.0
0.529325611631
1.1242723036
1.0
0.52944597555
1.12380998366
1.0
0.52944597555
1.12380998366
1.0
0.528618784589
1.1236850198
1.0
0.528398038499
1.12334097193
1.0
0.527931256278
1.12265783296
1.0
0.527828860347
1.12243058834
1.0
0.527212164917
1.12277682975
1.0
0.526855331124
1.122265219
1.0
0.526855331124
1.122265219
1.0
0.526905584531
1.12150973561
1.0
0.527002502915
1.12112648907
1.0
0.525907548132
1.1213246958
1.0
0.525598611146
1.1215005585
1.0
0.525177055681
1.12064828632
1.0
0.525100826083
1.11986050926
1.0
0.52568595208
1.11923674084
1.0
0.525293564185
1.11868943078
1.0
0.524463760993
1.11874530844
1.0
0.524417723907
1.11853016219
1.0
0.524417723907
1.11853016219
1.0
0.523664814719
1.11809468908
1.0
0.523636663765
1.11749561972
1.0
0.524670137686
1.11721656866
1.0
0.524596528433
1.11663329966
1.0
0.523657013199
1.11656155893
1.0
0.523528267018
1.11619684792
1.0
0.523397720919
1.11555937203
1.0
0.523296671479
1.11553985866
1.0
0.523296671479
1.11553985866
1.0
0.52332383478
1.11476277107
1.0
0.523370311446
1.11473860627
1.0
0.522797354209
1.11426908638
1.0
0.522779815509
1.11432200922
1.0
0.521234083228
1.1137838212
1.0
0.520476260474
1.11309572015
1.0
0.517181398721
1.11107985193
1.0
0.517181398721
1.11107985193
1.0
0.515137362681
1.1092425378
1.0
0.513632790683
1.10767268106
1.0
0.514162657024
1.1057258056
1.0
0.515165976732
1.10488145253
1.0
0.51519494505
1.10488126187
1.0
0.515044586361
1.1049430682
1.0
0.515024325784
1.10511124464
1.0
0.515762911784
1.10467144661
1.0
0.515769891161
1.10452290171
1.0
0.515769891161
1.10452290171
1.0
0.514860930005
1.10481314256
1.0
0.514963997489
1.10453331161
1.0
0.515263210434
1.10450780102
1.0
0.515210830084
1.10423058494
1.0
0.515306167398
1.1037760164
1.0
0.515380228996
1.10375149526
1.0
0.515380228996
1.10375149526
1.0
0.515527686536
1.10374518413
1.0
0.515409921903
1.10391012813
1.0
0.515804322411
1.10370908639
1.0
0.515899824263
1.10349978022
1.0
0.515287985418
1.10283191105
1.0
0.515381724119
1.10308783425
1.0
0.51576366059
1.10382126889
1.0
0.515917394304
1.10364758167
1.0
0.516135240909
1.10366908737
1.0
0.516135240909
1.10366908737
1.0
0.516113263097
1.10364480888
1.0
0.516056374833
1.10344132453
1.0
0.516053258684
1.10332181575
1.0
0.516075045603
1.10344667516
1.0
0.516394099404
1.10328115272
1.0
0.516542944032
1.10292583241
1.0
0.516360791981
1.10339415082
1.0
0.516222627912
1.10329487801
1.0
0.516048231722
1.10328474123
1.0
0.516048231722
1.10328474123
1.0
0.516314857123
1.10341815004
1.0
0.516525429
1.10333954994
1.0
0.515751676035
1.10387860348
1.0
0.515782318616
1.10378763577
1.0
0.517188931983
1.10354813779
1.0
0.517144794695
1.10290062134
1.0
0.517144794695
1.10290062134
1.0
0.516911841929
1.10230138556
1.0
0.517043063494
1.10235772454
1.0
0.517120848482
1.10265498054
1.0
0.517096847781
1.10255543329
1.0
0.516634521711
1.10230280953
1.0
0.516494465369
1.10183328986
1.0
0.516716240234
1.10212118001
1.0
0.516758071779
1.10207250925
1.0
0.517818031754
1.10215972764
1.0
0.51775875489
1.1029483381
1.0
0.51775875489
1.1029483381
1.0
0.517702502003
1.1019124417
1.0
0.518009615103
1.10161082704
1.0
0.517836194334
1.10197474112
1.0
0.517593266298
1.10144945612
1.0
0.51793606256
1.10159549228
1.0
0.518081462203
1.10175185891
1.0
0.518437630435
1.10129128579
1.0
0.518584823506
1.10117003428
1.0
0.518584823506
1.10117003428
1.0
0.518032590459
1.10125589097
1.0
0.517581398325
1.10082312536
1.0
0.517635279339
1.10147372627
1.0
0.517718432829
1.10139707295
1.0
0.517873553602
1.10089463497
1.0
0.518136755727
1.10089411919
1.0
0.518136755727
1.10089411919
1.0
0.518418329549
1.10016951244
1.0
0.518172315211
1.09978088435
1.0
0.518276873437
1.0999953602
1.0
0.51836987438
1.10002233999
1.0
0.517898821972
1.0996403173
1.0
0.517864478297
1.09950254988
1.0
0.518237405864
1.09944688183
1.0
0.518414062399
1.09906481907
1.0
0.518414062399
1.09906481907
1.0
0.518815181674
1.09856331005
1.0
0.518855391812
1.09809377264
1.0
0.518196653056
1.0973074852
1.0
0.51829289522
1.09722822928
1.0
0.519115880649
1.09690822495
1.0
0.519021730627
1.09657849496
1.0
0.519424517945
1.09607906208
1.0
0.519595754301
1.09597722196
1.0
0.519223382569
1.09561090702
1.0
0.51938234285
1.09541715172
1.0
0.51938234285
1.09541715172
1.0
0.518910878954
1.09512676014
1.0
0.518751037408
1.09520006115
1.0
0.518973409145
1.09522082713
1.0
0.518997262676
1.09437221566
1.0
0.519250555282
1.09406250106
1.0
0.519284360102
1.09372793802
1.0
0.518822468341
1.09308438971
1.0
0.519060612851
1.09321139175
1.0
0.519060612851
1.09321139175
1.0
0.519276695906
1.09290109259
1.0
0.51901598865
1.09244704915
1.0
0.518572218469
1.09229279835
1.0
0.518574016502
1.09167487121
1.0
0.519036134395
1.09165326025
1.0
0.518988852996
1.09118759946
1.0
0.519107374189
1.09146133866
1.0
0.519176556407
1.09187958965
1.0
0.519176556407
1.09187958965
1.0
0.519127368688
1.0917884049
1.0
0.519032528475
1.09168754631
1.0
0.518499539272
1.09136326086
1.0
0.518747452138
1.0912845485
1.0
0.519367885926
1.09151216672
1.0
0.51899180199
1.09171006978
1.0
0.519267883752
1.09162782215
1.0
0.519349558262
1.09167835725
1.0
0.519349558262
1.09167835725
1.0
0.519176701796
1.09156816691
1.0
0.519358323837
1.09079971709
1.0
0.519449225777
1.09147069464
1.0
0.519386645131
1.09200659256
1.0
0.519495600781
1.09200269487
1.0
0.519601445169
1.09202037312
1.0
0.519601445169
1.09202037312
1.0
0.519437688737
1.09193811758
1.0
0.51927628475
1.09189519034
1.0
0.519295567119
1.09159311719
1.0
0.519346245405
1.09171468101
1.0
0.519348004291
1.09153100089
1.0
0.519381153524
1.0910861155
1.0
0.519377194615
1.09130224998
1.0
0.519379877373
1.09129199851
1.0
0.519629146493
1.09100010062
1.0
0.519474356514
1.09083643843
1.0
0.519474356514
1.09083643843
1.0
0.5190814192
1.09064245071
1.0
0.519176655122
1.09048454051
1.0
0.519028482159
1.0902945777
1.0
0.518805367943
1.09004128776
1.0
0.518816872986
1.08973207404
1.0
0.51877225046
1.08946596589
1.0
0.518624942704
1.08891330485
1.0
0.518683696877
1.08798996792
1.0
0.518683696877
1.08798996792
1.0
0.518576250499
1.08742918489
1.0
0.518342883991
1.0870277181
1.0
0.517661973523
1.08701377024
1.0
0.517599081888
1.08726749309
1.0
0.517204891676
1.08690703537
1.0
0.517214208578
1.08582160073
1.0
0.517214208578
1.08582160073
1.0
0.517270552102
1.08569637799
1.0
0.517369579552
1.08564975095
1.0
0.517186394019
1.08558799302
1.0
0.516921176533
1.08563600008
1.0
0.517025512488
1.08508262897
1.0
0.516884669416
1.08479184415
1.0
0.516669955141
1.08345688583
1.0
0.516814340312
1.08253555386
1.0
0.516073719614
1.08110723853
1.0
0.516399704215
1.07907909467
1.0
0.516399704215
1.07907909467
1.0
0.516286403634
1.07597521188
1.0
0.516760500924
1.07364579928
1.0
0.516473722136
1.07356639715
1.0
0.516467998047
1.07325687593
1.0
0.51626898393
1.07287142359
1.0
0.516011566376
1.07292035751
1.0
0.516011566376
1.07292035751
1.0
0.515777527794
1.07314754842
1.0
0.515498951669
1.07310287416
1.0
0.515174528557
1.07366976491
1.0
0.51493804079
1.07315790841
1.0
0.514346641453
1.07269938492
1.0
0.514270574206
1.07291055264
1.0
0.513926070974
1.07301925229
1.0
0.513770548841
1.07299897806
1.0
0.513388667056
1.07281834701
1.0
0.513245621153
1.07294846651
1.0
0.513245621153
1.07294846651
1.0
0.512814488647
1.07316926727
1.0
0.512427554565
1.07281830441
1.0
0.512271504083
1.07226936418
1.0
0.512082583691
1.07238215194
1.0
0.512112061881
1.07225500862
1.0
0.511959411498
1.07205023026
1.0
0.511139197758
1.07267099551
1.0
0.51088997843
1.07260269175
1.0
0.51088997843
1.07260269175
1.0
0.510137445164
1.07191022193
1.0
0.51000785138
1.0720412398
1.0
0.508976539044
1.07260579237
1.0
0.509012109072
1.07283506897
1.0
0.50957015885
1.07253768958
1.0
0.509452324568
1.07228659719
1.0
0.509452324568
1.07228659719
1.0
0.508902358783
1.07172663717
1.0
0.508552702104
1.07138173499
1.0
0.508767626258
1.07231664417
1.0
0.508717895079
1.07217111564
1.0
0.507535571989
1.07210417279
1.0
0.507210090423
1.07232858361
1.0
0.507396920137
1.07246684427
1.0
0.507314204556
1.0725896488
1.0
0.507074127954
1.07223291458
1.0
0.507045261431
1.0724852031
1.0
0.507045261431
1.0724852031
1.0
0.506691522676
1.07260447922
1.0
0.506194158307
1.07268622392
1.0
0.505501894432
1.07274766502
1.0
0.505252044715
1.07309014821
1.0
0.505469022289
1.07375886474
1.0
0.505374022369
1.07430030017
1.0
0.505374022369
1.07430030017
1.0
0.504696210654
1.0743739857
1.0
0.504639685102
1.07415490838
1.0
0.503983845186
1.07419201416
1.0
0.503651432182
1.07395545499
1.0
0.503162046601
1.07404530068
1.0
0.503093504255
1.07443532923
1.0
0.502118268936
1.07393896602
1.0
0.502022634626
1.07425715871
1.0
0.502022634626
1.07425715871
1.0
0.502683634705
1.07472913885
1.0
0.502340583672
1.07476641274
1.0
0.50139228937
1.07457935863
1.0
0.501151097117
1.07571647975
1.0
0.500111335277
1.07588755274
1.0
0.499885754535
1.07572668202
1.0
0.499561696968
1.07564784266
1.0
0.499368057589
1.07573332258
1.0
0.498534225304
1.07613514576
1.0
0.498431083799
1.07614354308
1.0
0.498431083799
1.07614354308
1.0
0.498443991779
1.07615498555
1.0
0.498020565924
1.07639242907
1.0
0.496968943625
1.07664406319
1.0
0.496518119486
1.07656877458
1.0
0.496553937877
1.07725883414
1.0
0.496418181128
1.07797598207
1.0
0.496418181128
1.07797598207
1.0
0.496091740838
1.07774331178
1.0
0.496144995125
1.07832370217
1.0
0.49542593339
1.07838280723
1.0
0.49536298286
1.07877476293
1.0
0.495853526041
1.0791570758
1.0
0.495512325116
1.07918720705
1.0
0.495130436843
1.0798426524
1.0
0.494986062132
1.07995156399
1.0
0.494986062132
1.07995156399
1.0
0.494605574917
1.07951632956
1.0
0.494577571514
1.07979793292
1.0
0.494356015221
1.0800946782
1.0
0.494256008517
1.08026799357
1.0
0.494062892508
1.08085689657
1.0
0.493919693241
1.08101055337
1.0
0.494150587441
1.08096317241
1.0
0.493964729965
1.08076615902
1.0
0.493964729965
1.08076615902
1.0
0.493420021753
1.08120617274
1.0
0.493286237393
1.08141772609
1.0
0.493154743966
1.08130929838
1.0
0.493044763281
1.08197630275
1.0
0.493301455105
1.08226234914
1.0
0.493425780245
1.08241837023
1.0
0.493038154506
1.08241453618
1.0
0.493065355791
1.08278461886
1.0
0.493065355791
1.08278461886
1.0
0.493535807767
1.08344578603
1.0
0.493436517775
1.08350751746
1.0
0.49302992395
1.08329146326
1.0
0.493044807673
1.08366356541
1.0
0.493350439017
1.08428723567
1.0
0.493226045128
1.08391587319
1.0
0.493256480012
1.08338737155
1.0
0.493228839359
1.08392962306
1.0
0.492981567983
1.08405577699
1.0
0.492796819928
1.08460839367
1.0
0.492796819928
1.08460839367
1.0
0.492728201379
1.0845122594
1.0
0.492794279471
1.0841923064
1.0
0.492197869208
1.08481511636
1.0
0.492017022867
1.08517882409
1.0
0.492411716092
1.08487962625
1.0
0.49246294043
1.08465643065
1.0
0.49246294043
1.08465643065
1.0
0.492416256686
1.08594973461
1.0
0.492244862098
1.08640070091
1.0
0.492182226781
1.08580253744
1.0
0.49212587298
1.08569851098
1.0
0.491709754028
1.08564081364
1.0
0.491909818197
1.08600003218
1.0
0.49141772601
1.08587062651
1.0
0.491117329526
1.08565557444
1.0
0.491117329526
1.08565557444
1.0
0.490810478443
1.08601385952
1.0
0.490725918395
1.08612266487
1.0
0.491021994209
1.0865237281
1.0
0.490856722198
1.08684856136
1.0
0.490871278751
1.08701879358
1.0
0.490677048164
1.08650719604
1.0
0.490445972599
1.08646379213
1.0
0.490583567489
1.08715042187
1.0
0.490583567489
1.08715042187
1.0
0.490289610968
1.0871877347
1.0
0.489973111209
1.08712414716
1.0
0.490046185013
1.08647532985
1.0
0.490051514657
1.08549770384
1.0
0.48997131537
1.07927634602
1.0
0.490066961946
1.07282149845
1.0
0.489391967216
1.05999120819
0.99
0.491258026884
1.04193433226
0.99
0.491258026884
1.04193433226
0.99
0.485864239423
1.017202669
0.99
0.488549859706
0.993831928683
0.99
0.483784332307
0.967836199594
0.99
0.487418338234
0.940744556757
0.99
0.485168398102
0.912627447449
0.99
0.488910311418
0.883886126063
0.99
0.484783969424
0.86045676352
0.99
0.487367898293
0.833587212689
0.99
0.48552141574
0.811153614554
0.99
0.486677859629
0.7887106439
0.99
0.486677859629
0.7887106439
0.99
0.484422287024
0.776697865588
1.0
0.484000867966
0.767056992872
1.0
0.486673773968
0.766868308284
1.0
0.485972207361
0.769985541951
1.0
0.488799304113
0.770792315371
1.0
0.487834778334
0.772032784765
1.0
0.487834778334
0.772032784765
1.0
0.489415460219
0.771028214523
1.0
0.488982610802
0.770471566501
0.998348528258
0.489149596851
0.770669001719
0.998348528258
0.489142857241
0.771055281707
1.0
0.488059797776
0.771310135045
1.0
0.487928957147
0.772319540881
1.0
0.489355995501
0.772871350476
1.0
0.489330943986
0.77317974449
1.0
0.489330943986
0.77317974449
1.0
0.489020825338
0.773876259007
1.0
0.488674474471
0.774328742569
1.0
0.489550932171
0.774759621294
1.0
0.489435426237
0.775406818841
1.0
0.489478441831
0.775216625965
1.0
0.489211127393
0.776013915418
1.0
0.489346405415
0.776713034141
1.0
0.48924011316
0.776816276751
1.0
0.48924011316
0.776816276751
1.0
0.48884081829
0.777846575891
1.0
0.488691386567
0.778695997889
1.0
0.489029300394
0.778786881477
1.0
0.488714382191
0.779042337066
1.0
0.488529590408
0.779118674923
1.0
0.488626049526
0.779489389558
1.0
0.489207601672
0.780228442252
1.0
0.488939098894
0.78076367626
1.0
0.488939098894
0.78076367626
1.0
0.488459071389
0.78055265504
1.0
0.488335468458
0.781341487294
1.0
0.489409568101
0.782587328418
1.0
0.489151970713
0.783753170278
1.0
0.489096249168
0.783284666991
1.0
0.488829032313
0.783804777603
1.0
0.488824019442
0.784610098621
1.0
0.488848031709
0.785084733927
1.0
0.488848031709
0.785084733927
1.0
0.488867801391
0.784859205152
1.0
0.488728275045
0.785588520419
1.0
0.488944449386
0.787507633922
1.0
0.48904844135
0.788015601066
1.0
0.48929307929
0.78842624335
1.0
0.489165020479
0.789358073935
1.0
0.490127717188
0.790208091459
1.0
0.490003168062
0.790958432893
1.0
0.490003168062
0.790958432893
1.0
0.490219071738
0.790646885848
1.0
0.490206960826
0.791888213635
1.0
0.490536510264
0.793363180328
1.0
0.49033282454
0.794346346535
1.0
0.489945277129
0.795146271584
1.0
0.489989558473
0.795641783982
1.0
0.490665830689
0.796926268028
1.0
0.49082579086
0.798087890004
1.0
0.49082579086
0.798087890004
1.0
0.490342148659
0.798053384332
1.0
0.490212632892
0.798820159044
1.0
0.49086276662
0.799575006728
1.0
0.490824316325
0.800114645229
1.0
0.490884423138
0.801059694974
1.0
0.490947845508
0.801505771512
1.0
0.491505031191
0.802532964074
1.0
0.491478630684
0.803457959346
1.0
0.491478630684
0.803457959346
1.0
0.491313194295
0.804244300802
1.0
0.49142594957
0.805645357122
1.0
0.492058223819
0.805544529009
1.0
0.492105117219
0.80645595567
1.0
0.491954083081
0.807085119538
1.0
0.491992455065
0.807716936687
1.0
0.491979399322
0.808608273455
1.0
0.491855342662
0.809559712106
1.0
0.491855342662
0.809559712106
1.0
0.492389448347
0.81013436421
1.0
0.492535471319
0.810598887233
1.0
0.492625737384
0.811634173303
1.0
0.49240337802
0.8124978898
1.0
0.4925639113
0.813466911529
1.0
0.492372106554
0.813907968962
1.0
0.492920597765
0.813886653785
1.0
0.493022960276
0.814620821174
1.0
0.493022960276
0.814620821174
1.0
0.492928143466
0.814342077671
1.0
0.493111939577
0.815308569214
1.0
0.493404226043
0.816540408594
1.0
0.493245215618
0.816969807066
1.0
0.49338230602
0.81721102043
1.0
0.493381272253
0.817822580713
1.0
0.492677652394
0.81943073368
1.0
0.492631860208
0.820420811466
1.0
0.492631860208
0.820420811466
1.0
0.493344762584
0.820870631319
1.0
0.493398984006
0.821343384628
1.0
0.493396190073
0.821595285437
1.0
0.49351663621
0.822488058869
1.0
0.492969830068
0.822494382472
1.0
0.492970916823
0.822375163335
1.0
0.493774754881
0.82359446677
1.0
0.493854823286
0.824427606853
1.0
0.493854823286
0.824427606853
1.0
0.493971756977
0.824967094918
1.0
0.493767313167
0.825618901107
1.0
0.493995171087
0.831549104355
1.0
0.492158077764
0.840162934691
1.0
0.492884885522
0.849638740133
0.99
0.489981419877
0.866477279778
0.99
0.490233229127
0.88731052521
0.99
0.489957330924
0.89322014957
0.99
0.489957330924
0.89322014957
1.0
0.491134554722
0.902513252834
0.943322013653
0.491718499918
0.909071734979
0.943322013653
0.490196686885
0.914145342399
1.0
0.490814492925
0.915448320624
1.0
0.489972392783
0.915290253911
1.0
0.490302808641
0.918618186446
1.0
0.490608360163
0.917750825446
1.0
0.491155071451
0.922783429611
1.0
0.491155071451
0.922783429611
1.0
0.491642911886
0.92305707474
1.0
0.491791114022
0.923844711075
1.0
0.491644877481
0.92434515902
1.0
0.491854190482
0.924560309494
1.0
0.491549039064
0.92483380768
1.0
0.49179870294
0.925706372215
1.0
0.492689590831
0.925930610847
1.0
0.492885706773
0.926658489076
1.0
0.492885706773
0.926658489076
1.0
0.492595778289
0.926921980295
1.0
0.492957808167
0.927002906155
1.0
0.493225159459
0.927619482447
1.0
0.493126213651
0.927444250579
1.0
0.493183765468
0.92715130545
1.0
0.493517223083
0.926715337165
1.0
0.494013363466
0.926713665344
1.0
0.494103409967
0.926692332994
1.0
0.494103409967
0.926692332994
1.0
0.49409429656
0.9265750323
1.0
0.494404932607
0.926313759756
1.0
0.495116611054
0.92582102829
1.0
0.495298252268
0.925778606623
1.0
0.495443834946
0.925250316701
1.0
0.495680925744
0.925129676517
1.0
0.495558955687
0.92537781753
1.0
0.495634110756
0.925175367387
1.0
0.495634110756
0.925175367387
1.0
0.495990975412
0.924327385616
1.0
0.496276743704
0.923916868586
1.0
0.496511502011
0.92350431165
1.0
0.496804998963
0.923296117443
1.0
0.496425228289
0.923318843652
1.0
0.496637984502
0.923301561312
1.0
0.49678112127
0.922872999909
1.0
0.496976242053
0.922433988596
1.0
0.496976242053
0.922433988596
1.0
0.497226127276
0.922285209348
1.0
0.4976739101
0.921563636646
1.0
0.498119542291
0.921201720981
1.0
0.498047455055
0.9208860253
1.0
0.498055676816
0.921061691588
1.0
0.498660318551
0.919706131015
1.0
0.498408392845
0.9177987052
1.0
0.498459557182
0.917093698419
1.0
0.498459557182
0.917093698419
1.0
0.498951615605
0.915984611896
1.0
0.499031934551
0.915566158917
1.0
0.499022063224
0.915701401929
1.0
0.499427659417
0.914627924875
1.0
0.499460220628
0.914237769534
1.0
0.500077156606
0.913460311008
1.0
0.500809608688
0.911203494502
1.0
0.500858942435
0.910275599911
1.0
0.500858942435
0.910275599911
1.0
0.500768825506
0.908779601601
1.0
0.501026106992
0.907302141233
1.0
0.500784128012
0.90633956122
1.0
0.501155820597
0.905066658683
1.0
0.50164814221
0.903157302219
1.0
0.501802964836
0.901423368823
1.0
0.501564730478
0.90173365771
1.0
0.501693993927
0.900889591414
1.0
0.501693993927
0.900889591414
1.0
0.501510312524
0.898708462153
1.0
0.50174033896
0.896186201825
1.0
0.501736083808
0.894675626566
1.0
0.501902702951
0.893410279552
1.0
0.501546924083
0.891377788268
1.0
0.501899129794
0.89000394621
1.0
0.502088169961
0.888773715831
1.0
0.502321004233
0.887543724016
1.0
0.502321004233
0.887543724016
1.0
0.502706626474
0.886246362261
1.0
0.50315473339
0.884879639042
1.0
0.50352046245
0.884153419478
1.0
0.50376779362
0.88283418073
1.0
0.503331150014
0.881149271738
1.0
0.503798012625
0.879637265395
1.0
0.504544351346
0.877424053049
1.0
0.50523070479
0.875987736156
1.0
0.50523070479
0.875987736156
1.0
0.505926980602
0.87446762171
1.0
0.506089688166
0.873079988921
1.0
0.505882699843
0.871789907394
1.0
0.506098564756
0.869882076773
1.0
0.505988170888
0.869548818135
1.0
0.506531387106
0.868402236451
1.0
0.506996437243
0.867110538215
1.0
0.507136419926
0.865024709921
1.0
0.507136419926
0.865024709921
1.0
0.506731667109
0.863729036643
1.0
0.506955129231
0.862195080532
1.0
0.507032961774
0.86105737477
1.0
0.507177560061
0.860587961021
1.0
0.507576211801
0.85946732655
1.0
0.507906336847
0.858311908303
1.0
0.507856804848
0.856400643955
1.0
0.508073517257
0.854112602823
1.0
0.508073517257
0.854112602823
1.0
0.508010997795
0.853234073052
1.0
0.508349821965
0.852252340794
1.0
0.507961090279
0.85069812897
1.0
0.507967738394
0.849460874423
1.0
0.507302351467
0.848481787036
1.0
0.507621289727
0.847138580543
1.0
0.508190581283
0.845673656371
1.0
0.508069706206
0.843818288392
1.0
0.508069706206
0.843818288392
1.0
0.50737336017
0.842955920254
1.0
0.507431257589
0.841743442664
1.0
0.507513553937
0.840507719104
1.0
0.507877246562
0.83891105847
1.0
0.507613951295
0.838067726295
1.0
0.507714594742
0.836633607586
1.0
0.507549811363
0.834248775265
1.0
0.507678501408
0.832218082927
1.0
0.507678501408
0.832218082927
1.0
0.508400754464
0.831519985767
1.0
0.508783691475
0.830675502295
1.0
0.507899062057
0.829901486021
1.0
0.508169151566
0.828775705214
1.0
0.508834568132
0.826626327543
1.0
0.508872798847
0.824622464813
1.0
0.508465651875
0.823337021776
1.0
0.508597574422
0.821367391731
1.0
0.508597574422
0.821367391731
1.0
0.508235112587
0.820361229112
1.0
0.508481038277
0.819034311042
1.0
0.508115995252
0.818208383323
1.0
0.508255566366
0.816677564532
1.0
0.507758120869
0.814604369786
1.0
0.507784250613
0.813409973604
1.0
0.508042024274
0.811936928384
1.0
0.507948546676
0.810648082004
1.0
0.507948546676
0.810648082004
1.0
0.508708002627
0.810015307382
1.0
0.509124972785
0.8088672804
1.0
0.508989163842
0.806794563075
1.0
0.508948778658
0.805415206793
1.0
0.508663589016
0.803573844766
1.0
0.508818780261
0.802078386028
1.0
0.508573086279
0.80163738485
1.0
0.508395625029
0.800803534025
1.0
0.508395625029
0.800803534025
1.0
0.508474216129
0.799461245677
1.0
0.508656857281
0.798277779273
1.0
0.50925163359
0.79719831359
1.0
0.509229209513
0.795973466837
1.0
0.508856381173
0.795612706114
1.0
0.50894584384
0.794067809588
1.0
0.509108228105
0.792857032303
1.0
0.509117100366
0.792002253195
1.0
0.509117100366
0.792002253195
1.0
0.509800318634
0.791187564176
1.0
0.509569046565
0.790659448895
1.0
0.509513985439
0.789342408441
1.0
0.509543350964
0.788208957615
1.0
0.510311541643
0.787499176709
1.0
0.510391674701
0.786743754895
1.0
0.508952913328
0.785587680524
1.0
0.508670953542
0.784542921145
1.0
0.508670953542
0.784542921145
1.0
0.508624426817
0.783936230879
1.0
0.508711830582
0.783151103667
0.996342805542
0.509589988956
0.782461047213
0.996342805542
0.509521375925
0.781668198931
1.0
0.509538958074
0.78171381168
1.0
0.509431290677
0.781011747522
1.0
0.509823860305
0.780086994348
1.0
0.50989604274
0.779204132655
1.0
0.50989604274
0.779204132655
1.0
0.510551803126
0.778528504029
1.0
0.510417958056
0.778537978784
1.0
0.51031653662
0.778385460216
1.0
0.510183772301
0.777851371367
1.0
0.510467989413
0.777373712741
1.0
0.510705408036
0.777017976373
1.0
0.511239442368
0.77626773879
1.0
0.511207916656
0.775646371299
1.0
0.511207916656
0.775646371299
1.0
0.511768229275
0.775381494185
1.0
0.511662880459
0.775323168354
1.0
0.511940476789
0.774632571789
1.0
0.512059293038
0.773383720172
1.0
0.512462950515
0.773167611226
1.0
0.512283682466
0.773048696073
1.0
0.51264255014
0.772564186743
1.0
0.512603516972
0.772351698941
1.0
0.512603516972
0.772351698941
1.0
0.513252177561
0.77219072958
1.0
0.513616445328
0.771728856242
1.0
0.514827661037
0.771008819
1.0
0.51483033208
0.7712097401
1.0
0.515303003065
0.771867809934
1.0
0.51527068326
0.771129491244
1.0
0.515863734627
0.771226099423
1.0
0.515863734627
0.771226099423
1.0
0.515960903525
0.77169384524
1.0
0.517490525165
0.775134084796
1.0
0.517096493912
0.779813683888
0.99
0.524628975576
0.799730458658
0.99
0.524280440262
0.820733448922
0.99
0.533429367947
0.852723793563
0.99
0.533866779776
0.878137267678
0.99
0.542458710956
0.907591312834
0.99
0.543258921017
0.932285696341
0.99
0.543258921017
0.932285696341
0.99
0.550226538244
0.962887553549
0.99
0.551142579522
0.990605806313
0.99
0.559427277178
1.01519775196
0.99
0.560729796367
1.03680926395
0.99
0.566301539383
1.05510466178
0.99
0.56702510739
1.07052685921
0.730157308431
0.56712724171
1.0947044024
0.730157308431
0.567390235852
1.1014917806
0.730157308431
0.567390235852
1.1014917806
0.730157308431
0.568699169051
1.10524567199
1.0
0.572024205855
1.09181698442
1.0
0.573060829594
1.08946338427
1.0
0.572256999842
1.087374052
1.0
0.57261215002
1.08543742215
1.0
0.572879216122
1.08358549941
1.0
0.57304801393
1.08276511123
1.0
0.57304793436
1.08095339165
1.0
0.57304793436
1.08095339165
1.0
0.573431623182
1.08080718222
1.0
0.573744944077
1.07940419271
1.0
0.574187946002
1.07928714662
1.0
0.573872963709
1.07864884259
1.0
0.574153292801
1.07848823765
1.0
0.574063512919
1.07739218973
1.0
0.574424395098
1.07671855619
1.0
0.57483881003
1.0761244346
1.0
0.57483881003
1.0761244346
1.0
0.574927611454
1.07579392866
1.0
0.574058448308
1.07574789625
1.0
0.574078163006
1.07595037482
1.0
0.573841617855
1.07569018134
1.0
0.574004006858
1.07600054993
1.0
0.573611611955
1.07678855761
1.0
0.573624734313
1.07650671574
1.0
0.573624734313
1.07650671574
1.0
0.573503002147
1.07625979139
1.0
0.573741056583
1.0766633392
1.0
0.573377518715
1.0759222747
1.0
0.573391074301
1.07538340728
1.0
0.573003058232
1.07456629874
1.0
0.572973488104
1.07473311998
1.0
0.572506175698
1.0739162994
1.0
0.572401352288
1.07407630847
1.0
0.5727496579
1.07382668355
1.0
0.5727496579
1.07382668355
1.0
0.572800705469
1.07362785384
1.0
0.572413387734
1.07351508535
1.0
0.572340291435
1.07359241432
1.0
0.571803875021
1.07353581278
1.0
0.571438990287
1.07336730974
1.0
0.571017906554
1.07294432276
1.0
0.570960160165
1.07274927257
1.0
0.570960160165
1.07274927257
1.0
0.570101596625
1.07337467691
1.0
0.569728537226
1.07327335672
1.0
0.568901128192
1.07250820685
1.0
0.568492118341
1.07236999013
1.0
0.568407536094
1.07229218746
1.0
0.568038763848
1.07235346018
1.0
0.567426212497
1.07213711602
1.0
0.567426212497
1.07213711602
1.0
0.567174347703
1.07164041273
1.0
0.566353730879
1.07133415001
1.0
0.565898955551
1.07169190561
1.0
0.564930572978
1.07199174309
1.0
0.56454708513
1.07210073594
1.0
0.564435162713
1.07164658912
1.0
0.564169354577
1.07109884648
1.0
0.563434858532
1.07106425015
1.0
0.563016999208
1.07116770701
1.0
0.562592232204
1.07029057308
1.0
0.562592232204
1.07029057308
1.0
0.562518065282
1.07023322841
1.0
0.561936963791
1.07085413253
1.0
0.561766628334
1.07072411905
1.0
0.561255774053
1.07157616103
1.0
0.560635183839
1.07203073178
1.0
0.559937348678
1.07111634841
1.0
0.559766150266
1.07124098082
1.0
0.559045254479
1.07201657981
1.0
0.559045254479
1.07201657981
1.0
0.558778800355
1.07183871433
1.0
0.558217665109
1.07108882996
1.0
0.557897393979
1.07066801377
1.0
0.5578793967
1.0714016442
1.0
0.55766162395
1.07136806184
1.0
0.557321264273
1.07154989357
1.0
0.557047288819
1.0713049514
1.0
0.557159851062
1.0706702161
1.0
0.557159851062
1.0706702161
1.0
0.557090593557
1.07117486274
1.0
0.556035456631
1.0709304294
1.0
0.555626773051
1.07113093555
1.0
0.555806267587
1.07110795909
1.0
0.555377204142
1.07091290838
1.0
0.554623827212
1.07065774699
1.0
0.554532104862
1.07112583921
1.0
0.554587975286
1.07178783302
1.0
0.554587975286
1.07178783302
1.0
0.554651441235
1.07118409898
1.0
0.554902128987
1.07075007391
1.0
0.554625742426
1.07082121301
1.0
0.554150398191
1.07075421767
1.0
0.553562991915
1.07083548021
1.0
0.553467371274
1.07119141026
1.0
0.553380404203
1.07147678463
1.0
0.553380404203
1.07147678463
1.0
0.553869016098
1.07158565959
1.0
0.553168712985
1.07168219932
1.0
0.553043936875
1.07103724896
1.0
0.55257778879
1.07117370306
1.0
0.552487972212
1.07046711234
1.0
0.551878044353
1.06888881754
1.0
0.552653098699
1.0679668686
1.0
0.552653098699
1.0679668686
1.0
0.552314681183
1.06664570737
1.0
0.555328394949
1.05654689013
1.0
0.557521345247
1.04738479644
0.99
0.560492494692
1.02634053913
0.99
0.566193306026
1.00165885248
0.99
0.566285143999
0.975502952194
0.99
0.57360519601
0.946942888291
0.99
0.569926302566
0.921178476625
0.99
0.575763862296
0.88795326289
0.99
0.571348135662
0.857883894276
0.99
0.571348135662
0.857883894276
0.99
0.576164115628
0.824749711132
0.99
0.574321819374
0.794920324896
0.99
0.580263235177
0.759668782322
0.99
0.578014347559
0.730943684158
0.99
0.581571861924
0.700985156969
0.99
0.57539012063
0.673640886755
0.99
0.57539012063
0.673640886755
0.99
0.575217750228
0.650298398846
0.969097645854
0.574258504635
0.645146596722
0.969097645854
0.574200908307
0.631192496122
0.99
0.565974203704
0.599901282935
0.99
0.566674200521
0.587614025061
1.0
0.565579762769
0.583619836515
1.0
0.56618861496
0.5778434047
1.0
0.565856570354
0.577174052665
1.0
0.565989523961
0.577890148888
1.0
0.566626300558
0.578423377968
1.0
0.566626300558
0.578423377968
1.0
0.566788408515
0.578524629449
1.0
0.566625640581
0.5783354858
1.0
0.566821216067
0.578675934932
1.0
0.566415791321
0.579313492363
1.0
0.566934680096
0.579228327121
1.0
0.567139940844
0.579846427835
1.0
0.567654321322
0.579225708252
1.0
0.567654321322
0.579225708252
1.0
0.567484797674
0.5795179149
1.0
0.568134165242
0.57928591454
1.0
0.569282811051
0.580005512159
1.0
0.56989832604
0.579806368539
1.0
0.570413675893
0.580120088482
1.0
0.571186281251
0.57986156299
1.0
0.57178631721
0.580089654525
1.0
0.572201964101
0.580015433892
1.0
0.572201964101
0.580015433892
1.0
0.572834295075
0.580863088315
1.0
0.573731391101
0.579964222961
1.0
0.575167098441
0.581189601046
1.0
0.575673729775
0.580836141534
1.0
0.575716193773
0.580549825451
1.0
0.576473295876
0.579584233687
1.0
0.577545497178
0.580294490673
1.0
0.578281274495
0.579367378766
1.0
0.578905687432
0.579239982952
1.0
0.578905687432
0.579239982952
1.0
0.579981981794
0.578303102187
1.0
0.580562129727
0.579612196247
1.0
0.581565123938
0.578458674967
1.0
0.581730122262
0.577234685487
1.0
0.582401091081
0.576310824525
1.0
0.582898822456
0.576982622236
1.0
0.583865594226
0.576885675654
1.0
0.58532692559
0.577577188778
1.0
0.58532692559
0.577577188778
1.0
0.586357431129
0.576230399294
1.0
0.587963333536
0.576759505092
1.0
0.588662119091
0.575106665981
1.0
0.589239621249
0.575223262437
1.0
0.590483673126
0.574271000481
1.0
0.591189745404
0.574743908008
1.0
0.591189745404
0.574743908008
1.0
0.592306073254
0.574511640621
1.0
0.593168551995
0.575751326618
1.0
0.593960148829
0.574913564169
