1.0
0.460764759255
0.659486643717
1.0
0.460973717276
0.660262213615
1.0
0.463309005644
0.663135348227
1.0
0.463563463544
0.664094767664
1.0
0.464602320482
0.664211360048
1.0
0.464602320482
0.664211360048
1.0
0.464865084487
0.664461505401
1.0
0.466688427096
0.666880064039
1.0
0.467013027705
0.666677489074
1.0
0.467864673733
0.665562801898
1.0
0.468419734257
0.665440978975
1.0
0.469972663762
0.665747601286
1.0
0.470518892283
0.665096394738
1.0
0.473276190792
0.666798196804
1.0
0.473276190792
0.666798196804
1.0
0.473911324706
0.665809875357
1.0
0.475295339688
0.666567976672
1.0
0.476039496818
0.665766681659
1.0
0.478194678602
0.666771644137
1.0
0.47883191734
0.666014092566
1.0
0.48089163391
0.666864499474
1.0
0.481631399036
0.665875055221
1.0
0.483890998192
0.665566289886
1.0
0.483890998192
0.665566289886
1.0
0.484847765235
0.664654794271
1.0
0.487023207846
0.664588122653
1.0
0.487782232608
0.663357524015
1.0
0.490594725826
0.664193440263
1.0
0.49116706292
0.663463987766
1.0
0.493547835664
0.664210278339
1.0
0.494703779098
0.662097492634
1.0
0.497197737827
0.663448531506
1.0
0.497988014422
0.662639954162
1.0
0.499979702458
0.664476834928
1.0
0.499979702458
0.664476834928
1.0
0.500595759756
0.663862837045
1.0
0.502372858305
0.666026565718
1.0
0.503271728613
0.66535953324
1.0
0.506033202728
0.66734597741
1.0
0.506819700185
0.667266091784
1.0
0.509130009613
0.670749963594
1.0
0.509130009613
0.670749963594
1.0
0.509656951247
0.670958152017
1.0
0.511431757227
0.673603907168
1.0
0.512073811765
0.674118981224
1.0
0.51357001156
0.675495170824
1.0
0.514411902572
0.676028883149
1.0
0.516486207899
0.678535564162
1.0
0.516962245727
0.679140347273
1.0
0.518196887934
0.68124665598
1.0
0.518196887934
0.68124665598
1.0
0.518733975128
0.68108956539
1.0
0.519157573595
0.681651802446
1.0
0.519786760708
0.682196267605
1.0
0.51947375315
0.682569701513
1.0
0.519860686782
0.682529227902
1.0
0.519321533109
0.683194761207
1.0
0.519623961084
0.682197660744
1.0
0.519517037248
0.682713978364
1.0
0.519957190137
0.682014746255
1.0
0.519957190137
0.682014746255
1.0
0.517725783275
0.679238890824
1.0
0.518002031821
0.678283559303
1.0
0.516785124343
0.677871459929
1.0
0.517016050904
0.676651901991
1.0
0.513818246301
0.676032441785
1.0
0.514043771308
0.674040240567
1.0
0.507076766292
0.673466789918
1.0
0.507076766292
0.673466789918
1.0
0.507137696395
0.670734819967
1.0
0.501671203549
0.669402964926
1.0
0.500362857965
0.66713180209
1.0
0.497756010834
0.665279909215
1.0
0.495686013909
0.663973459958
1.0
0.495936961596
0.661410041293
1.0
0.496401990624
0.657890766491
1.0
0.495441402364
0.65293064067
1.0
0.495441402364
0.65293064067
1.0
0.496284321208
0.650490800932
1.0
0.495258019021
0.645753616991
1.0
0.49560035261
0.64256553533
1.0
0.494853875224
0.639391081694
1.0
0.494498622863
0.636174538316
1.0
0.493432077419
0.631516881054
1.0
0.493113108103
0.628149185609
1.0
0.492859836552
0.624229666897
1.0
0.493001611144
0.6202936591
1.0
0.493001611144
0.6202936591
1.0
0.492509754524
0.617016275159
1.0
0.492686483046
0.613504534327
1.0
0.492551108183
0.610530792718
1.0
0.492602104407
0.6072038922
1.0
0.492377969562
0.603025865058
1.0
0.492698886449
0.599002234303
1.0
0.492833797474
0.596418742358
1.0
0.492833797474
0.596418742358
1.0
0.493101420639
0.593453555125
1.0
0.493995483324
0.590821097818
1.0
0.494150382406
0.587713103722
1.0
0.495834778625
0.586864289591
1.0
0.496558294037
0.582370714287
1.0
0.498215380735
0.581104135106
1.0
0.498725172689
0.577628896426
1.0
0.499885120569
0.575787631607
1.0
0.500845029525
0.572268570011
1.0
0.500845029525
0.572268570011
1.0
0.502818911691
0.570513884197
1.0
0.503507092091
0.567681841666
1.0
0.505734384911
0.567470528822
1.0
0.506712867148
0.563968878248
1.0
0.508620923087
0.56331464022
1.0
0.509308353583
0.560685573471
1.0
0.511182633454
0.560651255653
1.0
0.511182633454
0.560651255653
1.0
0.512182101471
0.557808403354
1.0
0.514494890657
0.558749826137
1.0
0.515438213709
0.556015506197
1.0
0.517958563423
0.557704091292
1.0
0.519332560081
0.554666150005
1.0
0.522254696932
0.555362283394
1.0
0.523241120168
0.553098702573
1.0
0.526016814032
0.555541557336
1.0
0.526016814032
0.555541557336
1.0
0.52725785314
0.55390713464
1.0
0.52930571199
0.55553985397
1.0
0.530412469417
0.553872331894
1.0
0.533098350111
0.555483068665
1.0
0.534317418077
0.553445665202
1.0
0.536209275405
0.554378372654
1.0
0.537533141811
0.55319756384
1.0
0.539242387951
0.555039101588
1.0
0.539242387951
0.555039101588
1.0
0.540192421639
0.553544588084
1.0
0.542236369071
0.55635116374
1.0
0.543350535128
0.55420836373
1.0
0.544576784728
0.55681943338
1.0
0.545320662151
0.555511481012
1.0
0.546898208671
0.558025288185
1.0
0.547523299115
0.558162051367
1.0
0.549121591553
0.560692849313
1.0
0.549121591553
0.560692849313
1.0
0.549928972939
0.559650275943
1.0
0.551343639167
0.563421729626
1.0
0.551648839245
0.564783725894
1.0
0.552341024348
0.566927875095
1.0
0.552626832489
0.568028717539
1.0
0.553862793493
0.57196899961
1.0
0.554035317501
0.573663419975
1.0
0.554035317501
0.573663419975
1.0
0.555081652994
0.576015843751
1.0
0.555113345164
0.577714671997
1.0
0.556513750091
0.580287531704
1.0
0.556336511687
0.582754279887
1.0
0.557928576243
0.586152417499
1.0
0.558178538067
0.587725202867
1.0
0.559618077582
0.590109171134
1.0
0.559678143235
0.592662388397
1.0
0.561692754225
0.595381014594
1.0
0.561692754225
0.595381014594
1.0
0.561986920024
0.597083996407
1.0
0.564301822674
0.599363409692
1.0
0.564653611211
0.600663248146
1.0
0.567432869973
0.604406087936
1.0
0.568229210427
0.605841436687
1.0
0.570900193734
0.609456056939
1.0
0.571797378038
0.609849951621
1.0
0.574266563681
0.61297733167
1.0
0.574266563681
0.61297733167
1.0
0.575053196791
0.613550001754
1.0
0.577960057149
0.616512260155
1.0
0.578975863947
0.617157314134
1.0
0.581691785047
0.620151576743
1.0
0.582758686846
0.620077546651
1.0
0.586092631082
0.62291171365
1.0
0.587217165585
0.62327481754
1.0
0.590464103658
0.626780023362
1.0
0.590464103658
0.626780023362
1.0
0.591798467416
0.62630524307
1.0
0.595021511543
0.628515890389
1.0
0.596384300719
0.628046185081
1.0
0.598654390768
0.62952259024
1.0
0.599568152999
0.629487106591
1.0
0.602479995791
0.63123460015
1.0
0.603867904881
0.630963010657
1.0
0.606841991636
0.634018950206
1.0
0.606841991636
0.634018950206
1.0
0.608452680159
0.63241861769
1.0
0.611522573667
0.635125455153
1.0
0.612842005953
0.634230623928
1.0
0.615725481374
0.63546249509
1.0
0.617174466267
0.633968234942
1.0
0.619737668466
0.635913467032
1.0
0.621360674886
0.634667216357
1.0
0.623108098198
0.63633723259
1.0
0.623108098198
0.63633723259
1.0
0.624490292744
0.635281442369
1.0
0.626978065761
0.636859642988
1.0
0.628502162992
0.635249244162
1.0
0.630710364899
0.636387619124
1.0
0.631795398689
0.63548632515
1.0
0.634050540477
0.636715689021
1.0
0.635453931205
0.635349991237
1.0
0.637668077777
0.636532147094
1.0
0.637668077777
0.636532147094
1.0
0.638840270232
0.634975464407
1.0
0.640514172135
0.635890576418
1.0
0.641737382437
0.633723557315
1.0
0.644420773879
0.635644144883
1.0
0.645620721668
0.633596760134
1.0
0.647461999648
0.634167420958
1.0
0.648974444747
0.632411931544
1.0
0.65100607945
0.632718862688
1.0
0.65100607945
0.632718862688
1.0
0.652394142163
0.63033504323
1.0
0.655249983799
0.63210772845
1.0
0.656453943169
0.630533386092
1.0
0.658150798031
0.631199893278
1.0
0.659569928573
0.628791935548
1.0
0.661381823893
0.629631721476
1.0
0.662617403264
0.627183926471
1.0
0.664944712534
0.628203376128
1.0
0.664944712534
0.628203376128
1.0
0.665913036219
0.626116156667
1.0
0.667477830532
0.628105349914
1.0
0.668875004298
0.625247469372
1.0
0.670791443422
0.627559497165
1.0
0.672078060341
0.626173635222
1.0
0.672709544624
0.625613476045
1.0
0.673949094622
0.62374913018
0.850600458314
0.674876315545
0.624645042851
0.850600458314
0.674876315545
0.624645042851
0.850600458314
0.675851919168
0.62311032784
0.871533695302
0.676765180787
0.623909433847
0.871533695302
0.677535533526
0.622471295678
0.729991532128
0.678450667532
0.623275033361
0.729991532128
0.67888363326
0.622457761498
0.7332898218
0.676001102366
0.621491097084
0.7332898218
0.676269492423
0.621227958063
0.857018197316
0.677463242651
0.622167749619
0.857018197316
0.677463242651
0.622167749619
0.857018197316
0.677750936955
0.621143194818
0.657909055065
0.674812937338
0.62015197751
0.657909055065
0.674707007716
0.62078170312
1.0
0.676212064651
0.620667651211
1.0
0.675700763115
0.621781682606
1.0
0.674603723882
0.621988332324
1.0
0.67425800225
0.622909645251
1.0
0.673121843706
0.623449226556
1.0
0.673121843706
0.623449226556
1.0
0.672521143361
0.624496988343
1.0
0.671351762101
0.62524407808
1.0
0.670497975724
0.627395077049
0.730109749208
0.667586237592
0.626398520385
0.730109749208
0.666412653202
0.628361974305
1.0
0.666907190529
0.631325481769
1.0
0.666188602344
0.633813710862
1.0
0.664571216723
0.634628847205
1.0
0.664571216723
0.634628847205
1.0
0.663527846445
0.637709300505
1.0
0.662130413897
0.638396878959
1.0
0.661072096513
0.641233741655
1.0
0.660138412197
0.642580758446
1.0
0.659138907487
0.645453870049
1.0
0.657838897562
0.64610591134
1.0
0.656693711178
0.648835593368
1.0
0.655387429691
0.649578120825
1.0
0.655387429691
0.649578120825
1.0
0.654506068081
0.65212326023
1.0
0.653043710591
0.652160704878
1.0
0.651875108678
0.65514092767
1.0
0.650748690075
0.656678742728
1.0
0.649621544695
0.659716526673
1.0
0.647956776935
0.660467409827
1.0
0.647098501835
0.662626075659
1.0
0.646266149985
0.667671880831
1.0
0.646266149985
0.667671880831
1.0
0.645304604863
0.669873496779
0.99
0.642369602728
0.687630252235
0.99
0.641225326147
0.691311272938
0.99
0.632479520582
0.70497289752
0.99
0.630462369554
0.71234139779
0.99
0.621426776985
0.724735720418
0.99
0.615959850179
0.748434940628
0.99
0.608631753174
0.764275531856
0.99
0.608631753174
0.764275531856
0.99
0.602694859732
0.784358350054
0.99
0.602126603329
0.786873737097
0.99
0.596765624009
0.805846131015
0.99
0.595391430582
0.804789957937
0.99
0.592044025788
0.819274573551
0.99
0.591201554422
0.819042588083
1.0
0.591171996942
0.821991616969
1.0
0.589306465699
0.820480306883
1.0
0.589306465699
0.820480306883
1.0
0.588440478556
0.819287374538
1.0
0.586945159212
0.817151719575
1.0
0.586319918054
0.816097371917
1.0
0.584917615078
0.814597303614
1.0
0.583924496561
0.814392909337
1.0
0.58209948694
0.811793148825
1.0
0.581682019379
0.810575793499
1.0
0.580305811915
0.807924282342
1.0
0.580305811915
0.807924282342
1.0
0.579354344838
0.806620142314
1.0
0.577745472828
0.803980974071
1.0
0.577170270453
0.802853115961
1.0
0.575729647092
0.799900038604
1.0
0.574961720533
0.798767591597
1.0
0.572952833983
0.796081601372
1.0
0.572473817822
0.794036641212
1.0
0.570940220124
0.790532494891
1.0
0.570940220124
0.790532494891
1.0
0.570163310599
0.789420973806
1.0
0.567969329726
0.786536091223
1.0
0.567186500801
0.78526679253
1.0
0.565303855494
0.781711770054
1.0
0.564797861854
0.779919074954
1.0
0.5630506278
0.777354885603
1.0
0.562377867081
0.775166365758
1.0
0.560202327708
0.771736264684
1.0
0.560202327708
0.771736264684
1.0
0.55907476045
0.771039575587
1.0
0.557426402956
0.767734922061
1.0
0.556951938164
0.766406470367
1.0
0.555301291878
0.763770586155
1.0
0.554397779592
0.761997685858
1.0
0.552766002718
0.759156079786
1.0
0.551794896893
0.757616815085
1.0
0.549826470996
0.754310718012
1.0
0.549826470996
0.754310718012
1.0
0.549375389198
0.752753111749
1.0
0.547860984447
0.749458742128
1.0
0.547030357274
0.747933170895
1.0
0.545714349231
0.745229863261
1.0
0.545020446195
0.743830746931
1.0
0.543963071612
0.740457663181
1.0
0.543314940529
0.738611346772
1.0
0.542145849233
0.735796303775
1.0
0.542145849233
0.735796303775
1.0
0.541614161694
0.733871538418
1.0
0.54049229783
0.73071608845
1.0
0.540005472095
0.728440990211
1.0
0.538588091346
0.724340672379
1.0
0.538302133829
0.721960312635
1.0
0.536978651237
0.718112894451
1.0
0.536314947635
0.715485862242
1.0
0.534883601613
0.710222658945
1.0
0.534883601613
0.710222658945
1.0
0.534709376758
0.707271102936
1.0
0.532879701681
0.70313697818
1.0
0.532402849513
0.700254129959
1.0
0.530809629668
0.695539408737
1.0
0.530221953413
0.691691416258
1.0
0.527704214394
0.686099550493
1.0
0.526917172991
0.682772650846
1.0
0.526917172991
0.682772650846
1.0
0.52842308228
0.680861092691
1.0
0.527996036828
0.677388407334
0.99
0.541194214651
0.6907542137
0.99
0.540673091487
0.68780053434
0.99
0.550900367577
0.705280382456
0.99
0.551659144304
0.705104668194
1.0
0.554254150239
0.715129484258
0.99
0.559614123487
0.72041889244
0.99
0.559794571427
0.72861245668
0.99
0.559794571427
0.72861245668
1.0
0.562875288152
0.733468278767
1.0
0.561454141532
0.735525440346
1.0
0.562311546122
0.740864486099
1.0
0.558232707955
0.734678814783
0.979464950877
0.558442295643
0.738876539556
0.979464950877
0.555386600083
0.733037684829
1.0
0.555550058069
0.736852468906
1.0
0.552051634295
0.731471526969
1.0
0.552051634295
0.731471526969
1.0
0.551004828293
0.727188894165
1.0
0.548266297502
0.721211979051
1.0
0.546620486648
0.717710158423
1.0
0.54301307301
0.712141963447
1.0
0.541871932122
0.708714131968
0.992952404434
0.538905554632
0.704650126539
0.992952404434
0.538905554632
0.704650126539
0.992952404434
0.537696687992
0.702028471519
0.947236476831
0.535418515717
0.69758126088
0.947236476831
0.534110103887
0.6949170837
0.865086742305
0.532551253569
0.691508755265
0.865086742305
0.531319463973
0.687725089453
0.856596984059
0.528185167888
0.681598851576
0.856596984059
0.526767064438
0.678745658646
0.826366707071
0.523964459989
0.675326431379
0.826366707071
0.522933330404
0.672576022513
0.859901779087
0.519852930441
0.668193722756
0.859901779087
0.519852930441
0.668193722756
0.859901779087
0.518523862483
0.665352277125
0.840056550164
0.51620542045
0.663002020797
0.840056550164
0.514763583178
0.661383330083
0.822451468558
0.512563116918
0.659239593943
0.822451468558
0.511524914129
0.65810581711
0.99
0.504067438473
0.631807188298
0.99
0.503012751059
0.631052363441
1.0
0.509091552667
0.63862662099
1.0
0.509091552667
0.63862662099
1.0
0.508213735793
0.638744833502
0.970524914795
0.532822363454
0.681861486652
0.970524914795
0.533979512682
0.682256153431
0.970524914795
0.536931559122
0.68404138523
0.970524914795
0.536931559122
0.68404138523
0.970524914795
0.539264237015
0.687569586915
0.99
0.546463391386
0.700831556561
0.935225968021
0.548750948648
0.703737439745
0.935225968021
0.553468829446
0.709979479985
0.99
0.557359085144
0.723394701139
0.862838687117
0.571383809591
0.747293960481
0.862838687117
0.574287919104
0.757091301685
0.885904012643
0.58076197163
0.790080507419
0.885904012643
0.583351324356
0.800630256138
0.885904012643
0.586047957246
0.813482926802
0.885904012643
0.586047957246
0.813482926802
0.88736053925
0.587671419772
0.820055026656
0.88736053925
0.588192095139
0.826650878907
1.0
0.588471924593
0.829354405512
0.930637314913
0.59016041698
0.834236668217
0.930637314913
0.590309397534
0.835507588554
0.85691266901
0.591388566357
0.841392404352
0.85691266901
0.58830031136
0.842051677605
0.984947390032
0.589334975568
0.857326493807
0.984947390032
0.589334975568
0.857326493807
0.99
0.586975605095
0.856234634069
1.0
0.587026108315
0.858803222006
1.0
0.584571859701
0.857444345319
1.0
0.582821877363
0.858701619743
1.0
0.580541054736
0.859995967467
1.0
0.579518414045
0.859499106946
1.0
0.577335877583
0.861362482805
1.0
0.576514366172
0.861046708744
1.0
0.576514366172
0.861046708744
1.0
0.573917741076
0.861988436219
1.0
0.573049669938
0.862061374375
1.0
0.571004282257
0.862173914527
1.0
0.570225338194
0.862862184248
1.0
0.56925252349
0.865634961111
1.0
0.568876586129
0.866558251056
1.0
0.567904059093
0.868906319528
1.0
0.567904059093
0.868906319528
1.0
0.567145938583
0.870142046697
1.0
0.566436262824
0.872799715836
1.0
0.566163157836
0.874411640497
1.0
0.565936490857
0.876430362939
1.0
0.565447599364
0.878622105963
1.0
0.565609455463
0.881545187372
1.0
0.56519243807
0.882962410486
1.0
0.564466610129
0.884733221236
1.0
0.564320967032
0.887128653446
1.0
0.564320967032
0.887128653446
1.0
0.564389915897
0.89007728375
1.0
0.564273057027
0.891867922595
1.0
0.563696166888
0.892840485918
1.0
0.563494868506
0.894664174205
1.0
0.564086551205
0.897670930373
1.0
0.563896308304
0.899539887164
1.0
0.564518211456
0.901263824546
1.0
0.564588910831
0.902728199833
1.0
0.564588910831
0.902728199833
1.0
0.565423674076
0.905501812969
1.0
0.56558192495
0.907348363602
1.0
0.566398547475
0.9091199377
1.0
0.566527499107
0.910216553871
1.0
0.567593309943
0.912328082805
1.0
0.567851868606
0.913227236293
1.0
0.568769219979
0.914911501808
1.0
0.568769219979
0.914911501808
1.0
0.568906122295
0.916719550234
1.0
0.56996473881
0.917629450413
1.0
0.570158576007
0.919251982941
1.0
0.571732637794
0.921426822832
1.0
0.572163710235
0.92185926126
1.0
0.573187565149
0.922702723985
1.0
0.573558047895
0.923441036233
1.0
0.574587072047
0.923802947736
1.0
0.574587072047
0.923802947736
1.0
0.575001300248
0.924387853362
1.0
0.576250815468
0.924847021101
1.0
0.576376394698
0.925211496374
1.0
0.57745938278
0.926141370065
1.0
0.577579647876
0.927014217208
1.0
0.578168481327
0.92743538116
1.0
0.578410208555
0.928027776855
1.0
0.579259119525
0.928402961085
1.0
0.579719308566
0.928555822298
1.0
0.579719308566
0.928555822298
1.0
0.58053947791
0.928624059211
1.0
0.580887637555
0.928884940942
1.0
0.581357399719
0.929312155081
1.0
0.581630375552
0.929415887793
1.0
0.582339436094
0.930491310785
1.0
0.582615648038
0.930210155669
1.0
0.583871272394
0.932739487343
1.0
0.584063055813
0.933108358163
1.0
0.584063055813
0.933108358163
1.0
0.588017422321
0.942291536155
1.0
0.588217365256
0.942438201721
1.0
0.592057758627
0.951247099202
1.0
0.592455453244
0.953861229176
1.0
0.595396848456
0.959460756923
1.0
0.596030648554
0.967596293972
1.0
0.59699590857
0.968429387268
1.0
0.59857348662
0.973410373493
1.0
0.59857348662
0.973410373493
1.0
0.598831048276
0.973371529391
1.0
0.600428087359
0.977201417147
1.0
0.600890217592
0.977505746283
1.0
0.601620366394
0.97893127537
1.0
0.601985732824
0.979620602474
1.0
0.602221567569
0.979053644474
1.0
0.602156416037
0.9799243302
1.0
0.602156416037
0.9799243302
1.0
0.602174956389
0.980637027541
1.0
0.601616934949
0.980826372984
1.0
0.601758486977
0.981932022511
1.0
0.601608889098
0.982938973026
1.0
0.601530987
0.98358276302
1.0
0.601353411806
0.983748182412
1.0
0.601308733155
0.983300190412
1.0
0.601308733155
0.983300190412
1.0
0.600910943034
0.984176829539
1.0
0.600726292363
0.983701182477
1.0
0.6010316572
0.984327536971
1.0
0.601103748066
0.983599388059
1.0
0.601087369445
0.984494064776
1.0
0.600854062837
0.983500692839
1.0
0.601397250009
0.984606036253
1.0
0.601396500757
0.983955834947
1.0
0.601506689186
0.985191473371
1.0
0.601610102685
0.985464165907
1.0
0.601610102685
0.985464165907
1.0
0.602218667783
0.986536376343
1.0
0.602735744225
0.986930852199
1.0
0.602925382985
0.987534583279
1.0
0.603371555639
0.987998522377
1.0
0.603657547122
0.989225008607
1.0
0.604013641331
0.989676250722
1.0
0.604014688883
0.991296894998
1.0
0.604014688883
0.991296894998
1.0
0.604802225477
0.991801288402
1.0
0.605360090944
0.993839243945
1.0
0.6056287248
0.995418030647
1.0
0.606070386832
0.997009417153
1.0
0.606682003554
0.998921922676
1.0
0.607615898825
1.00027562324
1.0
0.607973390844
1.00160327941
1.0
0.609238671724
1.0043927475
1.0
0.609238671724
1.0043927475
1.0
0.609024303154
1.00609001195
1.0
0.610217017385
1.00814931443
1.0
0.610086089957
1.00951977365
0.919192340069
0.610464531921
1.01271729496
0.919192340069
0.610288241052
1.01470292939
0.707027004144
0.586135393938
0.99394240313
0.707027004144
0.586112874639
0.995973774503
0.707027004144
0.586112874639
0.995973774503
0.707027004144
0.584806904174
0.999009107175
0.902929316351
0.564180747455
0.991976646839
0.902929316351
0.559993932539
0.994653852266
0.887137935898
0.556919113813
0.998534765245
0.887137935898
0.55172661819
0.999096654844
0.836047203954
0.527681086387
1.01113100981
0.836047203954
0.527681086387
1.01113100981
0.836047203954
0.520537514715
1.01294073477
0.836047203954
0.513485816176
1.01580434755
0.935934522735
0.467297359127
0.984734136965
0.935934522735
0.461307862414
0.984815268148
0.99
0.457892216977
0.987838507104
0.99
0.450688635992
0.987163896298
0.792193309004
0.465791843641
0.970890411472
0.792193309004
0.459352086785
0.969893692426
0.87049751899
0.437010884088
0.982081636815
0.87049751899
0.437010884088
0.982081636815
0.838917360559
0.430513690925
0.988577293147
0.838917360559
0.40750292933
0.967309093976
0.882713908717
0.403167358143
0.974511267001
0.852946575516
0.402130818278
0.972508328245
0.834001092571
0.386752225471
0.928914402136
0.834001092571
0.358375328661
0.907556917523
0.834001092571
0.35109076881
0.927700271553
0.834001092571
0.35109076881
0.927700271553
0.834001092571
0.34509711865
0.910758213428
0.794778177204
0.333637919128
0.88376172227
0.794778177204
0.331230253172
0.883140156609
0.794778177204
0.244460762664
0.800571470693
0.794778177204
0.244460762664
0.800571470693
0.757369818291
0.243394277093
0.778481920198
0.757369818291
0.243200317404
0.778329806619
0.757369818291
0.064604311972
0.57508314107
0.757369818291
0.214036875491
0.741039636357
0.757369818291
0.214036875491
0.741039636357
0.757369818291
0.214036875491
0.741039636357
0.857154034819
0.211695955932
0.764997800515
0.857154034819
0.217341372913
0.772615976927
0.857154034819
0.216516552745
0.774612915706
0.857154034819
0.642603710397
0.757022316903
0.857154034819
0.642603710397
0.757022316903
0.873753336421
0.678389651087
0.773150800419
0.88207239451
0.675846321797
0.77496899306
0.88207239451
0.675846321797
0.77496899306
0.707462947587
0.9278742674
0.415378332062
0.707462947587
0.927582932177
0.418165468624
0.707462947587
0.927582932177
0.418165468624
0.707462947587
0.927582932177
0.418165468624
0.707462947587
0.927582932177
0.418165468624
0.707462947587
0.927582932177
0.418165468624
0.707462947587
0.724652930182
0.239314082497
0.866405124992
0.482746320274
0.507326815585
0.866405124992
0.482746320274
0.507326815585
0.788846305369
0.762764859713
0.135774027423
0.866405124992
0.879085313891
0.0409869482926
0.788707023339
0.406678591697
0.687780125113
0.788707023339
0.406678591697
0.687780125113
0.788707023339
0.387960631856
0.72808011347
0.847279726821
0.399088766634
0.748442062543
0.847279726821
0.399088766634
0.748442062543
0.847279726821
0.449918487018
0.809826461348
0.843583869433
0.459472950735
0.800896271513
0.909213337907
0.466672506822
0.800210105976
0.97586725288
0.47055390378
0.800707801432
0.97586725288
0.472396053672
0.79988969664
0.97586725288
0.472396053672
0.79988969664
0.91715809415
0.474151707025
0.804154285196
0.91715809415
0.475799924655
0.802835623645
0.955918368251
0.478484601424
0.803643854927
0.955918368251
0.479967181396
0.802002449493
1.0
0.483159727203
0.804777622316
1.0
0.484416824635
0.802615836652
1.0
0.487273034657
0.806511020918
1.0
0.487273034657
0.806511020918
1.0
0.488061608818
0.806167738147
1.0
0.489478039594
0.808343167329
1.0
0.49019607102
0.807561504881
1.0
0.490445561605
0.807441424618
1.0
0.491000060461
0.807065723297
1.0
0.490873524118
0.80683082911
1.0
0.490944024409
0.806118497563
1.0
0.496775297058
0.808946918433
1.0
0.496399069396
0.808865333409
1.0
0.496399069396
0.808865333409
0.99
0.522262948405
0.826131783485
0.99
0.522258586826
0.826592854525
0.99
0.546068200037
0.844318827611
0.99
0.547927809359
0.846127482924
0.99
0.569136471186
0.859671008424
0.99
0.579782188928
0.865177856865
0.99
0.596452604921
0.8743008416
0.99
0.596452604921
0.8743008416
0.99
0.609317638463
0.876255516772
0.99
0.613755615161
0.878804135449
0.99
0.625489027066
0.877834402006
0.99
0.625814382403
0.879248898607
0.99
0.6353364373
0.879199357197
0.99
0.632262153702
0.874645986864
1.0
0.638239630917
0.873614678168
1.0
0.638239630917
0.873614678168
1.0
0.635737235707
0.870424149161
1.0
0.636106186952
0.868965378889
1.0
0.633591249448
0.865909417743
1.0
0.631243304196
0.864423163694
1.0
0.628221430814
0.860641369879
1.0
0.625790235767
0.860083162309
1.0
0.622562309151
0.856822842643
1.0
0.620757568254
0.855027747657
1.0
0.617546277139
0.851668641206
1.0
0.615193511553
0.850458799111
1.0
0.615193511553
0.850458799111
1.0
0.612230980713
0.846855463819
1.0
0.610509937407
0.844682898104
1.0
0.607094634862
0.840484590866
1.0
0.605067263416
0.838696475356
1.0
0.60155894398
0.834258345694
1.0
0.599417347559
0.831887896239
1.0
0.59641604476
0.827309037407
1.0
0.59641604476
0.827309037407
1.0
0.594823910522
0.824610797093
1.0
0.59156216179
0.819599640937
1.0
0.590001122514
0.816794676828
1.0
0.587322340093
0.812453776907
1.0
0.585391088827
0.810330368674
1.0
0.582125377127
0.805528779182
1.0
0.580908025442
0.801628812432
1.0
0.577778261194
0.79704297327
1.0
0.575941980501
0.794194972429
1.0
0.575941980501
0.794194972429
1.0
0.573138333589
0.789660176655
1.0
0.571760823701
0.786655819741
1.0
0.568554370928
0.782367133977
1.0
0.567288263691
0.778933360639
1.0
0.566029337114
0.779325148599
1.0
0.564811802901
0.775808929944
0.99
0.568762060674
0.79314787461
0.99
0.568762060674
0.79314787461
0.99
0.567499264434
0.790378445357
0.914595370101
0.567696854731
0.797113805073
0.914595370101
0.566599585089
0.799819117331
0.99
0.56774517556
0.815473911742
0.99
0.568792394135
0.832783653353
0.99
0.567898970375
0.837157443463
0.900960689318
0.568153099825
0.842350139477
0.900960689318
0.568153099825
0.842350139477
0.900960689318
0.566550168114
0.839124122856
0.938012797541
0.566819362484
0.844507709112
0.938012797541
0.565450103779
0.836900887979
0.959648365271
0.565426826619
0.840141330359
0.959648365271
0.564687318447
0.834343558269
1.0
0.563440856631
0.835936162687
1.0
0.561905028597
0.829391767326
1.0
0.561818517349
0.826684016211
1.0
0.560814816042
0.821167996555
1.0
0.560196725386
0.81576298122
1.0
0.560196725386
0.81576298122
1.0
0.559125964997
0.809425117006
1.0
0.55892161419
0.803622226112
1.0
0.558087404594
0.798145592489
1.0
0.557689684446
0.792649830159
1.0
0.556716147567
0.788701690773
1.0
0.556579209422
0.781724893841
1.0
0.556579209422
0.781724893841
1.0
0.556184296316
0.777807039966
1.0
0.55609624928
0.772071867991
1.0
0.556047312797
0.768330767697
1.0
0.556189623465
0.763866248611
1.0
0.556364077152
0.761087095378
1.0
0.556261240907
0.756458434723
1.0
0.557021848086
0.753256138573
1.0
0.557241678845
0.749414371245
1.0
0.557241678845
0.749414371245
1.0
0.55794135597
0.746715030979
1.0
0.558634739321
0.742474254799
1.0
0.559505657827
0.741131407548
1.0
0.559757267001
0.737383135663
1.0
0.560877258971
0.737395933625
1.0
0.561513258852
0.734093858212
1.0
0.562863792944
0.734657352791
1.0
0.563433914544
0.733100439475
1.0
0.564647038706
0.734593746128
1.0
0.564647038706
0.734593746128
1.0
0.565098941049
0.733837539284
1.0
0.565996424283
0.735870597903
1.0
0.566583995822
0.73587995259
1.0
0.567799651596
0.738972333609
1.0
0.56846632678
0.739526389652
1.0
0.569314914267
0.743549105593
1.0
0.569801524282
0.744801183033
1.0
0.569801524282
0.744801183033
1.0
0.570507390857
0.749366781024
1.0
0.570832262799
0.752755123933
1.0
0.571884270593
0.758306106885
1.0
0.57239650726
0.761571835705
1.0
0.573180352852
0.768268299003
1.0
0.573365360732
0.772545045211
1.0
0.573877015968
0.780088502815
1.0
0.573861150976
0.785688451637
1.0
0.574114523283
0.79366888533
1.0
0.574117765786
0.799651661583
1.0
0.574117765786
0.799651661583
1.0
0.574300237739
0.807580911662
1.0
0.574228360522
0.81410006445
1.0
0.574256962505
0.821931472991
1.0
0.573885746868
0.828402434858
1.0
0.574278795515
0.837231857579
1.0
0.574099081576
0.843191476539
1.0
0.574094649889
0.851196381538
1.0
0.574094649889
0.851196381538
1.0
0.57365074983
0.857747136866
1.0
0.573983370638
0.865708665252
1.0
0.573114117147
0.874822317216
1.0
0.572668153467
0.882233381713
1.0
0.572175951406
0.889443395556
1.0
0.5722549175
0.896833268253
1.0
0.571604634944
0.903560183487
1.0
0.571604634944
0.903560183487
1.0
0.571397897041
0.909962707699
1.0
0.570878166496
0.916722051183
1.0
0.570727309851
0.922946648179
1.0
0.569941477189
0.929658273619
1.0
0.569363850371
0.935582364199
1.0
0.568425328149
0.941771555356
1.0
0.568111793229
0.945157202146
1.0
0.567526475029
0.950007753617
1.0
0.561560009965
0.949124702794
1.0
0.561560009965
0.949124702794
1.0
0.560572194185
0.953554584344
0.99
0.536727957684
0.939466303527
0.99
0.535570380267
0.943270001476
0.99
0.507149646194
0.924359415859
0.99
0.502378288759
0.924702456688
0.99
0.47309539799
0.907452718775
0.99
0.458059473412
0.899797400438
0.99
0.458059473412
0.899797400438
0.99
0.433702358259
0.885470241712
0.99
0.420326046454
0.875743762321
0.99
0.397253324692
0.858609323115
0.99
0.386584889036
0.853316931359
0.99
0.367798267068
0.839303542818
0.99
0.358320324962
0.83659569035
0.99
0.341130315114
0.824856596591
0.99
0.333572508414
0.820810862366
0.99
0.333572508414
0.820810862366
0.99
0.31715639049
0.808310740973
0.99
0.311376620832
0.806962843953
0.99
0.298501609968
0.795750613293
0.99
0.293325077565
0.798471639701
0.99
0.283980389536
0.789587244066
0.99
0.279723846113
0.789982734162
0.99
0.270790314692
0.781183211995
0.99
0.267408722316
0.781707399765
0.99
0.259997135064
0.774971664164
0.99
0.259997135064
0.774971664164
0.99
0.257685654494
0.773193782244
0.99
0.251222315131
0.766074692269
1.0
0.249941863728
0.766644486769
1.0
0.24547226275
0.76003180725
0.970497779213
0.244296313489
0.759780354285
0.970497779213
0.248123712454
0.758464597018
0.99
0.245641242764
0.756496441441
0.99
0.245641242764
0.756496441441
0.99
0.250551365494
0.757410978465
1.0
0.250607419458
0.75423085769
1.0
0.255127773634
0.7547067199
1.0
0.256608331863
0.750184838948
1.0
0.261329088983
0.751141444586
1.0
0.262494513953
0.747769437529
1.0
0.267801672104
0.749683810365
1.0
0.268977977778
0.74729146474
1.0
0.273275008654
0.748938245185
1.0
0.273275008654
0.748938245185
