1.0
0.422770239183
0.559609116432
1.0
0.422670685392
0.560180056831
1.0
0.42267869895
0.560187830271
1.0
0.42270628083
0.560513650224
1.0
0.422615526266
0.561399674167
1.0
0.422814162491
0.561928899908
1.0
0.422953951619
0.561747710965
1.0
0.422796220407
0.561340125466
1.0
0.423020233714
0.561450836875
1.0
0.423100316179
0.561588557441
1.0
0.42300332787
0.562643143936
1.0
0.42300332787
0.562643143936
1.0
0.42320152462
0.561722823661
1.0
0.423659583971
0.562082328167
1.0
0.423775943507
0.562406797864
1.0
0.424072671438
0.562669309871
1.0
0.423843299261
0.562692762799
1.0
0.424039914817
0.563034872637
1.0
0.424039914817
0.563034872637
1.0
0.424039914817
0.563034872637
1.0
0.424193127812
0.562956386466
1.0
0.42392433454
0.562620643974
1.0
0.423978445823
0.562213066396
1.0
0.423973392411
0.562599321644
1.0
0.4241760795
0.562483692076
1.0
0.424236334966
0.561991482343
1.0
0.424312470116
0.561531044114
1.0
0.424290921471
0.561482180098
1.0
0.424157803909
0.561930618223
1.0
0.424310556859
0.56190749595
1.0
0.424310556859
0.56190749595
1.0
0.424163311517
0.562187160825
1.0
0.424237491162
0.56226715654
1.0
0.424190342913
0.562726703566
1.0
0.425713479615
0.568940776015
1.0
0.425180948987
0.571967099814
1.0
0.425644596124
0.574259109007
1.0
0.425644596124
0.574259109007
1.0
0.424572111307
0.574483110834
1.0
0.424745208458
0.574362519579
1.0
0.427916632457
0.571439059832
1.0
0.427762616417
0.571447439153
0.99
0.453831736402
0.58431337693
0.99
0.466164332683
0.566585350262
0.99
0.483379005192
0.573939928407
0.96796690567
0.484660713121
0.57114551977
0.960724083988
0.486420037516
0.567310019338
0.960724083988
0.486420037516
0.567310019338
0.960724083988
0.487444002643
0.567476069774
1.0
0.488470934707
0.566392831526
1.0
0.488416361671
0.566943692282
1.0
0.487608826609
0.566750223414
1.0
0.487912187336
0.56630593646
1.0
0.487912187336
0.56630593646
1.0
0.487241384176
0.566754221043
1.0
0.486702056191
0.566431055339
1.0
0.486596197987
0.567451857166
1.0
0.486647314937
0.567644287743
1.0
0.486908670875
0.568061021748
1.0
0.486784956289
0.567828140363
