1.0
0.398608238422
0.55382589734
1.0
0.399361742138
0.554395160076
1.0
0.400294496675
0.555018959244
1.0
0.400630085008
0.555979602787
1.0
0.400700484268
0.556112783554
1.0
0.400789189639
0.555364507763
1.0
0.400789189639
0.555364507763
1.0
0.400723947284
0.555424963082
1.0
0.401059994289
0.554636279748
0.993385332714
0.401219445055
0.554465631929
0.993385332714
0.401219445055
0.554465631929
0.993385332714
0.401219445055
0.554465631929
0.993385332714
0.402557073023
0.548110750905
1.0
0.403003391611
0.548309066825
1.0
0.403006460027
0.548262097184
1.0
0.403259026343
0.547489462146
1.0
0.403375903106
0.546736153275
1.0
0.403548588827
0.546815479249
1.0
0.403924594571
0.547371159014
1.0
0.403924594571
0.547371159014
1.0
0.404533498452
0.547493909091
1.0
0.405011710141
0.547385359808
1.0
0.405075562965
0.547605485546
0.997345834995
0.405634356021
0.547786797145
0.997345834995
0.406892092696
0.548334591139
1.0
0.407462703737
0.547578414267
1.0
0.40784072443
0.548292177839
1.0
0.40853036911
0.548765873301
1.0
0.40853036911
0.548765873301
1.0
0.410352423883
0.550345726699
1.0
0.410352423883
0.550345726699
0.963088917405
0.410943935627
0.55003673236
1.0
0.412246627804
0.549649451793
1.0
0.414458637426
0.550908150742
0.952208762275
0.415499007752
0.550219173458
0.952208762275
0.416369984161
0.551332847313
0.952208762275
0.418410096159
0.552394898191
0.952208762275
0.418410096159
0.552394898191
0.999153947606
0.419397997167
0.551896703037
0.963401034937
0.420602948836
0.550370935949
0.963401034937
0.422838519142
0.55176733557
1.0
0.423656264876
0.551942814479
1.0
0.424327512533
0.552708165172
1.0
0.424889551032
0.553029807566
1.0
0.424889551032
0.553029807566
1.0
0.425292152381
0.553874277468
1.0
0.427044064253
0.556169497153
0.89584698973
0.427827952512
0.557729747089
0.89584698973
0.430041748002
0.558600038506
0.986958343732
0.431208026235
0.556971254945
0.986958343732
0.432476061359
0.557819793037
0.936340385703
0.433160098881
0.558244358046
0.936340385703
0.433160098881
0.558244358046
0.936340385703
0.435712787062
0.559077998854
0.903679454595
0.438358396531
0.55395994858
0.903679454595
0.441396441978
0.554842834942
0.903679454595
0.443777881444
0.554932529754
0.898408930826
0.445438168235
0.550417128357
0.972012111425
0.446737755114
0.548296464979
0.972012111425
0.447988480748
0.548650008443
0.914418783149
0.449129102723
0.546642542305
0.914418783149
0.453945779884
0.547201800645
0.906605341887
0.455879721848
0.544891708953
0.972337324285
0.458160564857
0.54050812976
0.972337324285
0.459314169811
0.539775089455
0.913373627898
0.460829524663
0.539988250144
0.883318571261
0.461695335219
0.539272687025
0.883318571261
0.461695335219
0.539272687025
0.883318571261
0.464728509838
0.538341857112
0.971360087154
0.465377060693
0.535848897361
0.872578531571
0.466163259994
0.534087446326
0.882407873336
0.467324746662
0.531776197018
0.882407873336
0.468254895338
0.530672750693
0.87491495963
0.470039320909
0.526447704235
0.87491495963
0.470039320909
0.526447704235
0.87491495963
0.4707983144
0.525476794866
0.87491495963
0.472078423676
0.524857292476
0.929027784408
0.473150961619
0.521997038244
0.929027784408
0.474696287356
0.52001482161
0.913403473074
0.475448213768
0.517480358374
0.94825634663
0.476764070619
0.512417490136
0.94825634663
0.477680556623
0.51112426671
0.94825634663
0.479717862284
0.51032134789
0.94825634663
0.479717862284
0.51032134789
0.915248303897
0.480416000486
0.507997872604
0.923104668546
0.482216241722
0.502143252659
0.923104668546
0.483961621423
0.499922767082
0.948933994477
0.484757691123
0.496810823255
0.948933994477
0.484757691123
0.496810823255
0.920062156616
0.48625889469
0.496403085271
0.920062156616
0.487398881726
0.492942296598
0.921847630855
0.488617595132
0.490899088137
0.903894700115
0.490286367739
0.48537435477
0.903894700115
0.491327061931
0.484955540215
0.903894700115
0.493700882319
0.483861745762
0.99
0.500781898902
0.460310217694
0.99
0.500781898902
0.460310217694
0.99
0.502541842147
0.458732352486
1.0
0.50454742176
0.454407546886
1.0
0.505883227335
0.454123606796
0.962177192285
0.507097119311
0.453785974455
0.962177192285
0.509472728884
0.44873529092
1.0
0.512594748726
0.446825602092
1.0
0.513573754932
0.443925180061
1.0
0.514407146638
0.441733035475
1.0
0.516665673248
0.440376432424
1.0
0.517782671375
0.436242271486
1.0
0.515647224967
0.438328643893
1.0
0.513546432734
0.44345625908
1.0
0.511697038495
0.450521550866
1.0
0.511697038495
0.450521550866
1.0
0.510952955693
0.454944023068
1.0
0.510553230117
0.460581668614
1.0
0.510752201299
0.466479638234
1.0
0.511537189577
0.470045219133
0.979557715381
0.514532720058
0.476401123571
0.979557715381
0.515198224789
0.479030286779
0.979557715381
0.515198224789
0.479030286779
0.979557715381
0.515975616928
0.478636846071
0.979557715381
0.518032961966
0.475099752281
1.0
0.520400488731
0.474834828077
1.0
0.521848683217
0.473140382602
1.0
0.522941197705
0.473072350121
1.0
0.524131494127
0.469709728705
1.0
0.525961305291
0.468596664565
1.0
0.526479009661
0.46743488022
1.0
0.528033584174
0.461981033991
0.963371807856
0.529952468478
0.461619053386
0.963371807856
0.529952468478
0.461619053386
1.0
0.530328236648
0.460896021571
1.0
0.530952102248
0.459324152987
1.0
0.53188284821
0.45843334247
1.0
0.532856457546
0.455187684019
1.0
0.533219995901
0.454850474739
1.0
0.534917811973
0.453409581762
1.0
0.535089890506
0.45153072575
1.0
0.536105117645
0.448745466547
1.0
0.536662114339
0.448254876923
1.0
0.536662114339
0.448254876923
1.0
0.537096050807
0.447650551893
1.0
0.538162965305
0.446878344733
1.0
0.538481828933
0.445149112908
0.977637636596
0.538823540071
0.44500098854
0.977637636596
0.539875354916
0.441357785493
0.977637636596
0.539875354916
0.441357785493
1.0
0.541024185443
0.440829697259
1.0
0.541622164916
0.440521543291
1.0
0.542345368296
0.438068726626
1.0
0.543394379182
0.437479767362
1.0
0.543394379182
0.437479767362
