1.0
0.556902874205
0.754922517564
1.0
0.565808923924
0.756201706392
0.99
0.578213663286
0.747804649814
0.99
0.577452370565
0.747153828995
0.99
0.588793351881
0.740279197799
0.99
0.587139932765
0.738934564068
1.0
0.592020938333
0.735384099129
1.0
0.591452727036
0.736243251839
1.0
0.592997108087
0.736815356449
1.0
0.592997108087
0.736815356449
1.0
0.593854708983
0.738185568743
1.0
0.593397943246
0.737433859813
1.0
0.593329865899
0.73647233725
1.0
0.593605943033
0.734724318383
1.0
0.593725485613
0.73441956329
1.0
0.593725485613
0.73441956329
1.0
0.592858414188
0.736467122925
1.0
0.593165196853
0.736802224918
1.0
0.59345786619
0.736331360492
1.0
0.593541422928
0.736443690954
1.0
0.592359182508
0.737051014455
1.0
0.592516871657
0.737264762038
1.0
0.593309458473
0.737273363008
1.0
0.593122791641
0.737164412501
1.0
0.593122791641
0.737164412501
1.0
0.593033447421
0.738179383625
1.0
0.593153289475
0.738188584146
1.0
0.593426106878
0.738242958899
1.0
0.593166224814
0.739072205949
1.0
0.593235270685
0.738563052894
1.0
0.592600144488
0.737219834405
1.0
0.592539600036
0.737589530955
1.0
0.593825672699
0.736208537991
1.0
0.593825672699
0.736208537991
1.0
0.593805738186
0.736086481369
1.0
0.593934625568
0.738344231933
1.0
0.593874260474
0.738004040489
1.0
0.594125243486
0.738852236258
1.0
0.594322729001
0.739456201822
1.0
0.596528548129
0.740475541279
1.0
0.596395456403
0.741276688933
1.0
0.598690599143
0.740530145347
1.0
0.598690599143
0.740530145347
