0.99
0.521138418584
0.569366597788
0.99
0.507202388007
0.54606837521
0.99
0.503882794642
0.534029741122
0.99
0.493172206743
0.502804223138
0.99
0.491485535938
0.491279974323
0.99
0.490730498372
0.48732507914
0.99
0.490730498372
0.48732507914
1.0
0.491874818408
0.481065262766
0.991038940164
0.491672890712
0.475918094215
0.991038940164
0.492116801817
0.470595052776
0.984228817218
0.491654438369
0.466087240533
0.984228817218
0.491862818623
0.462918350848
1.0
0.49125639713
0.457876136438
1.0
0.492458427048
0.458632458303
1.0
0.49324268764
0.459701364203
1.0
0.49324268764
0.459701364203
1.0
0.493156884703
0.458438289506
1.0
0.494244358414
0.459844832855
1.0
0.494084180066
0.45797414558
1.0
0.494394010188
0.458389628489
1.0
0.494395455097
0.457389793101
1.0
0.495504176638
0.459299846166
1.0
0.495414470039
0.459486610579
1.0
0.495414470039
0.459486610579
1.0
0.495523457111
0.459849861551
1.0
0.496030308533
0.460944686193
1.0
0.495999352973
0.461218225867
1.0
0.49633867421
0.461605249409
1.0
0.496361096146
0.46202501625
1.0
0.49691298927
0.462480658613
1.0
0.49691298927
0.462480658613
1.0
0.497171676912
0.463189675806
1.0
0.497213862868
0.463703405021
1.0
0.497777012531
0.464428297541
1.0
0.497848117011
0.464541820352
1.0
0.498389325544
0.465019697186
1.0
0.498340667413
0.465262070718
1.0
0.498456774818
0.465473370569
1.0
0.498475933744
0.465743048509
1.0
0.49865776447
0.466222060531
1.0
0.49865776447
0.466222060531
1.0
0.498745998278
0.466491722432
1.0
0.499433548524
0.467167344147
1.0
0.499328241376
0.467754904139
1.0
0.499573666909
0.468572309123
1.0
0.499601268221
0.468534050591
1.0
0.499601268221
0.468534050591
1.0
0.499561036407
0.469059657902
1.0
0.499940113691
0.469258258037
1.0
0.499986515255
0.469458511427
1.0
0.500076067913
0.469834311383
1.0
0.50007764587
0.470233379194
1.0
0.500147279683
0.470234076774
1.0
0.500192152884
0.470713091847
1.0
0.500192152884
0.470713091847
1.0
0.500164853654
0.470739172277
1.0
0.500323164577
0.470903831818
1.0
0.500266316005
0.471049049918
1.0
0.50020973128
0.471083004476
1.0
0.500120332417
0.471228750936
