0.967644034978
0.492923557032
0.572943764065
0.967644034978
0.493113680148
0.572828458568
1.0
0.493142322525
0.572955646883
1.0
0.493454509018
0.573366483893
1.0
0.493547122124
0.57312727023
1.0
0.493777332998
0.573581007802
1.0
0.493814625831
0.57351227936
1.0
0.493814625831
0.57351227936
1.0
0.494031388693
0.572711767485
1.0
0.494126932894
0.572082182983
1.0
0.4938154486
0.572235907023
1.0
0.493768947359
0.572785701507
1.0
0.494346301526
0.572946172783
1.0
0.494321925184
0.572958394687
1.0
0.49436594717
0.573303218938
1.0
0.494582666064
0.573012909237
1.0
0.494582666064
0.573012909237
1.0
0.494692171655
0.57296757612
1.0
0.494562919346
0.572688806692
1.0
0.494673490697
0.572160772558
1.0
0.494878871471
0.571995283469
1.0
0.495621272206
0.57228861874
1.0
0.495490966213
0.572495498952
1.0
0.49484940661
0.571983352465
1.0
0.495004371601
0.57131707108
1.0
0.495004371601
0.57131707108
1.0
0.495553796887
0.571883620188
1.0
0.495587104762
0.571940981522
1.0
0.495629780834
0.572467912022
1.0
0.495776385197
0.572566803719
1.0
0.496004412514
0.572950323979
1.0
0.495815311193
0.57288412427
1.0
0.495901256344
0.572451594123
1.0
0.496175786188
0.57221966076
1.0
0.496175786188
0.57221966076
1.0
0.496428916817
0.572526967516
0.987305149571
0.496370467716
0.571908948214
0.987305149571
0.496362627455
0.57177050032
1.0
0.496398965466
0.571757162331
1.0
0.496264143978
0.570927436151
1.0
0.496270759273
0.571017876394
1.0
0.496618826173
0.57107171208
1.0
0.496785304476
0.570655762611
1.0
0.496785304476
0.570655762611
1.0
0.497184775543
0.57069127149
1.0
0.497089575964
0.570495867838
1.0
0.497206546734
0.570779814369
1.0
0.497369561526
0.5705573273
1.0
0.497765373236
0.570539975611
1.0
0.497830875999
0.570558229516
1.0
0.497913181725
0.570291235024
1.0
0.497727458392
0.570010778133
1.0
0.497791092982
0.570311340588
1.0
0.497791092982
0.570311340588
1.0
0.497957744823
0.570185074522
1.0
0.498261866669
0.569607176046
1.0
0.498459033675
0.569475611698
1.0
0.49805521699
0.569237859085
0.950127817473
0.497908607434
0.56936729459
0.950127817473
0.497586349577
0.569250698081
0.950127817473
0.497586349577
0.569250698081
0.974731747432
0.497690993223
0.569127417793
0.974731747432
0.498400416296
0.568883303335
0.986509078973
0.49855431666
0.568735304382
0.986509078973
0.498423068892
0.56891156324
0.904305658673
0.498265542705
0.568020197282
0.904305658673
0.498574034101
0.567327679755
1.0
0.498608161502
0.568011293871
1.0
0.49831106246
0.567717680797
1.0
0.498448894759
0.567573026896
1.0
0.498448894759
0.567573026896
1.0
0.498718670234
0.567600582393
1.0
0.498539607692
0.567553270981
1.0
0.498587553635
0.566779475645
1.0
0.498691785904
0.566562174881
1.0
0.498304317226
0.566056140852
1.0
0.498450948878
0.565719849132
1.0
0.497866680606
0.566357422958
1.0
0.497558119718
0.566054708572
1.0
0.497558119718
0.566054708572
1.0
0.49861618951
0.564551561208
1.0
0.498778692128
0.564560218507
1.0
0.498803269163
0.564732063079
1.0
0.498732357404
0.564591266056
1.0
0.498350459962
0.563632004879
1.0
0.49827329921
0.563428290832
1.0
0.498284435056
0.562903189864
1.0
0.498251084053
0.562173505186
1.0
0.498251084053
0.562173505186
1.0
0.49837170508
0.561386798763
1.0
0.498463992014
0.560963521784
1.0
0.498385351306
0.560775900521
1.0
0.498286462102
0.560424014256
1.0
0.49809552403
0.559137545011
1.0
0.498144449216
0.558741778026
0.974561930042
0.498241684286
0.558224227879
0.974561930042
0.498241684286
0.558224227879
0.974561930042
0.498300510382
0.557944861486
1.0
0.498360403484
0.557720102665
1.0
0.498390197209
0.556368726963
1.0
0.498278508311
0.555833768241
1.0
0.49854353081
0.555131086076
1.0
0.498752746851
0.555085227142
1.0
0.498804947472
0.554247873735
1.0
0.499022496695
0.553798615505
1.0
0.498804723107
0.553716113333
1.0
0.498804723107
0.553716113333
1.0
0.49882982321
0.552425883063
1.0
0.499029813673
0.551345697136
1.0
0.49923136816
0.551570639881
1.0
0.499398867312
0.551257148597
1.0
0.499381617827
0.550170912486
1.0
0.499422957583
0.549402092215
1.0
0.499264027008
0.549805466975
1.0
0.499394906344
0.549103597142
1.0
0.499394906344
0.549103597142
1.0
0.500174637326
0.548117713396
1.0
0.500552872999
0.546783996207
1.0
0.501093931578
0.54620641353
1.0
0.500969386065
0.545435475035
1.0
0.501149045921
0.544791688348
1.0
0.501267044364
0.544186732011
1.0
0.501838894389
0.543938027667
1.0
0.50217811601
0.542785136356
1.0
0.50217811601
0.542785136356
1.0
0.502168263304
0.542156815167
1.0
0.502169825748
0.54157306127
1.0
0.502799081295
0.541311886261
1.0
0.50316120721
0.540679928562
1.0
0.503442225323
0.540696466863
1.0
0.503724314494
0.540050819367
1.0
0.504916030423
0.539885389261
1.0
0.505069290435
0.538774144326
1.0
0.505069290435
0.538774144326
1.0
0.504739093187
0.539351638027
1.0
0.504826999829
0.538751657741
1.0
0.505448682751
0.539213467517
1.0
0.50601116248
0.538144567534
1.0
0.506669642358
0.538594887422
1.0
0.50676123576
0.538219648803
1.0
0.507281389727
0.53871909236
1.0
0.507676316752
0.538215944847
1.0
0.507676316752
0.538215944847
1.0
0.508616594711
0.538611671377
1.0
0.508912501047
0.53829664564
1.0
0.509227722548
0.53834605358
1.0
0.509236091317
0.538192025173
1.0
0.51024266538
0.538465978463
1.0
0.510484507927
0.538537922769
1.0
0.510325426604
0.538382821833
1.0
0.510993698667
0.537712040182
1.0
0.510993698667
0.537712040182
1.0
0.511746485788
0.538441097812
1.0
0.51182544037
0.538323965454
1.0
0.512079387659
0.538893803327
1.0
0.512431980873
0.538708321125
1.0
0.512704584992
0.539110222791
1.0
0.51291733389
0.539161145849
1.0
0.513521496974
0.539938027427
0.98925925783
0.51356028678
0.539202597555
0.98925925783
0.51356028678
0.539202597555
0.98925925783
0.513877127601
0.539765914336
1.0
0.514062677227
0.539561990184
1.0
0.514609499867
0.540307315863
1.0
0.515017218288
0.540314033892
1.0
0.515318187309
0.541816253421
1.0
0.515531612677
0.541496693092
1.0
0.516475227455
0.541710509402
1.0
0.516423814577
0.542394833412
1.0
0.516423814577
0.542394833412
1.0
0.516175540602
0.543240594009
1.0
0.516522516774
0.543148389795
1.0
0.517101710338
0.54380574888
1.0
0.51714775979
0.54394069358
1.0
0.518001321277
0.545282193153
1.0
0.518367263095
0.545520188165
1.0
0.518367263095
0.545520188165
1.0
0.518476552614
0.546065830319
1.0
0.518611411179
0.546513185794
1.0
0.519246295535
0.54761733299
1.0
0.519303898107
0.548384097589
1.0
0.520038052122
0.549698543217
1.0
0.520286920885
0.550425851838
1.0
0.520310738342
0.550619728003
1.0
0.520674836803
0.550842861038
1.0
0.520607831168
0.551729299579
1.0
0.520805346242
0.55197049863
1.0
0.520805346242
0.55197049863
1.0
0.521660975507
0.552147898986
1.0
0.522030087592
0.552079733415
1.0
0.522217710377
0.552569527367
1.0
0.522696247946
0.552228913083
1.0
0.522694180333
0.552113083381
1.0
0.522799398171
0.552322336584
1.0
0.522983060275
0.552782961978
1.0
0.523383026202
0.552818408983
1.0
0.523383026202
0.552818408983
1.0
0.523232926799
0.55248589518
1.0
0.523359910352
0.552218966732
1.0
0.523257513823
0.552123240821
1.0
0.523409806398
0.552434776027
1.0
0.523325898248
0.552204254145
1.0
0.523506423515
0.552558344866
1.0
0.522980020712
0.551973718407
1.0
0.523404849458
0.550795559691
1.0
0.523404849458
0.550795559691
1.0
0.523502241873
0.550155956473
1.0
0.523657942987
0.550210013131
1.0
0.523256268221
0.549352574572
1.0
0.523512900124
0.548661144908
1.0
0.523194374723
0.548102141555
1.0
0.523451794107
0.547346016634
1.0
0.523541521387
0.546622172361
1.0
0.52368891771
0.546242195967
1.0
0.52368891771
0.546242195967
1.0
0.523679643158
0.545990473467
1.0
0.523769730166
0.545121486297
1.0
0.523724444546
0.544391985078
1.0
0.524135745818
0.543158239988
1.0
0.523565771039
0.541774019691
1.0
0.523795126805
0.541030944676
1.0
0.523327894347
0.539887019326
1.0
0.523569241453
0.538685040603
1.0
0.523569241453
0.538685040603
1.0
0.523791452193
0.53813785288
1.0
0.524154151993
0.536842707536
1.0
0.523908403065
0.53586405092
1.0
0.524184391857
0.534339592774
1.0
0.52370736605
0.533619249951
1.0
0.524128533304
0.532528503474
1.0
0.523676089425
0.531810709375
1.0
0.523676089425
0.531810709375
1.0
0.523820572085
0.53120716449
1.0
0.523314184085
0.530332895001
1.0
0.523479536931
0.529256582863
1.0
0.52347080443
0.528826546277
1.0
0.523883101033
0.528101173389
1.0
0.523651306165
0.527591536108
1.0
0.523687712103
0.526507249799
1.0
0.523396351412
0.526134854281
1.0
0.523396351412
0.526134854281
1.0
0.52369826169
0.525098934978
1.0
0.520253074605
0.522898042027
1.0
0.520362947821
0.522791447622
1.0
0.513317994251
0.519138759014
1.0
0.51354515789
0.518203649129
1.0
0.50965058804
0.518503843201
1.0
0.509706490832
0.517797997579
1.0
0.509107430698
0.51848281456
1.0
0.508779162861
0.518218665542
1.0
0.508779162861
0.518218665542
1.0
0.508651292298
0.517172362481
1.0
0.505920572398
0.520709738157
1.0
0.505817511954
0.520013508202
1.0
0.503268889418
0.524679133812
1.0
0.502452484209
0.522708407467
1.0
0.501710139003
0.525301599772
1.0
0.501710139003
0.525301599772
1.0
0.501329857725
0.524732748601
1.0
0.501927100917
0.523393406998
1.0
0.501851822123
0.522515712839
1.0
0.502152213298
0.521469941668
1.0
0.501761742681
0.520534477334
1.0
0.501826139035
0.519939219933
1.0
0.502030360363
0.518463757638
1.0
0.502057283576
0.517710620748
1.0
0.5023336103
0.516364704286
1.0
0.502375553142
0.514850830574
1.0
0.502375553142
0.514850830574
1.0
0.502329867331
0.513601105969
1.0
0.502487671217
0.512328103001
1.0
0.502833426687
0.511197866434
1.0
0.503020994886
0.510242201005
1.0
0.503392492989
0.509761420485
1.0
0.503537538826
0.508523000249
1.0
0.504322827822
0.507257468242
1.0
0.504407302595
0.506185055351
1.0
0.504407302595
0.506185055351
1.0
0.504221443683
0.504268606652
1.0
0.504652042899
0.502390455835
1.0
0.505304803262
0.501791492341
1.0
0.50545408629
0.499873757338
1.0
0.505904340272
0.498767323686
1.0
0.506363148923
0.496998728505
1.0
0.507105376984
0.495355454174
1.0
0.507105376984
0.495355454174
1.0
0.507492134587
0.493817771332
1.0
0.507696809454
0.492589572456
1.0
0.508156537063
0.490021097957
1.0
0.508303580162
0.488513839328
1.0
0.508824026758
0.486399445844
1.0
0.509445278704
0.485389369196
1.0
0.509758473462
0.483282618046
1.0
0.510598516755
0.482072615078
1.0
0.511091599888
0.479659665948
1.0
0.511091599888
0.479659665948
1.0
0.512286630308
0.479136122655
1.0
0.512787979655
0.477355658635
1.0
0.513105022738
0.477007920661
1.0
0.513646648519
0.474584425213
1.0
0.514462307981
0.47380051325
1.0
0.514775413732
0.471415372418
1.0
0.51557175209
0.471115720349
1.0
0.51557175209
0.471115720349
1.0
0.516506476405
0.468739725528
1.0
0.517856657201
0.468879989462
1.0
0.518212497272
0.467343196967
1.0
0.51913806356
0.467303838742
1.0
0.519555571333
0.465467712659
1.0
0.520416005112
0.465597696768
1.0
0.520952965937
0.463516620629
1.0
0.522085125182
0.463922739521
1.0
0.522679544798
0.462546182088
1.0
0.522679544798
0.462546182088
1.0
0.523818276801
0.462966323774
1.0
0.52439933768
0.46153847389
1.0
0.525145357588
0.461798796061
1.0
0.525944540013
0.459962648809
1.0
0.526663454875
0.460834813296
1.0
0.526923432635
0.460090264238
1.0
0.526923432635
0.460090264238
1.0
0.527803236373
0.460621202156
1.0
0.528493313863
0.459218344208
1.0
0.529363858058
0.460178310103
0.972756988753
0.529364845372
0.459536813069
0.972756988753
0.529983724543
0.459435254322
0.956843460781
0.530651052819
0.459021013542
0.956843460781
0.531006012922
0.459833975587
1.0
0.531297346078
0.460277621445
1.0
0.531762210714
0.46078982069
1.0
0.531762210714
0.46078982069
1.0
0.531833421983
0.460362871252
1.0
0.53213726121
0.460659179917
0.998300761788
0.532720989105
0.460886232594
0.998300761788
0.533209584081
0.462258479285
1.0
0.533444983263
0.461906363525
1.0
0.533911442337
0.46304021932
1.0
0.534028475813
0.4635034246
1.0
0.534463034923
0.467790180448
1.0
0.534562657743
0.467446928342
1.0
0.534562657743
0.467446928342
1.0
0.536720678459
0.478159340977
1.0
0.536825642341
0.479178397366
1.0
0.538689298784
0.490655606927
1.0
0.538706646062
0.490987181528
1.0
0.54012820189
0.509190577924
1.0
0.540279256626
0.51138301277
1.0
0.540154982134
0.517684383682
1.0
0.540154982134
0.517684383682
1.0
0.539257046499
0.520205034368
1.0
0.538806305733
0.529929005902
1.0
0.538862838056
0.530040166098
1.0
0.538142366965
0.538575326877
1.0
0.537911478682
0.53872943072
0.913009511136
0.537507021022
0.543406436995
0.913009511136
0.537475136145
0.544120682771
0.913009511136
0.537475136145
0.544120682771
0.914812282448
0.53773513117
0.547225149317
0.914812282448
0.537688554537
0.547698152849
1.0
0.537162288384
0.553564496581
1.0
0.537124214029
0.554240845784
1.0
0.536859873739
0.559636513449
1.0
0.536995993592
0.560864969617
1.0
0.536919176709
0.562147610853
1.0
0.536999622352
0.562296798047
1.0
0.536638543603
0.562824997963
1.0
0.536149777003
0.561889034394
1.0
0.536149777003
0.561889034394
1.0
0.53581833345
0.562931338079
1.0
0.53589946222
0.563376893247
1.0
0.536049841978
0.563394450351
1.0
0.536170780596
0.563489805967
1.0
0.535689386423
0.564494927067
1.0
0.535695933692
0.564587295726
1.0
0.535695933692
0.564587295726
1.0
0.535784231308
0.564607281578
1.0
0.535882935415
0.564505924346
1.0
0.535891067669
0.563945317228
1.0
0.536006002569
0.564017786566
1.0
0.535616723879
0.564883914051
1.0
0.535480370099
0.56490849508
1.0
0.535408763394
0.565480288129
1.0
0.535459611785
0.565343601248
1.0
0.535727570054
0.564613665652
1.0
0.536497608165
0.565135783079
1.0
0.536497608165
0.565135783079
1.0
0.536161710018
0.565700865525
1.0
0.536287432304
0.565357257031
1.0
0.536074247379
0.565335690783
1.0
0.536621729758
0.565367470998
1.0
0.536698977938
0.565545251479
1.0
0.537257813883
0.565108424841
1.0
0.537182408239
0.564867197097
1.0
0.537182408239
0.564867197097
1.0
0.537706083454
0.564635467258
1.0
0.537743292492
0.56449233391
1.0
0.538013679567
0.564578607324
1.0
0.538260953424
0.564082023087
1.0
0.538826907851
0.562965625696
1.0
0.538715739002
0.562382575675
1.0
0.539570163128
0.561834614373
1.0
0.539771143638
0.561096018897
1.0
0.539771143638
0.561096018897
1.0
0.540128993583
0.561207394092
1.0
0.540367588263
0.561028312211
1.0
0.54092959072
0.560812348077
1.0
0.540860642128
0.560012168543
1.0
0.541576974474
0.56024683563
1.0
0.541707191196
0.559766131618
1.0
0.542073576091
0.559538157122
1.0
0.542412783585
0.559300253019
1.0
0.542412783585
0.559300253019
1.0
0.542889928591
0.559058154557
1.0
0.542918417997
0.558365527368
1.0
0.543808853544
0.5583253757
1.0
0.544011279682
0.557829769729
1.0
0.544239333413
0.557450593309
1.0
0.544280111052
0.557036937821
1.0
0.5438808446
0.557602839821
1.0
0.544056629925
0.556883805271
1.0
0.544056629925
0.556883805271
1.0
0.545054033778
0.556372990156
1.0
0.545016643107
0.55659059977
1.0
0.545114469171
0.556667320315
1.0
0.545154834536
0.556341407248
1.0
0.54542725565
0.556404281947
1.0
0.545425616887
0.556419822246
1.0
0.545674964949
0.556434796481
1.0
0.545674964949
0.556434796481
1.0
0.545527846742
0.556335112871
1.0
0.545868912651
0.55613775519
1.0
0.545963584161
0.555859068499
1.0
0.54591097655
0.555871716198
1.0
0.545718364441
0.556224051516
1.0
0.545965713212
0.556013680168
1.0
0.545767790993
0.556084947964
1.0
0.545142525943
0.556248524867
1.0
0.545441516876
0.555739975412
1.0
0.545441516876
0.555739975412
1.0
0.546504715711
0.555548855337
1.0
0.546184130163
0.555799617941
1.0
0.546380390278
0.555479007578
1.0
0.545977075077
0.555509168917
1.0
0.545803727923
0.5558296705
1.0
0.545799495862
0.556007469709
1.0
0.54582371283
0.555845324738
1.0
0.54582371283
0.555845324738
1.0
0.545432632911
0.555795839004
1.0
0.545346370392
0.555911542479
1.0
0.54531275565
0.555876124922
1.0
0.545112636866
0.555870672748
1.0
0.545046690643
0.555826183564
1.0
0.544934533405
0.555791175478
1.0
0.544811909974
0.555742878102
1.0
0.544340478177
0.555814616544
1.0
0.544155377444
0.556696521271
1.0
0.544856554092
0.555848993732
1.0
0.544856554092
0.555848993732
1.0
0.544776756474
0.555637009511
1.0
0.544853875805
0.555173892938
1.0
0.544740092647
0.555013999223
1.0
0.544478232402
0.554993226636
1.0
0.544501634075
0.554493461336
1.0
0.544372522657
0.553670649296
1.0
0.544398973391
0.553343058103
1.0
0.544398973391
0.553343058103
1.0
0.544523249809
0.553049593846
1.0
0.544326867393
0.553009245927
1.0
0.544480873549
0.553298570202
1.0
0.544320890387
0.553678872253
1.0
0.54398136088
0.5528163261
1.0
0.543970635881
0.552687318484
1.0
0.543057307738
0.552609884151
1.0
0.542996185647
0.551421283866
1.0
0.542996185647
0.551421283866
1.0
0.543649780908
0.551167406949
1.0
0.543726961119
0.550917226192
1.0
0.54382177921
0.550650236486
1.0
0.543927056322
0.550516539347
1.0
0.543545658308
0.549708662543
1.0
0.543447331247
0.549546185356
1.0
0.543471985739
0.549847485581
1.0
0.543471985739
0.549847485581
1.0
0.543419247177
0.549554333159
1.0
0.543562076677
0.548584606925
1.0
0.543825090019
0.547685275254
1.0
0.5433535583
0.547864111156
1.0
0.543235050303
0.547716593374
1.0
0.543088650656
0.545978038157
1.0
0.543093699891
0.545653521837
1.0
0.542707389444
0.546266401881
1.0
0.542702091391
0.545391810845
1.0
0.542702091391
0.545391810845
1.0
0.542898719863
0.544438628563
1.0
0.543028996618
0.544161218361
1.0
0.542764888876
0.543974234107
1.0
0.542967757666
0.543036898838
1.0
0.542579574142
0.542356519314
1.0
0.542886737104
0.54188653312
1.0
0.542524221288
0.541484810524
1.0
0.542524221288
0.541484810524
1.0
0.542222328931
0.541214239341
1.0
0.541782828392
0.54081141899
1.0
0.541921305402
0.540282122331
1.0
0.54165861934
0.539875077879
1.0
0.542099112674
0.539134080911
1.0
0.541487195617
0.538642657133
1.0
0.541492924745
0.538139300272
1.0
0.541660657277
0.538502150593
1.0
0.54187964485
0.537523293904
1.0
0.54187964485
0.537523293904
1.0
0.540930889736
0.536642477825
1.0
0.540984335654
0.536002304444
1.0
0.541187271408
0.53540540317
1.0
0.541351453634
0.534416144018
1.0
0.54090960451
0.533783679766
1.0
0.54119349901
0.532612597388
1.0
0.541221886093
0.532515014068
1.0
0.541221886093
0.532515014068
1.0
0.5414214897
0.531977525735
1.0
0.541459989667
0.531422245039
1.0
0.541354125358
0.531712693599
1.0
0.541327360494
0.532596709181
1.0
0.541620099748
0.531096587618
1.0
0.541607867348
0.530414052026
1.0
0.541764503361
0.53025886368
1.0
0.541918995969
0.530282239101
1.0
0.541967090524
0.529894753293
1.0
0.541967090524
0.529894753293
1.0
0.542327246056
0.530105212767
1.0
0.542362324788
0.530549889431
1.0
0.542665728558
0.530455100173
1.0
0.543220204673
0.529519155578
1.0
0.543224332384
0.530406846967
1.0
0.543133867761
0.530352972533
1.0
0.543802501864
0.531268383857
1.0
0.543802501864
0.531268383857
1.0
0.544134562265
0.530400725417
1.0
0.544601126062
0.530903840361
1.0
0.54505513637
0.531059997369
1.0
0.545715402816
0.531471284549
1.0
0.54601673716
0.530838919068
1.0
0.546573840926
0.531580309706
1.0
0.546697650975
0.531289878839
1.0
0.54714734088
0.532343353775
1.0
0.547529829822
0.532611726085
1.0
0.547529829822
0.532611726085
1.0
0.548218175543
0.532267335515
1.0
0.548445141398
0.531660136858
1.0
0.549003958186
0.532657735373
1.0
0.54938647138
0.53242802348
1.0
0.549991678306
0.533200518609
1.0
0.550110710858
0.533325465011
1.0
0.550831010474
0.533881902171
1.0
0.551130630761
0.533349389303
1.0
0.551130630761
0.533349389303
1.0
0.551518051672
0.534214496235
1.0
0.551840525911
0.534088350642
1.0
0.55260458937
0.535189360718
1.0
0.55287419566
0.535623142499
1.0
0.553069905752
0.536893979942
1.0
0.553127295984
0.538035783382
1.0
0.552665238187
0.538226021989
1.0
0.553024533551
0.537986489062
1.0
0.553024533551
0.537986489062
1.0
0.55434143192
0.539726897427
1.0
0.554572300377
0.540302097677
1.0
0.555286658594
0.541044797888
1.0
0.55532767523
0.540866463942
1.0
0.555781743057
0.542109693114
1.0
0.556034454612
0.543090855786
1.0
0.556034454612
0.543090855786
1.0
0.556207883641
0.544456136946
1.0
0.55667894712
0.544487560425
1.0
0.55665132325
0.545325407031
1.0
0.556611741418
0.546175996189
1.0
0.556585138453
0.546679740351
1.0
0.556757808963
0.54711693031
1.0
0.556886228307
0.547999340736
1.0
0.55696472804
0.548354460137
1.0
0.5566710116
0.549363085282
1.0
0.55664024479
0.550303801393
1.0
0.55664024479
0.550303801393
1.0
0.55702616368
0.551145163672
1.0
0.557157077023
0.551632335714
1.0
0.557476371253
0.55301656711
1.0
0.557540596219
0.553966017833
1.0
0.55782085882
0.554921945024
1.0
0.557692141526
0.555373579316
1.0
0.557584402199
0.555711333657
1.0
0.557584402199
0.555711333657
1.0
0.557375285727
0.556668564902
1.0
0.55746096584
0.557665038236
1.0
0.557432177675
0.559541600317
1.0
0.557613067837
0.560684063056
1.0
0.557541250535
0.560795868235
1.0
0.556790290472
0.5613931828
1.0
0.556788230593
0.56258636398
1.0
0.557262514958
0.563696223414
1.0
0.557421680348
0.564126111897
1.0
0.557421680348
0.564126111897
1.0
0.557469062227
0.564299699964
1.0
0.557140864365
0.56527577957
1.0
0.557068951917
0.566042207392
1.0
0.557283892833
0.566918751689
1.0
0.557248076979
0.567000362155
1.0
0.556959462452
0.567697013718
1.0
0.557170760829
0.568346189502
1.0
0.557170760829
0.568346189502
1.0
0.557177096651
0.568686773838
1.0
0.557221951675
0.569747373493
1.0
0.557076917692
0.570872032967
1.0
0.556835510456
0.570993032514
1.0
0.556820440209
0.571604465177
1.0
0.556455074061
0.571602731973
1.0
0.556408520945
0.571909471866
1.0
0.556696817982
0.573919855292
1.0
0.556696817982
0.573919855292
1.0
0.556430919964
0.574684068557
1.0
0.556343128255
0.573917340633
1.0
0.556430545088
0.574133544742
1.0
0.556480913133
0.574921525017
1.0
0.556411266343
0.575594104074
1.0
0.556577260344
0.575960672801
1.0
0.556504549299
0.57620367336
1.0
0.556504407903
0.576528027559
1.0
0.556504407903
0.576528027559
1.0
0.556508769422
0.576849179322
1.0
0.556551486271
0.577227409118
1.0
0.556591866351
0.578225955036
1.0
0.556630495159
0.578354823802
1.0
0.556517014562
0.579098745272
1.0
0.556863581856
0.57900890216
1.0
0.556686246497
0.579082954689
1.0
0.558291849502
0.576849466831
1.0
0.558293760332
0.577431998309
1.0
0.558293760332
0.577431998309
1.0
0.560210519607
0.573672855394
1.0
0.560121285945
0.574230293652
1.0
0.560868220678
0.567601840077
1.0
0.560969116392
0.567475132194
1.0
0.559208189279
0.559639061684
1.0
0.559526737207
0.558276562552
1.0
0.556581703126
0.551864530683
1.0
0.556581703126
0.551864530683
1.0
0.557917241795
0.545988299017
1.0
0.556934526224
0.544344346999
1.0
0.558105069571
0.53691421976
1.0
0.559317192978
0.537684587146
1.0
0.560125650788
0.528955889173
1.0
0.560650370261
0.529542618993
1.0
0.559946214898
0.523632987628
1.0
0.559866428264
0.52478016323
1.0
0.55874856362
0.521588140558
1.0
0.55874856362
0.521588140558
1.0
0.558869385877
0.521787081633
1.0
0.558636916603
0.522474133931
1.0
0.558575971164
0.523004189273
1.0
0.558666044399
0.52361166773
1.0
0.558673279883
0.523862325191
1.0
0.558882558995
0.524014682984
1.0
0.559378902516
0.524824501958
1.0
0.559378902516
0.524824501958
1.0
0.559245552078
0.525320894761
1.0
0.559529549847
0.526292087866
1.0
0.559533522555
0.526624363836
1.0
0.559971021081
0.527232765491
1.0
0.560010709281
0.527838283798
1.0
0.560259988338
0.528379144526
1.0
0.560017702869
0.528924067368
1.0
0.560121683214
0.529103052472
1.0
0.560292905333
0.529420464154
1.0
0.560292905333
0.529420464154
1.0
0.560692910545
0.530548417286
1.0
0.561108002421
0.530484681277
1.0
0.561193523936
0.530511569446
1.0
0.561155852204
0.531832404794
1.0
0.561050278289
0.531975294466
1.0
0.561209468974
0.532100103581
1.0
0.561755813509
0.53317153001
1.0
0.561755813509
0.53317153001
1.0
0.56166204695
0.534097203182
1.0
0.561985877463
0.534899272776
1.0
0.561996576338
0.535510280215
1.0
0.562078733195
0.53572254648
1.0
0.562062384529
0.535725452654
1.0
0.562130730015
0.536485477572
1.0
0.562220783228
0.536771407811
1.0
0.56215861485
0.53612715759
1.0
0.56215861485
0.53612715759
1.0
0.562062129435
0.537052632142
1.0
0.561890779772
0.538956872077
1.0
0.562136369451
0.539703550776
1.0
0.562189184672
0.540020339305
1.0
0.562018598807
0.540083921888
1.0
0.561974208873
0.540583843566
1.0
0.561871453826
0.541295880404
1.0
0.561943883688
0.542024743805
1.0
0.561943883688
0.542024743805
1.0
0.561870568064
0.542742273483
1.0
0.561789807858
0.543337539215
1.0
0.561716197103
0.544180990829
1.0
0.561380810372
0.545191736781
1.0
0.561163893592
0.546081292103
1.0
0.561096766843
0.547172747568
1.0
0.56086500425
0.54857260702
1.0
0.56136114458
0.549606208369
1.0
0.56136114458
0.549606208369
1.0
0.561347118741
0.549829699589
1.0
0.561207558152
0.550517950067
1.0
0.561002011183
0.551571109976
1.0
0.560643739843
0.551925399747
1.0
0.560295598039
0.554008029139
1.0
0.560140882977
0.55516551805
1.0
0.56009572957
0.556113096195
1.0
0.560143174991
0.557174780387
1.0
0.560143174991
0.557174780387
1.0
0.559951664443
0.558133790291
1.0
0.55970038188
0.559327963391
1.0
0.559597909113
0.560450657737
1.0
0.55939446863
0.56150112997
1.0
0.559093705079
0.563144048785
1.0
0.558730332949
0.563043928744
1.0
0.558533966123
0.564226232352
1.0
0.557835639624
0.56467920755
1.0
0.557835639624
0.56467920755
1.0
0.557502746545
0.566405086879
1.0
0.557300416475
0.567331563675
1.0
0.557175832942
0.568816300621
1.0
0.55633285036
0.569125662051
1.0
0.555960492635
0.56981692815
1.0
0.555031824779
0.569356538462
1.0
0.554675838993
0.570510580143
1.0
0.55431213378
0.570349210469
1.0
0.55431213378
0.570349210469
1.0
0.554126910074
0.571415475864
1.0
0.553177511378
0.571855426071
1.0
0.552784669804
0.572557874495
1.0
0.552135612722
0.57228187566
1.0
0.55139111542
0.573694455412
1.0
0.549864083864
0.573507248503
1.0
0.549414275282
0.574139965427
1.0
0.547079291776
0.573803104108
1.0
0.546729149502
0.5749361765
1.0
0.546729149502
0.5749361765
1.0
0.541720695211
0.571195492496
1.0
0.541184008494
0.572246435298
1.0
0.535738105696
0.56929652399
1.0
0.535133173505
0.570722438088
1.0
0.531671338896
0.568690881282
1.0
0.531131430846
0.56970220396
1.0
0.530013195381
0.56903687318
1.0
0.530013195381
0.56903687318
1.0
0.528140893237
0.570504870391
1.0
0.527631455857
0.570087435362
1.0
0.524202211835
0.574021634621
1.0
0.522638659331
0.571187779636
1.0
0.520193909225
0.572981294078
1.0
0.519449852749
0.571675186304
1.0
0.518655419336
0.572442084103
1.0
0.517993130995
0.571267588656
1.0
0.517993130995
0.571267588656
1.0
0.517645000006
0.571294401551
1.0
0.517168902632
0.57071233393
1.0
0.516850806826
0.569936750706
1.0
0.516483980819
0.56976524207
1.0
0.515880791564
0.569401990792
1.0
0.515260959403
0.568336752942
0.966774756261
0.514980666215
0.56799761817
0.966774756261
0.514220523342
0.566953895483
0.966774756261
0.514220523342
0.566953895483
1.0
0.513891828065
0.567197199225
1.0
0.513635278714
0.566816627439
1.0
0.513118663039
0.567397280619
1.0
0.512819997713
0.566780440671
1.0
0.512639485731
0.566923999418
1.0
0.512268450431
0.565395383522
1.0
0.512134083184
0.564820084308
0.963804482906
0.512609456409
0.562649475855
0.963804482906
0.512609456409
0.562649475855
0.963804482906
0.512186091351
0.562122152016
1.0
0.511643825969
0.562304045524
1.0
0.511519971624
0.562086293598
1.0
0.511917911991
0.56080949141
1.0
0.511764540076
0.559701093367
1.0
0.511905273555
0.559161423328
1.0
0.511715149372
0.558328333991
1.0
0.511895162816
0.557542953311
1.0
0.511895162816
0.557542953311
1.0
0.511830680554
0.556913398621
1.0
0.511495266522
0.556416716538
1.0
0.511541613741
0.555514105359
1.0
0.511464669858
0.555121511102
1.0
0.511325797379
0.553705602351
0.998227715041
0.514951664152
0.554423116743
0.998227715041
0.514920074339
0.554512338767
1.0
0.520698191754
0.55128002441
1.0
0.520698191754
0.55128002441
1.0
0.52088073788
0.550967524712
1.0
0.523856025638
0.547637992298
1.0
0.523397674867
0.548044955545
1.0
0.523063862597
0.543027913424
1.0
0.523356548188
0.542808356706
1.0
0.522423767447
0.541711475175
1.0
0.524675181519
0.534448531038
1.0
0.525006403987
0.535325668233
1.0
0.525006403987
0.535325668233
1.0
0.527393048218
0.526883832006
1.0
0.527512217396
0.527104232375
1.0
0.528660853571
0.520316592875
1.0
0.528335057582
0.520140696243
1.0
0.528430462645
0.517115146395
1.0
0.528137407003
0.517506707145
1.0
0.527741915252
0.518315565727
1.0
0.527741915252
0.518315565727
1.0
0.527327362529
0.518813308236
1.0
0.527002873973
0.519620853777
1.0
0.526979014449
0.521365744063
1.0
0.52681979432
0.52139793493
1.0
0.526410196297
0.522506749358
1.0
0.526169117754
0.523778689075
1.0
0.525950009447
0.524379535455
0.975915767152
0.525555596263
0.52543918953
0.975915767152
0.525286491658
0.526312380667
0.975915767152
0.525286491658
0.526312380667
1.0
0.525142508252
0.52821594358
1.0
0.524559190411
0.52914099482
1.0
0.524109591117
0.530491998026
1.0
0.523146105521
0.530446966226
1.0
0.523054390019
0.532719884721
1.0
0.522983197549
0.533197122069
1.0
0.522575018001
0.533862186105
1.0
0.52158185241
0.53420722713
1.0
0.52158185241
0.53420722713
1.0
0.521452529036
0.535499935449
1.0
0.521205282905
0.535453129452
1.0
0.520982859425
0.536064809617
1.0
0.520618268407
0.536320786976
1.0
0.520380371859
0.537154137065
1.0
0.519590132911
0.537437090703
1.0
0.519226878576
0.537676740555
1.0
0.518211557056
0.537325920591
1.0
0.518211557056
0.537325920591
1.0
0.517908193702
0.53861902438
1.0
0.517065171697
0.538794139445
1.0
0.51679215444
0.539853263644
1.0
0.515699273562
0.539228195237
1.0
0.515275002057
0.539919918998
1.0
0.514321173658
0.53960474228
1.0
0.513998819723
0.540802308642
1.0
0.513213707933
0.540154349281
1.0
0.513213707933
0.540154349281
1.0
0.513037996023
0.541192285689
1.0
0.511379520505
0.541587380848
1.0
0.510768150346
0.542897662753
1.0
0.509813306007
0.542327564999
1.0
0.509374090463
0.543341410025
1.0
0.508156105248
0.542422145002
1.0
0.507690674173
0.542785573613
1.0
0.506255094206
0.542414064546
1.0
0.506255094206
0.542414064546
1.0
0.50579664433
0.543145023238
1.0
0.504678518912
0.542736806355
1.0
0.50401330365
0.544017116743
1.0
0.503118949983
0.543001117843
1.0
0.502829591577
0.543536967352
1.0
0.500829117165
0.54274261859
1.0
0.499941936575
0.54403282857
1.0
0.498716780775
0.543778782398
1.0
0.498716780775
0.543778782398
1.0
0.498225832997
0.544910839071
1.0
0.497014172897
0.543330416399
1.0
0.496411442365
0.543681599037
1.0
0.495033386022
0.542775034695
1.0
0.494404188194
0.543450642087
1.0
0.493290008426
0.542838676149
0.96999311513
0.492593839012
0.543868287772
0.96999311513
0.492593839012
0.543868287772
0.96999311513
0.490774477884
0.543053599593
1.0
0.490384497801
0.544456752451
1.0
0.488904080404
0.543437379263
1.0
0.488198798536
0.544288018705
1.0
0.487225356638
0.543768958435
1.0
0.486407173796
0.545673728075
1.0
0.485461571713
0.544913186668
1.0
0.484846444227
0.545518061412
1.0
0.483671253172
0.545572159809
1.0
0.483671253172
0.545572159809
1.0
0.482833892297
0.546143175577
1.0
0.483617241494
0.545117852543
1.0
0.483088190749
0.545499565777
1.0
0.490637526111
0.547269126208
1.0
0.489828548261
0.54879267588
0.980210966924
0.507637952187
0.551336269499
0.980210966924
0.506873895012
0.552665736012
0.759758670382
0.496934686918
0.52242877814
0.759758670382
0.496934686918
0.52242877814
0.759758670382
0.495699864617
0.522998274834
0.789005612445
0.503686957181
0.511742238733
0.789005612445
0.502422873558
0.511900312387
0.789005612445
0.502422873558
0.511900312387
0.789005612445
0.502422873558
0.511900312387
1.0
0.500857134362
0.552935481957
1.0
0.506071729326
0.549592001506
1.0
0.517051251201
0.549230901605
0.988883245391
0.578790020341
0.55108659724
0.942750587204
0.587387628069
0.529323098412
0.857016154359
0.594352906416
0.508952527264
0.857016154359
0.594352906416
0.508952527264
0.935534126015
0.603497737006
0.518446750142
1.0
0.605052008008
0.515116776549
1.0
0.605941315744
0.514982499644
1.0
0.605989685195
0.5162380267
1.0
0.605950198417
0.51731316215
1.0
0.605987997794
0.519923773488
1.0
0.605692395448
0.521824982953
1.0
0.60608787439
0.523019335648
1.0
0.605026091799
0.52427837256
1.0
0.605218872707
0.52550319247
1.0
0.605218872707
0.52550319247
1.0
0.604039070004
0.526929509978
1.0
0.604096916178
0.527268812432
1.0
0.602992952485
0.52760394537
1.0
0.603098572588
0.527230953066
1.0
0.602381714459
0.527259837953
1.0
0.602535681679
0.528235530418
1.0
0.601920074257
0.527319893847
1.0
0.601920074257
0.527319893847
1.0
0.602001668331
0.527080093679
1.0
0.600923623585
0.52640761073
1.0
0.60124958007
0.526326133387
1.0
0.600587540753
0.525677014368
1.0
0.600568342327
0.525343855465
1.0
0.599841357131
0.523995412266
1.0
0.59995600899
0.523440198154
1.0
0.599326774421
0.523411114389
1.0
0.599326774421
0.523411114389
1.0
0.599395487059
0.523028668806
1.0
0.598619357316
0.522202939384
1.0
0.598660774818
0.521891434537
1.0
0.597855121887
0.520521478535
1.0
0.59791828336
0.519786974986
1.0
0.597260334406
0.519235176998
1.0
0.597369452229
0.518528342176
1.0
0.596836537836
0.517860681751
1.0
0.596836537836
0.517860681751
1.0
0.59681393117
0.51768385389
1.0
0.59620359399
0.516307108578
1.0
0.596280976376
0.516511063744
1.0
0.596170390267
0.516809094136
1.0
0.596121517349
0.516327128705
1.0
0.595720658377
0.515567895094
1.0
0.59576116845
0.515453961857
1.0
0.595031860842
0.51551868307
1.0
0.595031860842
0.51551868307
1.0
0.594819374196
0.51513664641
1.0
0.594408201733
0.514064707998
1.0
0.594335377732
0.514462075725
1.0
0.593781034372
0.51421481218
1.0
0.593639152127
0.513936171
1.0
0.593051916519
0.512792423506
1.0
0.593136766755
0.51283017894
1.0
0.593136766755
0.51283017894
1.0
0.592608404388
0.512263077718
1.0
0.592619455957
0.512061717952
1.0
0.592165251911
0.511621919817
1.0
0.592141600115
0.511173963851
1.0
0.591518666037
0.510989389413
1.0
0.591464286185
0.51110011514
1.0
0.591196424999
0.510595480965
1.0
0.590947495742
0.510560286166
1.0
0.59032679139
0.510049739752
1.0
0.59032679139
0.510049739752
1.0
0.590134908341
0.509611267544
1.0
0.58986125621
0.508665850515
1.0
0.589851008883
0.508199535099
1.0
0.588844368499
0.507816063564
1.0
0.588618596678
0.508589311648
1.0
0.588503430113
0.50756766243
1.0
0.588662315338
0.506692548436
1.0
0.588662315338
0.506692548436
1.0
0.588226079696
0.506287116839
1.0
0.587907364253
0.506790548992
1.0
0.587230892674
0.506058709993
1.0
0.587031760792
0.506091023063
1.0
0.586848915112
0.505409263458
1.0
0.586859706346
0.505247097271
1.0
0.586291763741
0.50485300189
1.0
0.586242155883
0.50471550108
1.0
0.585748701813
0.504039712471
1.0
0.585748701813
0.504039712471
1.0
0.585463046352
0.504169470318
1.0
0.584968483886
0.503701096251
1.0
0.585009246621
0.50373142606
1.0
0.584242179553
0.50413027641
1.0
0.584072911813
0.50402057292
1.0
0.583889042344
0.503486723424
1.0
0.583640865424
0.50399273281
1.0
0.582566624406
0.50351524218
1.0
0.582566624406
0.50351524218
1.0
0.582453086798
0.50373204227
1.0
0.581871000222
0.503432511414
1.0
0.581616572641
0.503914465182
1.0
0.580787323986
0.503620463606
1.0
0.580178469634
0.503485997354
1.0
0.579662092057
0.503141321804
1.0
0.579343219746
0.503441881812
1.0
0.579343219746
0.503441881812
1.0
0.578933981644
0.503038596464
1.0
0.578735374492
0.503641692687
1.0
0.577909943508
0.502936280081
1.0
0.577749709628
0.503261869408
1.0
0.576402043343
0.502500909116
1.0
0.576021392966
0.50329554394
1.0
0.57571838137
0.503406542015
1.0
0.575450371493
0.50439290048
1.0
0.574765384305
0.503870708281
1.0
0.574765384305
0.503870708281
1.0
0.574486990781
0.503507566182
1.0
0.573678117666
0.503208439205
1.0
0.573458094843
0.503617087674
1.0
0.572530745056
0.50315934172
1.0
0.572340715331
0.503594169931
1.0
0.571414449526
0.502964364135
1.0
0.571236703728
0.503301428596
1.0
0.571236703728
0.503301428596
1.0
0.570557470343
0.502984766615
1.0
0.570162643375
0.503138254901
1.0
0.56944141724
0.502428282259
1.0
0.569029021647
0.503441627785
1.0
0.568008352434
0.502779556421
1.0
0.567687730552
0.503036820849
1.0
0.567038040617
0.5029162824
1.0
0.566917721282
0.503221160381
1.0
0.566917721282
0.503221160381
1.0
0.565887045862
0.502601184194
1.0
0.565452610096
0.503299334927
1.0
0.564794878991
0.502891702756
1.0
0.564375912977
0.503442882582
1.0
0.563664169086
0.502776855099
1.0
0.56336712286
0.503800628223
1.0
0.562544936649
0.50263688173
1.0
0.562150259069
0.502393355137
1.0
0.561025492145
0.501713587662
1.0
0.561025492145
0.501713587662
1.0
0.560775773859
0.502121998048
1.0
0.560021231056
0.501566039725
1.0
0.559610100347
0.502137182388
1.0
0.558766882927
0.501404733604
1.0
0.558547740698
0.501474855478
1.0
0.558108330455
0.500632657195
1.0
0.558108330455
0.500632657195
1.0
0.557661078032
0.501141577292
1.0
0.556461763675
0.500473185745
1.0
0.556257492652
0.500551932712
1.0
0.555944388386
0.499856964856
1.0
0.555577214565
0.500341026831
1.0
0.555177208834
0.500015858898
1.0
0.555011339279
0.499792042352
1.0
0.554334166632
0.498490867672
1.0
0.554226541086
0.498850135904
1.0
0.554226541086
0.498850135904
1.0
0.553887991053
0.498623200448
1.0
0.553500892008
0.497733872949
1.0
0.552671876482
0.497182237834
1.0
0.552541217602
0.497334700184
1.0
0.551454308523
0.495809072226
1.0
0.551253921521
0.495554759423
1.0
0.551138110795
0.495334932517
1.0
0.550810176145
0.495614015986
1.0
0.550082304692
0.494559010049
1.0
0.550082304692
0.494559010049
1.0
0.550030046981
0.493847674068
1.0
0.550096952546
0.493198741844
1.0
0.550142604242
0.49315272794
1.0
0.549465969664
0.49246301746
1.0
0.549074502163
0.492238869366
1.0
0.548564753516
0.491770216718
1.0
0.548522884319
0.491344556217
1.0
0.548522884319
0.491344556217
1.0
0.547888744403
0.490305490648
1.0
0.547883441171
0.490116030338
1.0
0.547884798343
0.489935731986
1.0
0.547509948259
0.490085850242
1.0
0.546406848594
0.48835084991
1.0
0.546406706507
0.487903885389
1.0
0.546227121629
0.487402644156
1.0
0.546360674169
0.486983114795
1.0
0.546149787835
0.48633873039
1.0
0.546149787835
0.48633873039
1.0
0.54582726994
0.485907510011
1.0
0.545601949987
0.484993188343
1.0
0.545644983169
0.48445877713
1.0
0.545448516209
0.483609011973
1.0
0.545691187361
0.483180193266
1.0
0.544893187894
0.482785453866
1.0
0.544648628599
0.482154878594
1.0
0.544155848299
0.481378010009
1.0
0.544155848299
0.481378010009
1.0
0.544181450847
0.481814318367
1.0
0.543688271565
0.48130174257
1.0
0.54363807718
0.48056508648
1.0
0.543072827802
0.479745437509
1.0
0.542932670766
0.478758240091
1.0
0.542624034051
0.477930122263
1.0
0.542624034051
0.477930122263
1.0
0.54233051175
0.477887668779
1.0
0.54167344358
0.477071288105
1.0
0.542261543836
0.476781763416
1.0
0.541499914238
0.475691450079
1.0
0.540740930725
0.476030220192
1.0
0.540481878821
0.475366719348
1.0
0.540436889315
0.474950679245
1.0
0.539890106076
0.474293587466
1.0
0.539710030198
0.473890270305
1.0
0.539025138962
0.47350549251
1.0
0.539025138962
0.47350549251
1.0
0.538913013676
0.473615517613
1.0
0.537790688202
0.473220526145
1.0
0.53759073808
0.473529723669
1.0
0.535702049805
0.474187998226
1.0
0.535668757287
0.473696030298
1.0
0.533112152401
0.47491129397
1.0
0.533112152401
0.47491129397
1.0
0.532966963567
0.475052755352
1.0
0.530260352674
0.4772131556
1.0
0.530043344379
0.477388972783
1.0
0.528800306828
0.479064369089
1.0
0.527949442277
0.481967239198
1.0
0.527270097056
0.481424905165
1.0
0.52573908235
0.485621659379
1.0
0.525527811296
0.484855324112
0.955996787528
0.523983844388
0.490314891832
0.955996787528
0.523555163603
0.488762122629
0.955996787528
0.523555163603
0.488762122629
1.0
0.52255039409
0.49246225719
1.0
0.521808389219
0.492486066227
1.0
0.521973420684
0.492768142007
1.0
0.52152517777
0.492100518056
0.958034924611
0.521506155651
0.491709130649
0.958034924611
0.520874014117
0.491180237517
1.0
0.520719630298
0.49161279699
1.0
0.520719630298
0.49161279699
1.0
0.520471205345
0.491332995309
1.0
0.520274358666
0.491176255156
1.0
0.520210913483
0.49115671326
1.0
0.51998844753
0.491335648549
1.0
0.519366676607
0.490941211844
1.0
0.519433172398
0.490555065163
1.0
0.518986477604
0.490486097025
1.0
0.51864860227
0.491066420736
1.0
0.51864860227
0.491066420736
1.0
0.518394927446
0.490805172484
1.0
0.518434793647
0.490720146841
1.0
0.518296886741
0.490300901121
1.0
0.518090312092
0.490798807103
1.0
0.517421281934
0.490521286395
1.0
0.517332369661
0.49049176114
1.0
0.51757845558
0.490183088207
1.0
0.517602201062
0.49045185491
1.0
0.517602201062
0.49045185491
1.0
0.517403362517
0.490130911241
1.0
0.517270879862
0.490291894554
1.0
0.517310395279
0.490333923154
1.0
0.517168727425
0.490402463092
1.0
0.516990511222
0.490075817719
1.0
0.517017896075
0.489833456272
1.0
0.516840131962
0.489811331613
1.0
0.516843795118
0.489594387665
1.0
0.516843795118
0.489594387665
1.0
0.516614475476
0.489568740256
1.0
0.51644233514
0.489862329721
1.0
0.516890615624
0.490074896836
1.0
0.516903692226
0.490033222607
1.0
0.516776906541
0.490218065833
1.0
0.516579618989
0.490201446581
1.0
0.516391786978
0.490112827731
1.0
0.516422542479
0.489658143316
1.0
0.516511944044
0.489340647178
1.0
0.516511944044
0.489340647178
1.0
0.516404027925
0.489815522096
1.0
0.516581322085
0.490291617598
1.0
0.516673091413
0.489787779145
1.0
0.516709082881
0.489997624448
1.0
0.516583307087
0.490342587021
1.0
0.516548098696
0.490036836773
1.0
0.516670911052
0.489833377828
1.0
0.516670911052
0.489833377828
1.0
0.516618203622
0.489901537878
1.0
0.516895863586
0.489843142937
1.0
0.51643003702
0.489487347879
1.0
0.516548210831
0.489335513803
1.0
0.516929383773
0.489399685093
1.0
0.516802204827
0.489746398109
1.0
0.516702060208
0.48942314984
1.0
0.517022741564
0.489263986692
1.0
0.517022741564
0.489263986692
1.0
0.516866889363
0.489762078051
1.0
0.516968543588
0.48943626846
1.0
0.516810008081
0.488918143394
1.0
0.516815511846
0.488591998825
1.0
0.517121030316
0.488175964618
1.0
0.51728716749
0.488176412494
1.0
0.517257652164
0.488291551867
1.0
0.517224359022
0.488099918289
1.0
0.517248169903
0.488144132138
1.0
0.517248169903
0.488144132138
1.0
0.517281272814
0.488199785179
1.0
0.516839098121
0.488167714288
1.0
0.516977560574
0.488500807929
1.0
0.516888498998
0.487987183602
1.0
0.516816091154
0.487951383667
1.0
0.516995335858
0.488540459274
1.0
0.516942436777
0.488856531919
1.0
0.516942436777
0.488856531919
1.0
0.517010733316
0.488440675225
1.0
0.517318636666
0.487891848629
1.0
0.517452798826
0.488321313869
1.0
0.517154833839
0.488427582241
1.0
0.51677873855
0.488137310549
1.0
0.516985764455
0.487959472181
1.0
0.517221631049
0.48819609834
1.0
0.51751490082
0.487693794613
1.0
0.51751490082
0.487693794613
1.0
0.517571026581
0.487566339446
1.0
0.517205789104
0.488499790707
1.0
0.517069724362
0.488348475176
1.0
0.517043321348
0.488361651187
1.0
0.516863185832
0.488059769253
1.0
0.516997762709
0.487966686306
1.0
0.517152921884
0.488510709422
1.0
0.516791407809
0.488988354165
1.0
0.515521078139
0.489547012934
1.0
0.515521078139
0.489547012934
1.0
0.515828878833
0.489199435492
1.0
0.512857094075
0.49140165696
1.0
0.512846369261
0.491451752132
1.0
0.510039192476
0.492934149408
1.0
0.509912371924
0.493271360717
1.0
0.506759401271
0.496163742193
1.0
0.506411114255
0.496568079274
1.0
0.506411114255
0.496568079274
1.0
0.504082592581
0.499755284861
1.0
0.502869884574
0.505168884148
1.0
0.502745199691
0.507551563804
1.0
0.501099608449
0.513253580896
1.0
0.501411373759
0.513544556477
1.0
0.499806711384
0.520159044194
1.0
0.499716630109
0.519245321464
1.0
0.498439205272
0.524931971649
1.0
0.498367934631
0.524387743739
1.0
0.498367934631
0.524387743739
1.0
0.497509460508
0.528657387166
1.0
0.497517946202
0.529231762405
1.0
0.497774840607
0.529140201218
1.0
0.498191185501
0.529517746786
1.0
0.49871939805
0.529648391127
1.0
0.498246802668
0.529494440969
1.0
0.498032265814
0.529032529749
1.0
0.498032265814
0.529032529749
1.0
0.498561695304
0.528842794219
1.0
0.498786311392
0.529461822903
1.0
0.49891244915
0.52923671184
1.0
0.499007325129
0.529628568835
1.0
0.498673308519
0.529737755288
1.0
0.498531566615
0.528852436686
1.0
0.49878422059
0.528562210491
1.0
0.49878422059
0.528562210491
1.0
0.498884906232
0.528305741787
1.0
0.498797448508
0.528412472227
1.0
0.498920320947
0.529040352326
1.0
0.498988283567
0.529229652718
1.0
0.499128234185
0.528975205936
1.0
0.499203340781
0.528737244081
1.0
0.499410911344
0.528634929592
1.0
0.49956208695
0.528447295554
1.0
0.499540814907
0.528247214136
1.0
0.499540814907
0.528247214136
1.0
0.499383989507
0.528245257587
1.0
0.499209313286
0.52774313742
1.0
0.499650676721
0.527755115107
1.0
0.499657715685
0.528220103871
1.0
0.498870901525
0.527625147828
1.0
0.499116042725
0.527342830289
1.0
0.499855865526
0.527735963313
1.0
0.499856620929
0.527825530188
1.0
0.499856620929
0.527825530188
1.0
0.499885804135
0.527892483768
1.0
0.500022558844
0.52787602005
1.0
0.500168816377
0.527834683479
1.0
0.500043178603
0.52775854424
1.0
0.499919830414
0.527493001854
1.0
0.499933397485
0.526528755808
1.0
0.500047430689
0.526525011509
1.0
0.50035897822
0.526789975559
1.0
0.50035897822
0.526789975559
1.0
0.500608983905
0.526524347774
1.0
0.500603925072
0.526725738945
1.0
0.500628081983
0.526753859401
1.0
0.500710787508
0.526479103608
1.0
0.501264898216
0.525758386338
1.0
0.501296020083
0.525844100664
1.0
0.501084043302
0.526260189993
1.0
0.501001707472
0.526416819514
1.0
0.501001707472
0.526416819514
1.0
0.501149118043
0.52645136416
1.0
0.501119931173
0.525085090318
1.0
0.501158729979
0.525157047852
1.0
0.501393347162
0.525220590722
1.0
0.501577445161
0.525202667992
1.0
0.501608567252
0.524944009262
1.0
0.501736887791
0.525023552214
1.0
0.501733065594
0.525271717343
1.0
0.501733065594
0.525271717343
1.0
0.502068790337
0.525235795677
1.0
0.502130565217
0.524819943703
1.0
0.50223747735
0.524898881593
1.0
0.502533641013
0.524460221827
1.0
0.502438472841
0.523418482575
1.0
0.502295804781
0.523166035988
1.0
0.502876461822
0.523523674069
1.0
0.503023257874
0.523575087431
1.0
0.503023257874
0.523575087431
1.0
0.504391588342
0.524152337398
1.0
0.504548800167
0.523689948363
1.0
0.507227894407
0.52608040495
1.0
0.50715852527
0.526018635823
1.0
0.508347136478
0.527752256409
1.0
0.508593880319
0.527900595587
1.0
0.508778114766
0.529701204096
1.0
0.508838004845
0.52974638295
