0.99
0.483723078174
0.456622882481
0.99
0.483723078174
0.456622882481
0.99
0.483723078174
0.456622882481
0.99
0.48093285133
0.448493569095
0.99
0.481366859819
0.44946780435
0.99
0.481351708887
0.448795307704
0.99
0.481587107315
0.448686813131
0.99
0.481647302656
0.448934126656
0.99
0.481647302656
0.448934126656
0.99
0.481952028974
0.44880847472
0.99
0.481782124405
0.448948518586
0.99
0.482506283499
0.449569639293
0.99
0.48292172403
0.449502240226
0.99
0.471474766643
0.440012221927
0.95964663304
0.471119620677
0.441956126108
0.943398777918
0.47227486352
0.440945021113
0.943398777918
0.47227486352
0.440945021113
0.943398777918
0.474531264261
0.442684978507
0.974265574028
0.476935824287
0.439057740838
0.974265574028
0.478653849741
0.439730501777
0.956578634616
0.482416613671
0.431934904889
0.956578634616
0.482416613671
0.431934904889
0.956578634616
0.483479382133
0.432574551786
0.956578634616
0.485151163703
0.433000162308
0.956578634616
0.486092461773
0.43301026382
0.956578634616
0.486092461773
0.43301026382
0.956578634616
0.486092461773
0.43301026382
0.956578634616
0.491667273263
0.434391867196
0.898119983459
0.493383870343
0.429718749085
0.954387534406
0.495445432614
0.423424755094
