0.914097439978
0.64784557539
0.259363453296
0.754960296184
0.503015935168
0.225216478739
0.754960296184
0.47818791835
0.248882268368
0.754960296184
0.445785472881
0.274240718025
0.848809624684
0.562528785907
0.261798734771
0.99
0.518828174444
0.311565414612
0.99
0.513203322329
0.317963296091
0.99
0.496432702027
0.344087598504
0.99
0.496432702027
0.344087598504
0.922212251573
0.49704114673
0.344578630441
0.922212251573
0.483690553113
0.360660747578
0.99
0.4845309209
0.36150937657
0.99
0.47741655853
0.373073276171
0.954117622558
0.477871925013
0.374683285143
0.954117622558
0.478110696033
0.376573633357
0.962052211061
0.478825007852
0.377753442159
0.962052211061
0.480528586107
0.377003594197
0.962052211061
0.480528586107
0.377003594197
0.99570341253
0.480807877428
0.377130813701
0.99570341253
0.482628316089
0.375300205934
0.920653596628
0.482870383195
0.376011373891
0.920653596628
0.483723791039
0.375359530962
0.951853269977
0.484580020629
0.377605009912
0.951853269977
0.48510674161
0.375849426318
0.982503510645
0.485220242155
0.376791453973
0.982503510645
0.485863412243
0.376376371145
0.982503510645
0.485863412243
0.376376371145
0.927735757965
0.485860243098
0.375552464872
0.927735757965
0.48631332695
0.374534028079
1.0
0.486673036311
0.375876958255
1.0
0.486797179202
0.374787442482
1.0
0.486693707014
0.374768550705
1.0
0.48684494889
0.374973591732
0.93973217287
0.486912137863
0.375067253939
0.93973217287
0.487085144227
0.374616296925
0.93973217287
0.487085144227
0.374616296925
1.0
0.486808890492
0.375066317979
1.0
0.486723656549
0.374566396641
1.0
0.487006135849
0.373899537759
1.0
0.487166643539
0.373921929372
0.930891801126
0.487054276317
0.374319515773
0.930891801126
0.487035270591
0.374866031153
1.0
0.487262824168
0.374533082547
1.0
0.487262824168
0.374533082547
1.0
0.487277654103
0.373740953199
1.0
0.487660719321
0.374769581942
1.0
0.487738923704
0.374808365251
1.0
0.487687473413
0.374547696805
1.0
0.487930409884
0.374226255907
0.978948043755
0.488373894495
0.376071839906
0.978948043755
0.488259799292
0.376544142437
0.990111078859
0.488384528848
0.377178420248
0.990111078859
0.488384528848
0.377178420248
0.990111078859
0.488549421396
0.376920287274
1.0
0.488437028937
0.377192663768
1.0
0.488400093395
0.377090131436
0.974659586557
0.489007988915
0.378268562812
0.974659586557
0.489162390735
0.377653223012
0.997252638822
0.488840246753
0.377453802822
0.997252638822
0.488927157192
0.377066353898
0.958823737198
0.488888797106
0.376303578569
0.958823737198
0.488888797106
0.376303578569
0.958823737198
0.488834010428
0.376506897938
0.961436911205
0.489029164619
0.377006144717
0.961436911205
0.488993090843
0.377016845522
0.9662148145
0.489145424064
0.377704216629
0.9662148145
0.489381376762
0.37756753506
0.931040388688
0.489343705629
0.376726926023
0.931040388688
0.489524631811
0.376708269171
0.926292689508
0.489777372007
0.37659707099
0.926292689508
0.489777372007
0.37659707099
0.926292689508
0.489717157732
0.376598520548
1.0
0.489066783005
0.375906962392
1.0
0.489172997718
0.375524000636
0.963160013265
0.48957415014
0.376111759692
0.963160013265
0.489283977298
0.3764204973
0.816040320828
0.49154544926
0.379254164827
0.816040320828
0.49154544926
0.379254164827
0.816040320828
0.491624430888
0.379389908095
0.968169887039
0.503427711249
0.378568973829
0.968169887039
0.503566858254
0.378603706466
0.851286308154
0.506449171825
0.37200743113
0.851286308154
0.506553238979
0.371267454092
0.94524012572
0.52372449434
0.393483736317
0.94524012572
0.524438850598
0.392302576907
1.0
0.526020250904
0.393627305442
1.0
0.530130679367
0.390550055793
0.925064481854
0.529010100465
0.389428155471
0.925064481854
0.529010100465
0.389428155471
0.925064481854
0.539427636659
0.371807115971
0.961867016459
0.538866330274
0.372624028639
0.961867016459
0.547644191365
0.375801046025
0.99
0.547190382355
0.37460697716
0.85844449839
0.548821254141
0.374372931925
0.85844449839
0.548819293803
0.374322958827
0.831074790604
0.549105444347
0.375756314839
0.831074790604
0.548790293449
0.376094544207
0.831074790604
0.548790293449
0.376094544207
0.902806029205
0.548195609332
0.377624757365
0.902806029205
0.548176224293
0.377543219224
0.86949193422
0.547416691067
0.378434618229
0.86949193422
0.547269603568
0.378534238547
0.877976997608
0.547346188983
0.378595723702
0.877976997608
0.54692361115
0.377173983738
0.879272635704
0.546732226521
0.377182740437
0.879272635704
0.546393214075
0.376447713811
0.879272635704
0.546393214075
0.376447713811
0.857657256462
0.546410163585
0.377158659028
0.857657256462
0.547213263231
0.37903678695
0.898931163308
0.546497498658
0.379603159407
0.898931163308
0.54611533961
0.378425000945
0.867616784426
0.545853516706
0.378677794669
0.867616784426
0.546096571521
0.379937155072
0.847338430457
0.546248731827
0.379717388597
0.847338430457
0.546451745182
0.382528536631
0.847338430457
0.546451745182
0.382528536631
0.825776789789
0.546211273137
0.383183609667
0.825776789789
0.545745939427
0.382678817104
0.878498838868
0.546012843675
0.38140184858
0.878498838868
0.545890053854
0.381091209924
0.867203156708
0.54587086066
0.380785193829
0.867203156708
0.545556342532
0.379724209913
0.849750666662
0.545532472058
0.380427464785
0.849750666662
0.545532472058
0.380427464785
0.849750666662
0.546544965069
0.383263276053
0.864266347688
0.546549086118
0.383332953606
0.864266347688
0.545941918057
0.382097017665
0.870281150536
0.546022481345
0.381811787364
0.870281150536
0.546156307808
0.380292799697
0.818004224498
0.546361131143
0.380476604041
0.818004224498
0.549670017729
0.381483689662
0.896505067352
0.549919924693
0.380777398436
0.896505067352
0.549919924693
0.380777398436
0.718296131051
0.599219819954
0.42021299746
0.718296131051
0.599206363308
0.420531610641
0.86915967393
0.592226944839
0.398646581143
0.869211330296
0.592200904905
0.398846441722
0.869079460534
0.593003363663
0.39715154085
0.869079460534
0.593003363663
0.39715154085
0.869079460534
0.593140145301
0.395177850811
0.99
0.60488446066
0.368189246085
0.99
0.603891340647
0.369416850628
0.99
0.614721402673
0.343284428097
0.99
0.61359710068
0.343566085759
0.957335251586
0.630922328633
0.305104201597
0.957335251586
0.630432439876
0.304964517792
0.956227994136
0.632789232609
0.305540398177
0.956227994136
0.632914108086
0.307029250807
0.956227994136
0.632914108086
0.307029250807
0.972623468345
0.634058354087
0.306700842135
0.972623468345
0.633834452972
0.306323049726
0.941303777664
0.633625950689
0.30590593266
0.890501981258
0.633153874037
0.304185752973
0.890501981258
0.633106142127
0.303828870496
0.968700350761
0.632869307301
0.302435581711
1.0
0.63332713133
0.301524731841
0.981975379973
0.633169977646
0.300771678365
0.981975379973
0.633169977646
0.300771678365
0.981975379973
0.632368929008
0.302404413635
0.994366727671
0.632235907102
0.302335606501
0.994366727671
0.632113482854
0.302504175094
0.962523312266
0.632714449074
0.304971891961
0.962523312266
0.632485164017
0.305132598964
0.922844831958
0.632348946278
0.304510068235
0.922844831958
0.632352115182
0.304494792475
0.922844831958
0.632352115182
0.304494792475
0.966765632041
0.632726411592
0.305227284601
0.973749169811
0.632227250907
0.306217751342
0.978862083017
0.632345296016
0.305860496874
0.951493036941
0.632628216702
0.305551469023
0.951493036941
0.63282309019
0.306638414967
0.964572296928
0.632957933543
0.306743651845
0.964572296928
0.632687103426
0.306073732335
0.940749428126
0.63261263943
0.306416140442
0.940749428126
0.632541613967
0.306316600634
0.940749428126
0.632541613967
0.306316600634
0.987650164804
0.632938023302
0.30550575979
0.966324499277
0.633236651661
0.305525150873
0.966324499277
0.632980243248
0.305674431243
0.969190321103
0.632731653497
0.303084294638
0.969406805746
0.632548678747
0.303117620707
0.969406805746
0.632402273063
0.302793200996
0.963235414496
0.632737584177
0.301977881512
0.963235414496
0.632737584177
0.301977881512
0.963235414496
0.634869066049
0.302970969447
0.984405053745
0.634111799424
0.304808370205
0.984405053745
0.647255691181
0.302437321195
0.986571377841
0.647389486003
0.301305581742
0.986571377841
0.68927098247
0.332094976649
0.963566600853
0.689259105095
0.332311313152
0.987912662962
0.689978287033
0.330395435959
0.987912662962
0.689978287033
0.330395435959
0.984472090012
0.691779406282
0.327335887789
0.977065828902
0.6917349036
0.327050047205
0.945903792014
0.700916168245
0.306958018077
0.945903792014
0.698837668892
0.303195389584
0.940865460415
0.712359997801
0.266253710885
0.99
0.716438713663
0.270452020747
0.99
0.716438713663
0.270452020747
0.99
0.716438713663
0.270452020747
0.99
0.679256558077
0.300848874763
1.0
0.717092200417
0.268728909234
1.0
0.716181671775
0.269013917765
1.0
0.715866719999
0.268565731738
1.0
0.715828018105
0.268951892887
1.0
0.715788730171
0.26907641839
1.0
0.715454740114
0.270117089392
1.0
0.71537902809
0.270389764842
1.0
0.71525177854
0.270898639995
1.0
0.71525177854
0.270898639995
1.0
0.715172804191
0.270619193985
1.0
0.714715309401
0.269992651703
1.0
0.71458949079
0.269973504166
1.0
0.713702650927
0.268317029481
1.0
0.713897960279
0.268485238453
1.0
0.714929153167
0.269879992834
1.0
0.71489694594
0.26963412175
1.0
0.714978472591
0.270812077825
1.0
0.714978472591
0.270812077825
1.0
0.715080340026
0.270012794807
1.0
0.715037334001
0.269295735425
1.0
0.714978060756
0.269990801568
1.0
0.714859219282
0.27056415727
1.0
0.715011650475
0.270527506555
1.0
0.715039814956
0.269762324233
1.0
0.714986731673
0.270560463389
1.0
0.714986731673
0.270560463389
1.0
0.715535044725
0.27224289116
1.0
0.71560441825
0.271149055297
1.0
0.715573623835
0.270491806669
1.0
0.715811501728
0.270505662797
1.0
0.716000751397
0.271313653711
1.0
0.715818852844
0.272098737627
1.0
0.715921463688
0.271716556555
1.0
0.716119825875
0.271753526605
1.0
0.715873623022
0.272706167
1.0
0.715873623022
0.272706167
1.0
0.715834265097
0.272506811431
1.0
0.716278340356
0.272784159687
1.0
0.716442170537
0.271851844862
1.0
0.71616096613
0.272000704548
1.0
0.716134732328
0.271912645192
1.0
0.717012393608
0.273222272131
1.0
0.717322679359
0.272863473053
1.0
0.717201757507
0.27323151119
1.0
0.717201757507
0.27323151119
1.0
0.717411186873
0.274037129271
1.0
0.717435775997
0.27429936417
1.0
0.717576387859
0.27388724115
1.0
0.718182468422
0.275287013083
1.0
0.718363778367
0.276312631838
1.0
0.718244654999
0.277232628119
1.0
0.718244654999
0.277232628119
1.0
0.718183022318
0.277752231075
1.0
0.718479477035
0.279146409398
1.0
0.718644683281
0.279771666252
1.0
0.718181891763
0.279114181939
1.0
0.718274694221
0.279060891655
1.0
0.718736912267
0.280472651883
1.0
0.718821111008
0.280462470814
1.0
0.719378020518
0.281739087773
1.0
0.719603632349
0.282521198996
1.0
0.719807655222
0.283788684947
1.0
0.719807655222
0.283788684947
1.0
0.719860005677
0.28486222091
1.0
0.71954718723
0.285111645104
1.0
0.719666539355
0.285460969971
1.0
0.719414130969
0.286206769279
1.0
0.71937662955
0.287619177425
1.0
0.719236963404
0.287205887608
1.0
0.719291492163
0.287516491006
1.0
0.719291492163
0.287516491006
1.0
0.719146814935
0.290432195393
1.0
0.719122104216
0.291547401624
1.0
0.719347737329
0.291645497789
1.0
0.719485429047
0.294558192302
1.0
0.719455489286
0.295673723044
1.0
0.719635561235
0.296253210997
1.0
0.719549129011
0.296428463583
1.0
0.7193794806
0.297874285087
1.0
0.719402257135
0.300932632889
1.0
0.719402257135
0.300932632889
1.0
0.719567437356
0.30267564313
1.0
0.719077678239
0.303284379017
1.0
0.719287668049
0.304067039344
1.0
0.719690373894
0.307797863788
1.0
0.719676576281
0.309639335377
1.0
0.719552667536
0.311491528087
1.0
0.719668516895
0.313848743257
1.0
0.719363400439
0.314566879356
1.0
0.719363400439
0.314566879356
1.0
0.719406419477
0.316634416678
0.631132989985
0.719845624845
0.322628446879
0.631132989985
0.719811117053
0.324974579445
0.634481623324
0.72017121933
0.33056680081
0.634481623324
0.720273351285
0.333539112851
0.622236164632
0.720903118255
0.334130196983
0.622236164632
0.721167947611
0.33746680462
0.622236164632
0.721167947611
0.33746680462
0.618214103534
0.722112202726
0.344179507047
0.618214103534
0.72192528501
0.347319947132
0.618214103534
0.722279161426
0.349569946618
1.0
0.719174591666
0.351831418012
1.0
0.719284561064
0.354981140044
1.0
0.719499946535
0.358456667942
1.0
0.720236799109
0.361241200974
1.0
0.720514806008
0.364390912571
1.0
0.720594517426
0.366496031081
1.0
0.720594517426
0.366496031081
1.0
0.721293095344
0.368679190541
1.0
0.722276959846
0.373297882304
1.0
0.722663400314
0.375603824504
1.0
0.723360045642
0.377176733138
1.0
0.723788507943
0.379762550547
1.0
0.724015329221
0.381386176001
1.0
0.724282757306
0.383307263959
1.0
0.724597398076
0.385371462602
1.0
0.724597398076
0.385371462602
1.0
0.724920763955
0.387106002462
1.0
0.725284453094
0.388998545301
1.0
0.725675054647
0.39052596398
1.0
0.726119481018
0.391509010795
1.0
0.726516142725
0.392130159176
1.0
0.726839344562
0.393592422814
1.0
0.727072588466
0.394663440733
0.604531787503
0.73127278558
0.400718023987
0.604531787503
0.73127278558
0.400718023987
0.604531787503
0.731800367252
0.401417969837
1.0
0.727913502565
0.39642732699
1.0
0.728124023613
0.396353503257
1.0
0.728347074555
0.396850316497
1.0
0.728773017556
0.39681305101
1.0
0.728577690928
0.39615075315
1.0
0.728729176889
0.396155733846
1.0
0.728729176889
0.396155733846
1.0
0.728619688069
0.39577652
1.0
0.729054987294
0.396132735344
1.0
0.729165326567
0.396240519491
1.0
0.729311251466
0.395721266625
1.0
0.729332956724
0.396090611484
1.0
0.729519305159
0.395756493869
1.0
0.729541269278
0.395960020404
1.0
0.729541269278
0.395960020404
1.0
0.729856244342
0.395912945061
1.0
0.729233435293
0.395464815462
1.0
0.729532206847
0.394973758393
1.0
0.729695937294
0.395636462074
1.0
0.729799196623
0.395673414162
1.0
0.730294346532
0.397536211429
1.0
0.730676434031
0.397236293516
1.0
0.730577355505
0.397798459454
1.0
0.730696278163
0.39763322065
1.0
0.730705337704
0.398209573635
1.0
0.730705337704
0.398209573635
1.0
0.731062606124
0.397687602919
1.0
0.731622445894
0.400041636885
1.0
0.732033617586
0.400173794391
1.0
0.731609979139
0.400839908356
1.0
0.731807076196
0.400971753085
1.0
0.73169586951
0.40133223691
1.0
0.731787849137
0.401584422027
1.0
0.731787849137
0.401584422027
1.0
0.731900961778
0.402623165661
1.0
0.732089229868
0.402866653884
1.0
0.731987452645
0.403307477011
1.0
0.731980691575
0.404638601189
1.0
0.731717597493
0.405791680128
1.0
0.731816629579
0.407135504202
1.0
0.731882766314
0.40702882519
1.0
0.731943558715
0.407950003921
1.0
0.732301202144
0.409253547825
1.0
0.732301202144
0.409253547825
1.0
0.732195470134
0.410971819364
1.0
0.732146851549
0.411824780431
1.0
0.732041732177
0.413422335319
1.0
0.73173903587
0.413454992462
1.0
0.731756520164
0.415146018041
1.0
0.731819908421
0.416120453871
1.0
0.731831742724
0.417306570531
1.0
0.731602951582
0.418137263605
1.0
0.731602951582
0.418137263605
1.0
0.731569592224
0.419546869758
1.0
0.731931178574
0.420117783699
1.0
0.732108205619
0.421489994432
1.0
0.731919720411
0.422909327266
1.0
0.731692088586
0.424487168935
1.0
0.731911794428
0.4252030119
1.0
0.731835578564
0.426270689983
1.0
0.731759520072
0.427859733952
1.0
0.731759520072
0.427859733952
1.0
0.731831381723
0.428922214705
1.0
0.731753474231
0.430330265868
1.0
0.731866643226
0.431211801142
1.0
0.731875699173
0.431158842166
1.0
0.732104960815
0.431999826222
1.0
0.732332149144
0.433101399712
1.0
0.732285951038
0.434452893095
1.0
0.732266836597
0.434853898771
1.0
0.732266836597
0.434853898771
1.0
0.732170668394
0.435563877696
1.0
0.732247002744
0.43595656522
1.0
0.732378955036
0.435874666373
1.0
0.732889382544
0.437170822904
1.0
0.732929530918
0.437954538234
1.0
0.732829193901
0.437362660913
1.0
0.732867469044
0.437734650204
1.0
0.732867469044
0.437734650204
1.0
0.733043264003
0.438588605384
1.0
0.733229128122
0.438553253034
1.0
0.733197917874
0.437948186717
