0.99
0.454411194805
0.728802257305
0.99
0.454604871991
0.728381819245
0.99
0.454811195081
0.727669688362
0.99
0.455212974823
0.727442722025
0.99
0.455187587771
0.728229218934
0.99
0.455187587771
0.728229218934
0.99
0.455199765759
0.728215722317
0.99
0.455193810035
0.728119005951
1.0
0.455394759306
0.728765159746
1.0
0.455389777615
0.728748878247
1.0
0.455335648311
0.729419231714
1.0
0.455315891482
0.7300647535
1.0
0.454763558589
0.730744664393
1.0
0.454651789731
0.731347629809
1.0
0.454651789731
0.731347629809
1.0
0.455176405833
0.731170702961
1.0
0.455292986184
0.731461135538
1.0
0.454541849219
0.732849995448
1.0
0.454398334167
0.732980379168
1.0
0.454149071454
0.733676539008
1.0
0.454348871059
0.733653973877
1.0
0.455274619837
0.735167333977
1.0
0.454970280091
0.735909752489
1.0
0.454970280091
0.735909752489
1.0
0.455206310313
0.737312465622
1.0
0.455049441595
0.738235101161
1.0
0.455850970347
0.739713162521
1.0
0.456201073595
0.740419942023
1.0
0.456754409266
0.742595195785
1.0
0.456662921752
0.744705158721
1.0
0.457016264554
0.745451904742
1.0
0.456929701355
0.746274343229
1.0
0.458469545416
0.747797683215
1.0
0.458469545416
0.747797683215
1.0
0.458484934337
0.748693981886
1.0
0.460263108365
0.749787451692
1.0
0.460525231375
0.750946436392
1.0
0.462947136538
0.75374835298
1.0
0.46260855431
0.754612314099
1.0
0.463332268061
0.755053060001
1.0
0.46319005008
0.756161812667
1.0
0.465117682005
0.759603128265
1.0
0.464822293536
0.760612411314
1.0
0.464822293536
0.760612411314
1.0
0.465460969486
0.760093704538
1.0
0.465133444692
0.761857109812
1.0
0.465916085837
0.761957009545
1.0
0.465843869849
0.765035542288
1.0
0.465761829224
0.762307674456
0.988397327733
0.464460325281
0.763105299319
0.988397327733
0.465696432945
0.763590685977
0.988397327733
0.465696432945
0.763590685977
0.88474499839
0.467220485119
0.762590145436
