0.99
0.607810662546
0.328030004015
0.968827125434
0.624822991148
0.342975085422
0.968827125434
0.635323626604
0.323049474397
0.968827125434
0.635323626604
0.323049474397
0.99
0.643191421466
0.322254260323
0.99
0.650943149328
0.306348341469
0.99
0.652175142237
0.307203752419
1.0
0.654380178096
0.3034819375
1.0
0.652704540275
0.300950724042
1.0
0.652158308518
0.302295154655
0.990749451793
0.652087508378
0.302284471452
0.990749451793
0.652042183766
0.3023095431
0.986087286346
0.652083321897
0.301522298821
0.986087286346
0.652083321897
0.301522298821
0.986087286346
0.651998305648
0.301407990604
1.0
0.65092403717
0.300923535129
1.0
0.650295702092
0.302628726575
1.0
0.649015610353
0.301961013833
1.0
0.648486871948
0.303634632558
1.0
0.647543924501
0.302403450666
1.0
0.646990352865
0.303247854687
1.0
0.646990352865
0.303247854687
1.0
0.646060412687
0.303583955636
1.0
0.645631218716
0.304213546146
1.0
0.644962375891
0.303427799392
1.0
0.644316976181
0.304474718203
1.0
0.643241167949
0.304633309357
1.0
0.642645159913
0.305972623826
1.0
0.641732831041
0.305917641202
1.0
0.641244871663
0.306882188197
1.0
0.641244871663
0.306882188197
1.0
0.640261234265
0.307166279181
1.0
0.639544691069
0.30838473152
1.0
0.63840251933
0.307741518922
1.0
0.637805159644
0.309045291421
1.0
0.636481218394
0.306669485422
1.0
0.635900145804
0.307831444094
1.0
0.635859771234
0.307103673004
1.0
0.635851571036
0.306331535013
1.0
0.635851571036
0.306331535013
0.922071913285
0.638283878743
0.305926285308
0.922071913285
0.64177777188
0.297049029464
0.99
0.648930769754
0.293037262168
0.99
0.651312268442
0.285271365193
1.0
0.649954843179
0.285333231993
1.0
0.650695664644
0.282085438118
1.0
0.64960505046
0.280744664205
1.0
0.648609244339
0.283857622779
1.0
0.648609244339
0.283857622779
1.0
0.647404001746
0.283102188345
1.0
0.647041936285
0.282499433005
1.0
0.646410425618
0.283207648723
1.0
0.645804916224
0.28437854361
1.0
0.645561759462
0.284837281905
1.0
0.645269255185
0.286426409783
1.0
0.644711689566
0.286032622895
1.0
0.643734826335
0.28718890728
1.0
0.643734826335
0.28718890728
1.0
0.642893313684
0.285861056373
1.0
0.642701649964
0.285661878536
1.0
0.642360014259
0.284654503832
1.0
0.642051202064
0.286023317797
1.0
0.64093619762
0.284850303573
1.0
0.640374039177
0.286053724668
1.0
0.639526818217
0.285818714711
1.0
0.639003330272
0.286575832474
1.0
0.639003330272
0.286575832474
1.0
0.63893467682
0.28605644839
1.0
0.638640680792
0.286753178051
1.0
0.637980355839
0.285820643781
1.0
0.638117353583
0.285799782859
1.0
0.637488388249
0.285264402247
1.0
0.636770717329
0.286340705624
1.0
0.636261455353
0.286099478385
1.0
0.636106934576
0.286553278196
1.0
0.636106934576
0.286553278196
1.0
0.635719777899
0.287429966371
1.0
0.635460848846
0.2874601392
1.0
0.634850628976
0.286497510056
1.0
0.634803488895
0.286913831093
1.0
0.63464009336
0.288262630632
1.0
0.634197702267
0.289569406843
1.0
0.634016672891
0.288870400506
1.0
0.634223274088
0.287802932276
1.0
0.634223274088
0.287802932276
1.0
0.63371348825
0.285570481802
1.0
0.633512167341
0.285328319822
1.0
0.632975527647
0.283875650531
1.0
0.632666557343
0.285100573474
1.0
0.632839058366
0.286408586871
1.0
0.632747576396
0.286394168523
1.0
0.632331407332
0.285321936454
1.0
0.632328768724
0.284789742455
1.0
0.632328768724
0.284789742455
1.0
0.632004613419
0.284679246806
1.0
0.632013461698
0.285543964587
1.0
0.631584252001
0.285453313873
1.0
0.63133361826
0.285579319004
1.0
0.631770309063
0.287151994263
1.0
0.631940908148
0.286720582203
1.0
0.631634019141
0.285121017895
1.0
0.631554528293
0.28539001352
1.0
0.631554528293
0.28539001352
1.0
0.63158194454
0.284946390497
1.0
0.631678833564
0.284567935712
1.0
0.631450825025
0.283366263129
1.0
0.631796382692
0.281913284683
1.0
0.631665636931
0.281731903138
1.0
0.631496362137
0.281994981596
1.0
0.631722003975
0.28126179105
1.0
0.631986908652
0.28017407711
1.0
0.631986908652
0.28017407711
1.0
0.631999141892
0.282103785248
1.0
0.632076439415
0.2820052098
1.0
0.632795089378
0.281149753401
1.0
0.63281108009
0.281024184362
1.0
0.633040936298
0.281509644585
1.0
0.633067003512
0.281477511628
1.0
0.633023582961
0.280742409386
1.0
0.633092055142
0.280375593038
1.0
0.633092055142
0.280375593038
1.0
0.633367483791
0.280183869051
1.0
0.633614984102
0.280016644925
1.0
0.633413634473
0.279663831781
1.0
0.633569064672
0.279225640094
1.0
0.634155713405
0.280376901611
1.0
0.634172802624
0.280486374741
1.0
0.634137169114
0.280040858682
1.0
0.634137169114
0.280040858682
1.0
0.634263349525
0.280617252692
1.0
0.63480139477
0.282553843446
1.0
0.634950053285
0.282396047745
1.0
0.63481589038
0.281909360848
1.0
0.634860831224
0.282462595851
1.0
0.635035162158
0.283824880121
1.0
0.635133806133
0.283798167316
0.998355036082
0.6352319597
0.28383096771
0.998355036082
0.635479944767
0.283465339155
0.998355036082
0.635479944767
0.283465339155
1.0
0.635450771703
0.283974324592
1.0
0.635396416309
0.283956067039
1.0
0.635382498139
0.28319548079
1.0
0.635482245005
0.283356802098
0.994548337896
0.635583637681
0.283947034243
0.994548337896
0.635908654388
0.283743332544
0.991343175637
0.636230099302
0.284118669266
0.991343175637
0.636230099302
0.284118669266
0.991343175637
0.636291786625
0.284155074924
1.0
0.636358455853
0.284378034838
1.0
0.636497173732
0.283408040539
0.962162005668
0.636590826605
0.28458229305
0.962162005668
0.637059607645
0.284852355477
0.964583689423
0.637418783468
0.28557770554
0.964583689423
0.637634509348
0.285221758134
1.0
0.637663667931
0.285837618836
1.0
0.637729374474
0.285767981153
1.0
0.637729374474
0.285767981153
1.0
0.63818214451
0.286319913907
1.0
0.638439637815
0.286569676429
1.0
0.638295004228
0.287047777193
1.0
0.638511163721
0.286409379087
0.991132245368
0.638757275622
0.287224575283
0.991132245368
0.63891276478
0.287751955467
1.0
0.639376691664
0.289551091587
1.0
0.639909469131
0.289897281749
1.0
0.639909469131
0.289897281749
0.998246396924
0.639737553718
0.290522872112
0.998246396924
0.639618686215
0.290562808443
1.0
0.639311880419
0.290489013569
1.0
0.639423422891
0.290710971601
1.0
0.639571261687
0.29148502638
1.0
0.640125193989
0.291239011804
1.0
0.640242950276
0.291058301223
1.0
0.640293109949
0.291441222736
1.0
0.640293109949
0.291441222736
0.985709846395
0.640636362774
0.291646454541
0.985709846395
0.64101396619
0.29146875719
1.0
0.640773421022
0.292319954323
1.0
0.640925024507
0.292494756419
0.969981670693
0.640952615758
0.294159355276
0.969981670693
0.641220903112
0.29490659307
1.0
0.641106066358
0.294937279385
1.0
0.641447376576
0.295146157716
1.0
0.641447376576
0.295146157716
1.0
0.641258052002
0.296150837007
1.0
0.641150666063
0.296729055938
1.0
0.64100755682
0.295930948518
1.0
0.641145223584
0.295796460915
1.0
0.64098730579
0.29644827886
1.0
0.641256841894
0.296486446206
1.0
0.641150303956
0.296416890227
1.0
0.641097779855
0.297258527529
1.0
0.641097779855
0.297258527529
1.0
0.640708409028
0.297671030227
1.0
0.640250470749
0.297975858573
1.0
0.639897474734
0.298954416207
1.0
0.63978723324
0.299790786392
1.0
0.639276928852
0.299034515117
1.0
0.63902301449
0.298850339964
0.966542025391
0.638376156962
0.297597281664
0.966542025391
0.637948798874
0.298522631008
0.966542025391
0.637948798874
0.298522631008
1.0
0.637621209631
0.298534316692
1.0
0.637489379627
0.299041719715
1.0
0.637282586167
0.298632712705
1.0
0.636818737303
0.299604034925
0.935416002626
0.636548733924
0.299746741554
0.935416002626
0.635875585192
0.300841262524
0.960177352016
0.635452382469
0.301300947924
0.960177352016
0.635299598858
0.3006951529
0.960177352016
0.635299598858
0.3006951529
0.984082452078
0.635099469257
0.301495642255
0.984082452078
0.634633465208
0.302380038862
0.932130573549
0.634152651898
0.301738820615
0.932130573549
0.63379866174
0.302190885696
0.959964459184
0.63310151479
0.301390114692
0.959964459184
0.632859187354
0.301842702105
0.949321329563
0.632842477205
0.301739786812
0.949321329563
0.632842477205
0.301739786812
0.949321329563
0.632204517477
0.301973765315
1.0
0.631445324928
0.300709797673
1.0
0.631221748941
0.301138309684
0.987168804617
0.630670315174
0.300668897872
0.987168804617
0.630458027933
0.300643236085
0.972033165064
0.630991898464
0.299520643058
0.972033165064
0.630632650555
0.300194909189
0.983073343737
0.629875819343
0.298604565795
0.983073343737
0.62963224037
0.298552796321
0.983073343737
0.62963224037
0.298552796321
0.999382275599
0.629132040741
0.296708757524
0.999382275599
0.628929214823
0.296537880937
0.986687339355
0.6286771489
0.295328879749
0.986687339355
0.628381010438
0.295357847405
1.0
0.628165179891
0.294190925361
1.0
0.628089341584
0.293555987753
1.0
0.627832599696
0.291485044753
1.0
0.627832599696
0.291485044753
1.0
0.628156156764
0.291094921172
1.0
0.628336690255
0.291509772873
1.0
0.62823810412
0.29102280952
0.966889179771
0.627951569308
0.289980703683
0.966889179771
0.627733593822
0.290273415527
1.0
0.625326120846
0.289427525835
1.0
0.622624403175
0.29474408741
1.0
0.622624403175
0.29474408741
0.995110087681
0.619636747215
0.294011599894
0.995110087681
0.616853434658
0.300736988141
1.0
0.615401544742
0.299671406644
1.0
0.615257724276
0.302602929603
1.0
0.614521860389
0.302002570147
1.0
0.615398952898
0.299773290527
1.0
0.615623596959
0.3004153641
1.0
0.615831002231
0.300049698899
0.991996638762
0.616198307476
0.299053687061
0.991996638762
0.616464632232
0.298862148785
0.991996638762
0.616464632232
0.298862148785
1.0
0.617034155369
0.300173440741
1.0
0.617217607283
0.299699407281
1.0
0.617732242757
0.30106111374
1.0
0.618220693601
0.300464472766
