1.0
0.405927946026
0.767782653931
1.0
0.405877046196
0.768591079192
1.0
0.405876506191
0.768589567189
1.0
0.407092567009
0.768832245841
1.0
0.407090182026
0.768835445427
1.0
0.406339930887
0.76858083899
1.0
0.406339161886
0.768582665344
1.0
0.406255051746
0.769231265387
1.0
0.406255051746
0.769231265387
1.0
0.406255245948
0.769225757844
1.0
0.406451317257
0.76938726929
1.0
0.406449353095
0.769401806451
1.0
0.405674078753
0.769728496544
1.0
0.405674415298
0.76972528647
1.0
0.407224907302
0.771411877317
1.0
0.407222114644
0.77142593578
1.0
0.406817391905
0.770315768697
1.0
0.406817391905
0.770315768697
1.0
0.406815718678
0.770323580136
1.0
0.407299770792
0.770487116167
1.0
0.407299144945
0.770483142582
1.0
0.40737484916
0.771138004129
1.0
0.407375663825
0.77114179009
1.0
0.407140172103
0.771437563531
1.0
0.407139175924
0.771447172264
1.0
0.407620031544
0.771267312246
1.0
0.407620031544
0.771267312246
1.0
0.407618242333
0.771268886069
1.0
0.408346042998
0.77235317368
1.0
0.408347650315
0.772353010533
1.0
0.408382043405
0.771542445758
1.0
0.408379975047
0.771545141943
1.0
0.407426793716
0.772170975962
1.0
0.40742726038
0.772169247981
1.0
0.40846290283
0.771818643887
1.0
0.40846290283
0.771818643887
1.0
0.40846012524
0.771823458843
1.0
0.408727845927
0.772677325615
1.0
0.408729366439
0.772674825208
1.0
0.410286079792
0.772670021711
1.0
0.410285342436
0.772673919319
1.0
0.410194598864
0.773048315046
1.0
0.410194249094
0.773052449791
1.0
0.410584957718
0.773513248886
1.0
0.410584957718
0.773513248886
1.0
0.410584722106
0.773510647783
1.0
0.410135505281
0.773558635978
1.0
0.410134044046
0.773566608866
1.0
0.41075117681
0.774310248417
1.0
0.410748936174
0.774310913216
1.0
0.41162753403
0.774717107354
1.0
0.41162804977
0.774717873756
1.0
0.411332832501
0.775291285625
1.0
0.411332832501
0.775291285625
1.0
0.411330847934
0.775306551216
1.0
0.41247703226
0.775309253795
1.0
0.412479513609
0.775296548733
1.0
0.417051621349
0.778842330189
1.0
0.417072512058
0.778817921057
0.99
0.441004299398
0.790738052482
0.99
0.441090243337
0.790645336605
0.983077045865
0.474281867305
0.812415514437
0.983077045865
0.474281867305
0.812415514437
0.983077045865
0.474381713841
0.812310936167
0.979311626425
0.495200639091
0.826594743757
0.979311626425
0.49528816188
0.826511758385
0.99
0.508323292146
0.836764544975
0.959582965975
0.50833217796
0.836763545778
0.959582965975
0.510339887772
0.839180818224
0.880831723968
0.510342641699
0.839191669109
0.880831723968
0.509437234212
0.835921518273
0.880831723968
0.509437234212
0.835921518273
0.989504472354
0.509429348562
0.835947243087
0.989504472354
0.509325689392
0.835720086823
0.875360508693
0.509338454815
0.835689768628
0.875360508693
0.509505359095
0.835684438116
0.922505744021
0.509496149179
0.835702021881
0.922505744021
0.510234304168
0.83552754655
0.937124942084
0.510235279127
0.835525442371
0.937124942084
0.510839067952
0.836881157999
0.937124942084
0.510839067952
0.836881157999
0.857662143697
0.510848039072
0.836888082195
0.857662143697
0.510759192105
0.835864015576
0.912167546461
0.510752420527
0.835898344767
0.912167546461
0.51099152903
0.83688917228
0.885262627369
0.510990071463
0.836903283826
0.885262627369
0.51043085083
0.836973797705
0.909703054196
0.510434800134
0.836975062881
0.909703054196
0.510426481062
0.837091761605
0.909703054196
0.510426481062
0.837091761605
0.920473169032
0.510419997315
0.837105343374
0.920473169032
0.511013372502
0.837354386057
0.953439221317
0.511022536853
0.837336232615
0.953439221317
0.511399924934
0.837324619188
0.931116536987
0.511392987054
0.837329781043
0.931116536987
0.511147867112
0.83691704654
0.866334043038
0.511151233743
0.836911393907
0.866334043038
0.511490740665
0.836809211404
0.866334043038
0.511490740665
0.836809211404
0.856081442126
0.511496906606
0.836788210616
0.856081442126
0.511396486468
0.837363720148
1.0
0.511396003174
0.837369207865
0.995437042954
0.511585911009
0.837094980376
0.927126079472
0.511590791976
0.837088715466
0.927126079472
0.511137089662
0.837153063641
0.90372635886
0.511144187326
0.837142576538
0.90372635886
0.511139707759
0.837167266183
0.90372635886
0.511139707759
0.837167266183
0.940919884666
0.51113211311
0.837186466699
0.940919884666
0.511505933385
0.837237941861
0.952627285642
0.511516971309
0.837211492801
0.952627285642
0.511564315763
0.837182600361
1.0
0.511565439252
0.837192564621
1.0
0.51202658498
0.837258158116
1.0
0.51202685449
0.837272119301
1.0
0.51146800584
0.837048176318
1.0
0.51146800584
0.837048176318
0.968270188112
0.511472784335
0.83703881792
0.968270188112
0.511743474149
0.837358599775
1.0
0.511752908012
0.837343481553
1.0
0.511734623827
0.836973427466
1.0
0.511743355678
0.836953846041
1.0
0.511525859898
0.837132374585
1.0
0.511540372732
0.83707642725
1.0
0.51153337459
0.837429041647
1.0
0.51153337459
0.837429041647
1.0
0.511537605811
0.837409008398
1.0
0.511535877417
0.836885523318
1.0
0.511536646085
0.836883502677
1.0
0.511374023435
0.83732681631
1.0
0.511374375691
0.837332177163
1.0
0.510773337554
0.836342480972
1.0
0.51077296368
0.83634204237
1.0
0.511397896975
0.837801179398
1.0
0.511397896975
0.837801179398
1.0
0.511395772516
0.837803958329
1.0
0.510833026058
0.837452682179
1.0
0.51083280547
0.837450458411
1.0
0.511186556003
0.837925782389
1.0
0.511188393293
0.837929429864
1.0
0.510315481703
0.837459608521
1.0
0.510315481703
0.837459608521
1.0
0.510315160145
0.837456610382
1.0
0.511190333839
0.837758241199
1.0
0.511189969723
0.83775943464
1.0
0.511143980966
0.837613604121
1.0
0.511140605474
0.837620517603
1.0
0.506232717856
0.834582224616
1.0
0.506189322293
0.834596628958
0.963619608312
0.485278450522
0.82030282664
0.963619608312
0.485158185341
0.820399545593
0.99
0.458438427648
0.801703406154
0.99
0.458438427648
0.801703406154
0.99
0.458326174844
0.801802845415
0.99
0.431681144951
0.784357756005
0.99
0.431570827132
0.784471851099
0.99
0.410610516001
0.770392413553
0.99
0.41057240556
0.770424935909
0.997188294217
0.408563294883
0.768765952186
0.997188294217
0.408553359054
0.768770682186
1.0
0.40260769247
0.766276189946
1.0
0.40260769247
0.766276189946
1.0
0.402615390172
0.766269397901
1.0
0.398617462553
0.763625566409
1.0
0.398616390658
0.763622021016
1.0
0.399477148553
0.763994060432
1.0
0.399478589042
0.763997740203
1.0
0.400268721347
0.764315280032
1.0
0.400268561971
0.764318089534
1.0
0.398741600035
0.763667112172
1.0
0.398741600035
0.763667112172
1.0
0.39874121698
0.763662132744
1.0
0.399725469488
0.763950040289
1.0
0.399723696385
0.763952276962
1.0
0.40047116314
0.764545462279
1.0
0.400472183934
0.764545563023
1.0
0.400133566536
0.764147605028
1.0
0.40013218036
0.764157437158
1.0
0.39971520365
0.764876135984
1.0
0.39971520365
0.764876135984
1.0
0.399715356443
0.764876297947
1.0
0.399941135505
0.765176996694
1.0
0.399940388664
0.765181556005
1.0
0.398883392327
0.764125396176
1.0
0.398881462403
0.764138388715
1.0
0.400069167345
0.765281415387
1.0
0.400069167345
0.765281415387
1.0
0.400068944678
0.765282203877
1.0
0.399101188631
0.764571073225
1.0
0.399100620766
0.764571724935
1.0
0.399055283874
0.765103423601
1.0
0.399054163233
0.765101949944
1.0
0.40038591623
0.766159888454
1.0
0.400385899023
0.766168052853
1.0
0.399906972457
0.765116426284
1.0
0.399907539017
0.76510629125
1.0
0.399535903489
0.764937428584
1.0
0.399535903489
0.764937428584
1.0
0.399534701888
0.764949334286
1.0
0.400061715148
0.765056103836
1.0
0.400061632833
0.765055668353
1.0
0.399460241957
0.765309429976
1.0
0.399458081156
0.765307025368
1.0
0.400077078645
0.766000390052
1.0
0.400075332333
0.766005760764
1.0
0.399657734714
0.765709342461
1.0
0.399657734714
0.765709342461
1.0
0.399658611983
0.765709344524
1.0
0.400203054982
0.765944553727
1.0
0.400202147549
0.765944515837
1.0
0.399652324674
0.76537124052
1.0
0.399651383503
0.765373877813
1.0
0.400145938817
0.766097477845
1.0
0.400147555088
0.766095833287
1.0
0.400147555088
0.766095833287
1.0
0.400148275976
0.765924859367
1.0
0.400149018902
0.765921535473
1.0
0.401812054956
0.766793756393
1.0
0.401828497748
0.766772361142
1.0
0.413529890278
0.772722454917
0.99
0.413586718406
0.772636935608
