0.99
0.430865899742
0.781743518392
0.862639134745
0.430884234865
0.781714124804
0.862639134745
0.437117868457
0.784715355392
0.862639134745
0.437117868457
0.784715355392
0.857486325679
0.437125248478
0.784709624026
0.857486325679
0.436964471403
0.784624949126
0.886467041687
0.436969734454
0.784619112665
0.886467041687
0.435135781966
0.783253533343
0.923251331582
0.435152068382
0.783217671298
0.923251331582
0.43499928535
0.783135175202
0.98518977897
0.435006078513
0.783108636828
0.98518977897
0.435006078513
0.783108636828
0.98518977897
0.434517166851
0.78346051852
1.0
0.434538428356
0.783421306809
1.0
0.43554604311
0.783548983244
1.0
0.435548995887
0.783549276301
1.0
0.435063344655
0.783361819368
1.0
0.43506354481
0.783363880218
1.0
0.435766949374
0.782806986087
1.0
0.435766185245
0.782809113559
1.0
0.435893557544
0.783098254663
1.0
0.435893557544
0.783098254663
1.0
0.435894137908
0.783096742555
1.0
0.436244691943
0.783968959633
1.0
0.436245761898
0.783964285914
1.0
0.435455018904
0.783661674227
1.0
0.435453041009
0.78366684727
1.0
0.435398646033
0.783954644429
1.0
0.435399634714
0.783950098863
1.0
0.43543431806
0.784140636198
1.0
0.43543431806
0.784140636198
1.0
0.435435459912
0.784142619623
1.0
0.435692020879
0.7842676942
1.0
0.435690417797
0.784266673346
1.0
0.435484199675
0.784015358601
1.0
0.435485021693
0.784013740373
1.0
0.434937279209
0.783219207357
1.0
0.434935548745
0.783221046609
1.0
0.435011246647
0.783122055679
1.0
0.435011246647
0.783122055679
1.0
0.435012071012
0.783121314355
1.0
0.434457335528
0.782968215398
1.0
0.434458129834
0.782969350044
1.0
0.436058717533
0.78384564898
1.0
0.436058613058
0.783836214932
1.0
0.434846885022
0.783610939112
1.0
0.434845627234
0.783620483998
1.0
0.434154308709
0.783372968879
1.0
0.434154308709
0.783372968879
1.0
0.434153438711
0.783371612345
1.0
0.435045844011
0.78385855731
1.0
0.435046634497
0.783857587517
1.0
0.434098799826
0.783265193342
1.0
0.434098660172
0.783264299995
1.0
0.434551671011
0.782611145288
1.0
0.434551738526
0.78261305551
1.0
0.434183288636
0.783432778501
1.0
0.434183288636
0.783432778501
1.0
0.434183450871
0.78342757044
1.0
0.433432876171
0.783064491314
1.0
0.433433918028
0.783067054752
1.0
0.434023693264
0.783290753958
1.0
0.43402287744
0.783288372336
1.0
0.434198617866
0.783074143265
1.0
0.434198617866
0.783074143265
1.0
0.434198159378
0.783067654789
1.0
0.434041083558
0.783043099865
1.0
0.434038226693
0.783049113507
1.0
0.434251747065
0.783379872457
1.0
0.434252910418
0.783376322593
1.0
0.434387621132
0.783095506773
1.0
0.434388187434
0.783100663472
1.0
0.433786855406
0.782966857081
1.0
0.433784048332
0.782970830267
1.0
0.433945182372
0.783157209446
1.0
0.433945182372
0.783157209446
1.0
0.433947539511
0.78315633954
1.0
0.433811663729
0.782594192669
1.0
0.433811626068
0.782591657778
1.0
0.433261478776
0.783197336633
1.0
0.433260068913
0.78319760117
1.0
0.433074897832
0.783080847755
1.0
0.433074897832
0.783080847755
1.0
0.433075577916
0.783081667321
1.0
0.433808237225
0.783173512215
1.0
0.433809604177
0.783171578472
1.0
0.433774683398
0.782869771814
1.0
0.433772613536
0.782869104287
1.0
0.433386314894
0.782762500932
1.0
0.433387280626
0.782761724572
1.0
0.433819405659
0.782787007082
1.0
0.433819306759
0.782792316562
1.0
0.433880275528
0.782721980751
1.0
0.433880275528
0.782721980751
1.0
0.433880510195
0.782721623734
1.0
0.433624155262
0.783025906237
1.0
0.433622481586
0.783029128696
1.0
0.433701789516
0.783043528097
1.0
0.43370113853
0.783049535584
1.0
0.433407463166
0.783632359522
1.0
0.433409120612
0.783632329706
1.0
0.433511432393
0.783357949933
1.0
0.433511432393
0.783357949933
1.0
0.433512648058
0.783355686611
1.0
0.433589716211
0.783124458682
1.0
0.433588151831
0.783120200581
1.0
0.433635010226
0.783567350198
1.0
0.433633312661
0.78357321185
1.0
0.433323153749
0.78333128244
1.0
0.433322714537
0.783333594257
1.0
0.433627896762
0.783309321137
1.0
0.433627896762
0.783309321137
1.0
0.433627017252
0.783313306164
1.0
0.43312792379
0.783927409911
1.0
0.433131207932
0.78391743589
1.0
0.433398823727
0.783855850679
1.0
0.433398096478
0.783858456051
1.0
0.433018840647
0.783575555853
1.0
0.433018840647
0.783575555853
1.0
0.433017782014
0.783577003409
1.0
0.433109325825
0.783603018344
1.0
0.433109264402
0.783607510926
1.0
0.432993379306
0.783918554194
1.0
0.432993971934
0.783911735625
1.0
0.432983916816
0.78377063471
1.0
0.432983729407
0.783772770284
1.0
0.433490106455
0.78344278352
1.0
0.433488766383
0.783442477368
1.0
0.433180587371
0.783453860023
1.0
0.433180587371
0.783453860023
1.0
0.433181856904
0.783449561519
1.0
0.433100949452
0.783401666342
1.0
0.433103212784
0.783394657864
1.0
0.433038802954
0.783420658452
1.0
0.433037355761
0.783420437488
1.0
0.432700884821
0.781999919778
1.0
0.432703071516
0.781993060232
1.0
0.433259500472
0.782269249537
1.0
0.433259500472
0.782269249537
1.0
0.433257648504
0.782262942525
1.0
0.433276132209
0.781912110968
1.0
0.433277725047
0.781907799551
1.0
0.43361694789
0.781522638341
1.0
0.433617136399
0.781519555185
1.0
0.433185704776
0.780778744685
1.0
0.433185704776
0.780778744685
1.0
0.433187756075
0.780758655896
1.0
0.433430820086
0.780581195929
1.0
0.433430442733
0.780580779322
1.0
0.433534091493
0.779747713738
1.0
0.433539165523
0.77972996337
1.0
0.433436292296
0.779150125194
1.0
0.433437242488
0.77914118795
1.0
0.43375423443
0.778144719068
1.0
0.433757009547
0.778129691103
1.0
0.433942526874
0.777616744894
1.0
0.433942526874
0.777616744894
1.0
0.43394449287
0.777598102433
1.0
0.4338756182
0.777225808707
1.0
0.433878267497
0.777210976283
1.0
0.433680018438
0.776060069309
1.0
0.433677335897
0.776062546043
1.0
0.433978708613
0.780112801296
