1.0
0.563949367771
0.772256764215
1.0
0.56548986568
0.772438982644
1.0
0.565457965957
0.77243841179
1.0
0.566366962216
0.771922076799
1.0
0.566366962216
0.771922076799
1.0
0.566500531731
0.771943799985
1.0
0.565981118269
0.769877315306
1.0
0.56638491666
0.769468114577
1.0
0.56636725627
0.770603236003
1.0
0.566424298984
0.770463593335
1.0
0.567752222941
0.773141094787
1.0
0.568057156989
0.773781961635
1.0
0.568057156989
0.773781961635
1.0
0.567509957162
0.771856655894
1.0
0.567308316378
0.77210661679
1.0
0.567560784603
0.772464344025
1.0
0.567798737033
0.772315036838
1.0
0.567522605033
0.773760900223
1.0
0.567501407079
0.774285104212
1.0
0.56724750094
0.772798541207
1.0
0.567192934178
0.77282169488
1.0
0.567192934178
0.77282169488
1.0
0.567573996353
0.771665752089
1.0
0.567956254814
0.770994555842
1.0
0.569043234635
0.771170971295
1.0
0.568974018098
0.772342042474
1.0
0.56812270647
0.776550068201
1.0
0.568107261675
0.77623455265
1.0
0.567963376223
0.774289400624
1.0
0.567963376223
0.774289400624
1.0
0.568028241972
0.774370006422
1.0
0.567741458479
0.773551896357
1.0
0.567690827433
0.774210715299
1.0
0.568242680091
0.774545793075
1.0
0.568147301885
0.774590814609
1.0
0.567690629556
0.776791246147
1.0
0.567943825968
0.776659748248
1.0
0.568302415065
0.774812630596
1.0
0.568307622978
0.774201851929
1.0
0.56869445609
0.777328492966
1.0
0.56869445609
0.777328492966
1.0
0.568523743524
0.778890072751
1.0
0.568076202539
0.778288642148
1.0
0.568102505199
0.778772069442
1.0
0.568713065988
0.777527166123
1.0
0.568560647457
0.777458352965
1.0
0.568832719593
0.778177885593
1.0
0.568832719593
0.778177885593
1.0
0.569168293523
0.778316670059
1.0
0.569012621484
0.778492254259
1.0
0.568958822713
0.778871102601
1.0
0.569066826793
0.779563787551
1.0
0.569096632163
0.780217591841
1.0
0.568762639885
0.779383898875
1.0
0.568886594079
0.779188936629
1.0
0.570544110742
0.780919827905
1.0
0.570584033799
0.781375365112
1.0
0.570122258826
0.782396289745
1.0
0.570122258826
0.782396289745
1.0
0.570119992363
0.782521241204
1.0
0.571038632345
0.782495582739
1.0
0.571220175332
0.782559278297
1.0
0.571529860439
0.782021225797
1.0
0.57168503561
0.78247383953
1.0
0.572230865338
0.784454314418
1.0
0.572359096766
0.7841754892
1.0
0.572768637964
0.784453868566
1.0
0.572768637964
0.784453868566
1.0
0.573004132611
0.784957537714
1.0
0.573871738181
0.786293821243
1.0
0.573808362873
0.786217112325
1.0
0.573498159444
0.787155805995
1.0
0.573554002736
0.78783861999
1.0
0.573482312909
0.786981786435
1.0
0.573482312909
0.786981786435
1.0
0.573617308637
0.787885795224
1.0
0.574849131777
0.788596526157
1.0
0.575171553443
0.78753619453
1.0
0.575449384328
0.788119747129
1.0
0.575607486932
0.788516216194
1.0
0.576134300594
0.78792371903
1.0
0.576118671951
0.788223876249
1.0
0.576282491346
0.788484415604
1.0
0.576347759622
0.788912272445
1.0
0.575994467734
0.789457470428
1.0
0.575994467734
0.789457470428
1.0
0.576256883682
0.788719880322
1.0
0.576864711245
0.790163252328
1.0
0.57709272299
0.790954936113
1.0
0.577134110729
0.789172674906
1.0
0.576963978087
0.788793837417
1.0
0.577986586732
0.789712137737
1.0
0.577986586732
0.789712137737
1.0
0.577793089408
0.790252560176
1.0
0.577640191153
0.788592709854
1.0
0.578209423845
0.78794908139
1.0
0.578198368411
0.789712961679
1.0
0.578133453485
0.790859476671
1.0
0.578532957779
0.790613951513
1.0
0.578450154311
0.790105728163
1.0
0.578270999604
0.791031919601
1.0
0.578354483475
0.791325847057
1.0
0.578354483475
0.791325847057
1.0
0.578477104566
0.792935192981
1.0
0.578347416903
0.792640311931
1.0
0.578087987821
0.79227165534
1.0
0.578191214467
0.793077555629
1.0
0.578123809524
0.792936254753
1.0
0.578069661898
0.793359952576
1.0
0.578272953458
0.792494685357
1.0
0.578443573212
0.791416624059
1.0
0.57774830249
0.792857426234
1.0
0.57774830249
0.792857426234
1.0
0.578006157521
0.793047205762
1.0
0.5793842237
0.790841064022
1.0
0.57946563908
0.790409245795
1.0
0.579626275195
0.788878492444
1.0
0.579106607826
0.790128814532
1.0
0.578831969821
0.79163985337
1.0
0.578957279095
0.79121635942
1.0
0.578957279095
0.79121635942
1.0
0.578345895471
0.790747740323
1.0
0.578293778526
0.790645215731
1.0
0.578970890845
0.79071874635
1.0
0.579032055033
0.790206208706
1.0
0.579688610879
0.788860793347
1.0
0.579755536518
0.78880704548
1.0
0.579877091676
0.789463336458
1.0
0.579750587614
0.789470618607
1.0
0.580342054566
0.789018265948
1.0
0.580342054566
0.789018265948
1.0
0.580202522281
0.788933852469
1.0
0.580510311565
0.787886865035
1.0
0.580943977444
0.787469693272
1.0
0.581840561964
0.7869713451
1.0
0.582189058754
0.786822265163
1.0
0.582461662241
0.787599810586
1.0
0.582461662241
0.787599810586
1.0
0.582402197405
0.786273316542
1.0
0.582953485241
0.784780862856
1.0
0.582949502241
0.783613827175
1.0
0.58214000238
0.7849074672
1.0
0.582469725451
0.784613117996
0.668202725616
0.530350025162
0.793231610307
0.668202725616
0.530290758236
0.792633795249
1.0
0.605130313161
0.87057771
1.0
0.605561441243
0.869294537924
1.0
0.605561441243
0.869294537924
1.0
0.605032364662
0.867798103562
1.0
0.604687168385
0.868343245899
1.0
0.605270127035
0.866307137235
1.0
0.605658776689
0.865429161404
1.0
0.605585771832
0.864804561631
1.0
0.605457571248
0.863769162435
1.0
0.606352069313
0.865475845427
1.0
0.606482774248
0.865064382487
1.0
0.606482774248
0.865064382487
1.0
0.607507731331
0.862383219939
1.0
0.607492333654
0.861742107581
1.0
0.6069461663
0.861665518531
1.0
0.607267002822
0.861192984902
1.0
0.608407382378
0.858842273812
1.0
0.608228323771
0.859155149547
1.0
0.607519295327
0.859606603246
1.0
0.607573235603
0.859425825956
1.0
0.607573235603
0.859425825956
1.0
0.607652313378
0.859799707257
1.0
0.608116533465
0.858709831277
1.0
0.607994987521
0.856984243377
1.0
0.607809423749
0.857339054442
1.0
0.607944076164
0.859721943729
1.0
0.607850205953
0.859847167399
1.0
0.606640457201
0.859320772999
1.0
0.606760130933
0.858717418633
1.0
0.606760130933
0.858717418633
1.0
0.607347358296
0.858655793888
1.0
0.607013675173
0.859194593287
1.0
0.608154373375
0.858940984094
1.0
0.608082228924
0.859061422041
1.0
0.608400291183
0.86220888912
1.0
0.608570393725
0.861887400201
1.0
0.608221932389
0.86677213751
1.0
0.608091180748
0.867588966521
1.0
0.606473136318
0.86974289928
1.0
0.606473136318
0.86974289928
1.0
0.606481820245
0.869553664304
1.0
0.606481820245
0.869553664304
0.748957048283
0.61314382417
0.866891155628
0.748957048283
0.61303531588
0.867172541592
0.748957048283
0.61282793566
0.867041259504
0.748957048283
0.612564425753
0.867067195868
0.748957048283
0.61189942364
0.865869994765
0.748957048283
0.610492893828
0.866225099447
0.726008381728
0.653470686696
0.67591446675
0.726008381728
0.651903259644
0.673041193643
0.726008381728
0.668448901495
0.620783349632
0.726008381728
0.668448901495
0.620783349632
0.726008381728
0.668448901495
0.620783349632
0.848533661276
0.638004832193
0.608549704542
0.725069612569
0.644140815256
0.479695668568
0.719115798855
0.633529244882
0.541178329624
0.719115798855
0.568167530455
0.510615961186
0.719115798855
0.568167530455
0.510615961186
0.719115798855
0.561341470943
0.508595907294
0.879107266455
0.562583852264
0.503501975704
0.933634278409
0.561542617614
0.511021302437
0.933634278409
0.561542617614
0.511021302437
0.933634278409
0.561542617614
0.511021302437
0.933634278409
0.561542617614
0.511021302437
0.933634278409
0.612710000024
0.531055801241
0.819265192477
0.61232374355
0.551549397432
0.819464379842
0.615100130751
0.552576529231
0.897744456461
0.615631065554
0.550002931734
0.897744456461
0.615631065554
0.550002931734
0.744109874417
0.590722971293
0.765972776458
0.735162944522
0.592490637179
0.782261295627
0.780694687208
0.593753209474
0.764546089597
0.94324125963
0.604167481115
0.710129139629
0.94324125963
0.604167481115
0.710129139629
0.962048815263
0.604205805555
0.719629586365
0.995350117418
0.63117643618
0.860743754433
1.0
0.630473891131
0.865853376364
1.0
0.629472624561
0.870708053482
1.0
0.629381479427
0.874021939286
1.0
0.629433608638
0.87676067201
1.0
0.629782517289
0.8794328217
1.0
0.629782517289
0.8794328217
1.0
0.629695195034
0.881665246819
1.0
0.629709617759
0.882691991754
1.0
0.629709617759
0.882691991754
1.0
0.659918558055
0.786650518217
1.0
0.618150945686
0.90597512383
1.0
0.61834149228
0.908252480808
1.0
0.6181884637
0.909757022865
1.0
0.617747262474
0.912956914242
1.0
0.617819162312
0.914094702719
1.0
0.617838719944
0.915244725628
1.0
0.617838719944
0.915244725628
1.0
0.61797323387
0.916791043479
1.0
0.617739475745
0.917933445609
1.0
0.617169933551
0.930769357946
1.0
0.616909281428
0.93150237584
1.0
0.616909281428
0.93150237584
1.0
0.653246536595
0.812747913793
1.0
0.653090043554
0.812343718587
0.989246377674
0.651689121732
0.818037595869
0.989246377674
0.651689121732
0.818037595869
1.0
0.652327687053
0.832291542336
0.99
0.656748516142
0.896615093082
0.99
0.666124484812
0.941781130442
1.0
0.666616893186
0.959451415756
1.0
0.666616893186
0.959451415756
1.0
0.666671336544
0.974762456216
1.0
0.666372489436
0.977050259049
1.0
0.66586420485
0.97644191304
1.0
0.665923640991
0.979183761613
1.0
0.665923640991
0.979183761613
1.0
0.666700640143
0.983232226764
1.0
0.666840319778
0.986430770982
1.0
0.667182248112
0.98659770438
1.0
0.666905558091
0.987377866097
1.0
0.666905558091
0.987377866097
1.0
0.666480575818
0.988035603067
1.0
0.667198718503
0.989877160265
1.0
0.666272234308
0.989664787915
1.0
0.666255354885
0.990842260326
1.0
0.666255354885
0.990842260326
1.0
0.666181276031
0.991025247298
1.0
0.666196399295
0.991668783776
1.0
0.664931036373
0.990729984073
1.0
0.665566466259
0.99063694434
1.0
0.665566466259
0.99063694434
1.0
0.664411123894
0.992123028338
1.0
0.663140290408
0.996404697331
1.0
0.6578194602
1.015418068
0.99
0.642861552905
1.06008363141
0.99
0.642861552905
1.06008363141
1.0
0.641499473879
1.07534916388
1.0
0.642124085252
1.09121229272
1.0
0.646261789754
1.09005131914
1.0
0.647597228135
1.08756644221
1.0
0.647597228135
1.08756644221
1.0
0.648858042422
1.08530449769
1.0
0.651193897418
1.08415378953
1.0
0.652717707622
1.08000611306
1.0
0.654503016586
1.07670176204
1.0
0.654503016586
1.07670176204
1.0
0.655449875717
1.07347839261
1.0
0.656059649483
1.06888611017
1.0
0.657770252434
1.06497661842
1.0
0.658396576467
1.06114523688
1.0
0.658396576467
1.06114523688
1.0
0.658634234159
1.05689615382
1.0
0.659728667636
1.05183112345
1.0
0.660462541243
1.04680916282
1.0
0.662148435105
1.04055037472
1.0
0.662148435105
1.04055037472
1.0
0.661580699314
1.03585840967
1.0
0.662708216715
1.02769074558
1.0
0.662661356331
1.02194110528
1.0
0.662995739393
1.01689859765
1.0
0.662995739393
1.01689859765
1.0
0.662550212863
1.01029070577
1.0
0.662013915081
1.00311945187
1.0
0.661451375934
0.998098757189
1.0
0.661717931966
0.990423654819
1.0
0.661717931966
0.990423654819
1.0
0.660346780203
0.982578084155
1.0
0.660429849141
0.974756987952
1.0
0.660182097165
0.966868794212
1.0
0.659613064125
0.959987822297
1.0
0.659613064125
0.959987822297
1.0
0.658732546893
0.952442133423
1.0
0.658468214317
0.945361487027
1.0
0.657142010403
0.937698905186
1.0
0.656585406042
0.930473561885
1.0
0.656585406042
0.930473561885
1.0
0.65721779017
0.923655647523
1.0
0.656110892823
0.917864199134
1.0
0.655840225735
0.912361337484
1.0
0.656638751551
0.905861341491
1.0
0.656638751551
0.905861341491
1.0
0.655820976043
0.900620598619
1.0
0.65605220978
0.895062606332
1.0
0.656320902016
0.890515989729
1.0
0.656320902016
0.890515989729
1.0
0.656322214965
0.885627792405
1.0
0.656903948129
0.881308908005
1.0
0.656843872639
0.875727551732
1.0
0.656149740404
0.869857592708
1.0
0.656294524321
0.863830135869
1.0
0.656294524321
0.863830135869
1.0
0.656518188649
0.860169737029
1.0
0.657572078901
0.856232366596
1.0
0.657288304323
0.85085430117
1.0
0.658562983061
0.845934626673
1.0
0.658562983061
0.845934626673
1.0
0.659616583596
0.839966673141
1.0
0.659852936772
0.833972850935
1.0
0.660595958155
0.829515362305
1.0
0.661909435962
0.824159263524
1.0
0.661909435962
0.824159263524
1.0
0.663042170749
0.819493614463
1.0
0.664661518748
0.815142431568
1.0
0.665635139116
0.811652611011
1.0
0.667321607353
0.806877223807
1.0
0.667321607353
0.806877223807
1.0
0.669091542344
0.801785004731
1.0
0.670677241871
0.797109304181
1.0
0.672004039688
0.794500093795
1.0
0.674337483364
0.790712515747
1.0
0.674337483364
0.790712515747
1.0
0.676188498594
0.787273059722
1.0
0.677740954342
0.783661821517
1.0
0.679621934562
0.778962714139
1.0
0.679621934562
0.778962714139
1.0
0.681445042932
0.775011235289
1.0
0.683580242357
0.772810076929
1.0
0.622399879849
0.856094126359
1.0
0.62281823532
0.854206296373
1.0
0.623392439244
0.852354141933
1.0
0.624141064766
0.850049147027
1.0
0.624615931898
0.848381308011
1.0
0.624828325065
0.847281065901
1.0
0.625423484131
0.845079934379
1.0
0.625423484131
0.845079934379
1.0
0.625997165412
0.844570269312
1.0
0.626106619862
0.847556483925
1.0
0.625979445722
0.846673144247
1.0
0.626417042657
0.846101818447
1.0
0.626683664417
0.845300471767
1.0
0.631968761293
0.843154027099
1.0
0.632222556465
0.84230440076
1.0
0.632222556465
0.84230440076
1.0
0.634013715596
0.840246634347
1.0
0.634663992938
0.839771612673
1.0
0.633985649785
0.841227253757
1.0
0.634379743401
0.841098170856
1.0
0.636316900084
0.844267611466
1.0
0.636560215044
0.844223091764
1.0
0.636560215044
0.844223091764
1.0
0.673693639408
0.737525280317
1.0
0.674454200966
0.737443707056
1.0
0.674454200966
0.737443707056
1.0
0.675459211985
0.738961576822
1.0
0.67587258551
0.738951721702
1.0
0.676436148327
0.7393465081
1.0
0.676436148327
0.7393465081
1.0
0.67622774647
0.740322640386
1.0
0.654448093487
0.849135791859
1.0
0.654533014455
0.848537366183
1.0
0.65467406922
0.849536494526
1.0
0.655243113181
0.850278740658
1.0
0.655134089545
0.850534085594
1.0
0.655416490291
0.849484861314
1.0
0.655797228074
0.849160376974
1.0
0.656252089171
0.848166664976
1.0
0.656252089171
0.848166664976
1.0
0.656252089171
0.848166664976
1.0
0.688621698111
0.743167768442
1.0
0.690212053262
0.742269706926
1.0
0.690460172252
0.740401541868
1.0
0.691682232694
0.737656149205
1.0
0.691682232694
0.737656149205
1.0
0.693639817923
0.735584093374
1.0
0.733097306861
0.834851809027
1.0
0.7337759741
0.833357345566
1.0
0.734736933071
0.832381372526
1.0
0.735564266738
0.830538733504
1.0
0.737152992371
0.829075746388
1.0
0.743969098152
0.826103879395
0.851810998438
0.747330217169
0.825114430671
0.835859786019
0.749462768735
0.822089296626
0.835859786019
0.749462768735
0.822089296626
0.835859786019
0.748979454174
0.820981760771
0.845466873819
0.750763305576
0.817925746254
0.845466873819
0.752637951199
0.813786875801
0.846139276886
0.754237494998
0.811983605592
0.846139276886
0.75537636308
0.810940160391
0.905747371379
0.756716487502
0.808992535734
0.905747371379
0.756862657522
0.808651904937
0.936028312914
0.759234225616
0.807407897432
0.936028312914
0.759234225616
0.807407897432
0.936028312914
0.75977098685
0.805894908805
1.0
0.762564058903
0.802205193668
1.0
0.762334228234
0.802103142236
1.0
0.764431214372
0.79805042265
1.0
0.767501023199
0.794579329623
1.0
0.769281846059
0.789551257464
1.0
0.769554347089
0.786995003059
1.0
0.770334400827
0.783558404135
1.0
0.768696465887
0.783116378686
1.0
0.768696465887
0.783116378686
1.0
0.768824261255
0.781278675444
1.0
0.769873635375
0.779314819395
1.0
0.76999410326
0.778207412302
1.0
0.770490159861
0.776588020909
1.0
0.770776117734
0.775734647275
1.0
0.771121626372
0.776742763427
1.0
0.771121626372
0.776742763427
