1.0
0.428771342274
0.502702381589
0.864235802558
0.428043893268
0.497402075068
0.864235802558
0.422613959471
0.501367787045
0.981609281064
0.418247525779
0.470212996913
0.981609281064
0.412964010458
0.475710175442
0.99
0.415774371993
0.472866622767
0.99
0.412113049826
0.474707935013
0.983098594907
0.412308571061
0.472007339155
0.983098594907
0.412308571061
0.472007339155
0.983098594907
0.41120881856
0.470108515003
1.0
0.410818516798
0.469235959161
1.0
0.411033535675
0.463039171759
1.0
0.410029916777
0.461568948459
1.0
0.410799126233
0.455388138163
0.977915166646
0.409689312937
0.454938390816
0.977915166646
0.410207789927
0.451082967959
1.0
0.408459201205
0.451021237832
1.0
0.408690764493
0.449048307383
1.0
0.408690764493
0.449048307383
1.0
0.407101146902
0.448148746246
1.0
0.407247761614
0.446823090203
1.0
0.406442570958
0.447344596197
1.0
0.406586321331
0.447174419957
1.0
0.406493251068
0.44987858238
1.0
0.406573394128
0.449688555782
1.0
0.406927388909
0.451014899312
1.0
0.406927388909
0.451014899312
1.0
0.40697234171
0.45161691202
1.0
0.407477143988
0.452481402759
1.0
0.407550000652
0.452873881403
1.0
0.408476709565
0.454740898203
1.0
0.408472195093
0.455309049252
1.0
0.409438191118
0.457480687588
1.0
0.409545208743
0.457492598533
1.0
0.410592819251
0.460578562852
1.0
0.410592819251
0.460578562852
1.0
0.410672221714
0.460525903729
1.0
0.411368758133
0.462045390731
1.0
0.41146126121
0.46211733293
1.0
0.41154418664
0.462449409697
1.0
0.411561875736
0.462500150767
1.0
0.411270763528
0.46128540223
1.0
0.4113911695
0.461438087083
1.0
0.411501277788
0.462581547806
1.0
0.41156598749
0.462743891692
1.0
0.41156598749
0.462743891692
1.0
0.412553065415
0.464493775694
1.0
0.412612177733
0.464533062461
1.0
0.412516502924
0.463922734884
1.0
0.412630458465
0.464074586577
1.0
0.412775152809
0.465579158603
1.0
0.412851968572
0.465699324285
1.0
0.413343317509
0.465614369281
1.0
0.413343317509
0.465614369281
1.0
0.41344564997
0.465620772146
1.0
0.41399839555
0.466109374157
1.0
0.414096227929
0.466389785758
1.0
0.41450208122
0.466727483164
1.0
0.414535762856
0.466516516849
1.0
0.415276065351
0.467267394653
1.0
0.415385674302
0.467442246336
1.0
0.415052835648
0.466978298725
1.0
0.415098873858
0.467101519906
1.0
0.407611364641
0.455660542309
1.0
0.407611364641
0.455660542309
1.0
0.407689503632
0.455647558061
0.99
0.388203935244
0.425555960405
0.99
0.388247305934
0.425315906374
0.99
0.36908126683
0.397928219997
0.99
0.369078728691
0.398067090983
0.99
0.348672489124
0.363858589234
0.99
0.348672489124
0.363858589234
0.99
0.34791509675
0.363771961513
1.0
0.343696517908
0.359056592516
0.99
0.334832270006
0.355350526718
0.99
0.334832270006
0.355350526718
0.99
0.334832270006
0.355350526718
0.99
0.336022304786
0.370967599899
0.99
0.325646270254
0.353454318434
1.0
0.324575150262
0.345716372045
1.0
0.324575150262
0.345716372045
1.0
0.326871542408
0.342089631561
1.0
0.327765204572
0.341721221343
1.0
0.328581818146
0.343903323426
1.0
0.329089190086
0.344450171302
1.0
0.329089190086
0.344450171302
1.0
0.329481472357
0.344797047186
1.0
0.329939840439
0.345917276597
1.0
0.330632492884
0.347372365748
1.0
0.330844707711
0.348284756628
1.0
0.330844707711
0.348284756628
1.0
0.33113614228
0.349762482974
1.0
0.331678737581
0.350972636583
1.0
0.332154248462
0.352366578931
1.0
0.33303204198
0.353383753213
1.0
0.33303204198
0.353383753213
1.0
0.333340204631
0.355167580454
1.0
0.333850021337
0.355720257177
1.0
0.334522186368
0.35550507995
1.0
0.335236411444
0.356414266481
1.0
0.335236411444
0.356414266481
1.0
0.336307740557
0.357722662503
1.0
0.336886123551
0.358464560081
1.0
0.337523567396
0.358086097055
1.0
0.342478872607
0.358452788514
1.0
0.342478872607
0.358452788514
0.99
0.36064299516
0.363047330548
0.99
0.392442141906
0.379085170776
0.99
0.429407083936
0.396355431342
0.99
0.459154113997
0.402634889101
0.99
0.459154113997
0.402634889101
