0.817697672796
0.580786557463
0.353687341782
0.87700627545
0.604505216188
0.318681189264
0.87700627545
0.603530675235
0.31809005064
0.836314439652
0.6181879769
0.307947849083
0.836314439652
0.6181879769
0.307947849083
0.836314439652
0.618194642026
0.308466125615
0.839689905231
0.624716367678
0.303597456652
0.839689905231
0.624736524554
0.305063609493
0.883882493066
0.624868510799
0.30456561453
0.883882493066
0.623943620403
0.304169500066
0.862454138351
0.623176294712
0.305211879602
0.862454138351
0.622906819696
0.305332938397
0.878868933229
0.622047322023
0.305424754898
0.878868933229
0.621562367826
0.30526793827
0.895967612918
0.621672813955
0.304728241596
0.895967612918
0.621672813955
0.304728241596
0.895967612918
0.621349983727
0.304186258814
0.831593878009
0.620868994864
0.306143296429
0.831593878009
0.621056875536
0.307957201312
0.784649029271
0.618767060769
0.315304919407
0.784649029271
0.618630018027
0.315592992876
0.832468666508
0.618764902139
0.315060811504
0.832468666508
0.618679097844
0.315547881489
0.832468666508
0.618679097844
0.315547881489
0.856235198463
0.618743096221
0.316361487704
0.856235198463
0.61867810717
0.315420278665
0.811263512201
0.618426453614
0.317166104758
0.811263512201
0.618114071898
0.3168773022
0.82047654034
0.618187609757
0.317512524135
0.82047654034
0.618337446826
0.318316856689
0.830885916415
0.619121286165
0.31722748011
0.830885916415
0.619150921972
0.317324892057
0.836604236716
0.619026441387
0.318559907188
0.836604236716
0.619026441387
0.318559907188
0.836604236716
0.619034930647
0.31876107466
0.83697590318
0.618436686413
0.320265127135
0.83697590318
0.618857752916
0.320640387873
0.823909928568
0.61888389638
0.321955812582
0.823909928568
0.61899702872
0.322961257143
0.845399975128
0.619053689799
0.323532910329
0.845399975128
0.619085327312
0.323647939739
0.862380415792
0.619098926988
0.32443275247
0.862380415792
0.619098926988
0.32443275247
0.862380415792
0.619087224825
0.324424127588
0.838722387708
0.619004794613
0.324856205967
0.838722387708
0.618998241266
0.32515379494
0.866746211529
0.618795665316
0.326801660603
0.866746211529
0.619053352723
0.327909167868
0.822126666948
0.618535745009
0.329976182522
0.822126666948
0.618535745009
0.329976182522
0.822126666948
0.61824073979
0.33032485261
0.804666269152
0.617903803714
0.331976543622
0.804666269152
0.617900216168
0.331247618791
0.838511150257
0.617830963331
0.332457514761
0.838511150257
0.617906505506
0.331689364023
0.848791629808
0.617969493537
0.331760623419
0.848791629808
0.617773487069
0.332778931044
0.829935916592
0.618351252446
0.331025169334
0.829935916592
0.618351252446
0.331025169334
0.829935916592
0.618258992722
0.331240636472
0.825389236494
0.618279510895
0.33166810506
0.825389236494
0.618090537951
0.331886816895
0.83957237888
0.617717530261
0.333687304799
0.83957237888
0.617689912539
0.334280622366
0.855517219922
0.61766994096
0.335638892559
0.855517219922
0.617880321827
0.336797721685
0.875296881729
0.617495251145
0.338388565387
0.875296881729
0.617538120283
0.337760847845
0.865849411002
0.617098314227
0.339029656448
0.865849411002
0.617098314227
0.339029656448
0.865849411002
0.616885344434
0.34039869949
0.871940213338
0.616303161074
0.342213644724
0.871940213338
0.616264275739
0.342189682301
0.903935884919
0.615450967488
0.345325576544
0.903935884919
0.615012258714
0.344364185022
0.883913971663
0.614563323566
0.346149088962
0.883913971663
0.614412457542
0.344978154141
0.883913971663
0.614412457542
0.344978154141
0.877007787584
0.614622549116
0.344590498862
0.877007787584
0.614308150145
0.344626515541
0.920856527973
0.613878269882
0.345082328697
0.920856527973
0.611722273196
0.344691646369
0.888049784418
0.612040509024
0.345052818493
0.888049784418
0.604752751387
0.342623730518
0.888049784418
0.604752751387
0.342623730518
0.882501584197
0.604581825241
0.342788809328
0.882501584197
0.596569304933
0.344369830521
0.845839774748
0.59632586151
0.344453990335
0.845839774748
0.580412179331
0.336361036369
0.947844138985
0.576963084686
0.341030342671
0.938438098886
0.563988752678
0.354787452451
0.938438098886
0.561717387279
0.355381568151
0.966855855153
0.518545082041
0.42218601131
0.966855855153
0.518545082041
0.42218601131
0.966855855153
0.518324251733
0.422039059147
0.966855855153
0.518509595931
0.421907864443
0.99
0.504728793304
0.440335611105
0.99
0.50513273083
0.441017895054
1.0
0.50130364615
0.445496492158
0.987560133618
0.501042165968
0.444742915415
0.987560133618
0.501059031611
0.446280634024
1.0
0.501200534832
0.445326190014
1.0
0.501898115301
0.446497608008
1.0
0.501649596241
0.445438261883
1.0
0.501649596241
0.445438261883
1.0
0.502290509652
0.445371169257
1.0
0.502175292001
0.443973255749
1.0
0.502318198086
0.444741666035
1.0
0.502196720962
0.443581711436
1.0
0.502235150798
0.444090529971
1.0
0.502157754491
0.443628513982
1.0
0.502383503768
0.443430916687
1.0
0.502244177251
0.443362643812
1.0
0.502244177251
0.443362643812
1.0
0.502175284548
0.443995053512
1.0
0.502049736934
0.444567033398
1.0
0.501992207164
0.444656292221
1.0
0.501813105734
0.44556919507
1.0
0.501573240168
0.445746762017
1.0
0.50111827376
0.444866801734
1.0
0.50111827376
0.444866801734
1.0
0.500706491114
0.445206998059
1.0
0.500837642413
0.445768011646
1.0
0.500611556582
0.446206103469
1.0
0.500401226687
0.446359306533
1.0
0.500123194628
0.447268398141
1.0
0.500896153854
0.447351569791
1.0
0.500690082503
0.447694787951
0.99
0.506728105525
0.449401509515
0.99
0.506728105525
0.449401509515
0.99
0.506342476412
0.449930878808
0.99
0.520907753918
0.460365510005
0.99
0.520584388323
0.46108838572
0.99
0.534253616708
0.468432511045
0.99
0.53431877556
0.468510606677
0.99
0.545834017977
0.477263521449
0.99
0.548935080231
0.473094573501
1.0
0.549967434323
0.473893712219
0.99
0.562668157157
0.451404230101
0.99
0.562668157157
0.451404230101
0.99
0.560307732637
0.449923803239
0.99
0.575816580075
0.430290521578
0.99
0.574201729643
0.428863381307
0.987169613528
0.592349256005
0.402086841343
0.987169613528
0.59176706287
0.40222978312
0.99
0.603227613297
0.390868349618
0.99
0.602929693374
0.391176515539
0.99
0.602929693374
0.391176515539
1.0
0.603772944826
0.392153899938
1.0
0.603566743263
0.392452296937
1.0
0.602279530231
0.394549812082
1.0
0.602007818045
0.393994085986
1.0
0.60076200092
0.394767124108
1.0
0.600522347602
0.394982775248
1.0
0.600394458054
0.395932657726
1.0
0.599999837215
0.395263717836
1.0
0.599305733776
0.395488554701
1.0
0.599356866865
0.396398936857
1.0
0.599356866865
0.396398936857
1.0
0.599092048789
0.397478472943
1.0
0.598929254599
0.397657923037
1.0
0.598645842646
0.398073480535
1.0
0.598941808852
0.398549380486
1.0
0.598636829375
0.398923941985
1.0
0.598447662577
0.398555130346
1.0
0.59826058827
0.399179886492
1.0
0.59826058827
0.399179886492
1.0
0.597947693072
0.399245201796
1.0
0.597889917182
0.399597925663
1.0
0.598079585378
0.399753182119
1.0
0.597950746669
0.399623640383
1.0
0.597659093504
0.399826717154
1.0
0.597873523211
0.399716652881
1.0
0.598027754271
0.400350601977
1.0
0.598243663732
0.399862607729
1.0
0.598116947763
0.398698159624
1.0
0.598116947763
0.398698159624
1.0
0.598214429698
0.399007328321
1.0
0.59831842123
0.399658090268
1.0
0.598553361273
0.399092633502
1.0
0.598469175212
0.399617360791
1.0
0.598627932236
0.399663158445
1.0
0.598843391269
0.400331108623
1.0
0.598909646813
0.400010266039
1.0
0.598909646813
0.400010266039
1.0
0.59886524625
0.399886212197
1.0
0.599274720091
0.399636155138
1.0
0.59924003856
0.399664685429
1.0
0.599520419468
0.399114596863
1.0
0.599616971403
0.398952559888
1.0
0.599712524734
0.39885202474
1.0
0.59945738265
0.398635061577
1.0
0.59945738265
0.398635061577
1.0
0.599685581083
0.398832661756
1.0
0.599890157032
0.399397631644
1.0
0.600022075591
0.399596567732
1.0
0.600082529026
0.400062486081
1.0
0.60034782884
0.400221743634
1.0
0.600364247524
0.400516435891
1.0
0.600404579412
0.400301391337
1.0
0.600159898819
0.400410298009
1.0
0.600159171636
0.400683714132
1.0
0.600489766587
0.402028371943
1.0
0.600489766587
0.402028371943
1.0
0.600731471293
0.402385895693
1.0
0.600770286704
0.402091285072
1.0
0.60088621032
0.402922919943
1.0
0.600778208033
0.403043354714
1.0
0.601091353212
0.403053324309
1.0
0.601142472477
0.403897271946
1.0
0.601116573687
0.404486484476
1.0
0.601116573687
0.404486484476
1.0
0.601275144478
0.404936201696
1.0
0.601485007805
0.405412877302
1.0
0.601639222652
0.40596282134
1.0
0.601684139635
0.406723613165
1.0
0.601688054069
0.407400336585
1.0
0.601652737546
0.408539793173
1.0
0.601578944483
0.40908905222
1.0
0.601578944483
0.40908905222
1.0
0.601685135697
0.409766855128
1.0
0.601660760058
0.409684758825
1.0
0.601749166435
0.409807221647
1.0
0.601466906497
0.410489284795
1.0
0.601628800344
0.411323139264
1.0
0.601774310224
0.41234501822
1.0
0.60182873608
0.413417304897
1.0
0.601782373594
0.413920291925
1.0
0.601782373594
0.413920291925
1.0
0.601523156517
0.41508050061
1.0
0.601484648075
0.416010933805
1.0
0.601223955669
0.416646193672
1.0
0.601023938769
0.417307130742
1.0
0.601327561056
0.418833707429
1.0
0.601367121506
0.419745800623
1.0
0.6011284376
0.421172708789
1.0
0.601414132274
0.423431383473
1.0
0.601414132274
0.423431383473
1.0
0.602030831611
0.424508448431
1.0
0.602127117435
0.42612045248
1.0
0.601954457323
0.427865769523
1.0
0.602129286291
0.429924805129
1.0
0.602514182648
0.43265300469
1.0
0.602488146052
0.433228713358
1.0
0.602879366939
0.435068572984
1.0
0.6033015969
0.436550320898
1.0
0.603289117636
0.438808624417
1.0
0.60341269891
0.440418627828
1.0
0.60341269891
0.440418627828
1.0
0.603925880241
0.442365725244
1.0
0.604042182558
0.443279400374
1.0
0.604675029157
0.445556388717
1.0
0.605189701268
0.447004305575
1.0
0.605920575767
0.448334366588
1.0
0.606176117926
0.448901228508
1.0
0.606176117926
0.448901228508
1.0
0.606984479175
0.450495551443
1.0
0.607351262981
0.45211211383
1.0
0.60757025269
0.454265114723
1.0
0.607489622006
0.454109572054
1.0
0.608153590307
0.455069641322
1.0
0.608481157841
0.455835506371
1.0
0.609506535459
0.456966978052
1.0
0.60978996362
0.457832248103
1.0
0.60978996362
0.457832248103
1.0
0.610649771181
0.458307058252
1.0
0.610818266546
0.458345407152
1.0
0.611875699569
0.458282187169
1.0
0.612216703807
0.459201976762
1.0
0.613402753236
0.45914510216
1.0
0.613222305828
0.458305010567
1.0
0.613433992756
0.458924025025
1.0
0.613698786856
0.460171770283
1.0
0.614354382056
0.459980562137
1.0
0.614354382056
0.459980562137
1.0
0.6142670952
0.460732442572
1.0
0.615059662778
0.460969427695
1.0
0.615105338316
0.462404143595
1.0
0.615418956944
0.462815998577
1.0
0.615460053681
0.463341170672
1.0
0.616206916031
0.463971314644
1.0
0.616055420311
0.465047091682
1.0
0.616055420311
0.465047091682
