1.0
0.505057322392
0.809760881476
1.0
0.505680358622
0.815446094455
1.0
0.505659403185
0.82012546131
1.0
0.506135029545
0.824681491161
1.0
0.506868940156
0.83029794902
1.0
0.507840035234
0.834707861497
1.0
0.507840035234
0.834707861497
1.0
0.508678327911
0.839342247456
1.0
0.509352920237
0.843416487434
1.0
0.510476535738
0.848504503032
1.0
0.511782532516
0.852876545049
1.0
0.512913478388
0.85785182302
1.0
0.51371089405
0.863313201388
1.0
0.514696354436
0.867874494587
1.0
0.515738386302
0.872268428
1.0
0.515738386302
0.872268428
1.0
0.516845349172
0.878168031803
1.0
0.518497393027
0.884057741416
1.0
0.519088706064
0.890633839989
1.0
0.519948370555
0.894433950735
1.0
0.520634012202
0.900880331424
0.950916965357
0.520989156243
0.904937615894
0.950916965357
0.5219505046
0.9114411511
0.93960996967
0.522279266614
0.916782745101
0.93960996967
0.522279266614
0.916782745101
0.93960996967
0.52299781512
0.922701225556
0.875746942308
0.523964350993
0.930444962256
0.875746942308
0.524389736593
0.935197582709
0.891981282402
0.524899672428
0.942422971764
0.891981282402
0.525472092884
0.946973504134
0.910947451095
0.525696636568
0.953220338199
0.910947451095
0.525942588944
0.957149781161
0.893672219405
0.52701327673
0.961935977994
0.893672219405
0.52701327673
0.961935977994
0.893672219405
0.526937033805
0.964592969152
0.933403120527
0.527305180025
0.969343387624
0.933403120527
0.527462584024
0.97101360144
0.929500268831
0.527343658776
0.975423443012
0.929500268831
0.527331993188
0.975935443559
0.921407883735
0.527293682467
0.979698380451
0.921407883735
0.527232165349
0.980614799283
0.921407883735
0.527232165349
0.980614799283
0.9614822777
0.526709319717
0.983885640902
0.9614822777
0.525380061073
0.984455172926
1.0
0.525461625666
0.986773646064
1.0
0.525499490045
0.986924260863
1.0
0.52563368442
0.988031081763
1.0
0.52542311976
0.987342043607
0.99742035077
0.525248127908
0.987297482337
0.99742035077
0.525133417875
0.986439249812
1.0
0.52427658145
0.989081355012
1.0
0.52427658145
0.989081355012
1.0
0.524263895391
0.988461311015
1.0
0.522287382972
0.99176579237
1.0
0.522253919416
0.990277171101
1.0
0.52189086206
0.990065100522
1.0
0.521547346144
0.988159680246
1.0
0.521507797868
0.987150902998
1.0
0.521177788838
0.986216302721
1.0
0.520740562694
0.98445754422
1.0
0.520740562694
0.98445754422
1.0
0.52037104158
0.983042534409
1.0
0.52025969322
0.980796931561
1.0
0.520095133037
0.97920211715
1.0
0.519769646727
0.97705700558
1.0
0.51973779659
0.975505530417
1.0
0.519700976395
0.974014078452
1.0
0.519685518453
0.972634441884
1.0
0.519685518453
0.972634441884
1.0
0.519646635985
0.969427413966
1.0
0.519853485359
0.967415074522
1.0
0.519443656929
0.964504275076
1.0
0.519667564951
0.963022669211
1.0
0.519730871015
0.960827862724
1.0
0.520326643909
0.95927973364
1.0
0.520430885988
0.956486413136
1.0
0.520485369481
0.955016886162
1.0
0.520954777633
0.952369628016
1.0
0.520954777633
0.952369628016
1.0
0.521407043396
0.950940178638
1.0
0.521794019775
0.948711782564
1.0
0.522376348482
0.947347680163
1.0
0.523193680783
0.944598567884
1.0
0.524005782192
0.943351350644
1.0
0.524348270125
0.94059207161
1.0
0.525080363112
0.939173252633
1.0
0.525080363112
0.939173252633
1.0
0.525901203395
0.936140530359
1.0
0.526422164225
0.934282335933
1.0
0.527050751829
0.931509640924
1.0
0.52768512951
0.930406016704
1.0
0.52845048519
0.928734589035
1.0
0.52899183815
0.927604995476
1.0
0.529778695555
0.924593799036
1.0
0.530315294622
0.922968196615
1.0
0.53107322156
0.920445161708
1.0
0.53107322156
0.920445161708
1.0
0.53160513962
0.919114293555
1.0
0.532491732798
0.917061050984
1.0
0.533163700983
0.915785361512
1.0
0.533490496876
0.913288777353
1.0
0.534169082496
0.911998331426
1.0
0.53515774806
0.909886453314
1.0
0.535865855761
0.909244699839
1.0
0.535865855761
0.909244699839
1.0
0.536687956904
0.907392471918
1.0
0.537101100371
0.906866058934
1.0
0.537662619952
0.904321112549
1.0
0.538201875058
0.90313154797
1.0
0.538720768891
0.901236934457
1.0
0.539433379969
0.900460407429
1.0
0.540311767536
0.899367063224
1.0
0.540921843489
0.899214176305
1.0
0.541772693738
0.897842425264
1.0
0.541772693738
0.897842425264
1.0
0.542154292422
0.897181856036
1.0
0.542579618571
0.896534403562
1.0
0.542982249489
0.896358142367
1.0
0.543695424838
0.895911434769
1.0
0.544166952902
0.895859117829
1.0
0.544778972637
0.895196787713
1.0
0.545103604295
0.895332071136
1.0
0.545340209996
0.894799237374
1.0
0.545340209996
0.894799237374
1.0
0.545694103845
0.894847346354
1.0
0.546227950168
0.894903497172
1.0
0.546715973359
0.89557466477
1.0
0.547159222901
0.894873854938
1.0
0.547480337127
0.895335082441
1.0
0.547874398704
0.895536281109
1.0
0.548123462557
0.895813980747
1.0
0.548529596306
0.896504866412
1.0
0.548529596306
0.896504866412
1.0
0.548924063282
0.896612290575
1.0
0.548985287109
0.897057271804
1.0
0.549266624899
0.897520807321
1.0
0.549865731803
0.897523901318
1.0
0.550094433883
0.897718900813
1.0
0.550520467506
0.898558323033
1.0
0.550969511693
0.899035984053
1.0
0.550969511693
0.899035984053
1.0
0.55120592054
0.899913804027
1.0
0.551418885734
0.899745629726
1.0
0.551855122094
0.899271003903
1.0
0.552143689645
0.899043438506
1.0
0.552220444175
0.900173829324
1.0
0.552600503908
0.900211810897
1.0
0.552856195834
0.899816818665
1.0
0.552911321811
0.899552965859
1.0
0.552911321811
0.899552965859
1.0
0.553305848341
0.899536438292
1.0
0.553923899442
0.899307214599
1.0
0.554298632693
0.899048651103
1.0
0.55460216878
0.898534814117
1.0
0.554964430873
0.898357823493
1.0
0.555256676321
0.897733712759
1.0
0.555736947747
0.896787009726
1.0
0.556140331032
0.895983787616
1.0
0.556140331032
0.895983787616
1.0
0.556673589194
0.895375376719
1.0
0.556920574927
0.894621600133
1.0
0.557337406396
0.893988949786
1.0
0.557531066977
0.893495577694
1.0
0.558164672714
0.892649446555
1.0
0.558543980172
0.891748711103
1.0
0.558941710344
0.891080768718
1.0
0.559062277578
0.890401039773
1.0
0.559062277578
0.890401039773
1.0
0.559586632948
0.890298531788
1.0
0.559674155607
0.890015551105
1.0
0.560298292661
0.888799339104
1.0
0.560169884012
0.887768378512
1.0
0.56066115546
0.887359802777
1.0
0.560445331354
0.887748363965
1.0
0.560541327182
0.886435464443
1.0
0.560682546143
0.88686616345
1.0
0.560723930468
0.885815415215
1.0
0.560723930468
0.885815415215
1.0
0.560771585654
0.886488664916
1.0
0.561017909744
0.886569052436
1.0
0.561702571074
0.888308402489
1.0
0.561759812654
0.887972170179
1.0
0.56218454468
0.88838462313
1.0
0.562667996584
0.888327561752
1.0
0.562950432184
0.889165304052
1.0
0.562950432184
0.889165304052
1.0
0.56357658998
0.890651511481
1.0
0.564388636466
0.892308072103
1.0
0.565163557843
0.892837142202
1.0
0.565756815895
0.894421046185
1.0
0.566303778392
0.89603511285
1.0
0.566897839132
0.897608568554
1.0
0.567580171076
0.898527912138
1.0
0.568388791467
0.900215802214
1.0
0.569056422944
0.901202346593
1.0
0.569056422944
0.901202346593
1.0
0.569733477178
0.90221239787
1.0
0.570701671842
0.903324541939
1.0
0.571444166751
0.904656575408
1.0
0.572147716988
0.905805523241
1.0
0.572929992345
0.907167427842
1.0
0.573620641387
0.908844705716
1.0
0.573620641387
0.908844705716
1.0
0.574428676278
0.910078913641
1.0
0.575176716018
0.910953081012
1.0
0.576093477032
0.912265550605
1.0
0.576861633444
0.913804580356
1.0
0.577468836051
0.914789456125
1.0
0.578090718311
0.916363325419
1.0
0.578771731417
0.917471274057
1.0
0.579297942759
0.918503405504
1.0
0.579883389441
0.918841696833
1.0
0.579883389441
0.918841696833
1.0
0.58118841126
0.919115444979
1.0
0.581483531293
0.919154965705
1.0
0.582259529843
0.919749918727
1.0
0.5823711506
0.919261493768
1.0
0.583070601204
0.919556531625
1.0
0.582842867749
0.918669979837
1.0
0.583370835345
0.919788429853
1.0
0.583012968953
0.919411618609
1.0
0.583157540014
0.920668990045
1.0
0.583157540014
0.920668990045
1.0
0.582471177062
0.920006118205
1.0
0.582574629663
0.919726503973
1.0
0.581925302873
0.919469565983
1.0
0.581780188969
0.920288244377
1.0
0.580924853476
0.919604177051
1.0
0.580406136726
0.920202118516
1.0
0.579720164592
0.919562143634
1.0
0.579720164592
0.919562143634
1.0
0.579372036114
0.919597167639
1.0
0.578613614076
0.919109161345
1.0
0.577756859262
0.919428362294
1.0
0.57708099984
0.919291041088
1.0
0.576051413943
0.919799418496
1.0
0.575254094607
0.919568609312
1.0
0.575061335753
0.920057576371
1.0
0.575061335753
0.920057576371
1.0
0.574548614437
0.919639718584
1.0
0.573908834141
0.920327613043
1.0
0.573428228817
0.92023094034
1.0
0.572825976038
0.920519672243
1.0
0.572423207617
0.920343591048
1.0
0.571896031712
0.920188678175
1.0
0.571346762191
0.920347521884
1.0
0.570680878432
0.921171286597
1.0
0.570680878432
0.921171286597
1.0
0.570308059799
0.922050127892
1.0
0.569817547523
0.921876459595
1.0
0.569439542252
0.922304781087
1.0
0.568703905125
0.922732577902
1.0
0.568512640457
0.923079707708
1.0
0.568368427313
0.923349581873
1.0
0.568242867029
0.924013387804
1.0
0.56792968553
0.925153630351
1.0
0.56792968553
0.925153630351
1.0
0.568024214322
0.925537817019
1.0
0.5676825247
0.92567112022
1.0
0.567684171832
0.926196056374
1.0
0.567514235985
0.927163391837
1.0
0.567677876513
0.928018038358
1.0
0.567743938321
0.928418993205
1.0
0.567751493534
0.929346054503
1.0
0.567757627365
0.930007703855
1.0
0.567622352837
0.931118236037
1.0
0.567544240836
0.931916937751
1.0
0.567544240836
0.931916937751
1.0
0.567738537176
0.932637328985
1.0
0.568078139045
0.93337252537
1.0
0.568239522148
0.93422867545
1.0
0.567885264342
0.934313649068
1.0
0.567998915389
0.935273589009
1.0
0.567918609005
0.93628417077
1.0
0.567949518312
0.937378471235
1.0
0.567949518312
0.937378471235
1.0
0.569221347835
0.936009161636
1.0
0.569659818899
0.936915124002
1.0
0.569586553139
0.937631667672
1.0
0.569727003003
0.938201684832
1.0
0.569979574506
0.939407139385
1.0
0.569997727265
0.939772430698
1.0
0.570077527602
0.940803476967
1.0
0.570077527602
0.940803476967
1.0
0.570126010048
0.94139196437
1.0
0.570245540072
0.942037405922
1.0
0.570258033262
0.942540333941
1.0
0.570264159498
0.942767928534
1.0
0.570542875299
0.943099247071
1.0
0.570430167913
0.943410697246
1.0
0.570615101047
0.944157835837
1.0
0.570507739495
0.944220398571
1.0
0.570879709767
0.945003608012
1.0
0.570879709767
0.945003608012
1.0
0.570877734121
0.944833102871
1.0
0.571299016769
0.945282152069
1.0
0.571066448884
0.945969734293
1.0
0.571532557155
0.94672304258
1.0
0.571715102868
0.946926243827
1.0
0.572003063304
0.947811307195
1.0
0.572633841425
0.948652169142
1.0
0.57341769017
0.948847718296
1.0
0.57341769017
0.948847718296
1.0
0.573550245038
0.949435443955
1.0
0.573826604918
0.9503656312
1.0
0.574118255353
0.951046075504
1.0
0.574843355015
0.951489502155
1.0
0.574958082909
0.951380207034
1.0
0.575253995149
0.95212141332
1.0
0.575827554915
0.95220777957
1.0
0.576507599585
0.952447159554
1.0
0.5768794215
0.953609213577
1.0
0.5768794215
0.953609213577
1.0
0.577697123518
0.954518178733
1.0
0.577945017471
0.95407565101
1.0
0.578808305003
0.954719819166
1.0
0.579266426812
0.95454761927
1.0
0.580108897307
0.954707690458
1.0
0.580814264227
0.955209641049
1.0
0.580814264227
0.955209641049
1.0
0.581851920719
0.955921650832
1.0
0.582468312006
0.956491356695
1.0
0.583438150414
0.956891538486
1.0
0.58449152036
0.95566006071
1.0
0.585368059318
0.955561670892
1.0
0.585925374703
0.955512768831
1.0
0.587176794996
0.9556469258
1.0
0.588417596169
0.955589745247
1.0
0.589462556961
0.956375125691
1.0
0.589462556961
0.956375125691
1.0
0.589924248365
0.956358337504
1.0
0.591218759075
0.957103538726
1.0
0.592309840211
0.956173052532
1.0
0.59343325765
0.956848696822
1.0
0.594895674276
0.956800294552
1.0
0.595993845513
0.957607164138
1.0
0.596911322167
0.957596277947
1.0
0.59787227353
0.958906929102
1.0
0.59787227353
0.958906929102
1.0
0.599048106912
0.958981128415
1.0
0.599639297431
0.959842979596
1.0
0.600354280538
0.960067960254
1.0
0.601217296111
0.960933175941
1.0
0.601720385632
0.961520908501
1.0
0.602302598008
0.962693602932
1.0
0.602952850996
0.963552194166
1.0
0.603460163364
0.965015169627
1.0
0.603460163364
0.965015169627
1.0
0.604075839072
0.96550542046
1.0
0.604567496112
0.966882274238
1.0
0.605142784399
0.967326328872
1.0
0.605743680057
0.968767635886
1.0
0.606099704829
0.969814355591
1.0
0.606576477962
0.970893541484
1.0
0.606748478035
0.972010985885
1.0
0.606748478035
0.972010985885
1.0
0.607069971446
0.972647075065
1.0
0.606722937463
0.974354719477
1.0
0.606854960607
0.976198146848
1.0
0.607202010914
0.976777687776
1.0
0.607328085286
0.977723861793
1.0
0.607391941779
0.978034499856
1.0
0.607366816718
0.978134228584
1.0
0.607342573502
0.979430062623
1.0
0.60744897527
0.979635623699
1.0
0.60744897527
0.979635623699
1.0
0.607135535596
0.980433489821
1.0
0.607290675402
0.979843193052
1.0
0.607019268114
0.979574888312
1.0
0.606894009859
0.979453121888
1.0
0.606631914727
0.97908858573
1.0
0.606701980634
0.978298648391
1.0
0.60632134263
0.976972250631
1.0
0.606407141972
0.975702029617
1.0
0.606407141972
0.975702029617
1.0
0.606470330931
0.974863763967
1.0
0.60620740424
0.972660010248
1.0
0.605793441852
0.971595930559
1.0
0.605569005184
0.969621161956
1.0
0.605367896804
0.967931065351
1.0
0.605144104707
0.966506497497
1.0
0.60503938791
0.963598073843
1.0
0.604840843498
0.962244808852
1.0
0.604840843498
0.962244808852
1.0
0.60431745079
0.959626534176
1.0
0.604213275707
0.957825428791
1.0
0.604419676789
0.95517626765
1.0
0.604187606632
0.953043997773
1.0
0.603831888169
0.951008877548
1.0
0.603442811537
0.948035339004
1.0
0.603864028388
0.945049299839
1.0
0.603219465178
0.942358835537
1.0
0.603219465178
0.942358835537
1.0
0.603191813645
0.93826275177
1.0
0.602467160939
0.934908798792
1.0
0.602252621785
0.93167263651
1.0
0.602269919192
0.929498010286
1.0
0.601989516156
0.926112486722
1.0
0.605555671928
0.929755305876
1.0
0.605369682663
0.925693406732
1.0
0.605369682663
0.925693406732
1.0
0.607557901849
0.930255287281
1.0
0.607396366901
0.927124311731
1.0
0.607458831354
0.930938943895
1.0
0.610246539959
0.932264363437
1.0
0.610502003469
0.935477110467
1.0
0.612388538644
0.938654014298
1.0
0.61311450973
0.939820661676
1.0
0.613270382728
0.93912633956
1.0
0.612321965557
0.936482361639
1.0
0.612321965557
0.936482361639
1.0
0.612775398418
0.939211951436
1.0
0.611558057451
0.935918969417
1.0
0.612666324287
0.935661209701
1.0
0.610869124627
0.930488977589
1.0
0.610873304933
0.925530637669
1.0
0.6094405227
0.920607184322
1.0
0.608279942991
0.917934588156
1.0
0.608279942991
0.917934588156
1.0
0.606417204786
0.91313900139
1.0
0.605653208874
0.907716874512
1.0
0.603972669362
0.902788316137
1.0
0.602344677261
0.898512818884
1.0
0.600653961953
0.89355472659
1.0
0.599741438572
0.888158285538
1.0
0.597612260438
0.882410901443
1.0
0.596194530076
0.878366209052
1.0
0.596194530076
0.878366209052
1.0
0.594339936563
0.873096046611
1.0
0.592673215804
0.868082676263
1.0
0.590488301155
0.86283485819
1.0
0.588936574011
0.858200035412
1.0
0.586604941486
0.853071918014
1.0
0.584915059751
0.84870088708
1.0
0.582671130107
0.843266974755
1.0
0.580747982311
0.839713315747
1.0
0.580747982311
0.839713315747
1.0
0.578656264507
0.834805870925
1.0
0.576992899848
0.83099306512
1.0
0.574802165182
0.825952157115
1.0
0.573279625055
0.822170041178
1.0
0.571229387031
0.817259054272
1.0
0.569216063544
0.813338571455
1.0
0.566873449261
0.808243410143
1.0
0.565154651791
0.805416835732
1.0
0.565154651791
0.805416835732
1.0
0.562865799419
0.799767188557
1.0
0.561358784897
0.796577195574
1.0
0.558635521282
0.791244121069
1.0
0.557119959078
0.787839299779
1.0
0.555020434117
0.783307845514
1.0
0.552983139802
0.780248244258
1.0
0.550957769123
0.775733840818
1.0
0.549479769405
0.772102718049
1.0
0.547163742875
0.766953947195
1.0
0.547163742875
0.766953947195
1.0
0.545676619578
0.764943807909
1.0
0.543684757704
0.759697412209
1.0
0.541444264743
0.756914962571
1.0
0.539307316512
0.752598358937
1.0
0.53767607804
0.749031341142
1.0
0.535529634088
0.744430003967
1.0
0.534148230943
0.741254950607
1.0
0.532393095054
0.736705266116
1.0
0.532393095054
0.736705266116
1.0
0.530529877835
0.733889779219
1.0
0.528788493707
0.730027090429
1.0
0.527349021933
0.726611188199
1.0
0.525905118692
0.722384199125
1.0
0.524554949912
0.719406855187
1.0
0.522933746993
0.715306214337
1.0
0.521537114322
0.712867112407
1.0
0.521537114322
0.712867112407
1.0
0.520301262086
0.708575774646
1.0
0.519083795311
0.705512848149
1.0
0.517833204388
0.701443701248
1.0
0.517030799007
0.698149313763
1.0
0.515797895674
0.694505239833
1.0
0.514609048055
0.691914049668
1.0
0.513265380349
0.688335320455
1.0
0.51241048059
0.685047868898
1.0
0.511337901038
0.681279951692
1.0
0.511337901038
0.681279951692
1.0
0.510631815852
0.678375184431
1.0
0.509653077763
0.675207488724
1.0
0.508844689492
0.671588522342
1.0
0.508141332443
0.667829185164
1.0
0.50752328385
0.665061022959
1.0
0.506644038407
0.660998453566
1.0
0.505867985768
0.657571167509
1.0
0.505867985768
0.657571167509
1.0
0.505028137123
0.653822441941
1.0
0.50427462827
0.650514131288
1.0
0.503765928401
0.647233530954
1.0
0.503385503862
0.64362073361
1.0
0.502651854474
0.641420487973
1.0
0.502208968537
0.639070303479
1.0
0.501763035938
0.636450635959
1.0
0.501409719492
0.632645017876
1.0
0.500524913565
0.629622917888
1.0
0.500524913565
0.629622917888
1.0
0.500005975583
0.627758961849
1.0
0.499482116683
0.626055010717
1.0
0.49900870984
0.623897076596
1.0
0.498349511909
0.621753913667
1.0
0.497849766762
0.620371918222
1.0
0.49730824928
0.618836142869
1.0
0.496939521034
0.617591953366
1.0
0.496391205199
0.616571506812
1.0
0.496391205199
0.616571506812
1.0
0.495841975623
0.614549091281
1.0
0.495481184831
0.613006944974
1.0
0.49507935429
0.612299201685
1.0
0.494877766137
0.611787058877
1.0
0.494128162699
0.611079024255
1.0
0.494058056195
0.610911199996
1.0
0.493838530775
0.610253501395
1.0
0.493838530775
0.610253501395
1.0
0.493592330067
0.609581218507
1.0
0.493277311975
0.609313691727
1.0
0.493368440063
0.609640568506
1.0
0.4931153061
0.609377746413
1.0
0.493604603074
0.610195994353
1.0
0.493647678593
0.610235845433
1.0
0.494162479816
0.612282630226
1.0
0.494333421632
0.613304194252
1.0
0.494865330517
0.6149606003
1.0
0.494865330517
0.6149606003
1.0
0.495137621506
0.615080407124
1.0
0.496271467362
0.617302725094
1.0
0.496657464575
0.619012846768
1.0
0.497427128366
0.62140359148
1.0
0.497799191962
0.622660254693
1.0
0.499512131694
0.626126945011
1.0
0.500347967752
0.627491804222
1.0
0.500347967752
0.627491804222
1.0
0.501437059039
0.630291225052
1.0
0.502406606979
0.631811123933
1.0
0.503735832368
0.635246425261
1.0
0.504799422458
0.637120162561
1.0
0.506662071364
0.641923671146
1.0
0.507837351493
0.64329833038
1.0
0.509195028495
0.647070176288
1.0
0.510743194063
0.64914304717
1.0
0.510743194063
0.64914304717
1.0
0.512037237906
0.6539225565
1.0
0.513276022882
0.656167248286
1.0
0.51531795582
0.663199448805
1.0
0.516569848532
0.665747375603
1.0
0.518275068558
0.671323167826
1.0
0.519978195905
0.674929464382
1.0
0.521654809643
0.681035722062
1.0
0.523710073279
0.686121842357
1.0
0.524856188411
0.691877889616
1.0
0.524856188411
0.691877889616
1.0
0.526782252469
0.69578796527
1.0
0.527321666172
0.70154677256
1.0
0.528606439985
0.705892808342
1.0
0.528626513357
0.712552392284
1.0
0.529757742923
0.716932090613
1.0
0.530139622298
0.723510079066
1.0
0.530640962886
0.730250993015
1.0
0.530640962886
0.730250993015
1.0
0.530604014629
0.736797155455
1.0
0.531297072126
0.742963338308
1.0
0.531354253833
0.749090851591
1.0
0.531695146973
0.756213567375
1.0
0.531277088811
0.762236654935
1.0
0.531851043658
0.768766630284
1.0
0.531548941934
0.775292631135
1.0
0.532119511319
0.782593710257
1.0
0.53168520263
0.788395544639
1.0
0.53168520263
0.788395544639
1.0
0.531706456667
0.796375210049
1.0
0.531050428499
0.802343149752
1.0
0.530748073991
0.810173089072
1.0
0.530637392568
0.817094203352
1.0
0.530756410878
0.823020116972
1.0
0.530072388537
0.828107942652
1.0
0.529910755696
0.835999777766
1.0
0.529910755696
0.835999777766
1.0
0.529285707528
0.841950553819
1.0
0.528994329233
0.849510119056
1.0
0.528872055612
0.855996880735
1.0
0.528266143456
0.860945681313
1.0
0.527848797285
0.867089093933
0.964699323232
0.527111473624
0.872331168264
0.964699323232
0.526832068356
0.878383127966
0.953917717581
0.526103341211
0.88342033574
0.953917717581
0.526103341211
0.88342033574
0.953917717581
0.526205799779
0.890425731393
0.899016892973
0.526183850845
0.898902703187
0.899016892973
0.526572981409
0.905556841804
0.884936957687
0.52605449782
0.912252735
0.884936957687
0.527176433968
0.919219274749
0.911756253709
0.52682046801
0.929339571306
0.911756253709
0.527839371952
0.936142922775
0.962532582873
0.528067306578
0.941483541005
0.962532582873
0.528067306578
0.941483541005
0.962532582873
0.529916283166
0.948311407907
0.99
0.529894418494
0.969316821544
0.99
0.53109978909
0.974554682182
1.0
0.531109697037
0.981284265935
1.0
0.53346221251
0.987449515506
1.0
0.533966649133
0.994950588078
1.0
0.535807908673
0.999833321254
1.0
0.536341334694
1.00613885775
1.0
0.536341334694
1.00613885775
0.999912250947
0.537604651743
1.01030947169
0.999912250947
0.538091874688
1.01753713458
1.0
0.539710226337
1.02143054286
1.0
0.540321841199
1.02729147441
1.0
0.542594309821
1.03114786743
1.0
0.542874901243
1.03624883541
0.971722869768
0.545639700178
1.04061653545
0.971722869768
0.546045012409
1.04549030562
0.971722869768
0.546045012409
1.04549030562
1.0
0.548397656115
1.0489957851
1.0
0.54943195541
1.05330405187
1.0
0.550163221852
1.05521497538
1.0
0.551239984377
1.05888474742
1.0
0.546497775356
1.05620765433
1.0
0.547759715257
1.06040921638
0.99
0.538885272625
1.05395013403
0.99
0.539488060206
1.05689833437
0.99
0.539488060206
1.05689833437
1.0
0.535873805377
1.05691089452
1.0
0.53173383639
1.05352361304
0.835643369967
0.529759667387
1.05490689892
0.835643369967
0.519201965067
1.04572540538
0.99
0.513028504404
1.04018216588
0.99
0.504539569143
1.03851891521
0.99
0.505942315519
1.04061820983
0.99
0.505942315519
1.04061820983
0.996392882238
0.502277008625
1.04159781032
0.980973860676
0.504387044465
1.04283800491
0.980973860676
0.501971138795
1.04457478137
1.0
0.505562987667
1.04456539089
1.0
0.505093669995
1.04819500485
0.986558180271
0.513188213943
1.05312007186
0.986558180271
0.51574792521
1.0554813775
0.975380020846
0.518081025235
1.05475760785
0.975380020846
0.521669544077
1.05514260348
1.0
0.523856004842
1.05567327001
1.0
0.523856004842
1.05567327001
1.0
0.528406243621
1.05578984105
1.0
0.52987706138
1.05573617922
1.0
0.533577876372
1.05387405788
1.0
0.534112325381
1.0499969685
1.0
0.536727938599
1.04635492238
1.0
0.5370350841
1.04245727455
1.0
0.539778077384
1.03997713892
1.0
0.539778077384
1.03997713892
1.0
0.539222451907
1.03847592485
1.0
0.541068384839
1.03405106671
1.0
0.540312673466
1.03284253888
1.0
0.541731830697
1.02676986428
1.0
0.540609019821
1.02449506625
1.0
0.542039918061
1.02084565394
1.0
0.542039918061
1.02084565394
1.0
0.540068710274
1.01837363601
1.0
0.541568305429
1.01433251927
1.0
0.539550918365
1.01315291468
1.0
0.53954634819
1.00784858569
1.0
0.537390212191
1.00442201912
1.0
0.536944787044
1.00031927725
1.0
0.534256599284
0.997874382992
1.0
0.534262796636
0.994932019078
1.0
0.531848967262
0.992141925532
1.0
0.530884682955
0.98794200083
1.0
0.530884682955
0.98794200083
1.0
0.533378124322
0.984720317752
1.0
0.531939734558
0.979972930464
1.0
0.537813384449
0.977940310338
1.0
0.536873789436
0.974130106936
1.0
0.541002836427
0.972052650195
1.0
0.542820319719
0.967547564008
1.0
0.541036877338
0.96498839135
1.0
0.547081767226
0.959412344619
1.0
0.547081767226
0.959412344619
1.0
0.544966297664
0.956677025328
1.0
0.549395986718
0.952855269885
1.0
0.548254990409
0.951557601931
1.0
0.549681193123
0.947059020313
1.0
0.549056931736
0.946495447785
1.0
0.547658828527
0.942686371987
1.0
0.547075354906
0.941271035983
1.0
0.546352969413
0.939315061359
1.0
0.546352969413
0.939315061359
1.0
0.545966269967
0.939675140322
1.0
0.545859489868
0.940157189083
1.0
0.546164180511
0.941974664236
1.0
0.546161249816
0.939946627962
1.0
0.54714719462
0.942004254375
1.0
0.546965122571
0.942602579679
1.0
0.548112491025
0.945636319141
1.0
0.54830099563
0.948428590979
1.0
0.54830099563
0.948428590979
1.0
0.549940634699
0.952516946368
1.0
0.550401562763
0.954798483436
1.0
0.552279376431
0.959187288812
1.0
0.55309421951
0.962462847048
1.0
0.55521833301
0.967621979881
1.0
0.55612371491
0.97218407506
1.0
0.558345490089
0.977388045312
1.0
0.560007994946
0.982843700583
1.0
0.560007994946
0.982843700583
1.0
0.562040221666
0.988443292763
1.0
0.563767834634
0.993255029216
1.0
0.566102967339
0.999268608287
1.0
0.567876773342
1.00545629052
1.0
0.570037675668
1.01041499331
1.0
0.571746527665
1.01688319082
1.0
0.569632516371
1.01818602955
1.0
0.571118023398
1.02454740391
1.0
0.571118023398
1.02454740391
0.99
0.559619502081
1.01804766641
0.99
0.560675178528
1.02426475346
0.99
0.548645553508
1.01772284863
0.99
0.546264916117
1.02186216339
0.99
0.532825515284
1.01576446229
0.99
0.521471031599
1.01050685155
0.99
0.509861244918
1.00518651032
0.99
0.497054076764
0.999570048374
0.99
0.497054076764
0.999570048374
0.970043839587
0.485137912819
0.992583602908
0.970043839587
0.473290663615
0.988075714045
0.901936303164
0.461022523734
0.978292594922
0.901936303164
0.450097171982
0.979434482542
0.985254766631
0.440911772579
0.980609328177
0.985254766631
0.430824034511
0.982065315503
0.902703309984
0.427234554622
0.978361114448
0.902703309984
0.427234554622
0.978361114448
