1.0
0.484467582786
0.445002567001
1.0
0.484304291739
0.445442220945
1.0
0.484132853308
0.445842714197
1.0
0.483962903833
0.445270045649
1.0
0.48362923784
0.445504329949
1.0
0.483165385338
0.444837481416
1.0
0.483100308735
0.44484210388
1.0
0.483100308735
0.44484210388
1.0
0.482976346281
0.444020628198
1.0
0.48278962422
0.443720888951
1.0
0.482676490468
0.443829539998
1.0
0.482541886359
0.443152192347
1.0
0.482335722462
0.442827877231
1.0
0.482225486802
0.44247863037
1.0
0.481843630742
0.441931759708
1.0
0.481847840217
0.441423902882
1.0
0.481847840217
0.441423902882
1.0
0.481424690586
0.441202543883
1.0
0.481301947452
0.441185405559
1.0
0.481608190994
0.441654642089
1.0
0.481536832482
0.441540649484
1.0
0.481260319157
0.441360057309
1.0
0.481124486029
0.441268551693
1.0
0.480702023362
0.440658453561
1.0
0.480459507471
0.440658733664
1.0
0.480459507471
0.440658733664
1.0
0.479948177436
0.440141492737
1.0
0.479789847566
0.440176165382
1.0
0.479385616886
0.440172687711
1.0
0.479278184953
0.440202441479
1.0
0.47877068938
0.439380727918
1.0
0.478566595491
0.439813417217
1.0
0.478369796839
0.439918017773
1.0
0.478127394231
0.439999441932
1.0
0.478127394231
0.439999441932
1.0
0.477515936219
0.438409002322
1.0
0.477299518157
0.438291319032
1.0
0.476764244279
0.438123579908
1.0
0.476584436817
0.438409757935
1.0
0.476107856767
0.437494453484
1.0
0.475743801309
0.43762716165
1.0
0.475182473717
0.43641007782
1.0
0.474802132711
0.435996806526
1.0
0.474802132711
0.435996806526
1.0
0.474383520665
0.435712637022
1.0
0.47394410643
0.435960076853
1.0
0.473748390521
0.435414079838
1.0
0.473570420047
0.435762671586
1.0
0.473390207096
0.434955841855
1.0
0.473141099695
0.434812186996
1.0
0.473141099695
0.434812186996
1.0
0.472656648867
0.433882096442
1.0
0.472233864674
0.433684394847
1.0
0.471727791694
0.432927091361
1.0
0.471415071475
0.433216169822
1.0
0.471238642228
0.432500622831
1.0
0.47099268931
0.433107595426
1.0
0.470689074074
0.432589439141
1.0
0.470529228584
0.431952900572
1.0
0.470077502346
0.430848409611
1.0
0.469774077988
0.431263856962
1.0
0.469774077988
0.431263856962
1.0
0.469183196379
0.430579985949
1.0
0.468829951109
0.430316085959
1.0
0.468827374798
0.430136113045
1.0
0.468659907866
0.430317096021
1.0
0.468923143238
0.430371898741
1.0
0.468863897175
0.429890240059
1.0
0.46873786784
0.429264362073
1.0
0.468506609958
0.428815021293
1.0
0.468506609958
0.428815021293
1.0
0.468477399757
0.428233328283
1.0
0.468253325605
0.428186246278
1.0
0.468091452612
0.427822640954
1.0
0.467967409725
0.427795572045
1.0
0.468047364813
0.427571156636
1.0
0.46801385507
0.426876745414
1.0
0.467671287773
0.426064050813
1.0
0.46754194879
0.426288974053
1.0
0.46754194879
0.426288974053
1.0
0.467458240164
0.424805960968
1.0
0.467423436014
0.424644485601
1.0
0.467430167133
0.424263244666
1.0
0.467317744238
0.423886101286
1.0
0.467292676547
0.42271817606
1.0
0.467303294876
0.421404090954
1.0
0.467520245335
0.421180707163
1.0
0.46762208443
0.420124289157
1.0
0.46762208443
0.420124289157
1.0
0.467510443658
0.419664594959
1.0
0.467551458456
0.418575707182
1.0
0.467621230659
0.417681027787
1.0
0.467682139182
0.41724928363
1.0
0.467627589099
0.415994850174
1.0
0.467567759641
0.414898373694
1.0
0.467667782378
0.414436113269
1.0
0.467667782378
0.414436113269
1.0
0.467674420614
0.412810831811
1.0
0.467999926055
0.412799417474
1.0
0.468113296398
0.412186731385
1.0
0.46835357058
0.411689342191
1.0
0.468518585597
0.410477532966
1.0
0.468234983087
0.409669914465
1.0
0.468199555104
0.408838910174
1.0
0.468359810904
0.409081909973
1.0
0.468580005187
0.407695471106
1.0
0.468580005187
0.407695471106
1.0
0.468981790157
0.407271960608
1.0
0.468998899523
0.406674062511
1.0
0.469065073284
0.406040412186
1.0
0.469180953698
0.405071538655
1.0
0.469281299312
0.404554093814
1.0
0.469348221677
0.403620207399
1.0
0.469528515166
0.403248923557
1.0
0.469878511022
0.401856191247
1.0
0.469878511022
0.401856191247
1.0
0.470066698546
0.401650091884
1.0
0.470094547052
0.401005044804
1.0
0.470617044031
0.402192344218
1.0
0.470864137195
0.401364137291
1.0
0.470764138046
0.400147225266
1.0
0.470909741011
0.399475379606
1.0
0.471238894638
0.399826542932
1.0
0.471238894638
0.399826542932
1.0
0.471545620979
0.398765159329
1.0
0.472098775168
0.399491818779
1.0
0.4724170496
0.398740847501
1.0
0.472555738491
0.39808414177
1.0
0.472654852427
0.397494390166
1.0
0.472989536511
0.397816591294
1.0
0.473299514684
0.396950180688
1.0
0.473626493649
0.397415071403
1.0
0.473806854959
0.396822182828
1.0
0.473806854959
0.396822182828
1.0
0.473967598615
0.39657343219
1.0
0.474215242246
0.395725755862
1.0
0.474004525129
0.39528348424
1.0
0.474174977159
0.394381174655
1.0
0.474576988927
0.395093198171
1.0
0.474978699567
0.394028898721
1.0
0.475106423567
0.393981843805
1.0
0.475106423567
0.393981843805
1.0
0.47527917204
0.393285431122
1.0
0.475622689982
0.392546264779
1.0
0.475807979867
0.391805995953
1.0
0.475976852685
0.391449616157
1.0
0.476173432517
0.390247545539
1.0
0.476150339935
0.38956796753
1.0
0.476182617173
0.389072309376
1.0
0.476557054058
0.388785599463
1.0
0.476680209638
0.388104618512
1.0
0.476680209638
0.388104618512
1.0
0.476947688478
0.388319856965
1.0
0.476997585707
0.387556150183
1.0
0.477036339805
0.387932121007
1.0
0.477397601806
0.386898338366
1.0
0.477711816261
0.386969974643
1.0
0.477775993037
0.386166080003
1.0
0.477941450451
0.386365960118
1.0
0.477980796845
0.385711709619
1.0
0.477980796845
0.385711709619
1.0
0.478289524637
0.38646079971
1.0
0.478490415447
0.386305110403
1.0
0.47874170705
0.386917246245
1.0
0.478783147945
0.386772903392
1.0
0.478769609415
0.387104317254
1.0
0.478870862036
0.387398228586
1.0
0.478870862036
0.387398228586
1.0
0.478790990079
0.387737154959
1.0
0.479115532298
0.387493359107
1.0
0.47960286209
0.389207903404
1.0
0.479845167955
0.389308131554
1.0
0.48000186336
0.390163302563
1.0
0.480041681558
0.390474241669
1.0
0.48059832515
0.392069324534
1.0
0.480924747337
0.392358416019
1.0
0.481189091044
0.393183357817
1.0
0.481676041852
0.393416262569
1.0
0.481676041852
0.393416262569
1.0
0.482166171217
0.394575935477
1.0
0.482519574414
0.394989382868
1.0
0.483179876975
0.396907608254
1.0
0.483820282456
0.397473739844
1.0
0.484383025284
0.398888234619
1.0
0.48482027468
0.39920828503
1.0
0.485550245221
0.401152466382
1.0
0.485550245221
0.401152466382
1.0
0.486337665868
0.401991474493
1.0
0.487107516526
0.40341439532
1.0
0.487900236426
0.403527758956
1.0
0.488849685159
0.405284965976
1.0
0.489736245464
0.40577820018
1.0
0.490604972763
0.406578297815
1.0
0.491443533934
0.406270294905
1.0
0.492073436361
0.406830095269
1.0
0.493054765405
0.406596965702
1.0
0.493054765405
0.406596965702
1.0
0.494187325302
0.408049717441
1.0
0.495302690412
0.407809376379
1.0
0.496151003647
0.409023594104
1.0
0.497071282591
0.408228783679
1.0
0.497753084767
0.409297997251
1.0
0.499041736736
0.408654635907
1.0
0.499954677467
0.409987284921
1.0
0.501212577922
0.408906885766
1.0
0.501212577922
0.408906885766
1.0
0.501708739296
0.409081464714
1.0
0.502609708873
0.408232270978
1.0
0.503209305173
0.408822093937
1.0
0.504422927445
0.407648851075
1.0
0.504890987142
0.407901742769
1.0
0.506052695599
0.406971885061
1.0
0.50632889174
0.407184785896
1.0
0.50632889174
0.407184785896
1.0
0.507408235302
0.40610728975
1.0
0.507607912448
0.406292694734
1.0
0.508537210533
0.405020630889
1.0
0.508944066939
0.405221737582
1.0
0.509847140507
0.403582470628
1.0
0.510041342635
0.403779706341
1.0
0.51078320658
0.403574384353
1.0
0.511251425274
0.403787719258
1.0
0.511809416864
0.402869957725
1.0
0.511809416864
0.402869957725
1.0
0.511658364383
0.402036361465
1.0
0.512575461432
0.400778365781
1.0
0.512939067937
0.400440744337
1.0
0.513393155293
0.39980581421
1.0
0.513836642124
0.400199644923
1.0
0.514461196209
0.399139540686
1.0
0.514216436218
0.39780045886
1.0
0.514216436218
0.39780045886
1.0
0.51474959178
0.397023383745
1.0
0.514932667319
0.397016251868
1.0
0.515675517053
0.395544633503
1.0
0.51634918212
0.396376533634
1.0
0.516769203805
0.39560735854
1.0
0.517120518071
0.394850269946
1.0
0.51758193903
0.393862814132
1.0
0.517952549122
0.393686267416
1.0
0.517952549122
0.393686267416
1.0
0.518668545131
0.392291600902
1.0
0.518928193121
0.392332482888
1.0
0.519553953302
0.391123902898
1.0
0.520012033554
0.391278635296
1.0
0.520747962738
0.38973582856
1.0
0.52122033258
0.389591325969
1.0
0.521840805375
0.388435217784
1.0
0.522140035241
0.387889798332
1.0
0.522512686498
0.387230465163
1.0
0.522512686498
0.387230465163
1.0
0.523221301232
0.38769633519
1.0
0.524102293289
0.385671059409
1.0
0.524698177122
0.385564902065
1.0
0.524990124825
0.384739941928
1.0
0.52519535941
0.384613502176
1.0
0.52585213691
0.38367120723
1.0
0.52585213691
0.38367120723
1.0
0.526307957709
0.383141820713
1.0
0.526921281768
0.38233162903
1.0
0.527463216098
0.382986140402
1.0
0.528037590023
0.381761432767
1.0
0.528449307201
0.381263035927
1.0
0.528915601311
0.380257051032
1.0
0.529693719696
0.379918349657
1.0
0.52982771254
0.379169900211
1.0
0.530233413084
0.379283965929
1.0
0.530639749165
0.378516601786
1.0
0.530639749165
0.378516601786
1.0
0.53127671545
0.378025790986
1.0
0.53149619349
0.376555158338
1.0
0.532123809851
0.37620448331
1.0
0.532496484692
0.375209821595
1.0
0.532998747468
0.374925362134
1.0
0.533269482656
0.374369539205
1.0
0.533959829159
0.373989128094
1.0
0.53418232735
0.373173461129
1.0
0.53418232735
0.373173461129
1.0
0.53488319371
0.373796682887
1.0
0.535291837214
0.372148335318
1.0
0.535457124557
0.371499253831
1.0
0.535631332154
0.370541669972
1.0
0.536133347781
0.369930095873
1.0
0.536343470413
0.369025083923
1.0
0.536343470413
0.369025083923
1.0
0.536808952043
0.368636697108
1.0
0.536810501367
0.367498177957
1.0
0.537498884182
0.366917140306
1.0
0.537519813188
0.366070703685
1.0
0.53819669252
0.365581335343
1.0
0.538374277833
0.364869093
1.0
0.539118964268
0.364911683208
1.0
0.539517591173
0.363637408628
1.0
0.540245625333
0.363203868834
1.0
0.540466337805
0.361544652092
1.0
0.540466337805
0.361544652092
1.0
0.541397481373
0.361541717236
1.0
0.541806350781
0.36121532904
1.0
0.542501360891
0.361492888741
1.0
0.543027476679
0.359406144569
1.0
0.542108764279
0.35857363754
1.0
0.542256219022
0.357741054599
1.0
0.538384480947
0.358099567461
1.0
0.538384480947
0.358099567461
1.0
0.538787560142
0.357165255445
0.99
0.527116084169
0.359942077835
0.99
0.527378872646
0.358646996865
0.99
0.52669531217
0.359172974272
0.605972126775
0.518647193282
0.382454959868
0.605972126775
0.514921957283
0.388592902921
0.605972126775
0.514921957283
0.388592902921
0.605972126775
0.507732801653
0.406576308206
0.605972126775
0.501562582725
0.424537813473
0.605972126775
0.499813489582
0.432571496872
1.0
0.504670173745
0.426268847385
0.99
0.50054067558
0.442804075106
0.99
0.501722088683
0.443839200294
1.0
0.50072611741
0.451017705618
1.0
0.501721681915
0.451345244682
1.0
0.501914343123
0.452579171494
1.0
0.501914343123
0.452579171494
1.0
0.503054159939
0.454190847322
1.0
0.5035600908
0.45399464297
1.0
0.504673736151
0.455010917877
1.0
0.505225823932
0.454977419973
1.0
0.506276060666
0.455655647762
1.0
0.506495847439
0.454922378618
0.97785632888
0.507233425432
0.45544777656
0.97785632888
0.507233425432
0.45544777656
0.97785632888
0.507512784032
0.455007355865
1.0
0.508342933922
0.456206974205
1.0
0.508472634829
0.455289094489
0.967101870504
0.509243723826
0.456555978362
0.967101870504
0.509583519639
0.454933158526
1.0
0.509959734101
0.455458581284
1.0
0.510215267927
0.454060560505
1.0
0.51070872807
0.454493413173
1.0
0.510850710319
0.454050344087
1.0
0.510850710319
0.454050344087
1.0
0.510963337433
0.454334845928
1.0
0.511090206827
0.454380055232
1.0
0.511368691559
0.45398477621
1.0
0.511822495521
0.453091563285
1.0
0.512052836275
0.453027085626
1.0
0.512293055272
0.453005261366
1.0
0.512293055272
0.453005261366
1.0
0.512755305703
0.452722643225
1.0
0.512797781776
0.45225905593
1.0
0.513154966837
0.453494646261
1.0
0.513446191517
0.453657602741
1.0
0.513254416684
0.453290512938
1.0
0.513441042156
0.452761947139
1.0
0.513206501883
0.452914480692
1.0
0.51328788731
0.453076113816
1.0
0.513366388301
0.45320570131
1.0
0.513366388301
0.45320570131
1.0
0.513394868115
0.453461684282
1.0
0.512916287642
0.453244674129
1.0
0.513012639031
0.452768826869
1.0
0.512936722344
0.453133395878
1.0
0.51301648131
0.4536812908
1.0
0.512726114956
0.454346503274
1.0
0.512560480506
0.454825264486
1.0
0.512311800432
0.454993818539
1.0
0.512311800432
0.454993818539
1.0
0.512127237099
0.455615063335
1.0
0.511444449372
0.456508719818
1.0
0.511385873891
0.457608872847
1.0
0.511135564885
0.457932675231
1.0
0.510896452774
0.458227308844
1.0
0.510003696919
0.458313201241
1.0
0.509786440501
0.459666544274
1.0
0.508887653506
0.459104505609
1.0
0.508887653506
0.459104505609
1.0
0.508792139927
0.459941163463
1.0
0.508748863334
0.46052657487
1.0
0.50848180533
0.461644978271
1.0
0.508274910849
0.461176644952
1.0
0.508073576367
0.461853629005
1.0
0.507812874747
0.461791989004
1.0
0.507554752268
0.462751019687
1.0
0.507007399681
0.462539776259
1.0
0.507007399681
0.462539776259
1.0
0.506940953903
0.462706640482
1.0
0.506198561881
0.462053255118
1.0
0.505879797735
0.462553256841
1.0
0.505041423175
0.461885236546
1.0
0.50473885044
0.462488155611
1.0
0.504208753095
0.462320817771
1.0
0.503926448018
0.462788584905
1.0
0.504010302728
0.463803774253
1.0
0.504010302728
0.463803774253
1.0
0.503759434591
0.464000014643
1.0
0.503105275797
0.46335183322
1.0
0.50301146624
0.464019478732
1.0
0.502442143845
0.463944419359
1.0
0.502060643822
0.464728222088
1.0
0.501554264286
0.464485963849
1.0
0.501144626781
0.465410204036
1.0
0.500060625938
0.464572599027
1.0
0.500060625938
0.464572599027
1.0
0.499840843807
0.465018790485
1.0
0.49938895844
0.464957217833
1.0
0.499145423821
0.466010529756
1.0
0.498593890615
0.465482828232
1.0
0.498249664174
0.466743088783
1.0
0.497838165719
0.466365821932
1.0
0.497763250121
0.466624603945
1.0
0.497356124065
0.466388925188
1.0
0.497356124065
0.466388925188
1.0
0.497040555867
0.466710704042
1.0
0.498216225879
0.467390040216
1.0
0.498017226883
0.467755980106
0.99
0.506263718529
0.471047217774
0.99
0.505892549461
0.471768564252
0.99
0.517670721275
0.477335960991
0.99
0.517583040131
0.477667806525
0.99
0.526279581603
0.485752353738
0.99
0.526279581603
0.485752353738
0.99
0.526147542268
0.486023783108
0.941819604893
0.528236360224
0.483797270029
0.941819604893
0.530438489505
0.479143899917
1.0
0.531287800287
0.47900726816
0.99
0.536913332142
0.467057407325
0.99
0.537092740803
0.467637782462
0.854060249365
0.538781403657
0.464218618986
0.854060249365
0.538925591802
0.464518693612
0.854060249365
0.538925591802
0.464518693612
0.99
0.549970977269
0.444034315895
0.99
0.550234244335
0.44375603285
1.0
0.551851303986
0.439610408151
1.0
0.551962086369
0.439271751117
1.0
0.552478917933
0.438292034454
1.0
0.553044264994
0.4383178646
1.0
0.552945621969
0.438228327657
1.0
0.553095429427
0.437826537782
1.0
0.553404041568
0.437668919411
1.0
0.553404041568
0.437668919411
1.0
0.553441822213
0.437353697643
1.0
0.553718980703
0.436716733982
1.0
0.553695594099
0.436268506704
1.0
0.553822880397
0.436233714628
1.0
0.553822501838
0.436545486938
1.0
0.553787853534
0.436068441492
1.0
0.553787853534
0.436068441492
1.0
0.554292370183
0.43611193913
1.0
0.554333089612
0.435919293174
0.947363534516
0.547370033158
0.426802918738
0.947363534516
0.547441444344
0.426208657448
0.947363534516
0.547557409027
0.425675936789
0.950634440452
0.554887556521
0.433861253328
0.950634440452
0.554886589173
0.432913145834
0.993144929415
0.555264779423
0.432162646412
0.993144929415
0.555264779423
0.432162646412
0.993144929415
0.555375489696
0.431934719458
1.0
0.555213282513
0.43121299338
1.0
0.555333094024
0.430732493776
1.0
0.555512019324
0.431381623535
1.0
0.555688221774
0.430726751931
1.0
0.556434043518
0.431910576231
1.0
0.556464352364
0.431649974699
1.0
0.556589500255
0.431289057552
1.0
0.556711820179
0.43106193999
1.0
0.556711820179
0.43106193999
0.953043132551
0.556748401708
0.428809490793
0.953043132551
0.556898034035
0.428553740398
0.953043132551
0.556849333019
0.428262536262
1.0
0.55687873346
0.4280388824
1.0
0.55705233854
0.427789348001
1.0
0.557667344545
0.428170861832
1.0
0.557667344545
0.428170861832
1.0
0.557937254477
0.427430854051
1.0
0.557958061267
0.427079838633
1.0
0.558195687843
0.427742339711
1.0
0.558266772853
0.426914515058
1.0
0.558429305818
0.426456979752
0.951739112383
0.558269863031
0.426011733341
0.951739112383
0.558418770755
0.425609095878
0.951739112383
0.558331048696
0.425221038399
0.951739112383
0.558331048696
0.425221038399
1.0
0.558473144468
0.425098784681
1.0
0.558502611303
0.425051257625
1.0
0.558647321907
0.424742683302
1.0
0.558736628253
0.424667344596
1.0
0.558907816753
0.424582866638
1.0
0.559002974494
0.424286602316
0.939503284812
0.558765674505
0.423958475962
0.939503284812
0.558662291903
0.424110602333
0.939503284812
0.558662291903
0.424110602333
1.0
0.558811437593
0.423959687136
1.0
0.558797754132
0.424113153097
1.0
0.558979934167
0.423885106009
1.0
0.558942543445
0.423765251892
1.0
0.558836824976
0.423689723252
1.0
0.558759383105
0.423980437565
1.0
0.558774441143
0.423952319912
1.0
0.558774441143
0.423952319912
1.0
0.558744534361
0.423856347044
1.0
0.558306131029
0.422736942909
1.0
0.558212717304
0.4227662766
1.0
0.558344899433
0.423137043425
1.0
0.558286683527
0.423524961699
1.0
0.558273939207
0.423613548463
1.0
0.558255513937
0.423443452116
1.0
0.558495008896
0.422984755347
1.0
0.558318066946
0.423718433345
1.0
0.558296688119
0.423425603435
1.0
0.558296688119
0.423425603435
1.0
0.558229975242
0.423572465768
1.0
0.558086008399
0.423646104559
1.0
0.558138544847
0.423712311406
1.0
0.557606733289
0.423466231097
1.0
0.557446784556
0.423647086223
1.0
0.556995067343
0.422165358087
1.0
0.556995067343
0.422165358087
1.0
0.556705521247
0.42343444147
1.0
0.55617575879
0.4223405895
1.0
0.555929844877
0.423326216782
1.0
0.554652567251
0.421561699506
1.0
0.554441370267
0.422104793871
1.0
0.553261340633
0.420605528678
1.0
0.552846472111
0.422178636968
1.0
0.552846472111
0.422178636968
1.0
0.552098461814
0.422350902385
1.0
0.551788812151
0.423255452324
1.0
0.551522343377
0.423759007977
1.0
0.551292917162
0.425009003497
1.0
0.550786989679
0.424825113014
1.0
0.550542993782
0.425597749866
1.0
0.550333709871
0.426333299845
1.0
0.549808159703
0.427843383201
1.0
0.54937897564
0.428146600918
1.0
0.549227883706
0.429008915938
1.0
0.549227883706
0.429008915938
1.0
0.549115878865
0.429508677075
1.0
0.548851984028
0.430354116273
1.0
0.548401473631
0.43048343334
1.0
0.548210001658
0.431974847
1.0
0.548020819887
0.432253228641
1.0
0.547564727545
0.433587844579
1.0
0.546962024645
0.432371617205
1.0
0.546962024645
0.432371617205
1.0
0.546669949607
0.433121185116
1.0
0.546196752383
0.433097541638
1.0
0.546051712789
0.433754162448
1.0
0.545102674808
0.432341708466
1.0
0.544735380936
0.433251252466
1.0
0.540248332433
0.428845646796
1.0
0.539927116203
0.429446504642
0.992767513447
0.535067446826
0.42511352529
0.992767513447
0.534714094174
0.425815151619
0.992767513447
0.534714094174
0.425815151619
0.625017606281
0.507056239077
0.398923950293
0.625017606281
0.506560276017
0.399985269192
0.625017606281
0.5036212944
0.402068129366
0.881323827865
0.521522912389
0.415769466574
0.881323827865
0.513713175111
0.421139460206
0.922190981586
0.513412375166
0.419763320326
0.922190981586
0.513412375166
0.419763320326
0.922190981586
0.506373328618
0.426536716298
0.943084228674
0.505074730305
0.423650363992
0.943084228674
0.501022261306
0.42602192906
1.0
0.500306427745
0.424205984008
1.0
0.500376257902
0.419235252752
1.0
0.499230050306
0.417557593448
1.0
0.500042567235
0.414133846119
1.0
0.500042567235
0.414133846119
1.0
0.499433981805
0.413075256617
1.0
0.500017590155
0.412343909501
1.0
0.498110837471
0.409547302767
1.0
0.49816600942
0.409587009515
1.0
0.4970931463
0.407565399952
1.0
0.497189191327
0.407383408458
1.0
0.497083154337
0.40674031131
1.0
0.497141572232
0.406358566731
1.0
0.497695205177
0.406809409362
1.0
0.497695205177
0.406809409362
1.0
0.498123879852
0.406559877727
1.0
0.498240977321
0.406421537668
1.0
0.498516141434
0.405737277977
1.0
0.498850428125
0.405727884481
1.0
0.499030323111
0.405248661558
1.0
0.499016835475
0.405391156011
1.0
0.499516813366
0.40478619436
1.0
0.499516813366
0.40478619436
1.0
0.499880255408
0.404827737875
1.0
0.499872402594
0.404583297213
1.0
0.499838574113
0.404219513735
1.0
0.499987926551
0.403972932082
1.0
0.499957930397
0.4039519667
1.0
0.500044701363
0.403753132549
1.0
0.508405833319
0.406827472934
1.0
0.508405833319
0.406827472934
1.0
0.508592979872
0.406448788969
0.99
0.520560024313
0.412829293552
0.99
0.520480415934
0.412687322361
0.99
0.53938701682
0.424906828475
0.99
0.539461030395
0.424727526103
0.99
0.555873453641
0.435110152248
0.99
0.556008405533
0.434458927965
0.99
0.569310761731
0.4428425139
0.99
0.572134386904
0.436646215175
0.99
0.583747961319
0.443562252176
0.99
0.583747961319
0.443562252176
0.99
0.591735067544
0.430685611292
0.99
0.600530073164
0.436832165487
0.99
0.61049165905
0.421594048313
0.99
0.614662707895
0.424513977202
0.99
0.623718352617
0.410817887405
0.99
0.623118460324
0.410139342043
0.99
0.631528242405
0.3961971824
0.99
0.631528242405
0.3961971824
0.99
0.630089927251
0.394867046613
0.848304107185
0.631332574101
0.393050897778
0.848304107185
0.629889292215
0.391716803457
0.851436948343
0.632385192538
0.386497367814
0.851436948343
0.631891940744
0.38700120548
0.99
0.641480667134
0.374433580674
0.99
0.640737065977
0.374643598368
1.0
0.640354128699
0.375917056249
1.0
0.640354128699
0.375917056249
1.0
0.639572370028
0.375506029385
1.0
0.639468809757
0.37613597159
1.0
0.638616857909
0.37608075618
1.0
0.638410231017
0.376736140939
1.0
0.638026333616
0.377703485233
1.0
0.637517795887
0.378810740271
1.0
0.636520030996
0.378621522038
1.0
0.636286514556
0.37932399151
1.0
0.636286514556
0.37932399151
1.0
0.635383486322
0.379375965954
1.0
0.634983514747
0.380315964069
1.0
0.634200700143
0.380592991228
1.0
0.633800877448
0.38192866472
1.0
0.632912616383
0.382534797127
1.0
0.632393079592
0.384382763943
1.0
0.631518856248
0.384695550795
1.0
0.631071523329
0.38596518599
1.0
0.631071523329
0.38596518599
1.0
0.630114222027
0.3860356456
1.0
0.629717341904
0.386898310351
1.0
0.628951064798
0.387232346505
1.0
0.628363296064
0.389914386674
1.0
0.627450224219
0.3900165695
1.0
0.627053744404
0.391336862742
1.0
0.626372988395
0.391908815979
1.0
0.625700219734
0.393634058656
1.0
0.625700219734
0.393634058656
1.0
0.624594199914
0.393319775885
1.0
0.624117370393
0.394812541902
1.0
0.623474098226
0.395052473887
1.0
0.622896611926
0.396598238639
1.0
0.621799419869
0.396292258921
1.0
0.621214090638
0.398384191738
1.0
0.62041038732
0.398204432814
1.0
0.619986688053
0.399636550438
1.0
0.619986688053
0.399636550438
1.0
0.618941445758
0.399363390519
1.0
0.618541647005
0.400308410827
1.0
0.617713626084
0.39969358196
1.0
0.617174073007
0.401489546087
1.0
0.616349360874
0.40131375712
1.0
0.615727694505
0.402589938015
1.0
0.614993340299
0.402411863895
1.0
0.614409050191
0.403602389673
1.0
0.613525594176
0.402147540846
1.0
0.613525594176
0.402147540846
1.0
0.613042297121
0.403325838555
1.0
0.61231823051
0.402792462695
1.0
0.611837711623
0.403726003502
1.0
0.611181960787
0.403182565713
1.0
0.610814502327
0.404382468348
1.0
0.609808507628
0.402955072803
1.0
0.609169970424
0.403592840154
1.0
0.609169970424
0.403592840154
1.0
0.608679391349
0.403052330554
1.0
0.608365241302
0.403395439446
1.0
0.607610157212
0.402431171623
1.0
0.607438856794
0.402831046993
1.0
0.607081139457
0.401956798251
1.0
0.606874233353
0.402130930688
1.0
0.606224452411
0.400919035748
1.0
0.60582950663
0.401107035994
1.0
0.60582950663
0.401107035994
1.0
0.60527493242
0.400024451146
1.0
0.605148576736
0.40018989244
1.0
0.604717930512
0.399609352175
1.0
0.604689778278
0.399184342695
1.0
0.604222885207
0.398261172462
1.0
0.604130854729
0.398180399071
1.0
0.60370053172
0.397650772447
1.0
0.603619353396
0.396872214814
1.0
0.603222406384
0.396286664806
1.0
0.603222406384
0.396286664806
1.0
0.603217300654
0.396053915845
1.0
0.602952545691
0.395742991113
1.0
0.602863925269
0.395269493235
1.0
0.60234367376
0.394480053426
1.0
0.602352222824
0.394480839101
1.0
0.602230517104
0.393937846641
1.0
0.602201566103
0.39341745489
1.0
0.602201566103
0.39341745489
1.0
0.601996662284
0.393113543559
1.0
0.601953814015
0.392517237326
1.0
0.601741805991
0.392174946262
1.0
0.601677298311
0.391745215644
1.0
0.600562539391
0.391639342869
1.0
0.600124061012
0.39177935391
1.0
0.597138642977
0.391815868737
1.0
0.596733536225
0.392343163853
1.0
0.596733536225
0.392343163853
1.0
0.594163180211
0.39172959521
1.0
0.593427624603
0.39216899458
0.868772040005
0.660995720812
0.265447438825
0.868772040005
0.660995720812
0.265447438825
0.868772040005
0.660084133542
0.266758464132
0.868772040005
0.655761985885
0.274535276768
0.868772040005
0.649425327288
0.288565426143
0.868772040005
0.644455519088
0.297533058617
0.868772040005
0.644455519088
0.297533058617
0.719053898616
0.243621405058
-0.117576123982
0.719053898616
0.510862304497
0.419748243999
0.719053898616
0.510862304497
0.419748243999
0.719053898616
0.510862304497
0.419748243999
0.719053898616
0.510862304497
0.419748243999
0.731869759191
0.624680088401
-0.11053808281
0.731869759191
0.626496720477
-0.112949093269
0.731869759191
0.628985160166
-0.116548275697
0.731869759191
0.630383642116
-0.118301947616
0.731869759191
0.629029182365
-0.115287990828
0.731869759191
0.629029182365
-0.115287990828
0.731869759191
0.627736097352
-0.113874217927
0.731869759191
0.630786819094
-0.118591064756
0.731869759191
0.499105010501
0.555812089192
0.798860277279
0.499487175935
0.570977609943
0.779035142946
0.503600474836
0.585068770728
0.779035142946
0.487237488519
0.419600986113
0.753853783442
0.494629182045
0.434511826541
0.624718547613
0.507427597693
0.469396814829
0.624718547613
0.507427597693
0.469396814829
0.624718547613
0.50859413042
0.467098196067
0.839894464262
0.515188745859
0.463538982653
0.858232432083
0.509426654613
0.495096693299
0.913433795929
0.508621591866
0.495716008675
0.913433795929
0.509429845405
0.499571547502
0.913433795929
0.509429845405
0.499571547502
0.868360460316
0.507517133059
0.498460969029
0.868360460316
0.508551196896
0.503560801144
0.868360460316
0.509259673493
0.504042651684
0.857171751999
0.507070230838
0.503351243433
0.857171751999
0.507798103205
0.501882314583
0.891081224728
0.507572382608
0.501831727805
0.891081224728
0.508135452594
0.500825246824
0.823120664236
0.508397207662
0.500053546613
0.823120664236
0.508793609358
0.499910027099
0.823120664236
0.508793609358
0.499910027099
0.99
0.499882671282
0.491868755781
0.99
0.500188116324
0.491272037521
1.0
0.499793977421
0.491441613143
1.0
0.500048317572
0.490974211379
1.0
0.499348677857
0.489897913358
1.0
0.499570272731
0.488993438716
1.0
0.49916483698
0.488239788667
1.0
0.499357310233
0.48748970911
1.0
0.499357310233
0.48748970911
1.0
0.498584366679
0.486102738293
1.0
0.498708224955
0.485589781821
1.0
0.498277934209
0.48537984473
1.0
0.498201822851
0.484792383227
1.0
0.497899735529
0.483811990113
1.0
0.498132311662
0.483198201385
1.0
0.497791582599
0.483110651831
1.0
0.497773519112
0.482263337715
1.0
0.497773519112
0.482263337715
1.0
0.497728482274
0.482424947392
1.0
0.49790251143
0.481958359055
1.0
0.497447551
0.481765152991
1.0
0.497500749903
0.481349613819
1.0
0.497152500863
0.480802993338
1.0
0.496940145235
0.480817448864
1.0
0.496376448843
0.480075263699
1.0
0.496376448843
0.480075263699
1.0
0.496412399391
0.479855573235
1.0
0.496158979042
0.480035475336
1.0
0.496216878788
0.479813622912
1.0
0.49598155301
0.479668370313
1.0
0.496068619803
0.479208151499
1.0
0.495869847936
0.478874206567
1.0
0.495723484052
0.47929686511
1.0
0.49531029266
0.479076397416
1.0
0.49531023012
0.477970338298
1.0
0.49531023012
0.477970338298
1.0
0.495120194475
0.477349653967
1.0
0.495213334083
0.477754791457
1.0
0.494913570183
0.477780345751
1.0
0.494837599597
0.477910351344
1.0
0.494806422206
0.477627038309
1.0
0.494730064847
0.477450959099
1.0
0.494768082015
0.477787734479
1.0
0.494699103458
0.477633330961
1.0
0.494699103458
0.477633330961
1.0
0.494509350379
0.477344806419
1.0
0.494321333525
0.477838719661
1.0
0.494344521717
0.478064967371
1.0
0.494217601031
0.478258313828
1.0
0.493804612291
0.478377480948
1.0
0.493975081424
0.478255935334
1.0
0.494044731171
0.478435703638
1.0
0.493814284484
0.478911076383
1.0
0.493814284484
0.478911076383
1.0
0.493476723889
0.479105976706
1.0
0.493454757816
0.479321533165
1.0
0.493578008671
0.479373207387
1.0
0.493389442365
0.479742924094
1.0
0.49331621116
0.48029144788
1.0
0.49331626445
0.480646270216
1.0
0.493492696786
0.481005847137
1.0
0.493337055663
0.481474454134
1.0
0.493337055663
0.481474454134
1.0
0.492875031795
0.481289795375
1.0
0.492911553148
0.481187500738
1.0
0.492952226593
0.48156699053
1.0
0.492904672301
0.481895922106
1.0
0.492858266515
0.481831621268
1.0
0.492660123645
0.48240556091
1.0
0.492562927786
0.482392635594
1.0
0.492736688939
0.482213564891
1.0
0.492736688939
0.482213564891
1.0
0.492377458257
0.482530670979
1.0
0.492276722212
0.482887977203
1.0
0.49211167677
0.482872799249
1.0
0.492072038107
0.48293868327
1.0
0.491893049683
0.482636174971
1.0
0.491838978956
0.482721135717
1.0
0.491659681275
0.482937366864
1.0
0.491659681275
0.482937366864
1.0
0.491672947003
0.482901375976
1.0
0.491633665806
0.482966543917
1.0
0.491488765669
0.483087258859
1.0
0.491430805534
0.482957889174
1.0
0.491314319948
0.483299913689
1.0
0.491139771439
0.48296398627
1.0
0.491104980337
0.483137618028
1.0
0.490869026613
0.483309325512
1.0
0.490872689012
0.483516142471
1.0
0.490872689012
0.483516142471
1.0
0.490830297236
0.483481319377
1.0
0.490781490735
0.483644833606
1.0
0.490831420453
0.4837304176
1.0
0.490648508932
0.484011597207
1.0
0.490493717252
0.48417376265
1.0
0.490599192728
0.484014781125
1.0
0.49034964905
0.48359987508
1.0
0.49034964905
0.48359987508
1.0
0.490181813419
0.483691033708
1.0
0.490227482655
0.483336055907
1.0
0.490160049426
0.483410106312
1.0
0.490098157994
0.4833050535
1.0
0.490141837042
0.483184060692
1.0
0.490150198792
0.482771390672
1.0
0.490178323041
0.482994626494
1.0
0.490274212814
0.48339636996
1.0
0.49024685254
0.48351309988
1.0
0.49024685254
0.48351309988
1.0
0.490098290054
0.48364022141
1.0
0.490071120282
0.483338712724
1.0
0.490220460527
0.483313697543
1.0
0.490209225364
0.483388795395
1.0
0.490448376339
0.48369525763
1.0
0.490391807505
0.483570818978
1.0
0.49000680733
0.483287660376
1.0
0.490089148213
0.483166042208
1.0
0.490089148213
0.483166042208
1.0
0.490223699021
0.483477713073
1.0
0.490196040729
0.483969512877
1.0
0.49021653789
0.484047216446
1.0
0.490278206325
0.484002662157
1.0
0.490374625109
0.48419716892
1.0
0.490416779299
0.483964815529
1.0
0.490067289615
0.483821019239
1.0
0.490179721529
0.483730645291
1.0
0.490179721529
0.483730645291
1.0
0.490316302958
0.483988413058
1.0
0.490350559936
0.484219443111
1.0
0.490623236583
0.485140522506
1.0
0.490644661141
0.485316590265
1.0
0.49052942335
0.484908276936
1.0
0.490646699961
0.484744509371
1.0
0.490930068205
0.485144863216
1.0
0.49104473502
0.484857358577
1.0
0.49104473502
0.484857358577
1.0
0.491102463236
0.484861857378
1.0
0.491109933122
0.48509329747
1.0
0.491214962636
0.485526669929
1.0
0.491267917085
0.485384185801
1.0
0.491552100715
0.48557144826
1.0
0.491613856638
0.485911195011
1.0
0.491354754008
0.486001182772
1.0
0.491401314389
0.486002463978
1.0
0.491401314389
0.486002463978
1.0
0.491540411412
0.486086262104
1.0
0.491502815179
0.486627828206
1.0
0.491470997235
0.486819126369
1.0
0.491780599851
0.486700189887
1.0
0.492033316436
0.48695948492
1.0
0.492002932157
0.487175233121
1.0
0.49206328324
0.487015166665
1.0
0.492172701916
0.486926408858
1.0
0.492172701916
0.486926408858
1.0
0.492096310295
0.487005445208
1.0
0.492091884651
0.487304077001
1.0
0.491804986446
0.487803903814
