1.0
0.573493484756
0.324061064981
1.0
0.573208956806
0.324766807406
0.99
0.557822127146
0.302881250267
0.99
0.558073345317
0.302064440271
0.99
0.511429301961
0.259437552147
0.99
0.511429301961
0.259437552147
0.99
0.511078603402
0.260166425338
0.99
0.509261100731
0.259659198409
0.99
0.481433485122
0.236286819187
0.99
0.472597316409
0.237818706302
0.99
0.445395513933
0.215910451542
0.99
0.433837100548
0.230492315136
0.99
0.414098306979
0.212496409623
0.99
0.414098306979
0.212496409623
0.99
0.399838009068
0.2337638239
0.99
0.394186963042
0.230630814064
0.99
0.381924602296
0.247855673397
0.99
0.380586942743
0.245747896011
