1.0
0.479842889326
0.551221600044
1.0
0.479903815574
0.551258310018
1.0
0.480019956857
0.551842323207
1.0
0.480261429795
0.551674332559
1.0
0.480261429795
0.551674332559
1.0
0.48004278673
0.551365403424
1.0
0.480012332284
0.551473002918
1.0
0.480204668853
0.551341379369
1.0
0.480224801522
0.551336646135
1.0
0.479995164943
0.551915997915
1.0
0.479657565168
0.551704393715
1.0
0.479860568745
0.551254045346
1.0
0.479962029425
0.551475697637
1.0
0.479962029425
0.551475697637
1.0
0.47975694188
0.551953860845
1.0
0.479793190835
0.552645880969
1.0
0.479975240673
0.552870784559
1.0
0.480119058183
0.552327051983
1.0
0.480241754744
0.552043042752
1.0
0.480260554784
0.551961154554
1.0
0.479803505977
0.551539778493
1.0
0.479916104811
0.551773200996
1.0
0.479916104811
0.551773200996
1.0
0.480320973766
0.552258369824
1.0
0.480212413206
0.552124482776
1.0
0.480324292882
0.5520987755
1.0
0.480178226924
0.552078007553
1.0
0.480103816384
0.552136235997
1.0
0.480344574618
0.552404528485
1.0
0.480436988323
0.552155983892
1.0
0.4800716903
0.551903507124
1.0
0.4800716903
0.551903507124
1.0
0.479921847936
0.55228817288
1.0
0.479668836937
0.552839688258
1.0
0.479634961885
0.553091070513
1.0
0.479967611158
0.55250083927
1.0
0.479881428615
0.552733511202
1.0
0.479881688846
0.552716251799
1.0
0.479814690948
0.551783903285
1.0
0.480020521309
0.55190853945
1.0
0.480020521309
0.55190853945
1.0
0.480177309429
0.55212741807
1.0
0.480173757621
0.552244343965
1.0
0.48027972125
0.552701582144
1.0
0.480263014201
0.552636417715
1.0
0.480178821017
0.55247877849
1.0
0.480196336898
0.552739060123
1.0
0.48015444576
0.553090888424
1.0
0.480088164233
0.552773621386
1.0
0.480088164233
0.552773621386
1.0
0.480129717548
0.552698925324
1.0
0.480197801677
0.553214375073
1.0
0.480134657347
0.552980682909
1.0
0.480038136065
0.552586167228
1.0
0.480114365255
0.552726357346
1.0
0.480154601217
0.552638074232
1.0
0.480050444068
0.552751921235
1.0
0.480197375781
0.552570507605
1.0
0.480197375781
0.552570507605
1.0
0.480363196476
0.552555821466
1.0
0.480335861642
0.552899479657
1.0
0.48018751383
0.553375034785
1.0
0.48025711829
0.553490451069
1.0
0.480417324519
0.552909534119
1.0
0.480324535193
0.552537643061
1.0
0.480171384209
0.55259973383
1.0
0.479979386596
0.55264069675
1.0
0.479979386596
0.55264069675
1.0
0.480165733327
0.552607868116
1.0
0.480383290913
0.553148572218
1.0
0.48041488078
0.553094935157
1.0
0.480495469683
0.552504016683
1.0
0.480685309978
0.552420685483
1.0
0.48070966077
0.552828503407
1.0
0.480461471444
0.553043642553
1.0
0.480584041372
0.552643356094
1.0
0.480584041372
0.552643356094
1.0
0.480709896837
0.552746292674
1.0
0.480710738918
0.553007783905
1.0
0.480621543175
0.552449705886
1.0
0.480675063064
0.552728715616
1.0
0.480937205489
0.553049166825
1.0
0.481125953506
0.553028390978
1.0
0.48090664039
0.553344654991
1.0
0.480422029788
0.552985552096
1.0
0.480422029788
0.552985552096
1.0
0.480325523935
0.553107875041
1.0
0.480407369771
0.553770154578
1.0
0.480541124559
0.553630602021
1.0
0.480502774307
0.55330976731
1.0
0.480635998797
0.553552887876
1.0
0.480799192119
0.553738575774
1.0
0.480582066215
0.554195739814
1.0
0.480550585441
0.554189426667
1.0
0.480550585441
0.554189426667
1.0
0.480526413253
0.554158151119
1.0
0.480504578331
0.554949891734
1.0
0.480598196819
0.555176210834
1.0
0.480546699062
0.555312525518
1.0
0.480504905839
0.555883488608
1.0
0.480374671821
0.555993807629
1.0
0.480127317562
0.556750860259
1.0
0.479866234769
0.556742971017
1.0
0.479866234769
0.556742971017
1.0
0.479838804609
0.55666505377
1.0
0.479613703113
0.556553276705
1.0
0.479637444591
0.557167175922
1.0
0.479787844704
0.558343073969
1.0
0.479748274518
0.558821503092
1.0
0.479799785363
0.559917341615
1.0
0.479756847617
0.5600615887
1.0
0.479741249485
0.559101642309
1.0
0.479741249485
0.559101642309
1.0
0.47975080332
0.559481625147
1.0
0.479645743623
0.559994920917
1.0
0.479680065638
0.560056293638
1.0
0.479524509578
0.560384999811
1.0
0.479509797951
0.561633717964
1.0
0.479270301398
0.562255558638
1.0
0.479050446425
0.563315517671
1.0
0.478952672139
0.563921581057
1.0
0.478952672139
0.563921581057
1.0
0.479086944641
0.563899491684
1.0
0.478558285732
0.564553009699
1.0
0.478534588868
0.565229700023
1.0
0.478142370157
0.565703131336
1.0
0.478006945878
0.566642333053
1.0
0.477395259627
0.567005489557
1.0
0.477276243515
0.567975185722
1.0
0.477276243515
0.567975185722
1.0
0.477750028478
0.569625284866
1.0
0.477734472174
0.570592212225
1.0
0.477731865202
0.571203074792
1.0
0.477649351752
0.572298077683
1.0
0.477202149814
0.573409369791
1.0
0.47737733146
0.574367331176
1.0
0.477015266045
0.575109389179
1.0
0.476865146029
0.576557351152
1.0
0.476880631781
0.577808989702
1.0
0.476880631781
0.577808989702
1.0
0.476817275883
0.579539959762
1.0
0.47659031218
0.580274086104
1.0
0.476805541061
0.581586722098
1.0
0.476562582682
0.581915083745
1.0
0.476601362614
0.582474546533
1.0
0.476716213523
0.583681848235
1.0
0.47687005615
0.584689499138
1.0
0.476516109108
0.584487896807
1.0
0.476516109108
0.584487896807
1.0
0.476576836281
0.585521209777
1.0
0.476309595665
0.585531828247
1.0
0.476389637602
0.586424247693
1.0
0.476000040864
0.585952305392
1.0
0.47606063509
0.586612938735
1.0
0.475633402079
0.586055565094
1.0
0.47589161857
0.585503572469
1.0
0.475369162076
0.584578180704
1.0
0.475369162076
0.584578180704
1.0
0.475499901205
0.584375488637
1.0
0.473018355898
0.581284720146
1.0
0.473025606739
0.580925120739
1.0
0.468181532121
0.576784464107
1.0
0.468331393946
0.576306723422
1.0
0.46513518631
0.572725827733
1.0
0.464452546548
0.572174492524
0.902263848853
0.459834135017
0.567242483104
0.902263848853
0.459834135017
0.567242483104
0.902263848853
0.456960137801
0.567627188539
1.0
0.452244631055
0.563740840735
1.0
0.447934561274
0.566143658775
1.0
0.444891270845
0.565048967796
1.0
0.442793653686
0.566210967275
1.0
0.441673375897
0.566317821515
1.0
0.441398704147
0.566876921642
1.0
0.440562838281
0.5667813138
1.0
0.440562838281
0.5667813138
1.0
0.440380129381
0.567712063987
1.0
0.439680900774
0.568543935218
1.0
0.439646051022
0.569297745908
1.0
0.439854688807
0.569969073102
1.0
0.439644382419
0.570835618497
1.0
0.438850548323
0.570905681576
1.0
0.438401738077
0.571891106784
1.0
0.437773780059
0.571785173939
1.0
0.437773780059
0.571785173939
1.0
0.437543015132
0.572690861974
1.0
0.436858878593
0.573001076224
1.0
0.436741409474
0.573747931048
1.0
0.436291337941
0.573832247508
1.0
0.436064342282
0.574376240106
1.0
0.435766435578
0.574293445809
1.0
0.43581437275
0.574778222808
1.0
0.435814523629
0.574459581854
1.0
0.435814523629
0.574459581854
1.0
0.435750046372
0.574770040289
1.0
0.435435010416
0.57459370399
1.0
0.435539904426
0.575113265069
1.0
0.435343845858
0.575132186086
1.0
0.435225183921
0.574502430169
1.0
0.435708576994
0.57473343724
1.0
0.435841788732
0.574713502684
1.0
0.43568162102
0.57303233182
1.0
0.43568162102
0.57303233182
1.0
0.435865881001
0.572225810239
1.0
0.435848783043
0.571752370931
1.0
0.436040097361
0.57153877361
1.0
0.436211054257
0.571154918196
1.0
0.436337689807
0.570548303924
1.0
0.436497058989
0.570181543753
1.0
0.436902387901
0.569217218548
1.0
0.436834467592
0.568173896527
1.0
0.436834467592
0.568173896527
1.0
0.437169143464
0.567223562324
1.0
0.437468500502
0.565958629903
1.0
0.437588001255
0.564881644608
1.0
0.437841143637
0.563724807493
1.0
0.438011028854
0.563230793092
1.0
0.438464781273
0.562872509936
1.0
0.438697085629
0.561951794318
1.0
0.439133524689
0.561015913555
1.0
0.439133524689
0.561015913555
1.0
0.439325431253
0.559641378561
1.0
0.439623645573
0.558510277804
1.0
0.439974573118
0.557367009723
1.0
0.440551152243
0.556028430766
1.0
0.440910608803
0.554252803599
1.0
0.441041127386
0.553300882886
1.0
0.441286829931
0.551816283695
1.0
0.441809973417
0.550311562572
1.0
0.441809973417
0.550311562572
1.0
0.442212433642
0.548485156212
1.0
0.442711995629
0.547790576567
1.0
0.443306532524
0.546556771801
1.0
0.443617202375
0.545192050618
1.0
0.443772265779
0.54305417917
1.0
0.444156180625
0.542211565165
1.0
0.444699083552
0.539886337838
1.0
0.445380370068
0.538641191172
1.0
0.445380370068
0.538641191172
1.0
0.445416233745
0.537507418247
1.0
0.446620267766
0.537587199901
1.0
0.446997780991
0.53579180551
1.0
0.447618036613
0.535231480509
1.0
0.447977783664
0.533351185031
1.0
0.448515187192
0.532610879894
1.0
0.449186188992
0.531252551807
1.0
0.450151387424
0.531263918618
1.0
0.450151387424
0.531263918618
1.0
0.450736946652
0.529715975776
1.0
0.451911820259
0.529094323624
1.0
0.452379844619
0.527069105281
1.0
0.453452231012
0.526616168642
1.0
0.453712937789
0.525134800911
1.0
0.454633562639
0.525180471178
1.0
0.455228651118
0.523769158584
1.0
0.456468343221
0.523577975206
1.0
0.456468343221
0.523577975206
1.0
0.457069943622
0.522254927539
1.0
0.458142219373
0.5224620862
1.0
0.45869519091
0.520316547033
1.0
0.459364016431
0.520425224204
1.0
0.459952672589
0.518920226404
1.0
0.46115136056
0.519390109743
1.0
0.461545972442
0.518317497132
1.0
0.462358887202
0.518235964135
1.0
0.462358887202
0.518235964135
1.0
0.463116713324
0.516670833602
1.0
0.463485553593
0.516490646071
1.0
0.463955989115
0.515863419189
1.0
0.464845951006
0.516131419172
1.0
0.465308939335
0.51457944233
1.0
0.465829649592
0.513856185127
1.0
0.466356890239
0.512749587059
1.0
0.466830199806
0.512914075159
1.0
0.466830199806
0.512914075159
1.0
0.467183365604
0.511953921211
1.0
0.467591746892
0.511704584011
1.0
0.46783191348
0.5112971842
1.0
0.468022505421
0.510928676973
1.0
0.468396629875
0.509908362727
1.0
0.468797715191
0.509507738248
1.0
0.468974400459
0.508742829441
1.0
0.469369687413
0.508814236309
1.0
0.469369687413
0.508814236309
1.0
0.469519362436
0.508233549411
1.0
0.469206178082
0.507083161885
1.0
0.469397922234
0.506016204152
1.0
0.470158518328
0.506031501659
1.0
0.470416374233
0.50574031408
1.0
0.470564015849
0.504955065994
1.0
0.470531123384
0.504150262426
1.0
0.470788046282
0.503775122092
1.0
0.470788046282
0.503775122092
1.0
0.471039839983
0.502877878398
1.0
0.471128125216
0.502158740004
1.0
0.471372330047
0.50090107388
1.0
0.47190133164
0.500520138715
1.0
0.471784515918
0.499836121624
1.0
0.472294651283
0.499268885708
1.0
0.472469600356
0.498748213555
1.0
0.472635571431
0.498145560584
1.0
0.472635571431
0.498145560584
1.0
0.472657748046
0.49749343333
1.0
0.472982393803
0.496421986459
1.0
0.473260157751
0.495148908681
1.0
0.473741515105
0.495384190246
1.0
0.473858051976
0.495068010027
1.0
0.474397177529
0.49393860389
1.0
0.474582238004
0.492943179662
1.0
0.475053843726
0.491908298522
1.0
0.475053843726
0.491908298522
1.0
0.475183877209
0.490322169228
1.0
0.475649926407
0.489616986289
1.0
0.475818352749
0.48877109068
1.0
0.47644518103
0.488287559794
1.0
0.476832225057
0.487058399723
1.0
0.477473088097
0.486377888085
1.0
0.477473088097
0.486377888085
1.0
0.477697860482
0.48481544694
1.0
0.477631590961
0.483612399932
1.0
0.477883918513
0.482665392967
1.0
0.47871430793
0.481313113085
1.0
0.479055706743
0.479739566962
1.0
0.48005679017
0.478782326897
1.0
0.480540147417
0.476546266851
1.0
0.48141013179
0.475163542817
1.0
0.481702415008
0.473371639451
1.0
0.482515899453
0.472109027461
1.0
0.482515899453
0.472109027461
1.0
0.482927673731
0.470349622102
1.0
0.483668606698
0.468530125227
1.0
0.484122019074
0.465624890007
1.0
0.484541901309
0.463953215133
1.0
0.485067220034
0.461773001427
1.0
0.485887229251
0.460476755499
1.0
0.486376868923
0.457913693128
1.0
0.486505761628
0.456360265501
1.0
0.486505761628
0.456360265501
1.0
0.486984028231
0.45439740162
1.0
0.488524974642
0.454036156366
1.0
0.488933456975
0.451709473183
1.0
0.489839481811
0.450574388202
1.0
0.490252138887
0.448666517448
1.0
0.491571382719
0.448100090207
1.0
0.492020316436
0.446515322809
1.0
0.492877180474
0.445908512846
1.0
0.492877180474
0.445908512846
1.0
0.493239046394
0.444152903297
1.0
0.494245333697
0.442964009516
1.0
0.494901014789
0.440810170786
1.0
0.495904874545
0.439286249758
1.0
0.496479540507
0.437446841029
1.0
0.496996643897
0.435566930966
1.0
0.49742185167
0.433026938368
1.0
0.497897384147
0.431381992049
1.0
0.497897384147
0.431381992049
1.0
0.498620826199
0.428293335667
1.0
0.499158981752
0.425940216422
1.0
0.499953360912
0.423253757348
