1.0
0.492014234705
0.953204026116
1.0
0.491786402438
0.952855767923
1.0
0.491068504052
0.952216669789
1.0
0.490918684705
0.952981133507
1.0
0.491962219069
0.953297525728
1.0
0.491759318858
0.952390331109
1.0
0.491003694609
0.952014600168
1.0
0.490867441093
0.951901079073
1.0
0.490867441093
0.951901079073
1.0
0.491070614406
0.952225317391
1.0
0.491125371382
0.952049001512
1.0
0.491783657839
0.951698405426
1.0
0.491595003447
0.951643125335
1.0
0.492648465446
0.951658161893
1.0
0.492483121158
0.951016745343
1.0
0.494173956794
0.951324087434
1.0
0.494624058122
0.950957289794
1.0
0.494853504425
0.947486578778
1.0
0.494853504425
0.947486578778
1.0
0.49465169018
0.946972536676
1.0
0.491562050856
0.935908730926
1.0
0.490977392303
0.935608725117
0.882481226164
0.446566632424
0.883915866464
0.882481226164
0.446202052223
0.883242059568
0.826334045551
0.449378609021
0.875659269746
0.826334045551
0.447660767381
0.874432976607
0.826334045551
0.447660767381
0.874432976607
0.825367823971
0.0467679719933
0.322010849925
0.825367823971
0.0511786999826
0.316016814623
0.825367823971
0.0511786999826
0.316016814623
0.825367823971
0.0585980750298
0.303470647599
0.825367823971
0.074553926539
0.253828458628
0.825367823971
0.0739947046195
0.26490189592
0.825367823971
0.159413105774
-0.146773766405
0.825367823971
0.159413105774
-0.146773766405
0.837043584865
0.413469196569
0.0586707731565
0.837043584865
0.413469196569
0.0586707731565
0.886560057027
0.371799136256
0.290024995042
0.886560057027
0.366065909856
0.309323869939
0.956680707899
0.364592397129
0.311412018179
0.921420360219
0.365545011012
0.306640303894
0.921420360219
0.36521493077
0.306935717475
0.949864714133
0.36526410809
0.307915311731
0.902234089932
0.367632419327
0.31146831314
0.807793929783
0.367687209754
0.314152835935
0.807793929783
0.370568016272
0.315926502361
0.856280853417
0.370803406317
0.316296918883
0.856280853417
0.370803406317
0.316296918883
0.856280853417
0.373033267079
0.320065354266
0.889268782536
0.373215541574
0.322458558296
0.889268782536
0.374322600909
0.323733030851
0.96404219525
0.375484834793
0.298357135626
0.977302726817
0.377827574957
0.302127609109
0.977302726817
0.377697514794
0.303795633995
0.952594235669
0.378733757553
0.305594169202
0.952594235669
0.379166371545
0.304604551083
0.952594235669
0.379166371545
0.304604551083
1.0
0.380983818234
0.305975008987
1.0
0.381042501982
0.307075349929
1.0
0.382621204235
0.308889896826
1.0
0.382820376004
0.30830895072
0.974750964594
0.383813710894
0.309770539201
0.974750964594
0.3843262568
0.308396364479
0.956947227355
0.385635944848
0.308614640591
0.956947227355
0.385847256933
0.308568135535
0.956947227355
0.385847256933
0.308568135535
0.9431072002
0.388310538068
0.310084395823
0.9431072002
0.388690016836
0.307790170212
1.0
0.390333178544
0.308215900028
1.0
0.390717578898
0.30703386041
1.0
0.392766902773
0.308792137318
1.0
0.393137792519
0.307404954664
0.974762234932
0.394651865956
0.308468468937
0.974762234932
0.395141559198
0.306800282007
0.974762234932
0.395141559198
0.306800282007
1.0
0.395925979178
0.307937965875
1.0
0.396488616776
0.305810527048
1.0
0.398459912368
0.306953885107
1.0
0.398872133089
0.305369236706
0.96549182275
0.399845259791
0.306316015902
0.96549182275
0.399944140012
0.305707856414
0.96549182275
0.399944140012
0.305707856414
1.0
0.396444045174
0.301098797472
1.0
0.396893537636
0.299677706552
0.99
0.384299863423
0.276386109911
0.99
0.384854402848
0.274757992387
0.998674260129
0.377373998567
0.269052609808
0.998674260129
0.377794750879
0.268930935446
0.918785325793
0.371804801931
0.266376226004
0.918785325793
0.371809222529
0.263613994046
0.983332351093
0.367641860356
0.26209544779
0.983332351093
0.365752404369
0.260165670417
0.983332351093
0.365752404369
0.260165670417
1.0
0.36508039847
0.258948164811
1.0
0.360109864385
0.26840591706
1.0
0.360749751497
0.268023018301
1.0
0.361326442169
0.267990141568
1.0
0.360021470481
0.269769554452
1.0
0.361521831604
0.269780981758
1.0
0.361981950246
0.269306903936
1.0
0.361981950246
0.269306903936
1.0
0.36302589978
0.270362390795
1.0
0.363261938206
0.269679277713
1.0
0.365154821061
0.270935898138
1.0
0.365455039929
0.269302727664
1.0
0.367377453599
0.270905971714
1.0
0.367764073935
0.269398449503
1.0
0.368960687665
0.270519083784
1.0
0.369456395125
0.267938513037
1.0
0.369456395125
0.267938513037
1.0
0.371284992191
0.267423125036
1.0
0.371557438371
0.266232332827
1.0
0.383865905319
0.274230594431
1.0
0.38425235229
0.274160515411
0.99
0.416367056383
0.302835363807
0.99
0.416577980043
0.301695703017
0.99
0.444256247854
0.325198177998
0.99
0.445047206623
0.32435447161
0.99
0.445047206623
0.32435447161
0.99
0.472849350907
0.347803589148
0.99
0.475922713516
0.342493234429
0.99
0.496140836373
0.358262906923
0.99
0.504235760322
0.345609461797
0.99
0.511131119794
0.350445635771
0.99
0.522533965181
0.335756548981
0.99
0.525215635878
0.336624208116
0.99
0.525215635878
0.336624208116
0.99
0.536930335271
0.321716239665
0.99
0.538741605202
0.322497928092
0.99
0.5492893763
0.305072392502
0.99
0.550679450887
0.306705731978
1.0
0.551991636809
0.304952735367
1.0
0.552729884279
0.304993465156
1.0
0.555806919164
0.302783219353
1.0
0.557299166276
0.304279044879
1.0
0.558210371996
0.302411204842
1.0
0.558781608244
0.302454403812
1.0
0.558781608244
0.302454403812
1.0
0.558839740456
0.302398697826
1.0
0.559730515419
0.303038002869
1.0
0.560116494994
0.302752858856
1.0
0.561081141843
0.30395384542
1.0
0.561588905169
0.30352987779
1.0
0.562792925487
0.304008170931
1.0
0.562731833744
0.305043971654
1.0
0.562898465504
0.304909306034
1.0
0.562898465504
0.304909306034
1.0
0.563854768661
0.303141842955
1.0
0.564734770793
0.304083188496
1.0
0.565229690434
0.30265539093
1.0
0.565978958213
0.303128209875
1.0
0.566408779651
0.303028447887
1.0
0.566733825015
0.303275859582
1.0
0.566733825015
0.303275859582
1.0
0.567378070418
0.302090620589
1.0
0.568195548139
0.302563359582
1.0
0.568374624315
0.301949301936
1.0
0.5693920401
0.303070856598
1.0
0.56993354113
0.302621577735
1.0
0.569916407141
0.30246195694
1.0
0.569582916443
0.303030481551
1.0
0.570471105615
0.303963912911
1.0
0.57161911721
0.301910832316
1.0
0.572138788165
0.302361363553
1.0
0.572138788165
0.302361363553
1.0
0.57264049653
0.301314250225
1.0
0.573403632152
0.301450993028
1.0
0.573798986942
0.301177830875
1.0
0.574457610741
0.30217934525
1.0
0.574809803808
0.302038099885
1.0
0.575466565703
0.302293433579
1.0
0.57556905385
0.301992662445
1.0
0.57556905385
0.301992662445
1.0
0.57671814177
0.302679497284
1.0
0.577461166483
0.300927959562
1.0
0.577840400241
0.301549636506
1.0
0.578314665499
0.301309511651
1.0
0.580081010184
0.302561028939
1.0
0.580188403303
0.302591904301
1.0
0.586931210562
0.30891936089
1.0
0.587864309383
0.307158084922
1.0
0.587864309383
0.307158084922
1.0
0.593137411224
0.314307712554
1.0
0.593481282654
0.313521842799
1.0
0.594366105444
0.316021370513
1.0
0.59486472796
0.31505737498
1.0
0.595621361005
0.315006107676
