1.0
0.631326865513
0.673479181281
1.0
0.631268551323
0.673130193668
1.0
0.630557429055
0.675608693718
1.0
0.630662493065
0.6758809296
1.0
0.630267004398
0.676043102847
1.0
0.630407980285
0.676110232883
1.0
0.630394020768
0.675597456461
1.0
0.629872307001
0.676567769649
1.0
0.629892078151
0.676706255222
1.0
0.62981930001
0.67619686511
1.0
0.62981930001
0.67619686511
1.0
0.629767162944
0.675944309535
1.0
0.63025141174
0.67551072814
1.0
0.63019136061
0.675720940254
1.0
0.630270797197
0.675381838284
1.0
0.630116060513
0.675721395272
1.0
0.629920573677
0.675747785216
1.0
0.629920573677
0.675747785216
1.0
0.629656856693
0.675815522287
1.0
0.630380973327
0.676293651617
1.0
0.630571940277
0.676291197876
1.0
0.629961713031
0.677033854243
1.0
0.629725424634
0.67697531732
1.0
0.629658833516
0.675333022674
1.0
0.629567089926
0.675965665861
1.0
0.629988190311
0.676816199948
1.0
0.629988190311
0.676816199948
1.0
0.629543079097
0.677531135553
1.0
0.629395519019
0.677522765221
1.0
0.62957727225
0.677341090383
1.0
0.629285503409
0.67745015068
1.0
0.629198757219
0.677720619747
1.0
0.629281201567
0.677591672279
1.0
0.629151788362
0.677522177628
1.0
0.629003390051
0.677458447656
1.0
0.629003390051
0.677458447656
1.0
0.628775914277
0.678017656775
1.0
0.629405531203
0.678944772868
1.0
0.629365229095
0.678563954876
1.0
0.628664269996
0.678009029915
1.0
0.628509624568
0.67839579279
1.0
0.628675423214
0.678369445605
1.0
0.628553871141
0.678382593958
1.0
0.628517422366
0.678067379212
1.0
0.628517422366
0.678067379212
1.0
0.628333239337
0.677906900564
1.0
0.628933118275
0.67831483026
1.0
0.628410507405
0.679942755202
1.0
0.627911360227
0.680281324221
1.0
0.627879872412
0.679913871616
1.0
0.627747330609
0.679380500026
1.0
0.628114535158
0.678560767305
1.0
0.628034978928
0.679080163836
1.0
0.627490503281
0.679230280005
1.0
0.627775490545
0.67820150002
1.0
0.627775490545
0.67820150002
1.0
0.627448779353
0.679040056348
1.0
0.627412138125
0.678650552649
1.0
0.627744117989
0.678375059867
1.0
0.627827276746
0.679406411915
1.0
0.62774541452
0.679007319691
1.0
0.62736877654
0.678410502099
1.0
0.62736877654
0.678410502099
1.0
0.627239432909
0.678761486414
1.0
0.627685747826
0.67899704782
1.0
0.62770029036
0.679190579781
1.0
0.627741039381
0.679716809963
1.0
0.627743558875
0.679630540098
1.0
0.627494513674
0.680059735597
1.0
0.627214490632
0.680317012141
1.0
0.627456121095
0.67983085548
1.0
0.627456121095
0.67983085548
1.0
0.627332375076
0.680272683743
1.0
0.627407539145
0.680262141027
1.0
0.627228324531
0.679969502159
1.0
0.626975154038
0.679744374122
1.0
0.62647283289
0.680478332583
1.0
0.626254315636
0.680312102803
1.0
0.626581893516
0.679948230645
1.0
0.626203212428
0.679382956981
1.0
0.626203212428
0.679382956981
1.0
0.626126640657
0.680053427052
1.0
0.626196636657
0.680099349153
1.0
0.625983426887
0.680124564385
1.0
0.626026857773
0.680095402659
1.0
0.625737999327
0.680903374225
1.0
0.625469566751
0.680390766502
1.0
0.625288669991
0.680275515622
1.0
0.624679193159
0.680034252999
1.0
0.624679193159
0.680034252999
1.0
0.624561246106
0.680211014625
1.0
0.624519351776
0.679245203836
1.0
0.623881287864
0.679937566329
1.0
0.623525813323
0.68029197161
1.0
0.623509332145
0.680463444984
1.0
0.623491262874
0.680536529917
1.0
0.623233592855
0.680912315362
1.0
0.623181399224
0.680625870284
1.0
0.623181399224
0.680625870284
1.0
0.623149345639
0.681202554605
1.0
0.622837085318
0.681393599885
1.0
0.622552438908
0.68151221218
1.0
0.622836672495
0.68077393147
1.0
0.622657380173
0.680995642685
1.0
0.622688396496
0.681238012705
1.0
0.622707034962
0.682166836915
1.0
0.622585973186
0.682387368786
1.0
0.622585973186
0.682387368786
1.0
0.622517676792
0.681972297306
1.0
0.62317532766
0.682836073929
1.0
0.622907433238
0.683823171878
1.0
0.623177181106
0.683767174727
1.0
0.623206231476
0.68407619604
1.0
0.623019317223
0.683632710384
1.0
0.62317190656
0.683893285192
1.0
0.62345925608
0.684142484619
1.0
0.62345925608
0.684142484619
1.0
0.623545428796
0.684256201344
1.0
0.623671566058
0.684472585526
1.0
0.623580789336
0.68433871749
1.0
0.623981453026
0.684403988521
1.0
0.624001215993
0.685385203011
1.0
0.62402704181
0.685548076664
1.0
0.624033413625
0.684816192163
1.0
0.624261742468
0.684807227852
1.0
0.624261742468
0.684807227852
1.0
0.624320090929
0.685292820169
1.0
0.624490579883
0.685312997093
1.0
0.62463551932
0.685478859518
1.0
0.624918097042
0.685552858718
1.0
0.624872784007
0.685286794024
1.0
0.624919411942
0.685401282984
1.0
0.62494604308
0.685168976637
1.0
0.625134392423
0.684794924472
1.0
0.625134392423
0.684794924472
1.0
0.625034460386
0.685505929667
1.0
0.625363487483
0.686007306594
1.0
0.625415123651
0.685893950421
1.0
0.62535675605
0.685711971974
1.0
0.625229910212
0.685412335762
1.0
0.625636431435
0.686132966908
1.0
0.625689421398
0.68613095714
1.0
0.625586537006
0.685030507844
1.0
0.625586537006
0.685030507844
1.0
0.625626887516
0.685355676812
1.0
0.625617922657
0.685964065255
1.0
0.625662229982
0.686287314861
1.0
0.625951543296
0.686489360179
1.0
0.625691451174
0.685756579414
1.0
0.62574259555
0.686410743859
1.0
0.62592012477
0.686930403703
1.0
0.626918337444
0.687799380566
1.0
0.626918337444
0.687799380566
1.0
0.626393900788
0.688261447418
1.0
0.625800980227
0.688116759828
1.0
0.625995324204
0.687828914681
1.0
0.626463116807
0.68832017235
1.0
0.626495638126
0.6887089867
1.0
0.6266878465
0.689500160605
1.0
0.626317293276
0.689448669746
1.0
0.626523312011
0.689659016712
1.0
0.626523312011
0.689659016712
1.0
0.626810710023
0.690027846158
1.0
0.626990229713
0.690934790762
1.0
0.626855437303
0.691348975959
1.0
0.626564800064
0.691962832845
1.0
0.626221146217
0.693293928229
1.0
0.626704593508
0.69438103986
1.0
0.626799086366
0.694688773082
1.0
0.626319134741
0.695690410456
1.0
0.626319134741
0.695690410456
1.0
0.626082764079
0.696179154184
1.0
0.626594230859
0.697318607447
1.0
0.625970747638
0.698708646102
1.0
0.625976227788
0.699637387314
1.0
0.626317600849
0.699896194206
1.0
0.626576170425
0.700951829482
1.0
0.625901231504
0.701841746215
1.0
0.625949622513
0.701964637274
1.0
0.625949622513
0.701964637274
1.0
0.626214154823
0.702059436053
1.0
0.626573055058
0.702827598139
1.0
0.626707132345
0.703490997267
1.0
0.625838813595
0.703839645327
1.0
0.625752538483
0.704737050507
1.0
0.626776114365
0.706215893636
1.0
0.627101500731
0.705899130669
1.0
0.626882910433
0.705519090325
1.0
0.626882910433
0.705519090325
1.0
0.626504865608
0.706240683623
1.0
0.626580220601
0.706047292774
1.0
0.626242554051
0.706809389237
1.0
0.626403884565
0.707330277123
1.0
0.626725855212
0.707443908909
1.0
0.626329353107
0.707394035961
1.0
0.626595054218
0.708456621955
1.0
0.626751370465
0.709605744443
1.0
0.626751370465
0.709605744443
1.0
0.626783879246
0.710560740999
1.0
0.626753154906
0.711133460836
1.0
0.626403901594
0.71279903434
1.0
0.626765207998
0.713997979482
1.0
0.6270505932
0.714687995714
1.0
0.626836516905
0.715560569638
1.0
0.62669963596
0.716768653623
1.0
0.626645217963
0.717377610457
1.0
0.626645217963
0.717377610457
1.0
0.62621539554
0.718794176497
1.0
0.62634675499
0.720920998963
1.0
0.626561527191
0.722834869462
1.0
0.626513515151
0.723932221224
1.0
0.626317731495
0.725215996579
1.0
0.626407986324
0.726233364085
1.0
0.626246907936
0.727806291375
1.0
0.625957844432
0.728941503739
1.0
0.625957844432
0.728941503739
1.0
0.62599695272
0.730089073314
1.0
0.625924524977
0.730858250919
1.0
0.625143165172
0.73235893659
1.0
0.625348017431
0.734339154169
1.0
0.625541461988
0.735425210322
1.0
0.625765255501
0.736995052592
1.0
0.625592710107
0.738506767173
1.0
0.625079800456
0.739094845991
1.0
0.625079800456
0.739094845991
1.0
0.624762742432
0.740006454067
1.0
0.624719879977
0.740537552267
1.0
0.623985276566
0.742465144853
1.0
0.623867588013
0.743696686316
1.0
0.624289251205
0.744829061743
1.0
0.623953003936
0.74631984857
1.0
0.62369097285
0.747432008657
1.0
0.6234208001
0.747562926278
1.0
0.6234208001
0.747562926278
1.0
0.623200281434
0.749044356048
1.0
0.623197161276
0.750875501787
1.0
0.623230589722
0.75236925708
1.0
0.623340834309
0.752308398027
1.0
0.622951243153
0.753522309985
1.0
0.622373299997
0.754078925782
1.0
0.62231869369
0.754894157234
1.0
0.62231869369
0.754894157234
1.0
0.622555947878
0.756442201563
1.0
0.622311196778
0.757367384767
1.0
0.622029480739
0.758161272066
1.0
0.62184660196
0.758830200746
1.0
0.621535218945
0.759444260783
1.0
0.621566338294
0.760651402147
1.0
0.621119508808
0.761337603337
1.0
0.620702198127
0.762096370407
1.0
0.620960367236
0.762201338734
1.0
0.620960367236
0.762201338734
1.0
0.62137683871
0.762378571197
1.0
0.620784794552
0.762545991527
1.0
0.620602740685
0.763155399857
1.0
0.620698497536
0.762434154585
1.0
0.621070156
0.762634692916
1.0
0.621118566522
0.764127038258
1.0
0.621130937471
0.764242715723
1.0
0.620974974701
0.763946833463
1.0
0.620974974701
0.763946833463
1.0
0.621133547931
0.764713236227
1.0
0.620957707541
0.764423311564
1.0
0.621284037989
0.76330416361
1.0
0.621026155141
0.763478053661
1.0
0.621328276619
0.763276591832
1.0
0.621226109233
0.763065001217
1.0
0.620994528001
0.762896843397
1.0
0.620557158754
0.762893510531
1.0
0.620557158754
0.762893510531
1.0
0.620679153658
0.761984880043
1.0
0.620004265719
0.761546300491
1.0
0.619676999074
0.761536348938
1.0
0.619207032813
0.760503043257
1.0
0.619399221651
0.759840995182
1.0
0.618648568334
0.75910697459
1.0
0.618621031884
0.758464106078
1.0
0.618338071266
0.757557058748
1.0
0.618338071266
0.757557058748
1.0
0.618405589856
0.756355544342
1.0
0.617918445454
0.75474545722
1.0
0.617784490326
0.753417604252
1.0
0.617118606138
0.753090785206
1.0
0.617397488629
0.751756471488
1.0
0.616763902025
0.750224571313
1.0
0.616763902025
0.750224571313
1.0
0.616871102892
0.748951189022
1.0
0.616486168518
0.748575687646
1.0
0.616533355956
0.747694339372
1.0
0.615987702273
0.745969311976
1.0
0.616554280346
0.744985555906
1.0
0.616613358758
0.744675542443
1.0
0.616840113421
0.743930336715
1.0
0.616162089104
0.742547860761
1.0
0.616463533975
0.740800211198
1.0
0.616193547906
0.738791463449
1.0
0.616193547906
0.738791463449
1.0
0.616221667219
0.73788610144
1.0
0.616153355051
0.736863579114
1.0
0.616672773992
0.735256281131
1.0
0.616222766214
0.734158918827
1.0
0.61646602299
0.733068889902
1.0
0.615856570975
0.733008996344
1.0
0.616187163482
0.73219788985
1.0
0.616245014612
0.730934424611
1.0
0.616245014612
0.730934424611
1.0
0.61664588679
0.72966726523
1.0
0.615950235927
0.728422577885
1.0
0.616034614862
0.727547378502
1.0
0.615720306109
0.727300928617
1.0
0.615490366652
0.727154628543
1.0
0.615457789906
0.726243425513
1.0
0.615685770267
0.7245249493
1.0
0.615007135092
0.723534189765
1.0
0.615007135092
0.723534189765
1.0
0.615227361972
0.722080487154
1.0
0.614713022919
0.720961556163
1.0
0.614479708348
0.720822569702
1.0
0.614007911532
0.719598221855
1.0
0.613976748332
0.718785158543
1.0
0.613666351057
0.718552527489
1.0
0.613372007837
0.717442498805
1.0
0.612733879724
0.71684845709
1.0
0.612733879724
0.71684845709
1.0
0.612936943714
0.71584943295
1.0
0.612919869109
0.715029235876
1.0
0.612687731409
0.714356736146
1.0
0.611607617111
0.71319729082
1.0
0.61165193853
0.712052348512
1.0
0.611494535317
0.711662540355
1.0
0.610930172083
0.711171452737
1.0
0.610930172083
0.711171452737
1.0
0.610618405554
0.710316467334
1.0
0.610639798263
0.709481512184
1.0
0.610128220301
0.709183754319
1.0
0.610060052726
0.708610894296
1.0
0.609388863542
0.707419182037
1.0
0.609459192687
0.706633940144
1.0
0.609064356044
0.704975569816
1.0
0.608643030243
0.703213932842
1.0
0.608302353791
0.703110372428
1.0
0.608302353791
0.703110372428
1.0
0.60793167856
0.702412606972
1.0
0.607236069618
0.700922407502
1.0
0.607297779221
0.699454872793
1.0
0.606832958466
0.69894704809
1.0
0.606943216475
0.698153730827
1.0
0.606941472539
0.697152073816
1.0
0.606420253424
0.696200742831
1.0
0.606138104738
0.694285282429
1.0
0.606138104738
0.694285282429
1.0
0.606287031047
0.693683955177
1.0
0.605998146092
0.693867331371
1.0
0.60500177288
0.694521461327
1.0
0.604233928415
0.700929822448
1.0
0.597497121104
0.715738343619
0.99
0.595694727782
0.741823393251
0.99
0.583983114694
0.782431935821
0.99
0.582411957897
0.816621018593
0.99
0.582411957897
0.816621018593
0.99
0.575196378578
0.857011989489
0.99
0.575101309685
0.892531023189
0.99
0.570364697958
0.932551692247
0.99
0.570958856557
0.969907302913
0.99
0.567455208721
1.00484726957
0.99
0.569578739006
1.03581929422
0.99
0.565576905863
1.06585009073
0.99
0.567438579278
1.09203022561
0.99
0.567438579278
1.09203022561
0.99
0.563453634879
1.11641044583
0.99
0.565786663267
1.13307705298
0.886186187659
0.564483269334
1.13804760858
0.886186187659
0.567129234581
1.14391256938
0.99
0.566396231535
1.16494375392
0.99
0.566923414225
1.17199465869
1.0
0.567231065587
1.17671522511
1.0
0.567462656496
1.17441766242
1.0
0.567462656496
1.17441766242
1.0
0.56892576249
1.1734787685
1.0
0.568479508381
1.16989271215
1.0
0.569081970358
1.16742251687
1.0
0.568492868677
1.16549006393
1.0
0.56849606682
1.16542034462
1.0
0.567936689946
1.16473296668
1.0
0.568228730355
1.16461693534
1.0
0.568571575473
1.16442839582
1.0
0.568571575473
1.16442839582
1.0
0.569165304556
1.1644918009
1.0
0.568466143717
1.16416166425
1.0
0.568120506097
1.16340979185
1.0
0.567740870919
1.16317465281
1.0
0.568165712913
1.16281954986
1.0
0.567234894848
1.16234197565
1.0
0.567159808857
1.16221525429
1.0
0.567634325822
1.16265613636
1.0
0.567634325822
1.16265613636
1.0
0.568008667984
1.1638283547
1.0
0.567964675315
1.16317290873
1.0
0.568150822611
1.16260824601
1.0
0.567810542562
1.16226378989
1.0
0.568022765774
1.16320381303
1.0
0.567776324206
1.16382166348
1.0
0.56771908594
1.16379428703
1.0
0.567860628123
1.16338381901
1.0
0.567860628123
1.16338381901
1.0
0.568436292135
1.16354177696
1.0
0.568729542954
1.16305663242
1.0
0.568885766714
1.16368164456
1.0
0.568977924393
1.16388319769
1.0
0.568802167817
1.16394599819
1.0
0.568655204074
1.16408790663
1.0
0.568946521566
1.16413002445
1.0
0.569198992782
1.16384676324
1.0
0.569198992782
1.16384676324
1.0
0.569404996413
1.16389266922
1.0
0.569574273767
1.16403144582
1.0
0.569771440638
1.16459197317
1.0
0.570137757472
1.16504672057
1.0
0.56992154191
1.16514193458
1.0
0.570200777408
1.16474909378
1.0
0.570418505749
1.16550057199
1.0
0.570418505749
1.16550057199
1.0
0.570297469624
1.16613484033
1.0
0.570698906393
1.16593754584
1.0
0.570824478978
1.1654184622
1.0
0.570804178693
1.16593570002
1.0
0.570838117561
1.16543124986
1.0
0.570579935723
1.16538209622
1.0
0.570542667132
1.16619210792
1.0
0.570583703547
1.1660960335
1.0
0.570583703547
1.1660960335
1.0
0.570869981687
1.16612170879
1.0
0.571010930199
1.16670924416
1.0
0.571005622994
1.16614557537
1.0
0.570981448458
1.16598614295
1.0
0.570448809995
1.16641153887
1.0
0.570151527991
1.16694559356
