0.940987447518
0.510556019045
0.235322301017
0.92182167313
0.507520726952
0.230662331062
0.92182167313
0.506786542575
0.229750160465
0.974116183862
0.506157975257
0.228736011006
0.974116183862
0.503110364851
0.200631157818
0.669061982608
0.492730556623
0.174671548527
0.669061982608
0.492035649044
0.170159622272
0.688036841707
0.491646634321
0.172034734167
0.688036841707
0.491017586806
0.171217309532
0.688036841707
0.491017586806
0.171217309532
0.71328722647
0.490548782955
0.16678363415
0.71328722647
0.489775368845
0.167178323968
0.697204796594
0.489377742126
0.169082672159
0.697204796594
0.488741819655
0.171721997605
0.706126382562
0.488336086387
0.173202382568
0.706126382562
0.488336086387
0.173202382568
0.706126382562
0.488049162841
0.173411579072
0.708482178905
0.487569416397
0.169084061186
0.708482178905
0.487043955957
0.170325079694
0.703547718061
0.486635073641
0.172325752246
0.703547718061
0.486441978899
0.17293420506
0.669987203334
0.48595578261
0.168652494304
0.669987203334
0.485675044379
0.167812298582
0.668233713216
0.485256912743
0.169848580913
0.668233713216
0.485071041235
0.170957280496
0.668233713216
0.485071041235
0.170957280496
0.702889472382
0.484644758964
0.172572496577
0.702889472382
0.48381954044
0.174772157351
0.729601094962
0.483321553681
0.170595622865
0.729601094962
0.48280409159
0.171830255972
0.990945680582
0.485308068042
0.183216547575
1.0
0.485110125231
0.181848080402
1.0
0.483286215733
0.180144153356
1.0
0.483037668477
0.18006123837
1.0
0.483037668477
0.18006123837
1.0
0.479373082032
0.172043857414
1.0
0.478964080626
0.172634136655
1.0
0.478725183177
0.172670784792
1.0
0.477205031492
0.163879177133
1.0
0.476806165779
0.164363572187
1.0
0.476806165779
0.164363572187
0.986609922653
0.476492601973
0.159787523469
0.910596864317
0.476380376943
0.160714031537
0.910596864317
0.476646569759
0.159770831673
1.0
0.475839624382
0.157969305651
1.0
0.4758701005
0.157635219515
1.0
0.475353540994
0.151224111021
1.0
0.473897703826
0.147656163738
0.981497418007
0.473773512179
0.142795411066
0.981497418007
0.472678552243
0.141958286055
0.9950238247
0.472420032155
0.142158280865
0.9950238247
0.472420032155
0.142158280865
0.9950238247
0.471697886078
0.142020858847
0.984315084666
0.471158164182
0.142499475877
0.984315084666
0.470380340639
0.141798020661
0.997279162086
0.470256939615
0.140025137107
0.997279162086
0.469411406665
0.138930535922
0.95042005318
0.469461446656
0.138166135128
0.95042005318
0.469461446656
0.138166135128
0.95042005318
0.468452768828
0.13574247426
0.947198645521
0.467115117354
0.139768705049
0.947198645521
0.466435866596
0.138399214025
0.947198645521
0.464599521093
0.136778075569
1.0
0.46425573486
0.138181590986
1.0
0.462148361633
0.135966429797
0.97112711644
0.461845674262
0.135049929797
0.97112711644
0.460665240003
0.132968034245
0.92629027051
0.46045648453
0.133332550237
0.92629027051
0.46045648453
0.133332550237
0.92629027051
0.459703178036
0.132831149425
1.0
0.459302734811
0.13420415177
1.0
0.459141609248
0.135248669481
1.0
0.458788515926
0.135980144139
1.0
0.458204366098
0.134313387267
1.0
0.45799338859
0.1349300829
1.0
0.456900143693
0.135082210475
1.0
0.456392200847
0.135947753462
1.0
0.45501355399
0.135837515371
1.0
0.45501355399
0.135837515371
0.973628927119
0.454626780776
0.137455326761
0.973628927119
0.454616352383
0.137534834621
0.985725686232
0.45442637166
0.1381383185
0.985725686232
0.453713670704
0.136423555767
1.0
0.453179493939
0.138652623745
1.0
0.451706128322
0.136952292455
0.960781239307
0.451575144765
0.136632209055
0.960781239307
0.451575144765
0.136632209055
0.960781239307
0.450510951632
0.136265997427
1.0
0.449906892981
0.139454166497
1.0
0.448781626392
0.139252102683
0.98180748524
0.448959207585
0.137460117275
0.98180748524
0.447695878884
0.136846512464
0.936204715799
0.447211342811
0.139211284649
0.936204715799
0.447211342811
0.139211284649
0.936204715799
0.437542679429
0.175258987201
0.964007198285
0.43720746438
0.174740236888
0.906401507266
0.437389999385
0.172715649314
0.906401507266
0.437389999385
0.172715649314
