1.0
0.495203152066
0.590623529728
1.0
0.494830332022
0.58948150553
1.0
0.495393517882
0.588198115954
1.0
0.494404339639
0.586116733304
1.0
0.494890104088
0.584631432671
1.0
0.495573911618
0.584774043376
1.0
0.495761674519
0.583685635312
1.0
0.495761674519
0.583685635312
1.0
0.495426010988
0.582665035225
1.0
0.495655223363
0.58182650077
1.0
0.495694134286
0.580857244971
1.0
0.495892898728
0.580127864259
1.0
0.511674257926
0.535098019515
1.0
0.511761983929
0.53485803788
1.0
0.511639808832
0.534885620875
1.0
0.512113930142
0.534722901143
1.0
0.512113930142
0.534722901143
1.0
0.512413829801
0.533732689119
1.0
0.512542813419
0.532138144102
1.0
0.511709612745
0.531373237182
1.0
0.512190579972
0.530509838374
1.0
0.512708633839
0.530093002071
1.0
0.512714495814
0.530226179785
1.0
0.512677062894
0.530047166368
1.0
0.512580110565
0.53035770763
1.0
0.51233363671
0.530091494423
1.0
0.51233363671
0.530091494423
1.0
0.512439721583
0.529550700493
1.0
0.512547849313
0.52958986083
1.0
0.511551067033
0.530071771073
1.0
0.511584993721
0.530198968956
1.0
0.511425084432
0.530414985159
1.0
0.51142633526
0.529936610183
1.0
0.511544907591
0.529862677067
1.0
0.511544907591
0.529862677067
1.0
0.511527809448
0.529813857042
1.0
0.511471633522
0.529685693881
1.0
0.511106928519
0.530155544733
1.0
0.511055826758
0.530105796593
1.0
0.510884433914
0.529506064561
1.0
0.510961924729
0.529672622582
1.0
0.511392935526
0.529679789226
1.0
0.511297155007
0.529345363787
1.0
0.511212314883
0.529193969281
1.0
0.511212314883
0.529193969281
1.0
0.51123862103
0.529372840429
1.0
0.510931164445
0.529017437778
1.0
0.511074568641
0.529022116429
1.0
0.51152445107
0.529501268001
1.0
0.511399448685
0.529248573951
1.0
0.511309523866
0.528854394557
1.0
0.511254865168
0.52881840606
1.0
0.511254865168
0.52881840606
1.0
0.511042356552
0.528266470523
1.0
0.511002438956
0.527966364188
1.0
0.510367282645
0.527980354999
1.0
0.510504650802
0.527728605594
1.0
0.510832844429
0.52809796707
1.0
0.510606186836
0.528407265699
1.0
0.510345916768
0.528452063601
1.0
0.51048755094
0.52819143222
1.0
0.51048755094
0.52819143222
1.0
0.510457516963
0.527689365684
1.0
0.510304065919
0.527755948418
1.0
0.510588155741
0.528023495843
1.0
0.510463956733
0.528589366754
1.0
0.510269156105
0.52859018831
1.0
0.509851654578
0.529278350009
1.0
0.509687490906
0.529261159108
1.0
0.509800257862
0.529070619109
1.0
0.509562273607
0.528847009311
1.0
0.509562273607
0.528847009311
1.0
0.509621754287
0.528278782534
1.0
0.509535622453
0.527656838271
1.0
0.509451458444
0.528141226986
1.0
0.509243860145
0.52827671214
1.0
0.50941760908
0.528074107918
1.0
0.509517637783
0.527792985188
1.0
0.509354048524
0.527939207754
1.0
0.509354048524
0.527939207754
1.0
0.509199661513
0.527574937968
1.0
0.509440271567
0.527596528486
1.0
0.509454779404
0.528089920972
1.0
0.509275368107
0.528294324177
1.0
0.509159594091
0.527673062365
1.0
0.509012200679
0.527665657883
1.0
0.508670339174
0.527614370137
1.0
0.508819455288
0.527422908684
1.0
0.508819455288
0.527422908684
1.0
0.509125322231
0.528241499325
1.0
0.509058152699
0.528838483833
1.0
0.508828743698
0.528684354405
1.0
0.50861149165
0.528673571129
1.0
0.508691471283
0.528691545847
1.0
0.508830639836
0.528593216287
1.0
0.508527580552
0.528437058955
1.0
0.50845398345
0.528886447934
1.0
0.50845398345
0.528886447934
1.0
0.508428562657
0.528744497992
1.0
0.508289930148
0.528610588342
1.0
0.508375347346
0.528582653089
1.0
0.508489915149
0.528605751916
1.0
0.508481709774
0.528822051956
1.0
0.508558062528
0.528634858122
1.0
0.508477364581
0.528725265517
1.0
0.50848866331
0.528411315304
1.0
0.50848866331
0.528411315304
1.0
0.508647168442
0.528056772063
1.0
0.508714272125
0.528439138859
1.0
0.508833427931
0.528832744462
1.0
0.509045464608
0.528199190975
1.0
0.50890960454
0.527843323332
1.0
0.508872305893
0.528148894683
1.0
0.508899791172
0.528238681274
1.0
0.508901950743
0.528068691312
1.0
0.508870951375
0.527986613076
1.0
0.508870951375
0.527986613076
1.0
0.509204687985
0.52712629244
1.0
0.509273785594
0.526692271193
1.0
0.509834733246
0.526135127137
1.0
0.509894940928
0.526326965814
1.0
0.509778912848
0.526244641696
1.0
0.509527434152
0.525936786919
1.0
0.509421258205
0.525963553634
1.0
0.509421258205
0.525963553634
1.0
0.509518474764
0.526313447282
1.0
0.50949185677
0.526421946612
0.970354617325
0.509147899399
0.526073047953
0.970354617325
0.509308408002
0.526312756578
1.0
0.509580309635
0.526200477068
1.0
0.50961735734
0.525798032742
1.0
0.509346773887
0.525718825365
1.0
0.509595298541
0.525420021515
1.0
0.509595298541
0.525420021515
1.0
0.509748234601
0.52542121248
1.0
0.50943159775
0.525888696226
1.0
0.508777047444
0.525822214814
1.0
0.509008189414
0.526123958875
1.0
0.50926670031
0.526423168008
1.0
0.50902144267
0.526714806441
1.0
0.508965168223
0.526630940563
1.0
0.508830236471
0.526419172493
1.0
0.508830236471
0.526419172493
1.0
0.508526331806
0.525957925395
1.0
0.508490362958
0.526262946171
1.0
0.508345833824
0.526604822225
1.0
0.508267674307
0.526820371818
1.0
0.50828326856
0.527037735805
1.0
0.508225147505
0.527010526619
1.0
0.507937281148
0.527073570133
1.0
0.507874945843
0.527358266143
1.0
0.507874945843
0.527358266143
1.0
0.507932530999
0.527634658112
1.0
0.507719800221
0.528238781289
1.0
0.507689823987
0.528222289729
1.0
0.507691768318
0.528057650307
1.0
0.50730948827
0.52807358252
1.0
0.507226363922
0.528318497986
1.0
0.507406083241
0.527739342494
1.0
0.507453893188
0.527143160245
1.0
0.507453893188
0.527143160245
1.0
0.507411409122
0.527140696925
1.0
0.507213917851
0.527122296222
1.0
0.506557630437
0.527231812841
1.0
0.506806202249
0.527634086989
1.0
0.50735570983
0.527334227499
1.0
0.50735053139
0.526718730794
1.0
0.507523455273
0.527244460616
1.0
0.507656072945
0.527620101502
1.0
0.507656072945
0.527620101502
1.0
0.507711456634
0.527699213735
1.0
0.507683936985
0.527773911018
1.0
0.508041115081
0.527427794905
1.0
0.508181376685
0.527343569878
1.0
0.508028842559
0.527581735119
1.0
0.507930956923
0.527682921623
1.0
0.507849963605
0.52776847542
1.0
0.507746822792
0.528119688414
1.0
0.507746822792
0.528119688414
1.0
0.507966970187
0.528513763756
1.0
0.508088103174
0.528254026156
1.0
0.508714542275
0.528071344121
1.0
0.508878650795
0.528158044234
1.0
0.508267148384
0.528044065702
1.0
0.508194548236
0.5276878217
1.0
0.508365820375
0.527397213492
1.0
0.508775055945
0.526392919444
1.0
0.508775055945
0.526392919444
1.0
0.508912853363
0.526571087085
1.0
0.508875336145
0.527541091699
1.0
0.509336908436
0.527800071453
1.0
0.509248458068
0.527486235209
1.0
0.509207451178
0.527649067245
1.0
0.509432216951
0.527045435459
1.0
0.509732807278
0.526664566357
1.0
0.509818036425
0.52637940598
1.0
0.509818036425
0.52637940598
1.0
0.509105216017
0.526099886895
1.0
0.509049704698
0.525883127622
1.0
0.509395637807
0.525902065756
1.0
0.509615123885
0.52536267001
1.0
0.509255850199
0.524666058455
1.0
0.509045122728
0.52483911337
1.0
0.509589430932
0.52538941295
1.0
0.509463689008
0.525709897543
1.0
0.509100904889
0.525248694015
1.0
0.509100904889
0.525248694015
1.0
0.509321293218
0.524597239496
1.0
0.509215853555
0.524413540351
1.0
0.509012914833
0.524834872138
1.0
0.508950438476
0.524897984216
1.0
0.50881329325
0.525017631329
1.0
0.509017240366
0.52526142519
1.0
0.50873550035
0.526546926165
1.0
0.50873550035
0.526546926165
1.0
0.508539671179
0.5258916237
1.0
0.508574658799
0.525289831801
