1.0
0.571833095435
1.00162449709
1.0
0.572545685383
1.00107262911
1.0
0.572880018949
1.00089425225
1.0
0.573333787016
1.00055949858
1.0
0.573530814469
0.99993157961
1.0
0.57449830652
0.9993232509
1.0
0.574893102788
0.998906684434
1.0
0.576113182735
0.998680464918
1.0
0.576113182735
0.998680464918
1.0
0.576600574407
0.99825857405
1.0
0.577048911325
0.998216740095
1.0
0.577286912211
0.998001847263
1.0
0.577924765355
0.997998401323
1.0
0.578389115259
0.998157383799
1.0
0.578924937716
0.998318370683
1.0
0.579203438574
0.99770640571
1.0
0.579203438574
0.99770640571
1.0
0.579677150802
0.997843813318
1.0
0.579909280425
0.998118376058
1.0
0.580499957072
0.99831190478
1.0
0.580753797389
0.99814591707
1.0
0.581240407146
0.998462606556
1.0
0.581233963694
0.998544265602
1.0
0.581700324151
0.999243582272
1.0
0.581929116215
0.999546656149
1.0
0.582396056573
1.00024506709
1.0
0.582396056573
1.00024506709
1.0
0.582727658938
1.00090794513
1.0
0.582976767559
1.00105803649
1.0
0.583081249043
1.0014465607
1.0
0.583248462807
1.00180960447
1.0
0.583391553212
1.00217155983
1.0
0.583646682895
1.00220850864
1.0
0.583910320136
1.00276702124
1.0
0.583910320136
1.00276702124
1.0
0.584281175193
1.00298372328
1.0
0.584466279481
1.0030294803
1.0
0.585046036911
1.00373238547
1.0
0.584971953279
1.00383832145
1.0
0.58537061555
1.00387829793
1.0
0.585449401184
1.00411447382
1.0
0.58548791936
1.00442582993
1.0
0.585484297418
1.00468830792
1.0
0.585649020071
1.00473485123
1.0
0.585649020071
1.00473485123
1.0
0.585699202943
1.0050742355
1.0
0.585906996812
1.00514692599
1.0
0.585850372031
1.0051172299
1.0
0.585784920116
1.00541203127
1.0
0.586083391317
1.0056294443
1.0
0.586311281548
1.00645259334
1.0
0.586108823216
1.00702664884
1.0
0.586089265136
1.00695672766
1.0
0.586089265136
1.00695672766
1.0
0.586187503802
1.00679909447
1.0
0.586421961045
1.00639393492
1.0
0.586437702474
1.00653489187
1.0
0.586811655209
1.00707683318
1.0
0.58663092591
1.00716209444
1.0
0.58661909464
1.00714300867
1.0
0.586686223853
1.00728173619
1.0
0.58684595486
1.00807226411
1.0
0.58684595486
1.00807226411
1.0
0.586772412694
1.00805036792
1.0
0.586553139843
1.00816431055
1.0
0.586853405382
1.00888475363
1.0
0.587426692588
1.00853856772
1.0
0.587321213752
1.00856301919
1.0
0.587165987033
1.00931677743
1.0
0.587124565917
1.00949809714
1.0
0.587340655645
1.00936243891
1.0
0.587340655645
1.00936243891
1.0
0.587430471166
1.00931342346
1.0
0.587717906044
1.00986231019
1.0
0.587752736701
1.01036590616
1.0
0.587883364169
1.01087958165
1.0
0.587897729402
1.01085692953
1.0
0.587849428458
1.01105810762
1.0
0.587858858056
1.01111324317
1.0
0.587931943754
1.01098043036
1.0
0.587931943754
1.01098043036
1.0
0.588040656055
1.01161575477
1.0
0.587363043501
1.00501711616
1.0
0.587404973713
1.00487712734
0.99
0.581003429376
0.983225373192
0.99
0.580833345948
0.983043749994
0.99
0.573898974288
0.956178252038
0.99
0.574039324707
0.951284714266
0.99
0.568316002973
0.926086491978
0.99
0.568316002973
0.926086491978
0.99
0.568692322329
0.905648760861
0.99
0.565266402138
0.878492096835
0.99
0.566500636753
0.851428887489
0.99
0.564815514021
0.825129238917
0.99
0.565337166067
0.801740838717
0.99
0.564297542106
0.778137925886
0.99
0.564703421759
0.75228494921
0.99
0.565759157967
0.736326786112
0.99
0.565759157967
0.736326786112
0.99
0.566177426737
0.714005992323
0.99
0.567848635755
0.711082929173
0.99
0.568494716957
0.690771877164
0.99
0.569978145604
0.692039588401
1.0
0.570603506711
0.681534137759
1.0
0.57140835432
0.681639572682
1.0
0.570961119311
0.680308464932
1.0
0.571334597748
0.680502073279
1.0
0.571334597748
0.680502073279
1.0
0.570624215906
0.683019719536
1.0
0.571434442059
0.683831438244
1.0
0.571173049693
0.683904033178
1.0
0.571513833041
0.684395475296
1.0
0.571516848264
0.684557632792
1.0
0.572028957887
0.68533335001
1.0
0.572067658169
0.685839379248
1.0
0.572323253074
0.686803448876
1.0
0.572323253074
0.686803448876
1.0
0.57210419649
0.686980473543
1.0
0.572263933195
0.687261188791
1.0
0.572315179531
0.68800429782
1.0
0.572874184398
0.68825739321
1.0
0.572578473652
0.688757758472
1.0
0.5728282955
0.688830722063
1.0
0.57286749851
0.689693319925
1.0
0.573158669876
0.690099839812
1.0
0.573158669876
0.690099839812
1.0
0.573092761528
0.690102461047
1.0
0.572992866141
0.689904828456
1.0
0.573213651741
0.690439016098
1.0
0.573428204016
0.690828493346
1.0
0.57325969028
0.691008591353
1.0
0.573500932718
0.691595411895
1.0
0.573500932718
0.691595411895
1.0
0.573384553051
0.691947174869
1.0
0.573555695586
0.692400299038
1.0
0.573315019831
0.692733762825
1.0
0.573318931211
0.693012232319
1.0
0.573437074001
0.693384011316
1.0
0.573002808039
0.69367897688
1.0
0.572815371457
0.694055465809
1.0
0.572684759215
0.694205994167
1.0
0.572640082844
0.694565360619
1.0
0.572449569419
0.694602718387
1.0
0.572449569419
0.694602718387
1.0
0.572417433635
0.694806162454
1.0
0.572686602094
0.695308944645
1.0
0.572563883683
0.695859160318
1.0
0.572176021082
0.69550943978
1.0
0.571915515655
0.696152782489
1.0
0.572037080382
0.6965604352
1.0
0.571872966792
0.696833336527
1.0
0.571557104716
0.696797885085
1.0
0.571557104716
0.696797885085
1.0
0.571535213885
0.69692616226
1.0
0.571676333998
0.697141623368
1.0
0.571566862788
0.697515230342
1.0
0.571506443049
0.697691797847
1.0
0.571544858674
0.697552987699
1.0
0.571628664452
0.698170428987
1.0
0.571527016344
0.698577814712
1.0
0.571470914745
0.69889193062
1.0
0.571470914745
0.69889193062
1.0
0.571382097359
0.699179149743
1.0
0.571281914554
0.699439126933
1.0
0.571126020128
0.699903564743
1.0
0.57120353252
0.700381167564
1.0
0.571092763213
0.701131160746
1.0
0.571012962104
0.701504703745
1.0
0.57104924625
0.701917192789
1.0
0.57115385992
0.702291256081
1.0
0.57115385992
0.702291256081
1.0
0.571007571118
0.702233991727
1.0
0.57156342435
0.702534808354
1.0
0.571634542745
0.702740101032
1.0
0.572122397841
0.703319274222
1.0
0.572127765807
0.703912957153
1.0
0.572259328087
0.704215944174
1.0
0.572307794906
0.704005604153
1.0
0.572511753309
0.704182493951
1.0
0.572511753309
0.704182493951
1.0
0.572683672874
0.704200620066
1.0
0.573203456267
0.704860964631
1.0
0.573242652339
0.704840970065
1.0
0.573493745302
0.705278592967
1.0
0.573620707257
0.705526360756
1.0
0.573790802207
0.705774127049
1.0
0.573586766169
0.706119540851
1.0
0.565263978087
0.701952739257
1.0
0.565263978087
0.701952739257
1.0
0.565353025847
0.702098595482
1.0
0.565792599268
0.702890433633
1.0
0.565644705555
0.703165461281
1.0
0.565871888634
0.703280064814
1.0
0.566044526756
0.70331223523
1.0
0.566390237689
0.70444146231
1.0
0.566428474069
0.704471981607
1.0
0.566814259314
0.704843361599
1.0
0.566814259314
0.704843361599
1.0
0.566901581555
0.70518519579
1.0
0.567617256093
0.705772120865
1.0
0.567728777934
0.70574885802
1.0
0.567607428082
0.706029455827
1.0
0.567552275152
0.706855290108
1.0
0.567967812701
0.707095804588
1.0
0.568409801815
0.706797846032
1.0
0.568713115353
0.70709798952
1.0
0.568713115353
0.70709798952
1.0
0.568668926851
0.707806547129
1.0
0.568712378514
0.708015554716
1.0
0.568743593039
0.707531584284
1.0
0.568864885598
0.706839272355
1.0
0.568858507719
0.707043425687
1.0
0.568706143418
0.7049176554
1.0
0.568805792155
0.705113247615
1.0
0.567301226354
0.696378193324
1.0
0.567301226354
0.696378193324
1.0
0.567321151703
0.695172887861
0.99
0.56339491076
0.672037819153
0.99
0.563373955171
0.670462012791
0.99
0.557497684843
0.654458361113
0.99
0.557620775941
0.644214204996
0.870391242819
0.551322216798
0.623515143645
0.870391242819
0.551877841163
0.602023561137
0.870391242819
0.552563045701
0.590222500261
0.870391242819
0.552563045701
0.590222500261
0.768466509643
0.552054601872
0.588446503781
0.768466509643
0.55173156601
0.583312531567
0.814697473459
0.551220117121
0.581521244853
0.814697473459
0.550064420927
0.580300556001
0.768725317744
0.549550792007
0.578499844397
0.768725317744
0.549395124117
0.578664441237
0.770383522754
0.549456072438
0.583174604439
0.770383522754
0.54903096162
0.582777803867
0.770383522754
0.54903096162
0.582777803867
0.855930912335
0.548471658966
0.580518043094
0.855930912335
0.548338003799
0.580011370269
0.879978125102
0.547823626995
0.578260965194
0.879978125102
0.547702384087
0.578606773139
0.973957923172
0.547185189055
0.576843938089
0.973957923172
0.54693483981
0.576267363862
0.702336034677
0.541613355515
0.572226833083
0.702336034677
0.541613355515
0.572226833083
0.702336034677
0.541307485006
0.572166271625
0.99
0.522229322075
0.533647038151
0.99
0.521193629525
0.532782312581
0.99
0.517718894996
0.532405978378
0.99
0.502732569559
0.511213582552
0.99
0.497764040859
0.506571243024
0.926808482572
0.495049943689
0.501473372727
0.926808482572
0.491323893003
0.496192441318
0.99
0.470918595307
0.458479325555
0.99
0.470918595307
0.458479325555
0.99
0.467133499815
0.454672745564
0.99
0.463858070351
0.451047742498
0.99
0.460134834513
0.444692684722
0.99
0.4392831145
0.404210145899
0.99
0.436116027977
0.396890880614
0.99
0.433984360339
0.391859643524
0.99
0.430615992091
0.387627225319
0.876911283421
0.427426631935
0.381176485848
0.876911283421
0.427426631935
0.381176485848
0.876911283421
0.424431467936
0.376914297672
0.907645495925
0.420682245581
0.37037368831
0.907645495925
0.418016929984
0.369546416453
0.974419442166
0.415500690279
0.361811713251
0.931676486071
0.414237925426
0.360100194521
0.931676486071
0.413875926382
0.355251879738
0.931676486071
0.413875926382
0.355251879738
0.931676486071
0.413875926382
0.355251879738
0.931676486071
0.413875926382
0.355251879738
1.0
0.415110647535
0.392449481093
0.90262897755
0.415940937693
0.386925220107
0.965585286523
0.413192035577
0.381970960556
0.965585286523
0.413192035577
0.381970960556
0.951579683219
0.415058004618
0.381563579267
0.930704223269
0.415999510772
0.379991117639
1.0
0.41348425427
0.379048099005
0.929449751947
0.414483368105
0.340334962352
0.929449751947
0.415372040219
0.342230812122
0.929449751947
0.415011820987
0.342555715998
0.929449751947
0.415011820987
0.342555715998
0.929449751947
0.414346537197
0.342484466814
0.929449751947
0.413894577348
0.342520784567
0.929449751947
0.413298898201
0.34141727025
0.929449751947
0.412416424304
0.341462094161
0.929449751947
0.413527853229
0.344414426089
0.929449751947
0.416863146616
0.348732149854
0.929449751947
0.420050541882
0.3523164956
0.929449751947
0.425095206267
0.358179324536
0.929449751947
0.429622039253
0.364564337879
0.929449751947
0.433036306521
0.369434515158
0.929449751947
0.433036306521
0.369434515158
0.939935568018
0.434243773904
0.365814400335
0.939935568018
0.46211640361
0.392579599828
0.944431918681
0.463863446387
0.392348330874
0.944431918681
0.465421060731
0.390941968733
0.944431918681
0.467419670092
0.38905423419
0.944431918681
0.469435438089
0.386725038671
0.97717106676
0.474319165179
0.392427837634
0.97717106676
0.474319165179
0.392427837634
1.0
0.476393237061
0.390449757838
1.0
0.480475220111
0.395315160815
0.975598898734
0.482404219148
0.39209079023
0.975598898734
0.479309551479
0.394611611846
1.0
0.481031326883
0.394333211461
1.0
0.481031326883
0.394333211461
0.99
0.511808211133
0.440143435294
0.99
0.510826475747
0.446798238816
0.99
0.508831155814
0.457170010216
0.99
0.508831155814
0.457170010216
0.99
0.509636489451
0.463230576611
0.99
0.5121271984
0.461143685686
0.99
0.515454262961
0.457682117293
0.99
0.518188613033
0.455468496904
1.0
0.5219849817
0.460614305161
1.0
0.52445052436
0.4586066934
1.0
0.528623896392
0.462049813189
1.0
0.530946611808
0.460357961812
1.0
0.535524532142
0.466075695742
1.0
0.537878423554
0.463912469878
1.0
0.537878423554
0.463912469878
1.0
0.542140205405
0.46800699031
1.0
0.543790457442
0.466806042185
0.665202391866
0.548663222818
0.474013355482
0.665202391866
0.550273184218
0.473020450917
0.688259258251
0.550535572176
0.477402285321
0.688259258251
0.552336884797
0.476177671035
0.744610792974
0.557594189123
0.483517494975
0.744610792974
0.558952773721
0.482778393749
0.744610792974
0.558952773721
0.482778393749
0.722490912537
0.558735053451
0.481101621336
0.722490912537
0.560053096639
0.480492634734
0.698773866849
0.565386579109
0.488431339179
0.698773866849
0.566436540775
0.488390418598
0.73761246584
0.566856679522
0.493082120601
0.73761246584
0.567855253022
0.492824551771
0.73761246584
0.567855253022
0.492824551771
0.717907804362
0.568094388341
0.491551334607
0.717907804362
0.569198543255
0.492752532406
0.636995384565
0.574563219332
0.500809594276
0.636995384565
0.575585105251
0.500889516863
0.776966688242
0.575520894979
0.499516573998
0.776966688242
0.576245131131
0.500326467944
0.90048765135
0.612248667799
0.54637271095
0.90048765135
0.612937230836
0.547240046292
0.90048765135
0.613951951117
0.547962799389
0.90048765135
0.613951951117
0.547962799389
0.631943812416
0.680577008561
0.613778074116
