1.0
0.538141994535
0.486206692839
1.0
0.538482073314
0.499593636464
1.0
0.538429866941
0.48574868929
1.0
0.538429866941
0.48574868929
1.0
0.538811680445
0.50039486506
1.0
0.538759098735
0.486473455263
1.0
0.539366929784
0.498256406109
1.0
0.539313023772
0.484152782238
1.0
0.540473891171
0.49379289469
1.0
0.540414915569
0.484687488071
0.99883914741
0.542370871251
0.487878316821
1.0
0.542300248443
0.484745247809
0.99
0.546191290853
0.460104969553
0.99
0.546191290853
0.460104969553
1.0
0.546084543201
0.479153733482
1.0
0.548272443702
0.452602654093
1.0
0.548146211285
0.476042448156
0.99
0.551524291046
0.431299881544
1.0
0.551367565395
0.47423855157
1.0
0.55147492799
0.428187004672
1.0
0.551318580943
0.47569275107
1.0
0.550835860446
0.424831095223
1.0
0.550835860446
0.424831095223
1.0
0.549885825646
0.422941758127
1.0
0.549736822448
0.477146597375
1.0
0.550093467665
0.421999617858
1.0
0.549944082782
0.477874012018
1.0
0.550652736961
0.422363175243
1.0
0.550502539442
0.481284363768
1.0
0.550494695738
0.481911489753
1.0
0.550316133768
0.475508588856
1.0
0.550363122965
0.412144736943
1.0
0.550363122965
0.412144736943
1.0
0.550307489136
0.41191555811
1.0
0.550154999583
0.461353919812
0.99
0.553018219421
0.393397353828
0.99
0.552873636773
0.421000415127
0.99
0.558816695564
0.366275379851
0.99
0.55870815322
0.363659868298
0.99
0.55870815322
0.363659868298
1.0
0.556267709735
0.348131340048
1.0
0.554745821647
0.35066040016
1.0
0.554657798245
0.334688845397
0.964622149568
0.552265047138
0.332283719076
0.964622149568
0.552050492448
0.332160749231
0.964622149568
0.551995059225
0.29984539199
1.0
0.554042635743
0.334352538202
1.0
0.553989089831
0.302341521185
1.0
0.553989089831
0.302341521185
0.996232652366
0.554648689339
0.335845314382
0.996232652366
0.554594911877
0.304350135628
1.0
0.555508272035
0.336823446809
1.0
0.555365566092
0.337361026496
1.0
0.555315774869
0.305338208484
1.0
0.554643252821
0.304916861319
1.0
0.554955639953
0.336684179636
1.0
0.554955639953
0.336684179636
1.0
0.55478102135
0.336606441756
1.0
0.554734332984
0.304668657565
1.0
0.555130939773
0.337100134489
1.0
0.555081935292
0.306377273627
1.0
0.554894327773
0.305018445485
1.0
0.555819396937
0.337005555047
1.0
0.555771109923
0.306229363378
1.0
0.555771109923
0.306229363378
0.989341458421
0.555761405172
0.338337441367
0.989341458421
0.555716578352
0.306555685999
1.0
0.555365152136
0.306451884982
1.0
0.55634005378
0.337617511098
1.0
0.558776239403
0.334112409768
1.0
0.558698371847
0.30271857602
0.997801291251
0.56093771792
0.331669136359
0.862273333411
0.562395326468
0.330197435123
1.0
0.562261440703
0.298068634805
0.986211293676
0.573672200321
0.328051922285
0.986211293676
0.573313665536
0.282046638549
0.999744864596
0.575081227982
0.327787596172
0.999744864596
0.57468839604
0.281329451776
0.932323922521
0.575689150466
0.326890519296
0.932323922521
0.575689150466
0.326890519296
0.932323922521
0.575689150466
0.326890519296
0.932323922521
0.575275843062
0.278079867074
0.999938654288
0.57694559445
0.327642648804
0.999938654288
0.576502777768
0.278026614988
0.950400414222
0.576451464453
0.278859394608
1.0
0.577443107584
0.326981710896
1.0
0.577423069453
0.326371827568
1.0
0.576975506229
0.277507188898
1.0
0.576975506229
0.277507188898
1.0
0.577047566959
0.277147312655
