0.99
0.665640917717
0.260464577472
0.971180565247
0.667973312255
0.259683807998
0.971180565247
0.670519067564
0.253942904259
1.0
0.671643283676
0.256518818189
1.0
0.672185565461
0.256385787177
1.0
0.672400641461
0.258184578141
1.0
0.672707288162
0.257832770826
1.0
0.672707288162
0.257832770826
1.0
0.673028784817
0.25997558513
1.0
0.673147269154
0.259974241269
1.0
0.672796984908
0.260532768089
1.0
0.672412893322
0.261647413246
1.0
0.672214417141
0.261460557199
1.0
0.671795819409
0.262868388274
1.0
0.671115764562
0.262795565388
1.0
0.670565773628
0.263729401853
1.0
0.669804073694
0.263509038794
1.0
0.66945534535
0.26402307615
1.0
0.66945534535
0.26402307615
1.0
0.66865210071
0.264078052804
1.0
0.668251756018
0.264841808826
1.0
0.667818551284
0.264533464715
1.0
0.667642960192
0.265373013203
1.0
0.666452354885
0.263932558905
1.0
0.665867202015
0.265516230065
1.0
0.665867202015
0.265516230065
1.0
0.665041272188
0.264867851556
1.0
0.664448610696
0.265855323752
1.0
0.662784263334
0.263547098049
1.0
0.66209179273
0.265183933385
1.0
0.661353220493
0.264587224323
1.0
0.660455440574
0.266051850976
1.0
0.658690624606
0.265196628933
1.0
0.657951901274
0.266856492487
1.0
0.656952700015
0.26503202847
1.0
0.656300949962
0.26627228258
1.0
0.656300949962
0.26627228258
1.0
0.654513202428
0.265066077087
1.0
0.653646791879
0.266526502503
1.0
0.652643987396
0.26468657211
1.0
0.651997792683
0.26649911934
1.0
0.650926323619
0.26583533721
1.0
0.650283927151
0.267308752834
1.0
0.648569637551
0.265857736064
1.0
0.648569637551
0.265857736064
1.0
0.647665373568
0.267092244559
1.0
0.646448366438
0.265748169131
1.0
0.645881531286
0.267368465579
1.0
0.644555251761
0.266128682541
1.0
0.643592858454
0.267605447655
1.0
0.642355736078
0.266445159082
1.0
0.64191705558
0.267999452975
1.0
0.64191705558
0.267999452975
1.0
0.640380589756
0.266995188786
1.0
0.639616308285
0.267969849778
1.0
0.6389870878
0.268211953884
1.0
0.638669613469
0.2694394457
1.0
0.637681229509
0.268240169036
1.0
0.637356784412
0.269114501248
1.0
0.636386345512
0.267060004202
1.0
0.636033383636
0.267917198137
1.0
0.635227230103
0.267755836879
1.0
0.635086617847
0.268547789375
1.0
0.635086617847
0.268547789375
1.0
0.63473971473
0.268948363123
1.0
0.6348827537
0.26948822192
1.0
0.634938561581
0.270361754675
1.0
0.634827061585
0.270318481896
1.0
0.634920576822
0.270288025687
1.0
0.635452805675
0.269872901646
1.0
0.635452805675
0.269872901646
1.0
0.635784542066
0.270755397914
1.0
0.635955972144
0.270316364359
1.0
0.636433543899
0.270830898905
1.0
0.636825482944
0.270358062296
1.0
0.637058745839
0.270479672521
1.0
0.637323785952
0.270129261098
1.0
0.637949060573
0.272121983771
1.0
0.638596810836
0.271096752168
1.0
0.638596810836
0.271096752168
1.0
0.639199645374
0.271080520878
1.0
0.639442054192
0.27011192767
1.0
0.64004934643
0.271083032023
1.0
0.640909815973
0.270649926121
1.0
0.641803960741
0.272591474569
1.0
0.642366724277
0.271668696798
1.0
0.643524992515
0.27348024253
1.0
0.644380534338
0.271946768034
1.0
0.644380534338
0.271946768034
1.0
0.645374589554
0.273116648202
1.0
0.646158688475
0.271346310891
1.0
0.646686770808
0.271750729479
1.0
0.64703152882
0.270945150011
1.0
0.647758291179
0.271284717436
1.0
0.649004525947
0.268658096902
1.0
0.650162551537
0.26904858183
1.0
0.650704039738
0.267807630217
1.0
0.650704039738
0.267807630217
1.0
0.651493962691
0.267601142661
1.0
0.65189185932
0.266573060437
1.0
0.65290591817
0.266974480444
1.0
0.653817149241
0.265351112553
1.0
0.654206276846
0.265135070392
1.0
0.654830557057
0.263519024288
1.0
0.655763338806
0.264574944738
1.0
0.656551424678
0.262325501806
1.0
0.657335241958
0.262304764484
1.0
0.658313457258
0.261084967074
1.0
0.658313457258
0.261084967074
1.0
0.659396821601
0.261642067259
1.0
0.660320542793
0.259469289703
1.0
0.661273302223
0.261062473761
1.0
0.662285665586
0.25923023497
1.0
0.663170172317
0.259432513455
1.0
0.664064761431
0.257844126115
1.0
0.664064761431
0.257844126115
1.0
0.665105160081
0.259229610612
1.0
0.665959607326
0.256687339895
1.0
0.666970122889
0.25674189493
1.0
0.667543125217
0.255700604423
1.0
0.667709522505
0.255484273695
1.0
0.668484719859
0.254039495071
1.0
0.66938979357
0.25453588136
1.0
0.670051626888
0.253241866877
1.0
0.670051626888
0.253241866877
1.0
0.670399462075
0.253057423801
1.0
0.670632400979
0.252483762334
1.0
0.670858926197
0.252600577
1.0
0.671353181601
0.251074651571
1.0
0.672144574946
0.251389053468
1.0
0.67261150338
0.250493228613
1.0
0.672829829781
0.250011298496
1.0
0.672884507691
0.249652705771
1.0
0.672505208773
0.249629949152
1.0
0.672505208773
0.249629949152
1.0
0.672603738332
0.248950476808
1.0
0.672757286942
0.248396791441
1.0
0.672750295863
0.248225992913
1.0
0.672297601081
0.247945287994
1.0
0.672456440969
0.248119031324
1.0
0.67259428386
0.247288199019
1.0
0.672606950548
0.246687075337
1.0
0.672606950548
0.246687075337
1.0
0.672309406946
0.246265172294
1.0
0.672394938734
0.247147053611
1.0
0.672439169042
0.24759699935
1.0
0.672043339334
0.247493400292
1.0
0.671911171588
0.247935357654
1.0
0.671647576105
0.248027579555
1.0
0.671188940492
0.249031188885
1.0
0.671125161071
0.249445896812
1.0
0.671125161071
0.249445896812
1.0
0.671033502751
0.250101799009
1.0
0.670810708917
0.251556464301
1.0
0.669951222303
0.251281330251
1.0
0.669340456734
0.252294513228
1.0
0.668963379507
0.252857979471
1.0
0.668669225726
0.253450650466
1.0
0.667728532188
0.251404174902
1.0
0.667370316607
0.252157447748
1.0
0.666958680897
0.253100346255
1.0
0.666958680897
0.253100346255
1.0
0.666727544707
0.25414735448
1.0
0.666111048659
0.2532865048
1.0
0.665615194501
0.254002432182
1.0
0.665160866127
0.253967787166
1.0
0.664874319319
0.254697852318
1.0
0.664544474728
0.25523215461
1.0
0.664253657065
0.255736121283
1.0
0.664253657065
0.255736121283
1.0
0.663910126457
0.25656372945
1.0
0.663249810658
0.257902789725
1.0
0.661940823798
0.25584936036
1.0
0.661818709898
0.255988988159
1.0
0.662172141206
0.259599430822
1.0
0.662377330074
0.263395483731
0.99
0.665530427295
0.283223357498
0.99
0.665785865021
0.289613775189
1.0
0.664539558919
0.293382485516
1.0
0.664539558919
0.293382485516
0.99
0.663733474237
0.307285429013
0.99
0.663377461652
0.309529421535
1.0
0.663185045161
0.311775664565
1.0
0.662644245565
0.314112930295
1.0
0.662778168104
0.314141033989
1.0
0.662257100588
0.314308007473
1.0
0.662304382916
0.314163579488
1.0
0.662304382916
0.314163579488
1.0
0.661895756816
0.31465401288
1.0
0.661538693664
0.315089799828
1.0
0.661763534374
0.316765835564
1.0
0.661444918545
0.317397201556
1.0
0.660888615168
0.316577215468
1.0
0.660534982399
0.316708986921
