1.0
0.646490809009
0.285881991677
0.929861172798
0.647216529392
0.286807093918
0.929861172798
0.646900295213
0.28775371764
0.939904411372
0.647477512452
0.288332372321
0.939904411372
0.647286010027
0.28942867733
0.907031682796
0.646323326892
0.291083014185
0.907031682796
0.646356070515
0.292427945754
0.939616503073
0.645734698121
0.292357493129
0.939616503073
0.645945569739
0.29299853355
1.0
0.645249665296
0.293923950453
1.0
0.645249665296
0.293923950453
1.0
0.6452104331
0.294632956231
0.941262788468
0.644872798639
0.295740729866
0.941262788468
0.644681074159
0.295981930056
0.862221471542
0.644683616228
0.297516102323
0.862221471542
0.644931086595
0.297615042827
0.88261856786
0.64544409942
0.298764638649
0.88261856786
0.645898722615
0.299974164331
0.88261856786
0.645898722615
0.299974164331
0.861778977286
0.645803212557
0.299123676746
0.861778977286
0.645529488391
0.299607322544
0.941221131393
0.644893509043
0.299549101767
0.941221131393
0.645399636825
0.300394247304
0.851552404766
0.645317306815
0.300770036966
0.851552404766
0.64553390875
0.300595419187
0.836562376301
0.645527689448
0.303593305726
0.836562376301
0.64594806107
0.30478351469
0.955715139308
0.645713943448
0.304911792838
0.955715139308
0.645713943448
0.304911792838
0.955715139308
0.646217992984
0.305617350753
0.948386160923
0.646730755966
0.305442356592
0.948386160923
0.647183830267
0.306634228227
0.997531735672
0.647774338118
0.30687647205
0.997531735672
0.648682819709
0.307381778476
0.919112333588
0.648567405442
0.310002892348
0.919112333588
0.648994303667
0.310734459867
0.919112333588
0.648994303667
0.310734459867
0.894208568234
0.64928366267
0.31170402963
0.894208568234
0.649383025772
0.311981393354
0.918433336516
0.64873502879
0.311116240978
0.918433336516
0.649201506897
0.311047399218
0.899230417049
0.650044850048
0.31259877199
0.899230417049
0.650036426532
0.312186044572
0.963170984476
0.649866796286
0.311610528679
0.963170984476
0.650323695346
0.311815291069
0.963170984476
0.650323695346
0.311815291069
0.896118342998
0.65102216522
0.31232526688
0.896118342998
0.6535151941
0.311717527836
0.943392963098
0.653203418269
0.310687565901
0.943392963098
0.660049295503
0.309923311158
0.898496617716
0.660696383895
0.310551633252
0.618508080611
0.671226875633
0.313843889947
0.618508080611
0.671226875633
0.313843889947
0.618508080611
0.67133850651
0.31310338288
0.618508080611
0.672107867728
0.311430348348
0.895654463755
0.673101658591
0.307023606523
1.0
0.676056465184
0.298628461104
1.0
0.67672603666
0.298131375258
0.99
0.694419427962
0.262236026482
0.710861405065
0.696338734905
0.263254034298
0.99
0.696257764744
0.262839114682
1.0
0.696877048641
0.26143908064
1.0
0.696877048641
0.26143908064
1.0
0.697854190282
0.262231331483
1.0
0.698421754772
0.261108687688
1.0
0.700535003592
0.262015814205
1.0
0.701139450221
0.260970513585
1.0
0.701715669093
0.260276202999
1.0
0.701715669093
0.260276202999
1.0
0.706151228071
0.264841289565
1.0
0.707486859031
0.262768961836
1.0
0.707479443206
0.263399909536
1.0
0.70890549976
0.265931465169
1.0
0.710187034549
0.262538296418
1.0
0.709503728002
0.262098370058
1.0
0.710522701085
0.261033699594
1.0
0.710522701085
0.261033699594
1.0
0.710522701085
0.261033699594
0.921442015986
0.44711775642
0.00386190340558
0.921442015986
0.447528996373
0.00401500491704
0.921442015986
0.447463783536
0.00555469955484
0.921442015986
0.447463783536
0.00555469955484
0.921442015986
0.447374151459
0.00531222757206
0.921442015986
0.442584131429
0.0161336292662
0.921442015986
0.429161832992
0.0442966376693
