1.0
0.573927550709
0.408433349911
1.0
0.573927550709
0.408433349911
1.0
0.573647967681
0.41004283595
1.0
0.573489503486
0.41128226613
1.0
0.572921067445
0.4129548214
1.0
0.572429231455
0.41288876256
1.0
0.572171909563
0.414354535411
1.0
0.572071374878
0.415121253581
1.0
0.571524526109
0.41696846031
1.0
0.572161822981
0.418507357912
1.0
0.572161822981
0.418507357912
1.0
0.571933275189
0.41914314198
1.0
0.571015145681
0.418767372747
1.0
0.57033564575
0.42112173581
1.0
0.570545179519
0.42249053894
1.0
0.5703409427
0.423006046329
1.0
0.569445600984
0.422003986134
1.0
0.569230486013
0.422638112627
1.0
0.569215214286
0.421835750916
1.0
0.569215214286
0.421835750916
1.0
0.568998641393
0.42263850387
1.0
0.568808894914
0.421744068973
1.0
0.56873346774
0.422262019363
1.0
0.568704650826
0.422046109333
1.0
0.5682280275
0.422169244722
1.0
0.568004611434
0.420850768237
1.0
0.567730772099
0.421580583856
1.0
0.568169604331
0.421882092398
1.0
0.568169604331
0.421882092398
1.0
0.568030324613
0.421280468457
1.0
0.566778248048
0.419965676433
1.0
0.566668370454
0.420135173641
1.0
0.567304782941
0.420140739269
1.0
0.567171497143
0.419210371617
1.0
0.566953950682
0.418082960714
1.0
0.566662390707
0.418692949096
1.0
0.566195826728
0.416957382799
1.0
0.566195826728
0.416957382799
1.0
0.566527060917
0.415552310801
1.0
0.566532766454
0.414389588981
1.0
0.566290975709
0.41371597758
1.0
0.566009291178
0.412088519898
1.0
0.566023104395
0.411258818488
1.0
0.566614645019
0.409177357183
1.0
0.566711831704
0.407864478431
1.0
0.566138090214
0.406456160906
1.0
0.566138090214
0.406456160906
1.0
0.566626800402
0.404526585026
1.0
0.567109590939
0.402434131991
1.0
0.567111673914
0.400761289338
1.0
0.566923686744
0.398519409978
1.0
0.566923119237
0.397914416385
1.0
0.567555967408
0.398444523436
1.0
0.568073039975
0.396789016231
1.0
0.568742255494
0.395885681484
1.0
0.568742255494
0.395885681484
1.0
0.568915234491
0.394985820704
1.0
0.567912001818
0.397401766863
1.0
0.568699785501
0.39593293911
1.0
0.566268515771
0.397239576541
1.0
0.565927458099
0.398139140278
1.0
0.565927458099
0.398139140278
1.0
0.563650069817
0.404795219809
1.0
0.560651621412
0.413409333226
1.0
0.557434834076
0.425063792593
1.0
0.55710692896
0.431377982395
1.0
0.556160207221
0.432668784401
1.0
0.557148099472
0.434068612498
1.0
0.55823398332
0.427432279406
1.0
0.55823398332
0.427432279406
1.0
0.558607660034
0.425916057837
1.0
0.558853287639
0.426416591691
1.0
0.558761024534
0.425921100213
1.0
0.558984452415
0.425486127388
1.0
0.559220594683
0.424209542532
1.0
0.559196916978
0.423343826485
1.0
0.559649005849
0.422480905859
1.0
0.560225082945
0.421593134938
1.0
0.560225082945
0.421593134938
1.0
0.560290492695
0.421413341379
1.0
0.560213203356
0.421964818521
1.0
0.560400151133
0.421315748415
1.0
0.560407692515
0.421397852138
1.0
0.560637880187
0.421122301241
1.0
0.561202570579
0.420675354078
1.0
0.561318567363
0.420122465203
1.0
0.561460328454
0.419509628055
1.0
0.561460328454
0.419509628055
1.0
0.561595848001
0.419041173502
1.0
0.561358054953
0.418990763947
1.0
0.561584475273
0.418798488567
1.0
0.561883026511
0.418552804023
1.0
0.562174820098
0.418063705413
1.0
0.562436646082
0.419426383837
1.0
0.562209640636
0.41992626653
1.0
0.562412815819
0.419770882149
1.0
0.562412815819
0.419770882149
1.0
0.562787734207
0.419450497126
1.0
0.562461747214
0.419041386832
1.0
0.562713227707
0.418482167423
1.0
0.563460697734
0.419193447014
1.0
0.56351043175
0.418831505352
1.0
0.563250298696
0.418607002838
1.0
0.563155489442
0.418948595294
1.0
0.562739279316
0.418517207507
1.0
0.562739279316
0.418517207507
1.0
0.562666919379
0.418502520557
1.0
0.563533643776
0.417818639971
1.0
0.563556609449
0.417184427447
1.0
0.563078263631
0.416882658127
1.0
0.563049565112
0.416130329448
1.0
0.56269846796
0.414455129364
1.0
0.562840061925
0.413506032376
1.0
0.562141499741
0.412385157559
1.0
0.562141499741
0.412385157559
1.0
0.562078819368
0.411441280775
1.0
0.562322602996
0.410393998386
1.0
0.56238879412
0.408799126019
1.0
0.562433652383
0.407601388531
1.0
0.562177662966
0.406085600763
1.0
0.56160051818
0.404329038076
1.0
0.561495504205
0.403385549776
1.0
0.561164892753
0.401733337874
1.0
0.561164892753
0.401733337874
1.0
0.560862735511
0.401358611446
1.0
0.560842379477
0.400080477626
1.0
0.5608442282
0.398138078055
1.0
0.560080632188
0.396170884593
1.0
0.559873291591
0.395723087018
1.0
0.559672828716
0.394966755368
1.0
0.559582397371
0.393659974478
1.0
0.560416251946
0.392770469631
1.0
0.560416251946
0.392770469631
1.0
0.560285491863
0.391606599452
1.0
0.560211186144
0.3907153605
1.0
0.560340365144
0.38989503158
1.0
0.559633010892
0.388361318684
1.0
0.559535093299
0.387908432294
1.0
0.560068299498
0.388213133867
1.0
0.560068299498
0.388213133867
1.0
0.560153669012
0.387978558029
1.0
0.560193847941
0.386788033874
1.0
0.560362883833
0.385820806066
1.0
0.560593010848
0.385412365663
1.0
0.56087065197
0.385209203661
1.0
0.561592031933
0.384928628059
1.0
0.561565864309
0.384759624899
1.0
0.562268029195
0.384476718668
1.0
0.562775965451
0.383315977307
1.0
0.563946438739
0.385195051556
1.0
0.563946438739
0.385195051556
1.0
0.564021674686
0.384902099691
1.0
0.562940048661
0.384052353026
1.0
0.563240837238
0.38349532041
1.0
0.564210575875
0.384050712946
1.0
0.564228501903
0.384168280181
1.0
0.564160251837
0.384418177762
1.0
0.56438418339
0.384648530303
1.0
0.564878103688
0.385183683235
1.0
0.564878103688
0.385183683235
1.0
0.565126593464
0.384482876453
1.0
0.565255402529
0.384927826336
1.0
0.564977096198
0.385339436153
1.0
0.565510674384
0.385350808839
1.0
0.565861719144
0.384737897885
1.0
0.565768109833
0.384634265181
1.0
0.565598134875
0.385099661751
1.0
0.565639511981
0.385722866243
1.0
0.565639511981
0.385722866243
1.0
0.56571257681
0.385623995555
1.0
0.56567599757
0.383140104703
1.0
0.565811036884
0.383570204045
1.0
0.565666621745
0.384291277163
1.0
0.565836388733
0.381663752211
1.0
0.566220919082
0.3810598322
1.0
0.566662688221
0.380103874405
1.0
0.566850140152
0.379088820225
1.0
0.566850140152
0.379088820225
1.0
0.566601139429
0.380704009099
1.0
0.566412753086
0.382977092219
1.0
0.566772217405
0.381923612893
1.0
0.564689850182
0.383975596434
1.0
0.564864110606
0.383953266879
0.99
0.554121781224
0.394411320001
0.99
0.551577594917
0.401648574837
0.99
0.545589457966
0.403098254904
0.99
0.545589457966
0.403098254904
0.99
0.537807470336
0.425742321052
0.99
0.53765281258
0.429157341214
1.0
0.533890246016
0.439966004228
1.0
0.533363010515
0.440869013154
0.914938549338
0.532298385725
0.447758646098
0.914938549338
0.532320565747
0.446064243708
0.815481794767
0.532780097658
0.447951685507
0.815481794767
0.532868719819
0.447682826185
0.815481794767
0.532868719819
0.447682826185
0.863702647467
0.532476494085
0.447444380401
0.863702647467
0.532766168083
0.447363804753
0.888518407067
0.532567216848
0.447166207494
0.888518407067
0.532796706792
0.446453955933
0.92723625058
0.532775963233
0.447275076844
0.92723625058
0.532412658176
0.447252944562
0.960877376508
0.532358710779
0.44796830721
0.960877376508
0.532358710779
0.44796830721
0.960877376508
0.53294381859
0.446529988547
1.0
0.532878615489
0.44783724487
1.0
0.533023623354
0.447222096683
1.0
0.532700207638
0.450271277221
1.0
0.532663257812
0.449315853115
1.0
0.532820940853
0.449673796271
1.0
0.532576096478
0.44939133651
1.0
0.532915973437
0.448288827125
1.0
0.533252480086
0.44779967493
1.0
0.533252480086
0.44779967493
1.0
0.533420725933
0.447024030194
1.0
0.532811647725
0.446723768083
1.0
0.533057048874
0.446112269963
1.0
0.53321093702
0.446360728581
1.0
0.533134150884
0.446324538938
1.0
0.533874111625
0.445116822958
1.0
0.533910378767
0.444375834781
1.0
0.53308941898
0.442191326115
1.0
0.53308941898
0.442191326115
1.0
0.533578010875
0.441471856233
1.0
0.533316401074
0.440285919974
1.0
0.53302380037
0.439436214579
1.0
0.532842241262
0.43849662126
1.0
0.532756270998
0.438055329293
1.0
0.532581720876
0.436241774929
1.0
0.532471617451
0.435077584272
1.0
0.532471617451
0.435077584272
1.0
0.531392709132
0.4337990743
1.0
0.531199374731
0.433391921423
1.0
0.530419893603
0.431489063336
1.0
0.529934763712
0.430553905252
1.0
0.529447806877
0.429321033864
1.0
0.529115894429
0.428183597095
1.0
0.528618907403
0.426048154453
1.0
0.528381877442
0.424549185972
1.0
0.528381877442
0.424549185972
1.0
0.527815350227
0.425258125317
1.0
0.5273347509
0.422820020598
1.0
0.526554110216
0.421369117243
0.99
0.521704467089
0.433999529573
0.99
0.521146015261
0.43246692398
0.965381896061
0.517465637393
0.449380652047
0.965381896061
0.515890982499
0.456561460912
0.965381896061
0.515890982499
0.456561460912
0.85191526953
0.506664483817
0.500401152496
0.85191526953
0.502027485773
0.53393956965
0.85191526953
0.499281043308
0.559563833933
0.85191526953
0.492476245544
0.608224576496
0.85191526953
0.492476245544
0.608224576496
0.99
0.515662541654
0.513463764187
0.969717868387
0.513294003161
0.530123276671
0.912146560224
0.508253476379
0.559979211778
0.912146560224
0.508253476379
0.559979211778
0.912146560224
0.508253476379
0.559979211778
0.912146560224
0.507712422879
0.679457272902
1.0
0.470187153353
0.668157988233
1.0
0.470188469401
0.672483961214
1.0
0.469653074787
0.675552583814
1.0
0.468371781879
0.678088266831
1.0
0.467908526089
0.681464762282
1.0
0.467908526089
0.681464762282
1.0
0.46802256054
0.684012562101
1.0
0.467891699449
0.682675606517
1.0
0.467421536693
0.676929003059
1.0
0.467162262356
0.673691369324
1.0
0.466318178023
0.666773913432
1.0
0.465995012433
0.663034191862
1.0
0.465345871199
0.655963701866
1.0
0.464505228284
0.649840427811
1.0
0.464303263896
0.642455066849
1.0
0.463005839761
0.637916430437
1.0
0.463005839761
0.637916430437
1.0
0.462656052462
0.631659250451
0.889904000855
0.459699163846
0.614764919695
0.889904000855
0.459319347101
0.607930211404
0.889904000855
0.458689361156
0.598459369507
0.889904000855
0.458458324934
0.588602502921
0.99
0.472760810848
0.5999993644
0.99
0.472760810848
0.5999993644
0.99
0.472680026085
0.592386777002
0.99
0.472130712142
0.582908850777
0.99
0.483385221715
0.597932822359
0.99
0.485960006736
0.596221931374
0.603513155968
0.502505990912
0.630972183118
0.603513155968
0.511348327869
0.6403271609
0.603513155968
0.521461308822
0.645595194065
0.603513155968
0.521461308822
0.645595194065
0.99
0.51791220451
0.624054641401
0.99
0.526083196946
0.625297509303
1.0
0.529194382575
0.623205327101
1.0
0.530429057421
0.61908436439
0.644881334504
0.528216958158
0.603538822652
0.644881334504
0.527069928224
0.595755599644
0.644881334504
0.526064852438
0.587827706174
0.755799132564
0.519714085571
0.569692831403
0.755799132564
0.519714085571
0.569692831403
0.755799132564
0.518910805047
0.561764732825
0.755799132564
0.518293947021
0.553637639447
0.847347671975
0.52097139157
0.560677373186
0.847347671975
0.520489296489
0.552896736238
0.99
0.512899295263
0.52352055697
0.99
0.512899295263
0.52352055697
0.99
0.512394146784
0.517185255081
0.99
0.51178451392
0.511971717292
1.0
0.510406044429
0.507931033836
1.0
0.510044410747
0.503110623797
1.0
0.508038431981
0.498420464627
1.0
0.507579442225
0.494362436121
1.0
0.505752629294
0.488983949669
1.0
0.505172547794
0.484946077213
1.0
0.504009168982
0.481498635075
1.0
0.503952746267
0.477632069521
1.0
0.503952746267
0.477632069521
1.0
0.503073039764
0.473277098541
1.0
0.502870585417
0.47105345241
1.0
0.501839659122
0.469835772755
1.0
0.501810230519
0.466670778564
1.0
0.50218279953
0.466190259789
1.0
0.502529338362
0.464232905062
1.0
0.502529338362
0.464232905062
1.0
0.502080432811
0.464341510785
1.0
0.502137362063
0.463322392562
1.0
0.50275844229
0.46542838035
1.0
0.503210355213
0.464569242521
1.0
0.503901169026
0.467344205751
1.0
0.504301388561
0.467387166286
1.0
0.505351677495
0.470957382493
1.0
0.506156958573
0.472694378019
1.0
0.507301973622
0.477654923047
1.0
0.507301973622
0.477654923047
1.0
0.508390454857
0.478658501833
1.0
0.509594856728
0.482951735457
1.0
0.510240071097
0.485625984292
1.0
0.511059055921
0.493943845567
1.0
0.512255534979
0.49670526035
0.99
0.508673439208
0.505411942493
0.99
0.509824452718
0.508621612872
0.99
0.509824452718
0.508621612872
0.726878683205
0.506373102127
0.524560752642
0.726878683205
0.505520598967
0.534144645207
0.726878683205
0.502718792256
0.543075684001
1.0
0.506972487598
0.543409314188
0.910933178711
0.506834592144
0.548880790014
0.910933178711
0.50856054353
0.555480351381
0.85892265153
0.508680909687
0.557927693537
0.85892265153
0.51055624992
0.564232199707
0.85892265153
0.51055624992
0.564232199707
0.99
0.513228261336
0.575184922571
0.99
0.515280491443
0.581080594037
1.0
0.516167521193
0.585123714751
1.0
0.518095589518
0.593066701275
1.0
0.519768997678
0.596990613755
1.0
0.521763240047
0.602773982368
1.0
0.522817497518
0.607486438692
1.0
0.522817497518
0.607486438692
1.0
0.524411112061
0.612561043789
1.0
0.52581461347
0.618068818094
1.0
0.527673038979
0.625537203626
1.0
0.528591923105
0.630494518156
1.0
0.530894761974
0.636907061792
1.0
0.531860770428
0.641823774406
1.0
0.533266091227
0.647905253834
1.0
0.534763597805
0.652631748031
1.0
0.536265498576
0.657052651989
1.0
0.537661687402
0.661927875341
1.0
0.537661687402
0.661927875341
1.0
0.53999722432
0.668414345771
1.0
0.540951657468
0.673200925805
1.0
0.542816596566
0.678290434147
1.0
0.543702988043
0.683117744565
1.0
0.545975998895
0.687521965901
1.0
0.547239698605
0.69184532713
1.0
0.548676408659
0.690284853007
1.0
0.548676408659
0.690284853007
1.0
0.54946974031
0.695719733738
1.0
0.551322661748
0.702416392207
1.0
0.552707371056
0.707805800943
1.0
0.554003967208
0.712871113099
1.0
0.555203942998
0.718311629326
1.0
0.556886715895
0.724950758499
1.0
0.557927946488
0.730929136936
1.0
0.559732122665
0.73653294602
1.0
0.560649979231
0.741988286512
1.0
0.560649979231
0.741988286512
1.0
0.562198797772
0.748295626542
1.0
0.562749499419
0.754461014132
1.0
0.564670501727
0.76122054427
1.0
0.565708974993
0.767064989951
1.0
0.567802617571
0.77271895545
1.0
0.568372590137
0.779094966026
1.0
0.569879766315
0.784811129773
1.0
0.569879766315
0.784811129773
1.0
0.571068172162
0.791950456157
1.0
0.572402138681
0.798283098292
1.0
0.573388338696
0.804266560242
1.0
0.575529448162
0.810238724706
1.0
0.576745491852
0.814678900253
1.0
0.57901793301
0.820376642489
1.0
0.579633878668
0.826227005296
1.0
0.579633878668
0.826227005296
1.0
0.581221126956
0.831842130912
1.0
0.582131425052
0.83755382186
1.0
0.583446878339
0.840591962288
1.0
0.584151274322
0.846860466613
1.0
0.584761872955
0.846192569702
1.0
0.585342870802
0.851741591947
