0.99
0.565071067841
0.654488569314
0.99
0.582741756578
0.638254932913
0.99
0.60065984912
0.64645338675
0.99
0.615281817737
0.631598860629
0.99
0.618547209183
0.632617731666
1.0
0.620626256262
0.630248936235
1.0
0.619017099932
0.629093244992
1.0
0.619017099932
0.629093244992
1.0
0.619742565576
0.62968969054
1.0
0.61970597106
0.629502915585
1.0
0.620122854053
0.629076824187
1.0
0.620352963325
0.628586639498
1.0
0.620633936461
0.628208214067
1.0
0.620617413896
0.628748359144
1.0
0.620617413896
0.628748359144
1.0
0.620712080253
0.628046759724
1.0
0.621393169258
0.628325166544
1.0
0.621658561897
0.629080718908
1.0
0.622460711986
0.628946610796
1.0
0.622779427352
0.628809994057
1.0
0.62241259921
0.628207435585
1.0
0.622557709146
0.628755900106
1.0
0.622621211548
0.629801625312
1.0
0.622651609917
0.629431939063
1.0
0.622682370979
0.62941410559
1.0
0.622682370979
0.62941410559
1.0
0.622857362689
0.629207430581
1.0
0.622966760571
0.62879682221
1.0
0.623014324399
0.628843695039
1.0
0.623369983161
0.628965877284
1.0
0.624148585617
0.628695657766
1.0
0.623599226775
0.628096615186
1.0
0.623599226775
0.628096615186
1.0
0.62315337594
0.628420416405
1.0
0.62358401457
0.628144963167
1.0
0.623817936537
0.62795253242
1.0
0.623585263561
0.628387907691
1.0
0.623941438723
0.628249228957
1.0
0.624005860899
0.628342042359
1.0
0.624462897777
0.627828556046
1.0
0.624411291154
0.626823135047
1.0
0.624308759764
0.627283702663
1.0
0.624695248312
0.627917930338
1.0
0.624695248312
0.627917930338
1.0
0.624227267583
0.627448754319
1.0
0.623463500788
0.626207943588
1.0
0.624082200963
0.625937438012
1.0
0.624451793141
0.62586105132
1.0
0.624329999709
0.625910525372
1.0
0.623895308868
0.625477815458
1.0
0.623860249394
0.625180799775
1.0
0.624125358871
0.624729436122
1.0
0.624125358871
0.624729436122
1.0
0.624024221546
0.62474795698
1.0
0.623197670412
0.624166491013
1.0
0.623391933143
0.623947047562
1.0
0.62384033449
0.623947145565
1.0
0.623569920351
0.624384989041
1.0
0.623113229466
0.623936290992
1.0
0.623113229466
0.623936290992
1.0
0.623097795561
0.623817100862
1.0
0.623490229854
0.62456712197
1.0
0.623200369184
0.624795596969
1.0
0.622745581737
0.62446052171
1.0
0.623171262889
0.624739647625
1.0
0.622963484117
0.624740665393
1.0
0.622766399477
0.625269021099
1.0
0.62277380084
0.625278657789
1.0
0.622693433172
0.625374835242
1.0
0.622325662315
0.626222182749
1.0
0.622325662315
0.626222182749
1.0
0.622134223975
0.626615898063
1.0
0.622325853553
0.626928771532
1.0
0.622424088631
0.627742319861
1.0
0.62240681514
0.626998715416
1.0
0.622825008653
0.626822390898
1.0
0.623003164874
0.62743847706
1.0
0.62262410902
0.627263534703
1.0
0.622692651314
0.627553819427
1.0
0.622692651314
0.627553819427
1.0
0.623387851246
0.628079735529
1.0
0.623031725313
0.628076868444
1.0
0.622590323361
0.628084594367
1.0
0.623059942165
0.628073814767
1.0
0.623391504052
0.627450761067
1.0
0.623360153543
0.628015845673
1.0
0.622922781026
0.629185877882
1.0
0.623011827003
0.62851931351
1.0
0.623011827003
0.62851931351
1.0
0.623583978058
0.627130540952
1.0
0.623383802857
0.627816053124
1.0
0.623319771474
0.628942285637
1.0
0.62336383165
0.628310677141
1.0
0.62366254461
0.628765213974
1.0
0.624219578378
0.630120508318
1.0
0.624033460968
0.630165545792
1.0
0.623620635874
0.629672957163
1.0
0.623620635874
0.629672957163
1.0
0.623703918262
0.630001785566
1.0
0.623831313882
0.629983337748
1.0
0.623887944635
0.629624588867
1.0
0.623762380777
0.629960444581
1.0
0.623781999721
0.630760370478
1.0
0.623877959195
0.630921542636
1.0
0.623877959195
0.630921542636
1.0
0.624104383737
0.630348279836
1.0
0.624083808449
0.630631313579
1.0
0.623910329229
0.630461622138
1.0
0.623780837424
0.630284342748
1.0
0.623824216739
0.630209861635
1.0
0.623946413261
0.630230909727
1.0
0.623356969354
0.63166272601
1.0
0.623111169279
0.631891736052
1.0
0.623270223948
0.631753657771
1.0
0.623710527842
0.632248025641
1.0
0.623710527842
0.632248025641
1.0
0.623724674516
0.632262333016
1.0
0.62348658195
0.632339576418
1.0
0.623687921688
0.633049658021
1.0
0.623726322454
0.632293137706
1.0
0.62344390239
0.631975099595
1.0
0.623521131943
0.632260872439
1.0
0.623300044869
0.632937216134
1.0
0.623114474646
0.632991257553
1.0
0.623114474646
0.632991257553
1.0
0.623342281839
0.632633226409
1.0
0.62381029023
0.633392845868
1.0
0.623882648872
0.633142625063
1.0
0.623844800405
0.632471623946
1.0
0.623604413971
0.632818016593
1.0
0.623512500254
0.633768561991
1.0
0.623512500254
0.633768561991
1.0
0.623887788159
0.633866016772
1.0
0.623623093723
0.633449750747
1.0
0.623659452756
0.633255644256
1.0
0.623840002419
0.633206849499
1.0
0.623987167459
0.633668309711
1.0
0.62452097518
0.634292815778
1.0
0.62445076802
0.63447397418
1.0
0.624399849999
0.633990091705
1.0
0.624216476966
0.634407177717
1.0
0.623975327767
0.633913192918
1.0
0.623975327767
0.633913192918
1.0
0.62401610176
0.633870150445
1.0
0.624191686098
0.634092004919
1.0
0.624354571567
0.633668308639
1.0
0.624308824617
0.633867581318
1.0
0.624214678044
0.634091969582
1.0
0.624029169554
0.634381459292
1.0
0.623709102028
0.634901781043
1.0
0.623709102028
0.634901781043
1.0
0.62390591418
0.634451496366
1.0
0.624177301842
0.634535606564
1.0
0.623915358656
0.634971321688
1.0
0.624032028257
0.635037602415
1.0
0.624450094366
0.63481261646
1.0
0.624301945292
0.634792767429
1.0
0.624142055821
0.635472739039
1.0
0.624142055821
0.635472739039
1.0
0.624240121374
0.635278990632
1.0
0.624489346285
0.635509143973
1.0
0.624474290764
0.635815992111
1.0
0.624229335209
0.635949571099
1.0
0.624353653521
0.635677751122
1.0
0.62429811745
0.636201561226
1.0
0.624295620207
0.636723792191
1.0
0.624576292187
0.636849415845
1.0
0.624576292187
0.636849415845
1.0
0.62453555125
0.636575534923
1.0
0.624546863752
0.636297003908
1.0
0.624747840313
0.636844959931
1.0
0.624703309447
0.636256287102
1.0
0.624286925827
0.63630062572
1.0
0.62433277692
0.637285039361
1.0
0.624399612197
0.637938092984
1.0
0.624458987639
0.637632061921
1.0
0.62443757089
0.637306800752
1.0
0.624433821646
0.637730389445
1.0
0.624433821646
0.637730389445
1.0
0.624476069678
0.638007615428
1.0
0.624629522996
0.637676118739
1.0
0.624567687793
0.638183176788
1.0
0.624475075089
0.638729025172
1.0
0.624229311333
0.638960166899
1.0
0.624350509969
0.639601414383
1.0
0.624350509969
0.639601414383
1.0
0.624373084623
0.640193978301
1.0
0.624694213533
0.640795220369
1.0
0.623691882792
0.6418146048
1.0
0.621700066676
0.644185045195
1.0
0.615047707409
0.657238970343
1.0
0.610987422888
0.667766961423
0.99
0.599092896783
0.69784413596
0.99
0.594090000638
0.718584926255
0.99
0.594090000638
0.718584926255
0.99
0.58586064694
0.747189610949
