1.0
0.825328651557
-0.17256550272
1.0
0.825328651557
-0.17256550272
1.0
0.825111260711
-0.164153133715
1.0
0.821436049998
-0.165011232174
0.993510620016
0.821015018695
-0.161289884813
1.0
0.822476502136
-0.156604927145
1.0
0.821280170249
-0.158931804799
1.0
0.821280170249
-0.158931804799
1.0
0.819542488503
-0.154408538573
1.0
0.81878002625
-0.155794865823
1.0
0.816125275119
-0.158955305189
1.0
0.815239688812
-0.158321212575
1.0
0.815239688812
-0.158321212575
1.0
0.815239688812
-0.158321212575
1.0
0.815239688812
-0.158321212575
0.991116681983
0.811187331926
-0.165111903557
0.991116681983
0.811187331926
-0.165111903557
1.0
0.806708219366
-0.169993965536
1.0
0.806708219366
-0.169993965536
1.0
0.806708219366
-0.169993965536
1.0
0.806708219366
-0.169993965536
1.0
0.805884264509
-0.175170463556
1.0
0.805884264509
-0.175170463556
1.0
0.805884264509
-0.175170463556
1.0
0.802602432323
-0.174482318138
1.0
0.805997445399
-0.16234200871
1.0
0.805997445399
-0.16234200871
1.0
0.802788707149
-0.158405436074
1.0
0.801643678145
-0.162482715403
1.0
0.803674732051
-0.161041811173
0.972234511185
0.80222975954
-0.168425109833
0.99
0.833552040652
-0.200218265627
0.99
0.833552040652
-0.200218265627
1.0
-60.1139153608
100.0
1.0
-57.8406563049
100.0
0.949558771777
-78.7551654546
100.0
0.859667171014
0.418619733059
0.726077253136
0.859667171014
0.418619733059
0.726077253136
0.99
0.764919808265
-0.205039120516
0.859361876887
0.666854845984
-0.258384467334
0.937529695705
0.672344567309
-0.252155765128
0.921109223637
0.673604148699
-0.252814003437
0.921109223637
0.673604148699
-0.252814003437
0.990024760053
0.675024246348
-0.253994132698
0.903446522541
0.684620360328
-0.242838436077
0.95547241516
0.687009865606
-0.239234266483
0.95547241516
0.687009865606
-0.239234266483
0.855368100283
0.689309331571
-0.231947306368
0.912880826458
0.699894871845
-0.220797357599
0.928603423851
0.702574997893
-0.229531730229
0.954679500683
0.70704303394
-0.229109371742
0.893092830074
0.714915483084
-0.216302550699
0.893092830074
0.714915483084
-0.216302550699
0.895575777255
0.724540861056
-0.206979849075
1.0
0.730764355464
-0.194967764741
1.0
0.73581994426
-0.19338615164
1.0
0.73581994426
-0.19338615164
1.0
0.743783063733
-0.181237201943
0.952341961894
0.745345744815
-0.180660306994
0.97702044269
0.746497717567
-0.179060730472
