0.820972303397
0.480665732935
0.66387118227
0.913811794739
0.482705889492
0.666658956678
0.913811794739
0.481160462107
0.668877250007
0.943411590866
0.481096596468
0.668607103783
0.943411590866
0.481209864265
0.668992754228
0.943411590866
0.481209864265
0.668992754228
0.94425877073
0.481643216484
0.669029450615
0.94425877073
0.481526353653
0.669381861596
0.960655524446
0.482533900091
0.669490661193
0.960655524446
0.482765146445
0.669285133871
1.0
0.483109624597
0.66998659957
1.0
0.483089144052
0.669497164918
0.97397646324
0.483361385563
0.670432706976
0.97397646324
0.483672036929
0.670310225267
0.97397646324
0.483672036929
0.670310225267
0.962914198562
0.483809408804
0.670693515368
0.962914198562
0.483624024263
0.671077095226
1.0
0.484050884744
0.671837089972
1.0
0.484640352237
0.671569026032
0.999446021908
0.48481686635
0.67238675074
0.999446021908
0.484476156854
0.672647630278
0.999446021908
0.484476156854
0.672647630278
0.933184939084
0.484612692974
0.672821583401
0.933184939084
0.484758933216
0.67221996705
0.904752533579
0.485006969776
0.672077568898
0.904752533579
0.485242041299
0.671928220878
0.991582548719
0.485128057438
0.672402966801
0.991582548719
0.484924804806
0.673257443137
0.971548364139
0.484768769804
0.674211205014
0.971548364139
0.484722761509
0.673562632056
0.984281092958
0.484868218333
0.673726704813
0.984281092958
0.484630353518
0.674435057257
0.984281092958
0.484630353518
0.674435057257
1.0
0.484486920314
0.67441032468
1.0
0.48480911283
0.673688962629
0.992608682255
0.484932971838
0.67388073806
0.992608682255
0.48495407275
0.674192522713
1.0
0.484675893366
0.674660220011
1.0
0.484724853164
0.674572015456
1.0
0.484724853164
0.674572015456
1.0
0.484551858721
0.674903478255
1.0
0.484448786308
0.67529967231
1.0
0.484799913186
0.675725076726
1.0
0.484884177274
0.675663986756
1.0
0.485031794886
0.676206451874
1.0
0.485061710566
0.675539925511
1.0
0.485005906958
0.675602254475
1.0
0.484833876448
0.675844993411
1.0
0.484833876448
0.675844993411
1.0
0.485274418424
0.676358521658
1.0
0.485253576105
0.676610716076
1.0
0.485860659618
0.676900217545
1.0
0.486215006733
0.676224900937
1.0
0.486517398441
0.676665844817
1.0
0.486076478632
0.67688153051
0.951789586315
0.486006748226
0.676644372789
0.951789586315
0.485645839799
0.677640071573
0.951789586315
0.485645839799
0.677640071573
0.991881314061
0.485785031812
0.67763544983
0.991881314061
0.485673576309
0.676888018644
0.991881314061
0.485673576309
0.676888018644
0.991881314061
0.485673576309
0.676888018644
1.0
0.470578276793
0.622970713776
1.0
0.470641536579
0.623405026074
1.0
0.470697600801
0.623268098953
1.0
0.470697600801
0.623268098953
1.0
0.470977367682
0.622864482032
1.0
0.470715536266
0.623134114867
1.0
0.470972235762
0.620884846112
1.0
0.470974334573
0.621566667317
1.0
0.470974334573
0.621566667317
1.0
0.471483658746
0.620683604749
1.0
0.471264935999
0.619905260728
1.0
0.470813219195
0.619636005237
1.0
0.471108301606
0.618487311016
1.0
0.471108301606
0.618487311016
1.0
0.470896693482
0.618062451082
1.0
0.470429767737
0.617245081154
1.0
0.47124514252
0.617615328737
1.0
0.470813071609
0.616938122915
1.0
0.470813071609
0.616938122915
1.0
0.470868290638
0.617107788222
1.0
0.470765596758
0.617306874335
1.0
0.470652203833
0.615955281201
1.0
0.471482845596
0.616237345807
1.0
0.471482845596
0.616237345807
1.0
0.470054779568
0.616922332577
1.0
0.469991762178
0.615224506054
1.0
0.469862494951
0.615257005681
1.0
0.47014429964
0.615609852848
1.0
0.47014429964
0.615609852848
1.0
0.468819237127
0.615620007359
0.613664447652
0.48340775776
0.672339047389
0.613664447652
0.483143070398
0.671840179601
0.613664447652
0.483256034569
0.67214106518
0.613664447652
0.483327047068
0.671212318011
0.613664447652
0.482993569164
0.671531392694
0.613664447652
0.483187664465
0.671486772644
0.613664447652
0.483187664465
0.671486772644
0.613664447652
0.483148133145
0.671989144928
0.613664447652
0.482729181792
0.67207878957
0.613664447652
0.482749750249
0.671842340056
0.613664447652
0.482793042331
0.672674079739
0.613664447652
0.482568179266
0.672641547803
0.613664447652
0.482568179266
0.672641547803
1.0
0.467140300265
0.615040194663
1.0
0.467140300265
0.615040194663
1.0
0.46684582444
0.61363929271
1.0
0.466942002864
0.614487831836
1.0
0.466726932688
0.614341150166
0.978232376811
0.486642137005
0.682185506439
0.978232376811
0.486441408169
0.681840327733
0.978232376811
0.486441408169
0.681840327733
0.978232376811
0.48633778718
0.682011044202
0.978232376811
0.486561568523
0.681596522163
0.978232376811
0.486880647393
0.681377152429
0.978232376811
0.486766319571
0.680973877362
0.978232376811
0.486933157695
0.681222905814
0.978232376811
0.486940843885
0.681146897042
0.978232376811
0.48703040029
0.680641579247
0.978232376811
0.487078435626
0.680397241958
0.978232376811
0.487078435626
0.680397241958
0.978232376811
0.486519648519
0.681139922404
1.0
0.486762037377
0.68153688034
1.0
0.487185813019
0.679530370142
1.0
0.487058827212
0.678933542078
1.0
0.487101337759
0.679240767823
0.981803285587
0.487235824231
0.680345798221
0.981803285587
0.487388262453
0.680068622764
1.0
0.487636466709
0.679985593944
1.0
0.487636466709
0.679985593944
1.0
0.487306993516
0.680129827555
0.982268688176
0.48737773905
0.680062193363
0.982268688176
0.487611061274
0.679097397351
0.990498051704
0.487671536729
0.678574211378
0.990498051704
0.487747269954
0.678646881869
0.971061364714
0.48781154402
0.6786608544
