1.0
0.577778969258
0.704619661365
1.0
0.573943695038
0.703565770395
1.0
0.573943695038
0.703565770395
1.0
0.573947736716
0.703540361505
0.99
0.540449777814
0.704268222583
0.959294641283
0.54043010352
0.704271032324
0.937897063596
0.540364872466
0.704293805617
0.937897063596
0.528234171525
0.701048810914
1.0
0.527983774901
0.701302030856
1.0
0.5199654793
0.698966592047
0.99
0.519508577854
0.699365263214
0.99
0.514829128264
0.698751375468
0.99
0.514829128264
0.698751375468
1.0
0.514611500818
0.698798826062
1.0
0.514837804448
0.699035610503
1.0
0.514667713003
0.699183865885
1.0
0.513658179505
0.698914823983
1.0
0.51365210719
0.69883546205
1.0
0.514608173699
0.698381561558
1.0
0.514637403473
0.698421429843
1.0
0.514637403473
0.698421429843
1.0
0.514564013103
0.697825344851
1.0
0.514562333927
0.697810385264
1.0
0.514192654469
0.698300478479
1.0
0.514200616596
0.698287200055
1.0
0.51400726484
0.698202230946
1.0
0.513990803923
0.698212624243
1.0
0.513916226736
0.698696714756
1.0
0.513927967136
0.698708768639
1.0
0.5137932135
0.698677510947
1.0
0.513777737439
0.698715035443
1.0
0.513777737439
0.698715035443
1.0
0.513831206628
0.698563785346
1.0
0.513848020069
0.698549198386
1.0
0.513396993616
0.697880006927
1.0
0.513373847269
0.697857687881
1.0
0.513878671256
0.698219598781
1.0
0.513893710849
0.698234001901
1.0
0.513228636864
0.699224099067
1.0
0.513205848946
0.699216828433
1.0
0.513205848946
0.699216828433
1.0
0.513839163702
0.699054023231
1.0
0.513848208058
0.699076784289
1.0
0.513864027288
0.698396500764
1.0
0.51386317759
0.698379946293
1.0
0.513820694215
0.698171722814
1.0
0.513840139025
0.698207991384
1.0
0.513825416038
0.698194457763
1.0
0.513825416038
0.698194457763
1.0
0.513807248222
0.698172410401
1.0
0.513450460966
0.697937773066
1.0
0.513454749661
0.697954456059
1.0
0.513063173877
0.698399922092
1.0
0.513054682482
0.698405893662
1.0
0.514116203768
0.698789287717
1.0
0.514140567246
0.698765417549
1.0
0.51362269136
0.698355015751
1.0
0.513617295439
0.698409633908
1.0
0.513617295439
0.698409633908
1.0
0.513963151556
0.69825305987
1.0
0.513958993513
0.698230018201
1.0
0.514085262282
0.697979204163
1.0
0.514086842377
0.698003400544
1.0
0.514253650532
0.698461197503
1.0
0.514274746423
0.698415177351
1.0
0.514274746423
0.698415177351
1.0
0.514130772033
0.69845432117
1.0
0.514122368738
0.698493220042
1.0
0.514119454693
0.698630389509
1.0
0.514127139166
0.698610766648
1.0
0.513926491757
0.699082151783
1.0
0.513922021869
0.699076851116
1.0
0.51411782748
0.69921442978
1.0
0.514110544075
0.699186676858
1.0
0.513869386129
0.69922728224
1.0
0.513857033646
0.699260319295
1.0
0.513857033646
0.699260319295
1.0
0.513782034757
0.698085903801
1.0
0.513799250449
0.69811143256
1.0
0.514299809436
0.6985348695
1.0
0.51429262401
0.698538012719
1.0
0.514142851017
0.698458076561
1.0
0.514151541874
0.698454603742
1.0
0.514366575487
0.698142799474
1.0
0.514366575487
0.698142799474
1.0
0.514372066665
0.698151675129
1.0
0.511427004629
0.695576084679
1.0
0.511423888939
0.695581184399
1.0
0.506385597974
0.69382503487
1.0
0.506378226097
0.693806711174
1.0
0.506331960394
0.693742528332
1.0
0.506296572928
0.693663895059
1.0
0.506296572928
0.693663895059
1.0
0.506437548558
0.693364714581
1.0
0.506373221335
0.693374104992
1.0
0.505688004621
0.691456601533
1.0
0.505683549878
0.691375283999
1.0
0.505332735169
0.691173785272
1.0
0.505356017244
0.691150703221
1.0
0.505586038532
0.690622417721
1.0
0.505571589787
0.690655879186
1.0
0.505813498612
0.690573862806
1.0
0.505813498612
0.690573862806
1.0
0.505820709035
0.690537255201
1.0
0.506091630786
0.6908257248
1.0
0.506097930618
0.69085804945
1.0
0.505279425897
0.690305130086
1.0
0.505280807923
0.690289732564
1.0
0.505842370628
0.692104354763
1.0
0.505844550805
0.692060298075
1.0
0.505844550805
0.692060298075
1.0
0.506191398221
0.692890485473
1.0
0.506180793073
0.692887152268
1.0
0.505758628516
0.690514628186
1.0
0.505758078418
0.69050129471
1.0
0.505661591582
0.691097406291
1.0
0.505681242248
0.691130863007
1.0
0.505941657321
0.691122321003
1.0
0.505940956489
0.691110818218
1.0
0.505432084359
0.691014107453
1.0
0.505432084359
0.691014107453
1.0
0.505436649775
0.691041888205
1.0
0.505160023398
0.690347973666
1.0
0.505170382922
0.690365521313
1.0
0.505559643095
0.691241867407
1.0
0.505546082214
0.691168027762
1.0
0.50511163444
0.691043118588
1.0
0.505097811389
0.691092434441
1.0
0.504710317095
0.691882718124
1.0
0.504710317095
0.691882718124
1.0
0.504712340529
0.691881948779
1.0
0.504411488343
0.690008051903
1.0
0.504417357291
0.690012486661
1.0
0.504226929903
0.690003130731
1.0
0.504214603657
0.689977008209
1.0
0.50404716304
0.689835796457
1.0
0.504046348352
0.689838689467
1.0
0.504046348352
0.689838689467
1.0
0.50401097671
0.689483199336
1.0
0.504021190551
0.689504489234
1.0
0.503886744531
0.689229941863
1.0
0.503870960314
0.689249371019
1.0
0.503387170308
0.689349396236
1.0
0.503380369444
0.689282685574
1.0
0.50262268635
0.687448705038
1.0
0.502621791597
0.687457319559
1.0
0.503568372307
0.689215557393
1.0
0.503580269122
0.689201388957
1.0
0.503580269122
0.689201388957
1.0
0.503218243936
0.688086106025
1.0
0.503223246247
0.688080191952
1.0
0.503431510272
0.687355268695
1.0
0.503425279843
0.687363143248
1.0
0.502475984041
0.687293292149
1.0
0.502471401113
0.687303352077
1.0
0.502895051187
0.687312184815
1.0
0.502895051187
0.687312184815
1.0
0.502892489664
0.687305857395
1.0
0.502210152943
0.687169677269
1.0
0.502214053652
0.687161114225
1.0
0.501875307719
0.687072524141
1.0
0.501853205074
0.687030804093
1.0
0.502448416994
0.688576003578
1.0
0.502461863184
0.688550405762
1.0
0.502461863184
0.688550405762
1.0
0.502438905362
0.687293162729
1.0
0.502439604199
0.687325644146
1.0
0.501346324801
0.685566821973
1.0
0.501335290675
0.68554671186
1.0
0.501133893655
0.685359331243
1.0
0.501146519439
0.685370618688
1.0
0.500825730923
0.685413632942
1.0
0.500821071135
0.685438929831
1.0
0.500261293111
0.684999377157
1.0
0.500261293111
0.684999377157
1.0
0.500244714707
0.684991549037
1.0
0.499360021125
0.684747044685
0.988303760802
0.499347287558
0.684685202057
0.988303760802
0.499261104163
0.685327200142
1.0
0.499262425383
0.685331808322
1.0
0.497769137488
0.682129920473
0.971348967112
0.497753234517
0.682114861588
0.971348967112
0.497753234517
0.682114861588
0.971348967112
0.496401913121
0.682583602703
1.0
0.496397908289
0.682613885402
1.0
0.498137517434
0.685812276175
0.997354418191
0.498139171809
0.685779887454
0.997354418191
0.497831780565
0.684984686314
1.0
0.497852011723
0.685036884265
1.0
0.49707679647
0.683293912896
1.0
0.497050933464
0.683357992899
1.0
0.496849104755
0.684116111544
1.0
0.496852159023
0.684054083563
1.0
0.496852159023
0.684054083563
1.0
0.49628853473
0.685076312287
1.0
0.496284390382
0.685011329116
1.0
0.495381878626
0.684733668614
1.0
0.495384706979
0.684782735273
1.0
0.494323956227
0.684883058628
1.0
0.494304836029
0.684933584619
1.0
0.494304836029
0.684933584619
1.0
0.494329818969
0.686038415196
1.0
0.49434033455
0.686004876574
1.0
0.496546380289
0.685655312215
1.0
0.496528028345
0.685653394623
1.0
0.495564416408
0.684854790662
1.0
0.495562020374
0.684901090284
1.0
0.495480466519
0.686106305694
1.0
0.495487797484
0.686122128187
1.0
0.495487797484
0.686122128187
1.0
0.495532204766
0.685508678731
1.0
0.49550521136
0.685547118334
1.0
0.495225287781
0.685086285842
1.0
0.495252278418
0.685067737638
1.0
0.494926429519
0.684796647655
1.0
0.494902140694
0.684762250227
1.0
0.494119245612
0.686363360384
1.0
0.49413043028
0.6863654495
1.0
0.493446835254
0.686293271812
1.0
0.493436409569
0.686302264903
1.0
0.493436409569
0.686302264903
1.0
0.495232873332
0.686794520915
1.0
0.495224746813
0.686819592354
1.0
0.494710997003
0.686314410185
1.0
0.494714727005
0.686322352698
1.0
0.494967613956
0.686439244951
1.0
0.494964632858
0.68647890729
1.0
0.494964632858
0.68647890729
1.0
0.494266936529
0.687201825863
1.0
0.494259746511
0.687226677701
1.0
0.493918425949
0.686978446132
1.0
0.493905930291
0.686943569893
1.0
0.493487518787
0.686922433785
1.0
0.493486377264
0.686954791676
1.0
0.492333576783
0.68688728782
1.0
0.492331523177
0.686890868621
1.0
0.492331523177
0.686890868621
1.0
0.491201368801
0.68640244029
1.0
0.491191278455
0.686419045928
1.0
0.493229087927
0.688720690341
1.0
0.493220514716
0.688691560986
1.0
0.493139500555
0.688653361635
1.0
0.493135705644
0.688744310781
1.0
0.493309912594
0.690067481851
1.0
0.493297532002
0.69008460444
1.0
0.49309224514
0.690416386759
1.0
0.49309224514
0.690416386759
1.0
0.493080607723
0.690421338783
1.0
0.4925075155
0.691276459624
1.0
0.492499758833
0.691262253672
1.0
0.491680533143
0.691282007226
1.0
0.491667647476
0.691361883797
1.0
0.492985347488
0.692592810248
1.0
0.492985835495
0.692590653718
1.0
0.492985835495
0.692590653718
1.0
0.492815979421
0.691894022195
1.0
0.492811164537
0.691925420842
1.0
0.493092610418
0.693188862826
1.0
0.493083866368
0.693224227665
1.0
0.492329237639
0.693218427844
1.0
0.492342769642
0.693256217101
1.0
0.49251965128
0.693839779428
1.0
0.492516866565
0.693888442878
1.0
0.492516866565
0.693888442878
1.0
0.492775865568
0.694668909779
1.0
0.492764413485
0.694671825481
1.0
0.492827905878
0.694738187078
1.0
0.492826713731
0.694775910154
1.0
0.492368815917
0.695058450725
1.0
0.492375714425
0.6950177892
1.0
0.492771887824
0.695801700104
1.0
0.492763083696
0.695829681436
1.0
0.492763083696
0.695829681436
1.0
0.491918505872
0.695967126057
1.0
0.49193888368
0.696014293878
1.0
0.492832519251
0.695269801999
1.0
0.49281115562
0.695247224546
1.0
0.493005401678
0.695070729918
1.0
0.493001689877
0.695062868679
1.0
0.492939739198
0.695088148298
1.0
0.492948588034
0.695111679125
1.0
0.492948588034
0.695111679125
1.0
0.492878910098
0.694972887388
1.0
0.492868409587
0.694972726992
1.0
0.492669451853
0.694344571856
1.0
0.492680337215
0.694402347425
1.0
0.492942258902
0.695406421122
1.0
0.49293340512
0.695367215793
1.0
0.493072189591
0.694623387452
1.0
0.493085940416
0.694570508932
1.0
0.493085940416
0.694570508932
1.0
0.491980976689
0.69424655943
1.0
0.491972016729
0.694303647874
1.0
0.492851281817
0.694596341784
1.0
0.492846038026
0.694542757753
1.0
0.493090161734
0.694775755695
1.0
0.493091123772
0.694795586252
1.0
0.493038489821
0.694234780138
1.0
0.493037289237
0.694274258728
