0.900010639892
0.421141424482
0.458941740745
0.885720786593
0.421592596957
0.460039472707
0.99
0.422304654984
0.462744488241
0.99
0.445614877592
0.498338265141
0.99
0.448776899481
0.511012602868
0.99
0.449027655698
0.512245227359
1.0
0.449664834593
0.51214689763
1.0
0.44921743023
0.513369938154
1.0
0.449380746017
0.51421786632
1.0
0.449380746017
0.51421786632
1.0
0.449368732857
0.515836114312
1.0
0.449393582594
0.516113343421
1.0
0.449489302547
0.516666019095
1.0
0.449636741797
0.517112550265
1.0
0.450084553867
0.518751075726
1.0
0.450058219575
0.518755388866
1.0
0.450071854183
0.519015603336
1.0
0.449994179438
0.519323148677
1.0
0.449994179438
0.519323148677
1.0
0.450012385625
0.52040335091
1.0
0.450012385625
0.52040335091
1.0
0.449821816676
0.520637989238
1.0
0.449906711635
0.520989060958
1.0
0.450273061549
0.522006400862
1.0
0.450172583094
0.522926353577
1.0
0.450340686291
0.523100166121
1.0
0.450381449949
0.523545324262
1.0
0.450399655719
0.523672066437
1.0
0.450695528917
0.523226321658
0.999323745218
0.450644980352
0.523737511653
0.999323745218
0.450749220671
0.523884516324
0.999323745218
0.450749220671
0.523884516324
1.0
0.451151936047
0.524139379184
1.0
0.451151936047
0.524139379184
1.0
0.451186237259
0.524009408429
1.0
0.451279266426
0.523833481428
1.0
0.451643564849
0.524576485527
1.0
0.452474303388
0.525734322207
1.0
0.452808506325
0.526467509809
1.0
0.452969667323
0.526753857481
1.0
0.453346022299
0.52702076098
1.0
0.45345204632
0.527258548519
1.0
0.453509613874
0.527000239838
1.0
0.453671494773
0.527252630602
1.0
0.453671494773
0.527252630602
1.0
0.453793594533
0.527637474324
1.0
0.453989203962
0.527858750923
1.0
0.45426511118
0.528105541328
1.0
0.454508970508
0.528908629056
1.0
0.454641410755
0.529295940064
1.0
0.454722490956
0.529113684159
1.0
0.454677819892
0.529204223532
1.0
0.454776385217
0.528309338189
1.0
0.454776385217
0.528309338189
1.0
0.455039993965
0.52850777422
1.0
0.455011579069
0.529171003359
1.0
0.455000008622
0.529742424211
1.0
0.454933871931
0.530093002184
1.0
0.45484582992
0.530998613589
1.0
0.454807561107
0.531140193273
1.0
0.454753039538
0.530580466779
1.0
0.454753039538
0.530580466779
1.0
0.454789737408
0.530642276727
1.0
0.454792569043
0.529917908836
1.0
0.45422358476
0.529603166198
1.0
0.454202613939
0.529015391928
1.0
0.45406348575
0.52873335308
1.0
0.451699950707
0.530510009146
0.99
0.425219381119
0.512576555513
0.99
0.418940732921
0.520023326517
0.99
0.408088757269
0.532617358018
0.99
0.406181427204
0.531223731638
1.0
0.40498742865
0.534033893544
1.0
0.40498742865
0.534033893544
1.0
0.403093446336
0.532092286249
1.0
0.402313976378
0.532743620106
1.0
0.402301097977
0.532962142613
1.0
0.402670965971
0.531032720719
1.0
0.402670965971
0.531032720719
1.0
0.402621393722
0.529702444674
1.0
0.402575252263
0.528512642737
1.0
0.402599384935
0.527373275398
1.0
0.402639328668
0.52722503981
1.0
0.402564664202
0.52641277139
1.0
0.402746799221
0.524012460327
1.0
0.401721163766
0.52147150387
1.0
0.401435272059
0.520679288466
1.0
0.401435272059
0.520679288466
1.0
0.401470014611
0.521244310572
1.0
0.401621357738
0.520313626683
