1.0
0.468823174317
0.701576825257
1.0
0.469490091047
0.699699738944
1.0
0.47023962153
0.699834787053
1.0
0.47023962153
0.699834787053
1.0
0.470355994022
0.698376655534
0.832646437549
0.471023652408
0.698000564461
0.832646437549
0.471721589672
0.696772776666
0.997136944846
0.472107288404
0.69781862992
0.936287367512
0.472809462559
0.700779675118
0.936287367512
0.473475420703
0.700143353428
0.973399161426
0.473526697426
0.699465895106
0.973399161426
0.473526697426
0.699465895106
0.973399161426
0.474458332933
0.699711718083
0.993499481278
0.474431014742
0.698180468591
0.981490952552
0.474794355707
0.698539688855
0.918004192085
0.475229483729
0.700552688334
0.918004192085
0.475558106935
0.700512857387
0.971751878595
0.476608943437
0.699306933785
0.888243014528
0.476989435929
0.699970107127
0.888243014528
0.476989435929
0.699970107127
0.888243014528
0.477648438521
0.699817270103
1.0
0.478415679231
0.699771713065
1.0
0.478242720916
0.698482695809
0.878604911974
0.478855628729
0.699876728904
0.878604911974
0.479106502717
0.703787649115
0.865661900039
0.480115922131
0.705166742251
0.865661900039
0.480352874897
0.704855128226
0.910953656539
0.480876107827
0.705568914586
0.922536783179
0.481658798276
0.704422307257
0.922536783179
0.482514182722
0.704345347987
0.922536783179
0.482514182722
0.704345347987
0.923832511532
0.483492000055
0.702783587696
0.983893223389
0.484628720784
0.703445066972
0.979992225131
0.485674608934
0.701361696314
0.979992225131
0.486277807596
0.701139744839
1.0
0.485913776691
0.702166022131
1.0
0.486104662099
0.701808665378
1.0
0.486104662099
0.701808665378
1.0
0.486233703567
0.701990534628
0.99029533843
0.487460294902
0.702313338596
0.922699864265
0.488087727347
0.703565357566
0.922699864265
0.488622109309
0.703621478435
0.941979564112
0.488779061327
0.702699225948
0.941979564112
0.489715039074
0.702416965602
0.990158501841
0.4900653468
0.701153957727
0.990158501841
0.490738284685
0.701124193441
0.892373256716
0.491779753052
0.701189441742
0.892373256716
0.492302396846
0.70082385791
0.892373256716
0.492302396846
0.70082385791
1.0
0.493036412952
0.698213424804
1.0
0.493768377021
0.698190753703
1.0
0.494983063665
0.697291645275
0.947313687191
0.492876268121
0.697278010884
0.947313687191
0.490137118003
0.700134757242
0.952054409836
0.475677919009
0.681834375678
0.952054409836
0.475677919009
0.681834375678
0.952054409836
0.468679514575
0.676602679835
0.743124973188
0.464355232781
0.686167571614
0.743124973188
0.447650132216
0.724311229357
0.858876707234
0.431275158737
0.708538408867
0.904540448631
0.428255866863
0.717985055009
0.870814854818
0.42938580977
0.717033974681
0.8660569287
0.430590973671
0.719028018495
0.858917886182
0.432297912252
0.701818876122
0.858917886182
0.43244118931
0.702250931796
0.858917886182
0.43244118931
0.702250931796
0.903072860578
0.433024514071
0.704100268909
0.903072860578
0.433827703666
0.703688821261
0.917678948369
0.434267055991
0.702938652539
0.934180710125
0.434811921007
0.703290751641
0.970189197273
0.435729407462
0.702794979245
0.906484104415
0.43724647892
0.702884962504
0.906484104415
0.438079855409
0.70181366591
0.961129769026
0.438307794375
0.701692144407
0.986524879957
0.438796731534
0.701557515453
0.986524879957
0.438796731534
0.701557515453
0.986524879957
0.43990283171
0.702502430747
0.969231108162
0.440817571417
0.700808055814
0.915467556527
0.441838076393
0.700425447811
0.915467556527
0.442549690866
0.702087699697
0.926540283329
0.4430264993
0.702823371474
0.931782087894
0.44379126664
0.703200341534
0.931782087894
0.44379126664
0.703200341534
0.931782087894
0.444572385538
0.703109218472
0.986981498542
0.444651817743
0.7029183333
0.9855099137
0.445821926507
0.70325655754
0.890353777856
0.446362972895
0.702153223055
0.890353777856
0.447076042527
0.702113811553
0.999550248471
0.447624384248
0.700722998922
1.0
0.448477758268
0.700956331765
1.0
0.449242020756
0.700222239739
1.0
0.449242020756
0.700222239739
0.995888714624
0.449934668442
0.699940348542
0.927069285631
0.450684008558
0.697417200726
0.927069285631
0.452164620425
0.698040988957
0.960025157434
0.452756161176
0.698867547848
0.836790981107
0.454523688062
0.703474097143
0.836790981107
0.456313430153
0.698359982154
0.919284109847
0.456858728546
0.699785639393
0.919284109847
0.457435978887
0.7004305967
0.961469979109
0.458701639175
0.701566275866
0.961469979109
0.458701639175
0.701566275866
0.961469979109
0.459443637176
0.702306507049
0.956741968674
0.460447307496
0.702805180603
0.956741968674
0.461558096223
0.699027941774
0.996592075061
0.462629698603
0.69904519559
0.996592075061
0.463163130027
0.698221854145
1.0
0.464418545637
0.697267839663
0.985252082686
0.46558671501
0.699244982059
0.985252082686
0.46558671501
0.699244982059
0.985252082686
0.466328140657
0.699316344952
1.0
0.467073451468
0.697838712808
0.945346055727
0.468231800723
0.697792363479
0.945346055727
0.468690411249
0.698997524474
0.983871330916
0.469996899222
0.700225690311
0.983871330916
0.471398836508
0.699384414902
0.8660221755
0.472926848164
0.701099752921
0.8660221755
0.473424302971
0.700828825427
0.999776780171
0.474486108235
0.700706501502
0.999776780171
0.475208352537
0.699530184547
0.999776780171
0.475208352537
0.699530184547
1.0
0.475644642433
0.698288469052
1.0
0.476460733739
0.697384888195
0.885062956537
0.477659743409
0.699305194349
0.885062956537
0.479103100125
0.698846512819
1.0
0.479688556266
0.697555179592
1.0
0.479862509265
0.697643627681
1.0
0.479862509265
0.697643627681
0.969261601949
0.480808401592
0.697775822651
0.969261601949
0.481349519313
0.696749751467
1.0
0.482387380539
0.696541532807
1.0
0.483570220072
0.695461462777
1.0
0.484339347274
0.694929602211
1.0
0.485356896341
0.693926660689
1.0
0.485875561685
0.69324980631
1.0
0.486713965522
0.690278164285
1.0
0.486713965522
0.690278164285
1.0
0.487170476012
0.690018912134
1.0
0.487616704298
0.689165354058
1.0
0.478137688152
0.718567005474
1.0
0.478724536917
0.71918053407
1.0
0.479603341926
0.717904135462
1.0
0.479990367562
0.717479988599
1.0
0.481032821366
0.716448996794
1.0
0.481723952557
0.715585667057
1.0
0.482564040162
0.714692176226
1.0
0.482564040162
0.714692176226
1.0
0.482997780812
0.713878271776
1.0
0.484961765926
0.715246860834
1.0
0.485756220516
0.71380698785
1.0
0.486930689603
0.714641526503
1.0
0.486933656868
0.714216830887
1.0
0.487883435269
0.714194042781
1.0
0.488881043108
0.710713287433
1.0
0.488881043108
0.710713287433
1.0
0.490425715369
0.712068967655
1.0
0.490454172273
0.7134953731
1.0
0.489324256364
0.712912312764
1.0
0.489476218938
0.713679057596
1.0
0.481359025039
0.713170429999
1.0
0.478772282165
0.716784634298
1.0
0.474360167325
0.717325590046
1.0
0.472359133689
0.721750881341
1.0
0.472359133689
0.721750881341
1.0
0.474207229814
0.724497297124
1.0
0.475221363348
0.725181110946
1.0
0.479565507336
0.727119692917
1.0
0.481396929483
0.722748693012
1.0
0.482424183005
0.724775272933
1.0
0.483795224866
0.720771599765
1.0
0.485688215109
0.722203692503
1.0
0.485408305375
0.72396791481
1.0
0.486963870907
0.723244650913
1.0
0.486963870907
0.723244650913
1.0
0.487202585634
0.723670340049
1.0
0.487654874728
0.724301372891
1.0
0.488018499813
0.724060619507
1.0
0.488654830276
0.725158169638
1.0
0.488751423418
0.724772483536
1.0
0.490199042913
0.724568472768
1.0
0.490719280131
0.723971985598
1.0
0.490719280131
0.723971985598
1.0
0.492141606926
0.723930662714
1.0
0.492562497616
0.723676047223
1.0
0.493669183566
0.724599915021
1.0
0.493902126371
0.722090271457
1.0
0.49515792308
0.722526233643
1.0
0.495478526642
0.722389175943
1.0
0.495801618304
0.72309864399
1.0
0.495940465672
0.723204307044
1.0
0.497727934071
0.723657281105
1.0
0.497727934071
0.723657281105
1.0
0.497939565571
0.723417991922
1.0
0.497581437365
0.721639721129
1.0
0.497664355729
0.721689135757
1.0
0.498242887193
0.721872889162
1.0
0.498714864685
0.721365437992
1.0
0.499238583753
0.722100081054
1.0
0.499231621445
0.721992896496
1.0
0.499231621445
0.721992896496
1.0
0.500233953429
0.722649117048
1.0
0.500349177645
0.722945670291
1.0
0.500550082781
0.723759134484
1.0
0.500673394872
0.72382504686
1.0
0.501590023646
0.724261428519
1.0
0.501495788596
0.725119008252
1.0
0.50219499833
0.726249579891
1.0
0.502375731454
0.725247429803
1.0
0.502375731454
0.725247429803
1.0
0.501746730562
0.724808382849
1.0
0.501963227534
0.725046085351
1.0
0.502182870847
0.725564800948
1.0
0.502384117941
0.725873912865
1.0
0.503002001724
0.726400874062
1.0
0.502902447855
0.726767079988
1.0
0.503174197619
0.727368827727
1.0
0.503103582718
0.727591264213
1.0
0.503103582718
0.727591264213
1.0
0.503074882525
0.727980342939
1.0
0.503319144779
0.72802897195
1.0
0.504103171001
0.728294335218
1.0
0.503925789026
0.728317778901
1.0
0.503840764509
0.730291003797
1.0
0.50348776654
0.731519866525
1.0
0.50353982056
0.732347564608
1.0
0.503289450185
0.733233379741
1.0
0.503289450185
0.733233379741
1.0
0.503276848999
0.732865051307
1.0
0.503007179603
0.734492917858
1.0
0.503014287895
0.736017464126
1.0
0.503038779635
0.736769297028
1.0
0.503346381097
0.737741923385
1.0
0.503324701589
0.737604097896
1.0
0.502933099554
0.738034751966
1.0
0.502806812997
0.74149802738
1.0
0.502806812997
0.74149802738
1.0
0.50264717067
0.742058200756
1.0
0.502574669283
0.741565313291
1.0
0.502759477468
0.742387482725
1.0
0.50240323583
0.743457190387
1.0
0.502351840868
0.743622317494
1.0
0.502098625137
0.743745806887
1.0
0.502781850738
0.745216976247
1.0
0.502624385292
0.745896553779
1.0
0.502379316849
0.746289619445
1.0
0.502379316849
0.746289619445
1.0
0.501805636479
0.747610937478
1.0
0.501629942783
0.748622249998
1.0
0.500898315096
0.750501588987
1.0
0.501584725804
0.7514158803
1.0
0.501453038664
0.75047882062
1.0
0.502381941179
0.751267919865
1.0
0.501542171383
0.754536552913
1.0
0.501542171383
0.754536552913
1.0
0.501804121661
0.756731307276
1.0
0.501335216754
0.759859324609
1.0
0.501350774274
0.760761341739
1.0
0.501016141358
0.761062486126
1.0
0.501415973819
0.760755475376
1.0
0.500702067002
0.761310974372
1.0
0.499900749199
0.762310105952
1.0
0.499416278353
0.763679942196
1.0
0.499416278353
0.763679942196
1.0
0.49977299252
0.765162759421
1.0
0.499149818324
0.765301844026
0.968307510648
0.499645689777
0.766607010244
0.968307510648
0.499170197699
0.770176324255
0.997218894027
0.499255298015
0.770497211466
1.0
0.49850353984
0.77358672989
0.9678651127
0.497963619502
0.774368093576
0.9678651127
0.497364343463
0.77604395385
0.9678651127
0.497364343463
0.77604395385
0.917806783589
0.498376079942
0.778882549732
0.917806783589
0.4974669342
0.779270048296
0.885278831753
0.497480585956
0.780305772885
0.885278831753
0.497008516679
0.78434972857
0.931326699919
0.496628890593
0.785277532275
0.875574700406
0.495713882225
0.789786135638
0.875574700406
0.496902763185
0.791110691264
0.928224845964
0.496635460523
0.792259015198
0.928224845964
0.496635460523
0.792259015198
0.942805310747
0.497298156549
0.79470513158
0.942805310747
0.496692159903
0.794413191906
0.955926556733
0.498018089928
0.796620691202
0.933789965558
0.497209289352
0.797518032142
0.933789965558
0.497852700042
0.800104048545
0.937657037389
0.497576544676
0.799911969844
0.935097762498
0.498354092803
0.801974929279
0.935097762498
0.497825475428
0.804811769689
0.935097762498
0.497825475428
0.804811769689
0.984094703998
0.498217173899
0.807653666515
0.81968700543
0.49899227396
0.808564598896
0.81968700543
0.500491111079
0.808907971084
0.936695931756
0.499907137123
0.808085503235
0.905102878425
0.50651595325
0.80961979534
0.905102878425
0.507885714357
0.808940747442
0.905874947692
0.508823001719
0.806609601224
0.905874947692
0.509365091337
0.806866676207
0.905874947692
0.509365091337
0.806866676207
0.882047958271
0.508357823929
0.807601551869
0.882047958271
0.508357823929
0.807601551869
0.882047958271
0.508357823929
0.807601551869
0.882047958271
0.508357823929
0.807601551869
0.882047958271
0.51213020874
0.820674426321
0.830557424537
0.512032935735
0.824623579376
0.830557424537
0.512032935735
0.824623579376
0.885948564457
0.521412735778
0.853233882527
0.917584081762
0.519004184566
0.858317614999
0.916603367506
0.516317573815
0.863090685357
0.911704118186
0.510760265358
0.859718119565
0.911704118186
0.510760265358
0.859718119565
0.965859032018
0.509163816281
0.853648325339
0.965859032018
0.509163816281
0.853648325339
0.885547365089
0.508110684742
0.849291558969
1.0
0.507799502473
0.848370780579
0.915789055016
0.507257876592
0.849852032519
0.915789055016
0.507257876592
0.849852032519
0.884569590402
0.507381843239
0.845569402119
0.854626048881
0.505695967095
0.844439402329
0.938871445369
0.504258140271
0.841311322753
0.901556374934
0.503716147721
0.842364943393
0.901556374934
0.503716147721
0.842364943393
