0.99
0.679784202621
0.596744601503
0.99
0.680376206663
0.595408279197
0.99
0.683469256443
0.58727369736
0.99
0.683469256443
0.58727369736
0.99
0.69474606228
0.561124633881
0.99
0.691643992918
0.558692601674
0.879742388899
0.703845587758
0.537539840262
0.953561399147
0.714811941083
0.51302872602
0.953561399147
0.714189511764
0.512377806203
0.975167260716
0.718041126792
0.497278998352
0.857842654892
0.718021227735
0.497623651005
0.857842654892
0.717097900314
0.502924290595
0.971794413831
0.716049584347
0.501086858423
0.971794413831
0.716049584347
0.501086858423
0.991957610229
0.715283615868
0.501115217968
0.930282510189
0.714881769305
0.500392162431
0.930282510189
0.715191628932
0.498702394791
0.969199566354
0.714909352196
0.49824724056
0.980794583822
0.714825566086
0.498511250571
0.980794583822
0.715375734836
0.499061130695
0.970265907254
0.715212669196
0.499486460523
0.970265907254
0.715318990485
0.500188258886
0.970265907254
0.715318990485
0.500188258886
0.980712657212
0.714848238718
0.500858804967
0.980712657212
0.714597300622
0.500782642631
1.0
0.71473243408
0.50101149801
1.0
0.714705130966
0.500576961524
0.970099280522
0.714911062371
0.500653162515
0.970099280522
0.714969291554
0.500343820236
0.983538975017
0.715101171437
0.499777809107
0.983538975017
0.715811738714
0.500870919021
0.983538975017
0.715811738714
0.500870919021
0.969588476834
0.716027223938
0.500754298984
0.969588476834
0.716148186087
0.50070795107
0.979107876693
0.716576365482
0.499690002602
0.979107876693
0.717201781527
0.500102962741
0.981623739758
0.7176438833
0.499920499627
0.981623739758
0.717597662709
0.500250433987
0.988168458597
0.717678595236
0.499694329558
0.988168458597
0.717678595236
0.499694329558
0.988168458597
0.717479071327
0.49817309077
1.0
0.717970831902
0.498239640258
1.0
0.718011032315
0.498228297908
1.0
0.7182709809
0.498392410715
1.0
0.718876834218
0.500204057591
0.9906079855
0.719137379476
0.499202959178
0.9906079855
0.719391507878
0.499127006069
0.987373928708
0.719572251517
0.499330574978
0.987373928708
0.719215174691
0.49951361382
0.987373928708
0.719215174691
0.49951361382
0.995328831724
0.719377141165
0.499022338175
0.995328831724
0.719572947789
0.499443714851
0.990719896562
0.719749538816
0.499197200359
0.990719896562
0.719145319171
0.498600103716
1.0
0.719144462977
0.498867358062
1.0
0.718683926766
0.49829811865
1.0
0.718751898138
0.498369109721
1.0
0.718751898138
0.498369109721
1.0
0.718574207938
0.497603383814
1.0
0.718567612666
0.497849753038
1.0
0.718165229715
0.497482756309
1.0
0.718085544775
0.497799214694
0.978524805146
0.717223954861
0.496936469107
0.978524805146
0.717262294068
0.497026211256
1.0
0.71647352787
0.495193897198
1.0
0.716404663326
0.495105766455
1.0
0.715468001997
0.493557357116
1.0
0.715468001997
0.493557357116
1.0
0.715227002423
0.493980576789
1.0
0.714047267975
0.492748597085
1.0
0.713802025545
0.493443835391
0.908486882765
0.712874323825
0.493150377497
0.908486882765
0.712778983339
0.494034968684
0.991636361627
0.711130763522
0.49156912446
0.991636361627
0.710629735703
0.4915607757
0.991636361627
0.710629735703
0.4915607757
0.949336484247
0.710043094748
0.490955593605
0.949336484247
0.709547957185
0.492892638
1.0
0.708950190809
0.493850560928
1.0
0.708401670469
0.495835008067
1.0
0.706964519163
0.495907343104
1.0
0.706314416237
0.497894545245
1.0
0.704675599405
0.497790369395
1.0
0.703898010886
0.499950749906
1.0
0.703032931547
0.501042160295
1.0
0.703032931547
0.501042160295
1.0
0.702279425171
0.503349703124
1.0
0.701046061381
0.50233359062
1.0
0.700115476315
0.503778562786
1.0
0.69828712797
0.502760636545
1.0
0.697501949782
0.504840223839
1.0
0.696074412056
0.503304892939
1.0
0.695197386432
0.505312684668
1.0
0.694088587224
0.505926735
1.0
0.694088587224
0.505926735
1.0
0.692958890538
0.508853303877
1.0
0.691719140471
0.508290239432
1.0
0.690887367828
0.509695750425
1.0
0.688875751539
0.508281273524
1.0
0.687904476533
0.51045281652
1.0
0.686702243509
0.511095802132
1.0
0.686041609011
0.513228712889
1.0
0.686041609011
0.513228712889
1.0
0.68540288108
0.515036537376
1.0
0.684057055973
0.517234689825
1.0
0.681173049425
0.514941950402
1.0
0.680265304897
0.517424405805
0.99
0.673129032253
0.511303139921
0.99
0.671969024996
0.514420957241
0.848525500235
0.650176425884
0.483265386072
0.848525500235
0.650176425884
0.483265386072
0.848525500235
0.648882040557
0.485916296441
0.99
0.640646610653
0.491422541134
0.99
0.63888964276
0.493930994515
0.99
0.62617600813
0.482867021127
0.99
0.619759085112
0.49313021778
0.99
0.616126595674
0.491252817535
0.99
0.59995583872
0.512552613129
