0.991316909749
0.628165233199
0.363605266372
0.991316909749
0.627797507782
0.363780770623
1.0
0.627687215223
0.364457209965
1.0
0.627931435569
0.364355234621
1.0
0.628292864231
0.363619888525
1.0
0.628089085046
0.363893597392
1.0
0.628032348427
0.364874499334
1.0
0.628142338201
0.366273730849
0.966033098736
0.627976852225
0.366518399053
0.966033098736
0.627765190313
0.367162548948
0.966033098736
0.627765190313
0.367162548948
1.0
0.627667356439
0.366074853553
1.0
0.627722425039
0.366228921399
1.0
0.627815354022
0.366681403634
1.0
0.627840769608
0.366529282556
1.0
0.627644011946
0.367046632286
1.0
0.627453724278
0.366343336237
1.0
0.627403181916
0.367047940655
1.0
0.627072321811
0.367035463106
1.0
0.627072321811
0.367035463106
0.991659903265
0.626786509176
0.367332559591
0.991659903265
0.626211705181
0.36744832469
1.0
0.626324719638
0.366904784461
1.0
0.626429888668
0.366870788221
1.0
0.625959458199
0.368474222743
1.0
0.625833296444
0.369000606367
1.0
0.625443166396
0.36985546551
1.0
0.625443166396
0.36985546551
1.0
0.62533082029
0.36958094744
1.0
0.625437520946
0.368825083579
1.0
0.625257112922
0.368826341052
0.944160148091
0.625108506077
0.370080211278
0.944160148091
0.625148607832
0.370392052468
1.0
0.625102959942
0.371321050248
1.0
0.625100949364
0.371591840954
1.0
0.624683904536
0.37193539806
1.0
0.624633782895
0.371988327582
1.0
0.624633782895
0.371988327582
1.0
0.624559397035
0.371183789005
1.0
0.623930404437
0.370508674021
1.0
0.623789800837
0.371088968301
1.0
0.624008954474
0.372342240648
1.0
0.624063902647
0.372078294691
1.0
0.623886886502
0.371693550683
1.0
0.62355279537
0.372364685617
1.0
0.62355279537
0.372364685617
1.0
0.623295265432
0.371991562314
1.0
0.623151942204
0.371854227402
1.0
0.622731804544
0.371466460269
1.0
0.62256058734
0.371456237867
1.0
0.622648641316
0.372218860475
1.0
0.622570564941
0.372853554238
0.987695022036
0.621851120154
0.372308622039
0.987695022036
0.621390663446
0.373662256115
1.0
0.621257728698
0.374248513023
1.0
0.621257728698
0.374248513023
1.0
0.621162205877
0.374586724806
1.0
0.621165385243
0.374807143993
1.0
0.621006600285
0.375133226541
1.0
0.620350604466
0.374902339356
1.0
0.619607987974
0.375002940977
1.0
0.619588978486
0.376758640912
1.0
0.619588978486
0.376758640912
1.0
0.61954400053
0.377302849071
1.0
0.61902895849
0.377324201845
1.0
0.618829031404
0.378634875746
1.0
0.618158979969
0.379397107669
1.0
0.617542017279
0.379658655457
1.0
0.617394742929
0.382620228479
1.0
0.61734296128
0.382822739145
0.968137626326
0.616675008804
0.385386434291
0.968137626326
0.616286586084
0.386152921281
0.968137626326
0.616286586084
0.386152921281
0.95827510471
0.615950929429
0.390376766136
0.95827510471
0.615542905061
0.391722256836
1.0
0.615316622662
0.396975349238
1.0
0.614326763534
0.40356847088
0.98801729505
0.614613807151
0.404993808562
0.98801729505
0.613046982144
0.419760522832
0.99
0.61292697642
0.419586235966
1.0
0.612526686867
0.426352036305
1.0
0.612557506269
0.427495547627
1.0
0.612557506269
0.427495547627
1.0
0.612732015678
0.43474489595
0.990319022733
0.612632590349
0.435016818105
0.990319022733
0.613043888485
0.435936463749
1.0
0.61296187284
0.435852528142
1.0
0.613022295666
0.435017386334
1.0
0.61271394152
0.435678975995
1.0
0.612664690525
0.435514500974
1.0
0.612664690525
0.435514500974
1.0
0.612610696483
0.436438209445
1.0
0.612445075271
0.436608972428
0.957621269631
0.612033111483
0.435552350982
0.957621269631
0.611739194648
0.435424726342
1.0
0.611391039969
0.436547318224
1.0
0.611559623642
0.436378539364
1.0
0.611614917736
0.437248736912
1.0
0.611614917736
0.437248736912
1.0
0.611596831709
0.436551063665
1.0
0.612010778216
0.438773096296
1.0
0.611396662959
0.439838662665
1.0
0.611123503904
0.439567979265
1.0
0.610985828433
0.440068456669
1.0
0.611286613307
0.441224060117
1.0
0.611241929632
0.441307126276
1.0
0.611029212749
0.442640854394
1.0
0.611084359071
0.442475231552
1.0
0.611084359071
0.442475231552
1.0
0.611266633637
0.444530956313
1.0
0.611161100093
0.445005121117
0.977298579849
0.61077784527
0.4453053041
0.977298579849
0.610714897472
0.445566730629
0.971941493992
0.610302234603
0.445682393077
0.971941493992
0.610201146534
0.446647047643
1.0
0.61035119283
0.447740414013
1.0
0.610439858166
0.447735036532
1.0
0.610439858166
0.447735036532
1.0
0.609799051741
0.447909173053
1.0
0.609674112649
0.448375625292
1.0
0.609429150727
0.448972220134
1.0
0.608927002128
0.448425071822
0.923599925293
0.608668151058
0.448404252083
0.923599925293
0.608643383637
0.448527083856
1.0
0.608808411086
0.449488702522
1.0
0.608719917813
0.450455005775
1.0
0.608719917813
0.450455005775
1.0
0.609054518127
0.451512011218
1.0
0.608804799023
0.451163535115
1.0
0.608699332211
0.451260842681
1.0
0.608572760881
0.451061213143
0.991668576408
0.608304245238
0.450250945337
0.991668576408
0.608199991331
0.451132880384
1.0
0.608128807618
0.451609873028
1.0
0.607989277904
0.451188731555
1.0
0.607989277904
0.451188731555
0.992425002465
0.607755048195
0.450505091133
0.992425002465
0.607529510458
0.450835457121
1.0
0.607006897473
0.451279903393
1.0
0.607043029227
0.451290583418
0.989467065837
0.607015210491
0.451374025956
0.989467065837
0.606894347092
0.452107763055
1.0
0.60675798226
0.452390122786
1.0
0.60675798226
0.452390122786
1.0
0.606439638644
0.451978085083
1.0
0.606170821526
0.452501822666
1.0
0.606276180314
0.452884958965
0.976456781787
0.605990877603
0.45277192672
0.976456781787
0.606046970122
0.452616786466
0.984427507624
0.606187653307
0.452543208
0.984427507624
0.605966531589
0.452950983958
1.0
0.606248778574
0.453520922798
1.0
0.606447435533
0.452981558361
1.0
0.606281704976
0.45242227045
1.0
0.606281704976
0.45242227045
1.0
0.60617600411
0.452594743654
0.994884254474
0.606065777845
0.451155423721
0.994884254474
0.606146632226
0.450682322495
0.99590014662
0.606107061265
0.451626197673
0.99590014662
0.605876673551
0.451966488798
0.983559296868
0.60611442226
0.452427803274
0.983559296868
0.60611442226
0.452427803274
0.983559296868
0.606290052645
0.451802353252
0.98502507831
0.605934579804
0.451565215138
0.98502507831
0.606136495237
0.451428450495
1.0
0.606080895692
0.450763828161
1.0
0.606138851256
0.450895435317
1.0
0.606875416459
0.451000222408
1.0
0.606826935036
0.450725816758
0.989534065238
0.607321542144
0.451659099965
0.989534065238
0.607321542144
0.451659099965
0.989534065238
0.607397017414
0.45176289808
1.0
0.607035637129
0.451378262933
1.0
0.60712443062
0.450962836816
0.988743181718
0.607364612786
0.451534834089
0.988743181718
0.607556837817
0.451405937791
1.0
0.607710756178
0.451509851404
1.0
0.607658914775
0.451033729808
1.0
0.607941538414
0.451908335493
1.0
0.607941538414
0.451908335493
1.0
0.607921043003
0.451821056669
1.0
0.607793102227
0.451270298264
1.0
0.607846970056
0.451292145958
1.0
0.608158791361
0.452852739086
1.0
0.608229240108
0.452623314346
0.95482586628
0.608384517257
0.45243574791
0.95482586628
0.608383348456
0.452318813862
0.992834062847
0.60852057937
0.452900858697
0.992834062847
0.60852057937
0.452900858697
0.992834062847
0.608681376556
0.452958711533
0.972522602057
0.609024623643
0.453732989945
0.972522602057
0.609286365911
0.453069737763
1.0
0.60951067139
0.453752613211
1.0
0.609502886301
0.45438935198
0.981883801082
0.609639953485
0.454568023433
0.981883801082
0.609681920578
0.454634597227
1.0
0.609421337036
0.454590656637
1.0
0.60943871047
0.454953720264
1.0
0.609141480467
0.455886541799
1.0
0.609141480467
0.455886541799
1.0
0.608947135781
0.456452759352
1.0
0.608743780864
0.456685639057
1.0
0.608726092597
0.457681239676
0.999517005491
0.609037583096
0.458303260534
0.999517005491
0.609086663032
0.458358813959
1.0
0.609035664625
0.458772703334
1.0
0.609035664625
0.458772703334
1.0
0.608744036735
0.459398200702
1.0
0.608984341424
0.46043612874
1.0
0.609023996676
0.461278303844
0.987000094501
0.608584229805
0.460711669504
0.987000094501
0.60874930927
0.461456540781
0.994562113664
0.608818617442
0.460764761535
0.994562113664
0.608674470978
0.461066010942
1.0
0.609133263468
0.462280966114
1.0
0.609133263468
0.462280966114
1.0
0.609214777951
0.463130047495
1.0
0.609640131101
0.463957524752
1.0
0.609840754562
0.464110434906
1.0
0.609639043628
0.465103171282
1.0
0.609775911085
0.465880342968
1.0
0.609886052275
0.466602180424
1.0
0.610522795962
0.467170588398
1.0
0.611042538057
0.468374214907
1.0
0.611238567824
0.468632277903
1.0
0.611238567824
0.468632277903
1.0
0.610837751931
0.468206018138
1.0
0.610588817717
0.469270386357
1.0
0.61026056741
0.470522288491
1.0
0.610302144295
0.470841876412
1.0
0.610112069663
0.470333064356
1.0
0.610501685803
0.470522088701
1.0
0.610145665526
0.470728297935
1.0
0.610145665526
0.470728297935
1.0
0.610084552085
0.471700984497
0.963598980493
0.609235489304
0.469542553505
0.963598980493
0.609162302454
0.470384687597
0.955528134697
0.606853083634
0.468159847581
0.955528134697
0.607144916025
0.468429008134
0.99
0.596480153913
0.43161372113
0.99
0.59624429128
0.432173901349
1.0
0.593823382337
0.430457394607
1.0
0.594006888968
0.430479156278
1.0
0.592023601198
0.430688585619
1.0
0.592023601198
0.430688585619
1.0
0.588937759023
0.432125501107
1.0
0.589434791292
0.434794120704
1.0
0.585068563887
0.438685538583
1.0
0.584663009852
0.440046951467
0.888320235241
0.582867743494
0.440155549978
0.888320235241
0.582669841839
0.441791209739
0.888320235241
0.582669841839
0.441791209739
0.972383104595
0.580213109895
0.443178603684
0.972383104595
0.579509353852
0.445064733215
1.0
0.577329922639
0.449043971892
1.0
0.57746352459
0.451745956185
1.0
0.57746114038
0.454714443857
1.0
0.577464138514
0.457756203913
1.0
0.578058414589
0.460054456319
1.0
0.578433428957
0.464514178659
1.0
0.578433428957
0.464514178659
1.0
0.578134847123
0.467545600445
1.0
0.578145428538
0.471265340402
1.0
0.578362681088
0.47390745884
1.0
0.578331258578
0.476035660185
1.0
0.578378102965
0.479555644161
1.0
0.578348539862
0.482668225538
1.0
0.578594676798
0.486082153847
1.0
0.578221771667
0.487624607841
1.0
0.578416664314
0.491332912233
1.0
0.578416664314
0.491332912233
1.0
0.578696432728
0.494162258348
1.0
0.579033371546
0.49678914839
1.0
0.578853748084
0.498581528326
1.0
0.578471697289
0.502135256461
1.0
0.578777606447
0.504753694004
1.0
0.579121450952
0.507580840746
1.0
0.578897065179
0.507492232459
1.0
0.578897065179
0.507492232459
1.0
0.578639417219
0.510050543513
1.0
0.579027678586
0.513136647899
1.0
0.579291194789
0.515711789273
1.0
0.579635300834
0.517249936581
1.0
0.579885439848
0.519504756883
