1.0
0.435444796309
0.655899727639
1.0
0.435528493192
0.655743543155
1.0
0.435571200818
0.656019707465
1.0
0.435571200818
0.656019707465
1.0
0.43616266583
0.6574466742
1.0
0.436158495357
0.6583286473
1.0
0.436353517993
0.658231848181
1.0
0.436270435659
0.658338347618
1.0
0.437062962538
0.658636880905
1.0
0.437158151231
0.658558766317
1.0
0.437158151231
0.658558766317
1.0
0.437207770697
0.658283387217
1.0
0.437329725237
0.658209359642
1.0
0.437572093039
0.658067579118
1.0
0.437645179919
0.65785400785
1.0
0.43879774671
0.659298558392
1.0
0.438872498931
0.659847118768
1.0
0.438596575571
0.659546766267
1.0
0.438601503315
0.659579058192
1.0
0.439103839319
0.659683262762
1.0
0.439222739333
0.659707858329
1.0
0.439222739333
0.659707858329
1.0
0.439222329176
0.660091333759
1.0
0.438709655938
0.660208831717
1.0
0.43106471505
0.652769445194
0.99
0.423946887106
0.652366653806
0.99
0.396879576259
0.626796830598
0.99
0.396879576259
0.626796830598
0.759811281889
0.367197223299
0.627502793716
0.759811281889
0.34035147045
0.600207601088
0.759811281889
0.312803449753
0.581119550133
0.759811281889
0.308651059465
0.577695288339
0.759811281889
0.289809641584
0.561721137135
0.759811281889
0.289809641584
0.561721137135
0.759811281889
0.292553599499
0.563807148344
0.677393600793
0.293323095868
0.561840448165
0.677393600793
0.293318495023
0.560460672468
0.643289461386
0.29287110132
0.559367904612
0.643289461386
0.293664126824
0.558531287358
0.605748515144
0.294302771556
0.56229777864
0.605748515144
0.292832333518
0.560916306278
0.774504779912
0.292420210975
0.559350395104
0.774504779912
0.293093323998
0.560345606971
0.66436875032
0.294017867229
0.557753559303
0.66436875032
0.294017867229
0.557753559303
0.66436875032
0.293810303859
0.558032008196
0.702617383031
0.291860101749
0.564813065559
0.702617383031
0.292307075976
0.564827033294
0.717610590349
0.292093390068
0.563110224874
0.717610590349
0.291944371815
0.563403971242
0.667696623946
0.292852474313
0.560902322921
0.667696623946
0.292556521416
0.559753605645
0.663076171763
0.291855308345
0.565172251397
0.663076171763
0.291855308345
0.565172251397
0.663076171763
0.290838202837
0.565110934189
0.792001812721
0.29053271566
0.563568953962
0.792001812721
0.291316951678
0.563332799405
0.695234292852
0.292231253928
0.560890535831
0.695234292852
0.291213512954
0.560933110348
0.682363502569
0.292042292696
0.558577650724
0.682363502569
0.293456378335
0.559379265474
0.682363502569
0.293456378335
0.559379265474
0.701071431652
0.291528870448
0.566260697265
0.701071431652
0.289897070692
0.564716930296
0.769771229253
0.290939396205
0.561690522329
0.769771229253
0.291756661396
0.56104808439
0.839919430091
0.291347307712
0.560191438179
0.839919430091
0.290756702331
0.560224000619
0.721993544287
0.290179246522
0.56563753832
0.721993544287
0.290725425657
0.566976829692
0.726518957356
0.290436874528
0.565555175275
0.726518957356
0.290436874528
0.565555175275
0.726518957356
0.290077607708
0.565942375273
0.73966891083
0.291002005222
0.563627827494
0.73966891083
0.291179091664
0.562982345744
0.860583380693
0.290778457939
0.562184644082
0.860583380693
0.290201112116
0.56168170522
0.760798572022
0.291143020262
0.55932997845
0.760798572022
0.291143020262
0.55932997845
0.760798572022
0.29265270234
0.559969248131
0.773913607223
0.292262898484
0.559151093263
0.773913607223
0.291702855445
0.558921373387
0.716488705169
0.291145532466
0.564377676523
0.716488705169
0.29138883634
0.564522437436
0.749798869997
0.292366159636
0.561713572048
0.749798869997
0.292529717029
0.561986544236
0.812729760565
0.292150252309
0.561227296327
0.812729760565
0.292329863192
0.560333970594
0.832505127336
0.292052611748
0.559458830567
0.832505127336
0.292052611748
0.559458830567
0.832505127336
0.299730701635
0.564929815742
0.613755561263
0.303338444889
0.559792401657
0.613755561263
0.335757679997
0.584154236771
0.99
0.341003059069
0.586118433916
0.99
0.376777263666
0.615492534394
0.99
0.387323980054
0.612721460191
0.99
0.387323980054
0.612721460191
0.99
0.42619634259
0.643130948327
0.99
0.439441455396
0.638957793381
0.97720395119
0.471283326549
0.662458611334
0.97720395119
0.484710407996
0.656126089429
0.99
0.503237049451
0.669464715104
0.99
0.514163322824
0.66306764363
0.99
0.521985367634
0.6694756489
1.0
0.526374127157
0.666426423422
1.0
0.526066981613
0.665991450358
1.0
0.526066981613
0.665991450358
1.0
0.527043697206
0.665857584985
1.0
0.525955767086
0.66450253702
1.0
0.525715924014
0.663960311791
1.0
0.525303201597
0.662034036612
1.0
0.525352326903
0.660908037763
1.0
0.524841466904
0.659717157127
1.0
0.525052838852
0.658972763003
1.0
0.525709963673
0.658714588107
1.0
0.52585783854
0.658211180288
1.0
0.52585783854
0.658211180288
1.0
0.525976022539
0.656984825521
1.0
0.525842060096
0.657918564209
1.0
0.52572826171
0.658081413456
1.0
0.52586245354
0.657539105296
1.0
0.525435884005
0.656905667896
1.0
0.525018528063
0.657273285424
1.0
0.525018528063
0.657273285424
1.0
0.524939381882
0.657686626407
1.0
0.525027549781
0.65738103838
1.0
0.525301648695
0.656414369651
1.0
0.525310582202
0.656369917368
1.0
0.524857829089
0.656882447555
1.0
0.52502235795
0.656496229277
1.0
0.52490204859
0.655963008528
1.0
0.525116142398
0.656098145751
1.0
0.525041870159
0.655737717541
1.0
0.524730002752
0.655279295974
1.0
0.524730002752
0.655279295974
1.0
0.524773265715
0.655229863576
1.0
0.524836802917
0.655230868795
1.0
0.524264860344
0.654929302414
1.0
0.524713106003
0.654732208247
1.0
0.524579549628
0.654414690453
1.0
0.524314808027
0.654677020109
1.0
0.524635912198
0.654532122063
1.0
0.524792544069
0.654407007891
1.0
0.524792544069
0.654407007891
1.0
0.524738707786
0.654446318575
1.0
0.524581783068
0.653847930537
1.0
0.524865457531
0.653904151364
1.0
0.52504932837
0.653877557058
1.0
0.525231137556
0.653629595912
1.0
0.525540303067
0.653644032359
1.0
0.524404715584
0.653740911552
1.0
0.524241628346
0.653896950947
1.0
0.524241628346
0.653896950947
1.0
0.524754572539
0.654126655565
1.0
0.524737095626
0.653830797934
1.0
0.524559324081
0.653414593509
1.0
0.524355600748
0.653448100519
1.0
0.524242484542
0.653152696943
1.0
0.524457939883
0.65298715055
1.0
0.526219531772
0.653497790017
1.0
0.527766683728
0.651820778176
1.0
0.527766683728
0.651820778176
0.99
0.540289505679
0.655685104279
0.99
0.549081143548
0.644654720055
