0.99
0.359239244449
0.340682469197
0.99
0.360097341987
0.342089621546
0.99
0.358904048463
0.327288136406
0.99
0.359476274599
0.326844074423
1.0
0.359087329899
0.316803059413
1.0
0.359679033424
0.316889312699
1.0
0.359679033424
0.316889312699
1.0
0.359316476923
0.308526518213
1.0
0.359342575352
0.309599676748
1.0
0.35859480174
0.312125677189
1.0
0.358821071012
0.311972869372
1.0
0.358478573906
0.312069127483
1.0
0.358895147389
0.312627350069
1.0
0.358717833056
0.313147052298
1.0
0.359318619737
0.314005047598
1.0
0.359104340483
0.314686598287
1.0
0.359104340483
0.314686598287
1.0
0.359137673843
0.314896821516
1.0
0.358875326642
0.31564246766
1.0
0.35877298423
0.315396216607
1.0
0.358701703367
0.315352343173
1.0
0.358627723511
0.315739662493
1.0
0.358239478648
0.317229094472
1.0
0.35823799275
0.317139891947
1.0
0.35834220591
0.316584666912
1.0
0.35834220591
0.316584666912
1.0
0.358691208175
0.316288308539
1.0
0.35836933202
0.317114533929
1.0
0.358555278704
0.317163524927
1.0
0.358547021059
0.317654739169
1.0
0.358581738705
0.317889537746
1.0
0.358438247646
0.317884204906
1.0
0.358438247646
0.317884204906
1.0
0.358653414614
0.318158258964
1.0
0.358649693695
0.318191612674
1.0
0.35868493177
0.317834980668
1.0
0.358682184202
0.317950268554
1.0
0.358253192634
0.31832998849
1.0
0.358192938315
0.318578587384
1.0
0.359268453989
0.31899969078
1.0
0.359025496485
0.319186794212
1.0
0.362562169547
0.317823685973
1.0
0.362527608646
0.318028494468
1.0
0.362527608646
0.318028494468
0.99
0.373920763608
0.31708662195
0.99
0.373770528271
0.317652548422
1.0
0.382008667001
0.318837372464
1.0
0.381923858323
0.319104764199
1.0
0.388450957397
0.319285234106
1.0
0.389494183459
0.31605377838
1.0
0.389494183459
0.31605377838
1.0
0.390959399673
0.317025614465
1.0
0.395428472026
0.300937421262
1.0
0.395469348045
0.301279194001
0.967409162122
0.397812698829
0.291705377106
0.967409162122
0.397820628261
0.291905515954
0.940024561799
0.398855197418
0.287489370068
0.940024561799
0.399306084637
0.287306791736
0.96687451261
0.400137777078
0.282309591796
0.96687451261
0.400378896283
0.282878657597
0.96687451261
0.400378896283
0.282878657597
0.995208302699
0.401390533661
0.280757508524
0.995208302699
0.401291874083
0.280682741879
1.0
0.403644899028
0.27624158574
1.0
0.403906179723
0.276359837044
1.0
0.404646534186
0.275189004631
1.0
0.404577462425
0.274803515434
1.0
0.404594780254
0.275006293421
1.0
0.404594780254
0.275006293421
1.0
0.404623785903
0.275634204743
1.0
0.404618978381
0.275954863889
1.0
0.404509957801
0.276284526708
1.0
0.404643619091
0.275936132939
1.0
0.404542017315
0.275838054504
1.0
0.404748894473
0.275212683121
1.0
0.405148305803
0.275452933892
1.0
0.404818949295
0.276908208963
1.0
0.404376315792
0.277087708909
1.0
0.404376315792
0.277087708909
1.0
0.404404621968
0.276790508744
1.0
0.402662258343
0.273981845032
1.0
0.402586830078
0.274415049998
0.957014497782
0.395876637059
0.269005693463
0.957014497782
0.395976447015
0.268730144013
0.99
0.373090590999
0.244079256897
0.99
0.373150654193
0.244166743671
0.970500181278
0.367559874991
0.243192958477
0.970500181278
0.367559874991
0.243192958477
0.970500181278
0.36698255486
0.243690944802
0.841085223874
0.358264691941
0.238755917493
0.841085223874
0.354965089535
0.241296473444
0.960030365232
0.351021163936
0.238274102147
0.960030365232
0.344063670119
0.248546998746
0.902982568083
0.342995862418
0.249853529904
0.902982568083
0.336972156547
0.261355998606
0.903272146325
0.335000258629
0.259623532871
0.903272146325
0.335000258629
0.259623532871
0.903272146325
0.330993617055
0.266701246011
0.960989312239
0.330222941248
0.265357414318
0.960989312239
0.32862833435
0.267642201183
0.971668089786
0.327323801575
0.266228724662
0.971668089786
0.327115710695
0.266187338619
0.996810524271
0.325812909261
0.264476388266
0.996810524271
0.325602287319
0.264241274109
0.996810524271
0.325602287319
0.264241274109
1.0
0.324934615267
0.263085057813
1.0
0.325041741441
0.262652233489
1.0
0.323429766695
0.259122952842
1.0
0.323354970747
0.259188833935
1.0
0.322628020913
0.256954797734
1.0
0.322876197361
0.256010248473
1.0
0.322261672174
0.255240869282
1.0
0.322064137231
0.255549669417
1.0
0.321829888647
0.255252514386
1.0
0.321762964272
0.256111225951
1.0
0.321762964272
0.256111225951
1.0
0.321594148809
0.255131554059
1.0
0.321667510155
0.253781564979
1.0
0.321883752156
0.253994997602
1.0
0.321784590023
0.254611957096
1.0
0.320941504644
0.253175859995
1.0
0.321103636187
0.252560714834
1.0
0.321103636187
0.252560714834
1.0
0.321245679557
0.252997266123
1.0
0.321230597999
0.252435686584
1.0
0.32138858074
0.252647388543
1.0
0.321339894879
0.252608338432
1.0
0.320329051682
0.251305588994
1.0
0.320092165466
0.250741420378
1.0
0.320691543117
0.250523560998
1.0
0.32081901475
0.250464611525
1.0
0.320569605411
0.24998216465
1.0
0.320569605411
0.24998216465
1.0
0.320477577677
0.250232353006
1.0
0.320215054915
0.250617701012
1.0
0.320162940184
0.250521218164
1.0
0.320141007958
0.250155635015
1.0
0.320231814502
0.248798820921
1.0
0.320016830578
0.248627387428
1.0
0.319976989347
0.24914897477
1.0
0.319976989347
0.24914897477
1.0
0.3197208957
0.249572686133
1.0
0.319846305391
0.248991084827
1.0
0.319797202036
0.24822234186
1.0
0.319755135738
0.249388372466
1.0
0.320492446964
0.250486532064
1.0
0.32035626204
0.250128304251
1.0
0.319247426329
0.248725294285
1.0
0.319422911692
0.247399649753
1.0
0.319342840933
0.247599695643
1.0
0.319342840933
0.247599695643
1.0
0.319316590669
0.247633889423
1.0
0.31937061816
0.247665207377
1.0
0.319456415117
0.247502521015
1.0
0.319746037166
0.24779677911
1.0
0.319650730406
0.247779611248
1.0
0.319726862048
0.247812967648
1.0
0.319894816989
0.247511863683
1.0
0.319894816989
0.247511863683
1.0
0.319777677368
0.247136500254
1.0
0.319753245171
0.247364422341
1.0
0.316997279222
0.244663342679
1.0
0.317119944493
0.244518946072
1.0
0.314287490038
0.241441259338
1.0
0.314392662427
0.241147121135
1.0
0.314246889903
0.24065609837
1.0
0.314145870328
0.240592324889
1.0
0.314145870328
0.240592324889
1.0
0.314254226877
0.240795138961
1.0
0.31352413559
0.241059781075
1.0
0.31343105954
0.240566618429
1.0
0.312224164826
0.242361715279
1.0
0.311991159004
0.242591632349
1.0
0.312019404183
0.24307906835
1.0
0.311865133077
0.24304048102
1.0
0.31185058813
0.242435934069
1.0
0.31185058813
0.242435934069
1.0
0.311988072113
0.242403668688
1.0
0.312194548718
0.242161996299
1.0
0.312390852036
0.24148839569
1.0
0.312206093263
0.242242106218
1.0
0.31157377125
0.242509437447
1.0
0.311813554806
0.242035106149
1.0
0.312310026463
0.242485308813
1.0
0.31210519826
0.241886874484
1.0
0.312284064111
0.241784626222
1.0
0.312284064111
0.241784626222
1.0
0.312290586214
0.241995177347
1.0
0.312118964541
0.24237039074
1.0
0.312041523293
0.242563326229
1.0
0.31095785823
0.242820536518
1.0
0.310930752117
0.24347718994
1.0
0.311958344151
0.24391486859
1.0
0.311942908677
0.243515089495
1.0
0.311942908677
0.243515089495
1.0
0.311455886635
0.243152516761
1.0
0.311511139312
0.243220880005
1.0
0.311455197004
0.242800742561
1.0
0.311404824893
0.242984146545
1.0
0.311260333226
0.243125209045
1.0
0.311223893994
0.243038709894
1.0
0.311995910017
0.243334438596
1.0
0.311902029517
0.244496179683
1.0
0.311902029517
0.244496179683
1.0
0.311420930509
0.243274610419
1.0
0.31149794132
0.243054440144
1.0
0.311040006493
0.243294113993
1.0
0.311091071299
0.242434498571
1.0
0.310786638011
0.241198071827
1.0
0.310692848399
0.241237782039
1.0
0.311101271092
0.241674348292
1.0
0.311028322877
0.242516594543
1.0
0.311028322877
0.242516594543
1.0
0.311294550366
0.243270321344
1.0
0.311477336979
0.242641149992
1.0
0.311642879286
0.243307441062
1.0
0.311527650968
0.243332966068
1.0
0.31128433051
0.244089686639
1.0
0.311446624553
0.243130729649
1.0
0.314964663506
0.244214127179
1.0
0.314940217927
0.245063820692
1.0
0.314940217927
0.245063820692
0.99
0.329876242669
0.256254825087
0.99
0.329927464946
0.256110989211
0.99
0.351830217074
0.275055025259
0.99
0.351886829011
0.274991377519
0.99
0.378595382788
0.300563882839
