1.0
0.506490271301
0.642953724538
1.0
0.506194047099
0.643164465443
1.0
0.506253489858
0.644005353404
1.0
0.49975377657
0.643686248568
1.0
0.499991684614
0.642963483239
1.0
0.492839090267
0.642352118094
1.0
0.492397040638
0.642284800998
1.0
0.489261947431
0.645230009368
1.0
0.486743966177
0.650180825089
1.0
0.486743966177
0.650180825089
1.0
0.484580191847
0.652648808997
1.0
0.480316361207
0.664368893179
1.0
0.479945716699
0.663472851916
1.0
0.477546398697
0.670017111309
1.0
0.477326381231
0.67047018182
1.0
0.477779060813
0.673193149686
1.0
0.476688803375
0.673495518692
1.0
0.477433543314
0.674703421273
1.0
0.47761679617
0.674024829221
1.0
0.47761679617
0.674024829221
1.0
0.477853049793
0.672473083266
1.0
0.477370529073
0.674597560784
1.0
0.477318841264
0.674466945944
1.0
0.477772778409
0.67299088556
1.0
0.477560429996
0.673979505915
1.0
0.477620978586
0.6764622535
1.0
0.477696917856
0.677677686219
1.0
0.477696917856
0.677677686219
1.0
0.477208086039
0.677354572028
1.0
0.477210681146
0.67826842441
1.0
0.47703258793
0.679648166626
1.0
0.476983512626
0.679556283685
1.0
0.478011572916
0.676420008653
1.0
0.478001867148
0.676866814025
1.0
0.47838448682
0.67620027758
1.0
0.478317018145
0.675907328828
1.0
0.478317018145
0.675907328828
1.0
0.477336606276
0.675773545463
1.0
0.477306690555
0.674868449481
1.0
0.47792146657
0.675666464502
1.0
0.477723985896
0.677104355472
1.0
0.475922815954
0.677613745024
1.0
0.475965499005
0.678442775883
1.0
0.475747891388
0.678987254892
1.0
0.475698082016
0.678964714362
1.0
0.475698082016
0.678964714362
1.0
0.47383651487
0.680706897307
1.0
0.473708255718
0.68180985232
1.0
0.47287915793
0.681920603851
1.0
0.472970476958
0.681454209253
1.0
0.473011514902
0.682315800253
1.0
0.472868612242
0.683319669565
1.0
0.472467436352
0.683966620381
1.0
0.472308808597
0.68451884747
1.0
0.472308808597
0.68451884747
1.0
0.472883951685
0.686311811137
1.0
0.472782963275
0.687311331221
1.0
0.47215176404
0.687906692388
1.0
0.472518305972
0.686486807222
1.0
0.471345938923
0.686507535312
1.0
0.470935700023
0.687411172627
1.0
0.471001490029
0.688568771866
1.0
0.471086450305
0.689120131805
1.0
0.471088132498
0.688833798
1.0
0.471088132498
0.688833798
1.0
0.472731642078
0.687799437829
1.0
0.472894897334
0.688282904996
1.0
0.473706569417
0.691099298668
1.0
0.473641368843
0.691884334659
0.975528128279
0.473562189492
0.690110490398
0.975528128279
0.47356365128
0.690394344513
1.0
0.472909229395
0.690643555662
1.0
0.472909229395
0.690643555662
1.0
0.472930889651
0.691139604688
1.0
0.473842084917
0.688817635133
1.0
0.473987497763
0.688874679207
1.0
0.475277333758
0.691456634105
1.0
0.475495197157
0.691037811808
0.928792052802
0.474237992285
0.689950115063
0.928792052802
0.474155920495
0.690215214436
1.0
0.474813448719
0.691557055671
1.0
0.474813448719
0.691557055671
1.0
0.474783350249
0.691366613436
1.0
0.474464324749
0.691093811977
1.0
0.474419655112
0.692725632249
1.0
0.474338182786
0.692642977457
1.0
0.474360588091
0.69332493883
1.0
0.474700110044
0.692228878889
1.0
0.474753518973
0.692612190161
1.0
0.474389839573
0.694927404062
1.0
0.474366237373
0.693610273929
1.0
0.474366237373
0.693610273929
1.0
0.474116935501
0.691367248846
1.0
0.474201957014
0.692224216112
1.0
0.474280714588
0.693318313591
1.0
0.474380933317
0.693674966428
0.910242737828
0.474221651914
0.69107504893
0.910242737828
0.474107099561
0.690166964767
1.0
0.473861311729
0.69156605314
1.0
0.473861311729
0.69156605314
1.0
0.473979777347
0.690684136583
1.0
0.474524429407
0.69187487667
1.0
0.474446850167
0.693062147993
1.0
0.473345303845
0.694888760117
1.0
0.473340493591
0.694558532497
1.0
0.472109782214
0.695685298831
1.0
0.472125823364
0.696079359857
1.0
0.472810446825
0.693092409202
1.0
0.472810446825
0.693092409202
1.0
0.472687038566
0.692943942229
0.986805774316
0.472831410094
0.69411437126
0.986805774316
0.472794572689
0.694993429632
1.0
0.47273821422
0.69363658976
1.0
0.47280735921
0.693088891753
1.0
0.471744704593
0.693086355152
1.0
0.471565866204
0.694179181864
1.0
0.472605741553
0.696016927243
1.0
0.472605741553
0.696016927243
1.0
0.472703151653
0.695497370608
1.0
0.472610027745
0.694330563214
1.0
0.472272503532
0.695411692443
1.0
0.471981363392
0.696356257812
1.0
0.472060301219
0.695046986717
1.0
0.472219156939
0.692797279695
1.0
0.472262200734
0.692750336139
1.0
0.473537988858
0.693771203777
1.0
0.473537988858
0.693771203777
1.0
0.473380235456
0.694488595589
1.0
0.473625435448
0.694856020843
1.0
0.473527703555
0.695020452595
1.0
0.47244760844
0.694867033982
1.0
0.472592720814
0.694300668131
1.0
0.472969888212
0.694003006102
1.0
0.472955867248
0.694168702185
1.0
0.472992059174
0.692652725901
1.0
0.472830281083
0.692060741007
1.0
0.472830281083
0.692060741007
0.984134736805
0.473827809023
0.689971192791
0.984134736805
0.473860106256
0.690147494569
1.0
0.474194384907
0.687579411549
1.0
0.47424204839
0.687259211038
1.0
0.474083718595
0.689644763433
1.0
0.474179121421
0.689528438573
1.0
0.473873459762
0.691206598009
1.0
0.473873459762
0.691206598009
1.0
0.474037944164
0.690442655109
1.0
0.475861477459
0.690776168148
1.0
0.475878936811
0.690579921733
1.0
0.473580913119
0.690400105109
1.0
0.473608087745
0.689376304707
1.0
0.472864667982
0.689204162876
1.0
0.472974781708
0.690316788914
1.0
0.474537311615
0.689967346963
1.0
0.474537311615
0.689967346963
1.0
0.474582150163
0.689646916897
1.0
0.474943211157
0.687932356342
1.0
0.475187916947
0.686995889464
1.0
0.474576603425
0.687342758861
1.0
0.474511174088
0.686985442308
1.0
0.474158121981
0.687527023152
1.0
0.47398510051
0.689739908397
1.0
0.473016358448
0.692814164758
1.0
0.473016358448
0.692814164758
1.0
0.472924390489
0.692083625135
1.0
0.473952221959
0.692187600618
1.0
0.474010744779
0.692735899365
1.0
0.473469728577
0.689965145727
1.0
0.473509913716
0.69010816553
1.0
0.473362293518
0.692006902052
1.0
0.4732147812
0.692309196699
1.0
0.473045810708
0.691424956721
1.0
0.473045810708
0.691424956721
1.0
0.473123049796
0.690521539732
1.0
0.474870636179
0.68949872947
1.0
0.474873496361
0.690579632797
1.0
0.474182500462
0.690541820424
1.0
0.474030335506
0.689174651516
1.0
0.474068947644
0.688945753366
1.0
0.474017892702
0.690734894195
1.0
0.474017892702
0.690734894195
1.0
0.474700611049
0.692115213652
1.0
0.474782933293
0.691931148892
1.0
0.473523503034
0.691237082528
1.0
0.473657329124
0.689343087012
1.0
0.472102352072
0.690022142034
1.0
0.47207412201
0.691565887311
1.0
0.472751506171
0.692344403942
1.0
0.472890781142
0.692001957002
1.0
0.474508220051
0.690148793756
1.0
0.474508220051
0.690148793756
1.0
0.474530636337
0.690077251908
1.0
0.474791179444
0.690142705341
1.0
0.474984912595
0.688569738787
1.0
0.476267224188
0.690344789945
1.0
0.476405699694
0.689714741665
1.0
0.475968149658
0.689400149741
1.0
0.475823507366
0.690041865812
1.0
0.476471550007
0.688975208395
1.0
0.476471550007
0.688975208395
1.0
0.47665513147
0.689596877827
1.0
0.47540963099
0.689818466726
1.0
0.475440643896
0.688658820922
1.0
0.476278663107
0.689728096356
1.0
0.476365483995
0.690164172402
1.0
0.476108277394
0.690853089141
1.0
0.476304259278
0.69046708255
0.950664498366
0.476472427873
0.69070043355
0.950664498366
0.476472427873
0.69070043355
0.950664498366
0.476573334586
0.690572951909
1.0
0.477616005294
0.688780423338
1.0
0.477660027268
0.68879506917
1.0
0.477673694113
0.691731534129
1.0
0.47755600337
0.692450152824
1.0
0.476096158597
0.694364336735
1.0
0.476200097943
0.692207225537
1.0
0.474999706419
0.690516499534
1.0
0.474999706419
0.690516499534
1.0
0.475006273272
0.691218870353
1.0
0.476046331554
0.691913328153
1.0
0.476108372321
0.692144846373
1.0
0.477042680368
0.691413497233
1.0
0.477015407935
0.690919397741
1.0
0.476699451809
0.69123436548
1.0
0.47685294514
0.692424197378
1.0
0.477234830714
0.694507632456
1.0
0.477234830714
0.694507632456
1.0
0.477219449427
0.693967886417
1.0
0.477842922531
0.692996867351
1.0
0.47771837082
0.693144288394
1.0
0.478506738446
0.690715815614
1.0
0.478605635501
0.691247641098
1.0
0.478339062219
0.690248009777
1.0
0.478334600657
0.689271144007
1.0
0.477884668014
0.688213072387
1.0
0.477884668014
0.688213072387
1.0
0.477756985922
0.686938630495
1.0
0.478224472619
0.688500508306
1.0
0.478165564813
0.689792362726
1.0
0.478088846412
0.68820949938
1.0
0.478014618217
0.688990268998
1.0
0.477752978876
0.688728582771
1.0
0.477957478324
0.688315037938
1.0
0.482373487519
0.689954443058
1.0
0.482373487519
0.689954443058
1.0
0.482242332619
0.689898050287
1.0
0.489121007904
0.687691582349
1.0
0.48911444323
0.687201882264
1.0
0.494160504612
0.687687938861
1.0
0.494963909532
0.684586888215
1.0
0.494963909532
0.684586888215
1.0
0.496471385059
0.679472178309
1.0
0.49985288279
0.66689538074
1.0
0.503213014022
0.656035852467
1.0
0.50381847083
0.653653503536
1.0
0.504758770284
0.646663765195
1.0
0.50588964131
0.647384488403
1.0
0.505629260113
0.645461325752
1.0
0.504991277394
0.645658006885
1.0
0.50457983849
0.646691987377
1.0
0.504613176905
0.645981467783
1.0
0.504613176905
0.645981467783
1.0
0.504474186166
0.646257538441
1.0
0.504293468062
0.646135533323
1.0
0.50445515696
0.64715858319
1.0
0.504149841409
0.647704257019
1.0
0.504336976289
0.646870520165
1.0
0.504952549019
0.647127396827
1.0
0.504830836465
0.647325764087
1.0
0.504830836465
0.647325764087
1.0
0.505812208481
0.648819057604
1.0
0.505907711497
0.647974959375
1.0
0.505181790055
0.648139501029
1.0
0.505143231844
0.647232801612
1.0
0.505786257066
0.648492719272
1.0
0.505861748382
0.649253112005
1.0
0.50566875004
0.649425708488
1.0
0.505387977877
0.650616462463
1.0
0.503578153372
0.647956332798
1.0
0.503578153372
0.647956332798
1.0
0.503788947383
0.648217801455
1.0
0.503905850648
0.648767877816
1.0
0.50380470609
0.649948082354
1.0
0.504550999543
0.649395048422
1.0
0.504743621176
0.647617745832
1.0
0.504906732003
0.647908054304
1.0
0.504665280714
0.648210627437
1.0
0.504342235339
0.646996412677
1.0
0.504342235339
0.646996412677
1.0
0.504413629059
0.64740879809
1.0
0.505378160965
0.646370124784
1.0
0.505563441478
0.645346073187
1.0
0.505348185717
0.646978372724
1.0
0.505482404581
0.645705935806
1.0
0.505132431476
0.648047915959
1.0
0.505132431476
0.648047915959
1.0
0.504983347318
0.648096743278
1.0
0.505028500837
0.646668810601
1.0
0.505158700622
0.645827557279
1.0
0.506145698908
0.643470488926
1.0
0.506165752855
0.643716565422
1.0
0.507028417006
0.645251279702
1.0
0.506988025388
0.645892736224
1.0
0.505499769457
0.643797311885
1.0
0.505386647556
0.644606167083
1.0
0.506731799446
0.64428755492
1.0
0.506731799446
0.64428755492
1.0
0.507067838244
0.643034912666
1.0
0.507418255229
0.643121037252
1.0
0.507167553122
0.642492317322
1.0
0.50749305341
0.642530496995
1.0
0.507802543677
0.642716006191
1.0
0.507467437874
0.644256098932
1.0
0.50736807673
0.643893493101
1.0
0.507372760763
0.643556664927
1.0
0.507372760763
0.643556664927
1.0
0.507368266025
0.64370678267
1.0
0.508608321571
0.642813100796
1.0
0.508491380166
0.643043750372
1.0
0.508270590646
0.641914988664
1.0
0.508423768398
0.641163607855
1.0
0.508686831757
0.64226238621
1.0
0.50858067305
0.642325304049
1.0
0.508209217152
0.641586400182
1.0
0.508209217152
0.641586400182
1.0
0.50844338367
0.642053378935
1.0
0.507131085065
0.643280784183
1.0
0.507350795957
0.64314902027
1.0
0.507391954705
0.64401780166
1.0
0.507177321423
0.644157364242
1.0
0.50805684746
0.644357418979
1.0
0.508188824874
0.643362810701
1.0
0.508172267334
0.643688968316
1.0
0.508172267334
0.643688968316
1.0
0.508324768999
0.64441106071
1.0
0.508288835523
0.644974170309
1.0
0.508477941811
0.643778807922
1.0
0.508848302589
0.643628529972
1.0
0.508493844185
0.644541927242
1.0
0.508493844185
0.644541927242
0.689224188934
0.502551149098
0.640673118758
0.689224188934
0.502669585355
0.639639273978
0.689224188934
0.502822018281
0.638721363164
1.0
0.508150550451
0.641339588078
1.0
0.508084591888
0.642275531894
1.0
0.507867310846
0.642956063363
1.0
0.507994934998
0.643815327904
1.0
0.507295000476
0.644156308606
1.0
0.507537434927
0.643734137297
0.604745760121
0.500924145242
0.639549625471
0.604745760121
0.500924145242
0.639549625471
0.604745760121
0.500759639746
0.639052605907
1.0
0.509506822779
0.643356416174
1.0
0.509601183415
0.643101225161
1.0
0.511375398541
0.643709619547
1.0
0.51127839292
0.644400772566
1.0
0.511867109194
0.643994078903
1.0
0.512119837463
0.643117444733
1.0
0.511682390003
0.643172438403
1.0
0.511682390003
0.643172438403
1.0
0.511942978349
0.643565377192
1.0
0.513065429599
0.644291214242
1.0
0.513289127426
0.644458021351
1.0
0.512921029286
0.644668449479
1.0
0.513241982479
0.642953693685
1.0
0.514391936656
0.644559074762
1.0
0.514391936656
0.644559074762
1.0
0.51453003814
0.645298665722
1.0
0.515842063275
0.645730749213
1.0
0.516105430364
0.644828886298
1.0
0.517098669781
0.644025296279
1.0
0.517378296144
0.643112749554
1.0
0.518288090721
0.643461286889
1.0
0.518813524845
0.643816108398
1.0
0.519495319001
0.643034921178
1.0
0.51991516507
0.642075503299
1.0
0.520817465102
0.641730121987
1.0
0.520817465102
0.641730121987
1.0
0.521650143998
0.640808800116
1.0
0.522628505822
0.640160895036
1.0
0.523187682692
0.6397399209
1.0
0.524932423979
0.640624864119
1.0
0.525277775756
0.639689561818
1.0
0.525853676784
0.639233862956
1.0
0.526420907895
0.638583566982
1.0
0.526420907895
0.638583566982
1.0
0.526433950479
0.639051182848
1.0
0.526835552476
0.63942641317
1.0
0.527587931695
0.639472863163
1.0
0.528142803086
0.638887416966
1.0
0.528245620393
0.638416598725
1.0
0.528323046971
0.638742512443
1.0
0.527305628839
0.639860195297
1.0
0.527504434374
0.638302430645
1.0
0.528475045387
0.638392783735
1.0
0.528475045387
0.638392783735
1.0
0.528663344938
0.638945183152
1.0
0.528149917005
0.63924584749
1.0
0.528525075136
0.63955733705
1.0
0.52892224056
0.63982165982
1.0
0.528864844834
0.640302584416
1.0
0.530137343889
0.639586597069
1.0
0.530303132253
0.638104496388
1.0
0.530303132253
0.638104496388
1.0
0.529731389987
0.637152653851
1.0
0.529816135823
0.637382281869
1.0
0.5293472267
0.638565841502
1.0
0.529214171626
0.638269457077
1.0
0.528340189372
0.638235660033
1.0
0.528502320896
0.639165658162
1.0
0.528287906806
0.641898060181
1.0
0.528477105272
0.642130848038
1.0
0.528477105272
0.642130848038
1.0
0.528185770161
0.641334043597
1.0
0.528388901766
0.640767490989
1.0
0.528640358967
0.640584997795
1.0
0.52856989424
0.639689470639
1.0
0.528743321717
0.639723505746
1.0
0.529010559921
0.64135086044
1.0
0.528766132772
0.643387710481
1.0
0.528693453227
0.643113303321
1.0
0.530159934529
0.643069281333
1.0
0.530159934529
0.643069281333
1.0
0.530392607419
0.643729068633
1.0
0.529644262256
0.645613906104
1.0
0.529736756866
0.645782416194
1.0
0.530053600166
0.6458991336
1.0
0.530276751265
0.646704914636
1.0
0.530475194927
0.647126194994
1.0
0.530778416555
0.647449933835
1.0
0.531777495247
0.64713202574
1.0
0.531777495247
0.64713202574
1.0
0.532052574898
0.647477656766
1.0
0.531466018492
0.64949439242
1.0
0.531705023818
0.649129807601
1.0
0.531751889115
0.649187446754
1.0
0.531797802831
0.651621430949
1.0
0.53288974434
0.651596178117
1.0
0.533019582625
0.651404567228
1.0
0.533019582625
0.651404567228
1.0
0.534198997655
0.650653895402
1.0
0.534302120514
0.651447483678
1.0
0.534382651876
0.653516068304
1.0
0.53444239926
0.6530845289
1.0
0.534098444256
0.65370812245
1.0
0.534430081339
0.654188781547
1.0
0.534364478047
0.655927691753
1.0
0.53468993603
0.65752531821
1.0
0.53468993603
0.65752531821
1.0
0.535203359656
0.65768938228
1.0
0.535295058469
0.658388166973
1.0
0.534957738248
0.658582309393
1.0
0.535127995903
0.659432044174
1.0
0.534310108399
0.659585111839
1.0
0.534270387559
0.661190718466
1.0
0.534818051152
0.664558512727
1.0
0.534848026008
0.66457792893
1.0
0.534848026008
0.66457792893
1.0
0.53422298744
0.664591646504
1.0
0.534494369843
0.6647317436
1.0
0.534051898919
0.664909637283
1.0
0.533783170376
0.666309879045
1.0
0.533402677846
0.667592516219
1.0
0.533929540988
0.667556683653
1.0
0.534185859851
0.667780907195
1.0
0.533837421972
0.669762705282
1.0
0.533706391824
0.671940218367
1.0
0.533706391824
0.671940218367
1.0
0.533836468846
0.670679700862
1.0
0.533530602927
0.670943305889
1.0
0.533626198851
0.671934116579
1.0
0.532920483489
0.673313212781
1.0
0.532818692896
0.6762786841
1.0
0.533679803877
0.678199473095
1.0
0.533888847398
0.678906992947
1.0
0.533888847398
0.678906992947
1.0
0.535033779
0.680912480383
1.0
0.535543141031
0.683058062128
1.0
0.535816650206
0.686571285955
1.0
0.536206316581
0.688553367165
1.0
0.536285046886
0.689670476507
1.0
0.536812472051
0.69056086926
1.0
0.537976452164
0.692394537826
1.0
0.538227205295
0.693886965225
1.0
0.538227205295
0.693886965225
1.0
0.539411715404
0.69600154168
1.0
0.540137651633
0.69763943738
1.0
0.540090081732
0.699933807217
1.0
0.540584772337
0.702120660128
1.0
0.542432343565
0.704307227041
1.0
0.543035702425
0.705868133786
1.0
0.543701883913
0.707952463469
1.0
0.544837851672
0.707721770381
1.0
0.543806131523
0.711305996216
1.0
0.543806131523
0.711305996216
1.0
0.544601632649
0.714262265772
1.0
0.545800656056
0.716401583554
1.0
0.546896614769
0.719197823529
1.0
0.547288762881
0.721945913784
1.0
0.548334601614
0.72426811965
1.0
0.548639806755
0.727456846511
1.0
0.549444162883
0.729898062565
1.0
0.549444162883
0.729898062565
1.0
0.5489428942
0.735233849516
1.0
0.549803777975
0.737511670094
1.0
0.545670455746
0.744928068215
1.0
0.546485188658
0.746013913748
1.0
0.54012309592
0.753560973188
1.0
0.541103227213
0.756436657246
1.0
0.536852717018
0.760489873072
1.0
0.53536229396
0.769822290123
1.0
0.53536229396
0.769822290123
1.0
0.534067136062
0.773731729917
1.0
0.530743336292
0.788413168161
1.0
0.530033107227
0.791477027442
1.0
0.528995593125
0.800263999975
1.0
0.529197676251
0.80323038955
1.0
0.53015532963
0.810439709001
1.0
0.530438775459
0.810646893794
1.0
0.53195082943
0.811475761362
1.0
0.53195082943
0.811475761362
1.0
0.531634945906
0.812187202814
1.0
0.53206157325
0.813986291059
1.0
0.530409408671
0.815202607526
1.0
0.530511242549
0.816036292924
1.0
0.530404528151
0.815424201108
1.0
0.530763914609
0.816687213539
1.0
0.530091205573
0.817525838901
1.0
0.530654352883
0.819819875399
1.0
0.530654352883
0.819819875399
1.0
0.530558086958
0.819615144295
1.0
0.530550431686
0.81942764835
1.0
0.529648207885
0.819463204507
1.0
0.529487261728
0.821733407755
1.0
0.529435565129
0.821037259826
1.0
0.529735660589
0.821434972634
1.0
0.52846652629
0.821775318594
1.0
0.52842481335
0.821509869127
1.0
0.527738752398
0.820836629391
1.0
0.527738752398
0.820836629391
1.0
0.527784058393
0.82116923427
1.0
0.527312220415
0.820489867122
1.0
0.527195190437
0.820165885271
1.0
0.527090463907
0.819846503805
1.0
0.526896381774
0.820039543932
1.0
0.525591562443
0.819249012573
1.0
0.525148921885
0.819019233565
1.0
0.525148921885
0.819019233565
1.0
0.525219530639
0.818405306848
1.0
0.525289365504
0.817741881015
1.0
0.524169477348
0.817059024578
1.0
0.523551153244
0.816868158091
1.0
0.524380814108
0.816381684312
1.0
0.524261697242
0.817016993118
1.0
0.524005111352
0.81639229068
1.0
0.524109668856
0.815331499105
1.0
0.524109668856
0.815331499105
1.0
0.524074859187
0.814097823828
1.0
0.524279960645
0.813585062197
1.0
0.524537539448
0.815415821113
1.0
0.524830664213
0.814423610547
1.0
0.525481837567
0.81251808776
1.0
0.525253102986
0.811830686002
1.0
0.52528567352
0.809797309521
1.0
0.526196257275
0.807891032001
1.0
0.526196257275
0.807891032001
1.0
0.526233398783
0.80665833092
1.0
0.525888058338
0.807160993548
1.0
0.525916890044
0.805628289302
1.0
0.526378966236
0.803319457176
1.0
0.527671108881
0.8034470703
1.0
0.528105710192
0.800799529808
1.0
0.529205691228
0.798911963721
1.0
0.529610789944
0.797668744639
1.0
0.529610789944
0.797668744639
1.0
0.530749161234
0.796112583014
1.0
0.531170951456
0.793616109986
1.0
0.531396081104
0.790724491532
1.0
0.531802496373
0.788542650533
1.0
0.533035761347
0.787368598791
1.0
0.533465376176
0.785416702513
1.0
0.533690729793
0.783318698575
1.0
0.534164678613
0.780228709921
1.0
0.534164678613
0.780228709921
1.0
0.535280063344
0.77814325052
1.0
0.535733363683
0.775015285767
1.0
0.536776706709
0.773140029035
1.0
0.537536266979
0.77100917127
1.0
0.538839693744
0.769890881684
1.0
0.539727920125
0.767055321737
1.0
0.540794182629
0.766151324154
1.0
0.54124539827
0.763045553152
1.0
0.54124539827
0.763045553152
1.0
0.541924482661
0.760989758932
1.0
0.542529481977
0.75935748649
1.0
0.542772053011
0.759562058592
1.0
0.542908092854
0.755824057514
1.0
0.544686240421
0.753322737973
1.0
0.545826088292
0.752331466374
1.0
0.546244095228
0.752414205446
1.0
0.546758296026
0.748810346081
1.0
0.546758296026
0.748810346081
1.0
0.54751904359
0.746335070797
1.0
0.547830691994
0.744051256704
1.0
0.548876609512
0.745001585976
1.0
0.549344084228
0.742634567835
1.0
0.55156196688
0.74072308991
1.0
0.552337590721
0.73933765337
1.0
0.553008079447
0.737550030043
1.0
0.55375506533
0.734442704536
1.0
0.555035483046
0.733003294126
1.0
0.555035483046
0.733003294126
1.0
0.555660106853
0.730461492375
1.0
0.55682240267
0.730885284576
1.0
0.557579453269
0.728572133551
1.0
0.558909592699
0.725954647128
1.0
0.559690803797
0.723686932693
1.0
0.560526034407
0.721343656837
1.0
0.560526034407
0.721343656837
1.0
0.561325553293
0.719030705802
1.0
0.561991630229
0.719198349272
1.0
0.562482845941
0.716364866985
1.0
0.564224795813
0.715546032752
1.0
0.565272632862
0.713081964992
1.0
0.565951196849
0.711219972237
1.0
0.566423728491
0.708796234872
1.0
0.566423728491
0.708796234872
1.0
0.567970712493
0.707718204913
1.0
0.568877087692
0.705978185936
1.0
0.569497314193
0.704552357871
1.0
0.570175095283
0.702096976447
1.0
0.571620099348
0.700070729187
1.0
0.572528342601
0.697838210936
1.0
0.574462436061
0.695642076218
1.0
0.575353929113
0.691792357872
1.0
0.576818506965
0.692370046052
1.0
0.577694117945
0.689648541489
1.0
0.577694117945
0.689648541489
1.0
0.577440560841
0.688497716604
1.0
0.578118820439
0.686017130536
1.0
0.578833294308
0.686059412731
1.0
0.579411561496
0.685350480236
1.0
0.58115035739
0.685710266661
1.0
0.581685687689
0.682809738272
1.0
0.582559343325
0.682921834872
1.0
0.583349137236
0.681544255233
1.0
0.583349137236
0.681544255233
1.0
0.583429266758
0.680806824182
1.0
0.583920420235
0.678291365093
1.0
0.58444141037
0.678207905979
1.0
0.585227242298
0.675721175211
1.0
0.586657989028
0.675344146099
1.0
0.587388795568
0.672892504936
1.0
0.587192250055
0.672363532861
1.0
0.587192250055
0.672363532861
1.0
0.587690528204
0.671513264701
1.0
0.589255263749
0.671926451234
1.0
0.589914471936
0.669677373942
1.0
0.590103498146
0.669466567713
1.0
0.590677646997
0.66604371359
1.0
0.591914044004
0.664844709822
1.0
0.592474769768
0.663216529127
1.0
0.59205653277
0.662036083969
1.0
0.591726780913
0.661591998504
1.0
0.591726780913
0.661591998504
1.0
0.593723656926
0.660652859283
1.0
0.594428398337
0.656946128066
1.0
0.595763896253
0.656967057962
1.0
0.596124752962
0.656289441195
1.0
0.595860705183
0.655605751844
1.0
0.596489410122
0.653627019668
1.0
0.5968146601
0.653140057392
1.0
0.596883104962
0.653268951141
1.0
0.596883104962
0.653268951141
1.0
0.596729140257
0.653065364161
1.0
0.597147646465
0.652005188766
1.0
0.597234186609
0.651673706931
1.0
0.597531620969
0.650437208555
1.0
0.598943090876
0.650381905014
1.0
0.599006288131
0.650256956152
1.0
0.599711330531
0.648780724247
1.0
0.599782372794
0.647411225922
1.0
0.599782372794
0.647411225922
1.0
0.599864820326
0.646374442713
1.0
0.60021004804
0.644664634945
1.0
0.601648401703
0.643500472099
1.0
0.601712755404
0.643133313313
1.0
0.602214847295
0.643969812972
1.0
0.602259486683
0.644088923338
1.0
0.602460719751
0.644585515928
1.0
0.602547489708
0.643273922849
1.0
0.602547489708
0.643273922849
1.0
0.603620058718
0.642549896438
1.0
0.604118356616
0.64118219921
1.0
0.603506004495
0.640989368249
1.0
0.603702654659
0.64079690515
1.0
0.603916720783
0.638372753115
1.0
0.60407654027
0.638387197705
1.0
0.60407654027
0.638387197705
1.0
0.605779724201
0.639017580254
1.0
0.606204017126
0.638026389054
1.0
0.60535905615
0.638110192094
1.0
0.605080515714
0.638442066826
1.0
0.60594608043
0.638648052438
1.0
0.606141147096
0.638951907471
1.0
0.60633402314
0.640305979422
1.0
0.606390534981
0.639665738637
1.0
0.606358501602
0.639877764806
1.0
0.606830733991
0.638181816337
1.0
0.606830733991
0.638181816337
1.0
0.607375297366
0.635611943217
1.0
0.607563586176
0.635407785884
1.0
0.609101675313
0.635247108063
1.0
0.609309751032
0.633942916048
1.0
0.608709423712
0.633709465027
1.0
0.60863875112
0.633324377831
1.0
0.608920806981
0.632559668299
1.0
0.609359866022
0.632142219029
1.0
0.609359866022
0.632142219029
1.0
0.610453920141
0.633192117938
1.0
0.610335333687
0.632654114304
1.0
0.609811003059
0.632623445086
1.0
0.610134218637
0.631068814049
1.0
0.610482596781
0.632378811526
1.0
0.610635630475
0.631683561572
1.0
0.610635630475
0.631683561572
1.0
0.611495668995
0.631446290247
1.0
0.611775230361
0.631354115614
1.0
0.610972088763
0.629970539056
1.0
0.611558592849
0.629332480734
1.0
0.612597048888
0.630249914909
1.0
0.61292890628
0.628732879613
1.0
0.613370161335
0.631319348035
1.0
0.613948235403
0.62953140972
1.0
0.613954425516
0.629034094387
1.0
0.614373434411
0.627940835135
1.0
0.614373434411
0.627940835135
1.0
0.614915306183
0.630092172863
1.0
0.615329712294
0.630186551332
1.0
0.615697286332
0.629562234254
1.0
0.616220848164
0.629478826631
1.0
0.616581706744
0.62835584756
1.0
0.617454800342
0.62633881995
1.0
0.617454800342
0.62633881995
0.669870813435
0.617908608043
0.626325906327
0.669870813435
0.618330897554
0.627405384403
0.635765579355
0.612804742139
0.623059556954
0.635765579355
0.612864933001
0.621955988569
1.0
0.619029177457
0.630943011203
1.0
0.619873104219
0.629984309084
1.0
0.620652060759
0.628976092407
1.0
0.620601907813
0.628696077327
0.613002600564
0.615045767197
0.624442885237
0.613002600564
0.615338064232
0.624348957715
0.613002600564
0.615338064232
0.624348957715
0.640709396862
0.616216148082
0.624595613586
0.640709396862
0.6163089253
0.625542837723
0.732024920182
0.616690676435
0.625434288659
0.732024920182
0.617340635902
0.625061132278
1.0
0.620019364156
0.632432856968
1.0
0.620276702627
0.632823945238
1.0
0.620276702627
0.632823945238
0.678288306743
0.621503430042
0.624181947088
0.678288306743
0.621575998034
0.623232715629
0.678288306743
0.621781551594
0.623618366782
0.660796271699
0.621562200466
0.632075284032
0.660796271699
0.621960407709
0.630975542455
1.0
0.621334045275
0.631882274541
1.0
0.621334045275
0.631882274541
1.0
0.62133366044
0.631581942401
1.0
0.621137513085
0.630684177801
1.0
0.621289461368
0.630902924224
1.0
0.621472019942
0.632239000271
1.0
0.620743161857
0.631326924196
1.0
0.621119907592
0.630438557631
1.0
0.620400416835
0.628394855109
1.0
0.620362566395
0.626572749666
1.0
0.621606112717
0.626777817561
1.0
0.621779386828
0.626936155502
1.0
0.621779386828
0.626936155502
1.0
0.622610439122
0.627137312531
1.0
0.622444298616
0.626171678199
1.0
0.622444298616
0.626171678199
0.605496012319
0.618904327223
0.61329864346
0.605496012319
0.618947597573
0.612229636473
0.605496012319
0.618922157488
0.614701109303
0.605496012319
0.618638514662
0.613861827789
0.605496012319
0.618374057606
0.613876542178
0.798809569629
0.618639422358
0.614387796832
0.798809569629
0.618476854331
0.612191006472
0.798809569629
0.618476854331
0.612191006472
1.0
0.62130083156
0.619141535797
1.0
0.621163971752
0.618268326592
1.0
0.621398966919
0.617687556511
1.0
0.621504251206
0.61987745664
1.0
0.626656502144
0.624327593209
1.0
0.626149013458
0.621967579649
1.0
0.625808754773
0.621931280583
1.0
0.631802205623
0.634764209579
1.0
0.631127591429
0.633401091003
1.0
0.631127591429
0.633401091003
1.0
0.632671026797
0.648583321584
0.993914878255
0.633755874182
0.651597727301
0.993914878255
0.633396403484
0.659563705536
0.977674794123
0.637608236853
0.668807252639
0.977674794123
0.635856901241
0.666840847469
0.99
0.640706638231
0.680848469724
0.99
0.640706638231
0.680848469724
0.99
0.639935370484
0.679457388641
1.0
0.642111276667
0.689470929133
1.0
0.642141147465
0.691710349418
1.0
0.643272744843
0.695685355735
1.0
0.642408640295
0.69551801191
1.0
0.642329219726
0.695164086046
0.670658199778
0.637961621496
0.692736956579
0.670658199778
0.637007654438
0.690591183761
0.670658199778
0.636515794018
0.690624028503
0.686837135595
0.637481988797
0.682107458866
0.686837135595
0.637481988797
0.682107458866
0.686837135595
0.63740745403
0.682549536895
0.703574910932
0.637721334302
0.683506358012
0.703574910932
0.63728205792
0.682779643299
0.757753805621
0.637646946682
0.683005743074
0.757753805621
0.637033864071
0.683758576877
0.673049110518
0.637399132848
0.683983945814
0.673049110518
0.637323986476
0.68258795582
0.673049110518
0.637323986476
0.68258795582
0.701412749772
0.637689623115
0.68281431577
0.701412749772
0.637219486606
0.682993518141
0.706616633274
0.637585495894
0.683219604717
0.706616633274
0.637083839228
0.683219299348
0.680861677841
0.637450221059
0.68344523414
0.680861677841
0.636933160042
0.68366360526
0.64676518885
0.637667009684
0.684114829432
0.64676518885
0.637558910007
0.68467205838
0.64676518885
0.637558910007
0.68467205838
0.64676518885
0.63698452584
0.6853011352
1.0
0.635599302974
0.690935005111
1.0
0.635428016679
0.690492466339
1.0
0.63517838622
0.689990646383
1.0
0.634816453866
0.689175506226
1.0
0.634816453866
0.689175506226
0.65039996413
0.636605538583
0.681533552717
0.65039996413
0.636210691423
0.681872028353
0.65039996413
0.635748967106
0.681946667897
0.65039996413
0.635338727023
0.682724599934
0.645572739634
0.635685838247
0.682902612322
0.645572739634
0.635685838247
0.682902612322
0.645572739634
0.63527650444
0.682854029115
0.612995405906
0.629882945457
0.679456729271
0.612995405906
0.629141771121
0.679352750411
0.664490577843
0.629900605728
0.679785797193
0.664490577843
0.629671180472
0.679810056549
0.704716738678
0.629949947324
0.679943928795
0.704716738678
0.630057577273
0.679722338788
0.674818600109
0.630336466298
0.679856068225
0.674818600109
0.630230695652
0.680503157396
0.705116356753
0.630509708217
0.680636240288
0.705116356753
0.630509708217
0.680636240288
0.705116356753
0.630032805624
0.681515656647
0.670704664748
0.630311944616
0.681647917715
0.670704664748
0.629947050959
0.682555173383
1.0
0.630971996327
0.694296612469
1.0
0.630819399144
0.693999104903
1.0
0.630113100901
0.695236272127
1.0
0.629532698454
0.696336021838
1.0
0.629532698454
0.696336021838
1.0
0.629158141135
0.696257994974
1.0
0.628914316313
0.696315276283
1.0
0.628537779061
0.697715300577
1.0
0.628088823176
0.699076064379
0.627242529258
0.62924510034
0.691559416184
0.627242529258
0.628976969836
0.69139570798
0.627242529258
0.628175484258
0.69215935675
0.647290233978
0.628443119286
0.692363087341
0.647290233978
0.628443119286
0.692363087341
0.647290233978
0.628115561433
0.694035860833
0.617522710902
0.6283832647
0.694238626265
0.617522710902
0.627982664026
0.694530516338
0.672185733428
0.623131714166
0.691742092318
0.672185733428
0.622566128301
0.692602775498
0.672185733428
0.621990353446
0.693903549253
1.0
0.626187439902
0.707132317334
1.0
0.626187439902
0.707132317334
1.0
0.625611878081
0.706445015404
1.0
0.624784125765
0.707097235247
1.0
0.624020455622
0.707891652549
1.0
0.624220180338
0.709055622288
1.0
0.623895790612
0.709804687989
1.0
0.623895790612
0.709804687989
0.64383006227
0.618630796156
0.708042164449
0.64383006227
0.618087575973
0.708833768502
0.64383006227
0.617641390712
0.709296027764
0.64383006227
0.617662311123
0.711405278647
0.64383006227
0.617662311123
0.711405278647
0.647175134726
0.61832601396
0.711879936589
0.647175134726
0.618023568075
0.712173987469
0.647175134726
0.618066485748
0.713540188607
0.647175134726
0.617487605357
0.714378561246
0.647175134726
0.616821052341
0.714471826877
0.632490241433
0.616972736121
0.714768992607
0.632490241433
0.616972736121
0.714768992607
0.632490241433
0.617082481239
0.715406057548
0.739635163711
0.61723387222
0.715703627582
0.739635163711
0.617649289031
0.717526623307
0.666726415842
0.617800383016
0.717824456219
0.666726415842
0.617631423418
0.720042816281
0.696060248729
0.617782177869
0.720340427187
0.696060248729
0.617683959973
0.722005768006
0.632817412615
0.617834389915
0.722303358854
0.632817412615
0.617834389915
0.722303358854
0.632817412615
0.6179666054
0.721666734761
0.60441135149
0.618116768768
0.721965107658
0.60441135149
0.617950558848
0.723952748248
0.628408874685
0.618100388012
0.724250966154
0.628408874685
0.618246186575
0.725724092495
0.682351835165
0.61839570951
0.726022500383
0.682351835165
0.618842876212
0.726132766315
0.682351835165
0.618842876212
0.726132766315
0.667273766492
0.552776882756
0.740392321987
0.667273766492
0.55273476743
0.741595731145
0.667273766492
0.55204831573
0.743006978134
0.667273766492
0.55204831573
0.743006978134
0.667273766492
0.546206637873
0.745998976205
0.667273766492
0.526449934186
0.763538238338
0.667273766492
0.513840124701
0.79000299798
0.99
0.531782237473
0.780795944026
1.0
0.52732975696
0.789865293735
1.0
0.526344644007
0.796903479911
1.0
0.526662166745
0.798614739957
1.0
0.527947902365
0.800098418836
1.0
0.527481372009
0.802186347826
1.0
0.527481372009
0.802186347826
1.0
0.52825765853
0.804214813757
1.0
0.52842419874
0.8068525595
1.0
0.52882785287
0.808148958288
1.0
0.529212443828
0.809275621892
1.0
0.529271208646
0.810490672391
1.0
0.530387970188
0.814110685517
1.0
0.530392482259
0.814281713706
1.0
0.530431704812
0.816234146924
1.0
0.530431704812
0.816234146924
1.0
0.531373515347
0.816672105053
1.0
0.531494073936
0.820220426867
1.0
0.531623735018
0.822047202616
1.0
0.532177501808
0.824289074662
1.0
0.532473189761
0.826827667141
1.0
0.531754301885
0.82672492195
1.0
0.532238656304
0.827208727176
1.0
0.532192034993
0.83059103766
1.0
0.532192034993
0.83059103766
1.0
0.532806577982
0.831144991738
1.0
0.533942163605
0.833697147343
1.0
0.534115964671
0.835742175242
1.0
0.534397378521
0.836545091085
1.0
0.534690478433
0.838031669987
1.0
0.534945953641
0.839388277076
1.0
0.535373443603
0.841569697694
1.0
0.535373443603
0.841569697694
1.0
0.535147538966
0.842323649715
1.0
0.535346300415
0.842908642953
1.0
0.535291707315
0.844002103435
1.0
0.535931072573
0.843465011797
1.0
0.536385404285
0.844914013474
1.0
0.537315753006
0.844820108099
1.0
0.537175840604
0.848053369522
1.0
0.537814715319
0.846789187764
1.0
0.538160751394
0.858542967807
1.0
0.538160751394
0.858542967807
1.0
0.538903314764
0.857838354642
0.608509733511
0.521238325696
0.904417449652
0.608509733511
0.522342470257
0.904618550686
0.608509733511
0.522319754687
0.912502992031
0.627917854178
0.521770250979
0.912720059036
0.627917854178
0.520836900612
0.92680612594
0.632621195783
0.520173861171
0.928455114495
0.632621195783
0.520274041118
0.938546528302
0.632621195783
0.520274041118
0.938546528302
0.903203390955
0.531766727042
0.929847968796
0.87336677481
0.531736804168
0.938297796455
0.87336677481
0.532913382461
0.937068008659
0.915595074217
0.534520129333
0.943611333602
0.915595074217
0.534893947654
0.943333328691
0.930141433787
0.536422586944
0.944887644465
0.930141433787
0.537072917478
0.945503374064
1.0
0.53920331361
0.948152682553
1.0
0.53920331361
0.948152682553
1.0
0.539100351573
0.947747252316
1.0
0.542327807345
0.950989787875
1.0
0.54325478271
0.952413103557
1.0
0.545944924827
0.956078846112
1.0
0.547403191542
0.955564146989
1.0
0.549323034528
0.956724429443
1.0
0.550929005838
0.956016078511
1.0
0.55165051391
0.956846187914
1.0
0.55165051391
0.956846187914
1.0
0.55234581141
0.95666078342
1.0
0.553920018074
0.956452359416
1.0
0.555141568616
0.956834637743
1.0
0.556233165563
0.956952264985
1.0
0.556578217721
0.9573821571
1.0
0.557805675236
0.957057895817
1.0
0.559213632668
0.957838290758
1.0
0.560327867623
0.957633670093
1.0
0.560327867623
0.957633670093
1.0
0.561078698674
0.956576981615
1.0
0.562252851272
0.957224174835
1.0
0.563847373525
0.957668373674
1.0
0.564539387824
0.958114124619
1.0
0.56460867753
0.958319131694
1.0
0.565950661563
0.958122393325
1.0
0.566811688062
0.957335757941
1.0
0.567761297081
0.957239555312
1.0
0.567761297081
0.957239555312
1.0
0.569023311085
0.957681666719
1.0
0.570017678725
0.95808291249
1.0
0.571160767989
0.957519584403
1.0
0.572419504274
0.956857091166
1.0
0.573287343272
0.955447435332
1.0
0.574205665395
0.954639918008
1.0
0.575458263679
0.952820234173
1.0
0.575458263679
0.952820234173
1.0
0.576289453389
0.951948813666
1.0
0.576318368774
0.950991330385
1.0
0.577063857891
0.951386950072
1.0
0.578227483319
0.950943105663
1.0
0.578995929168
0.949678593773
1.0
0.58071894856
0.948204166279
1.0
0.581556265424
0.946784717027
