1.0
0.508633279798
0.143286075049
0.964468714903
0.507944600453
0.143032566993
0.964468714903
0.50796375062
0.14331607438
1.0
0.510031227877
0.146897861275
1.0
0.511296423054
0.149163012667
1.0
0.513175851854
0.156410341969
1.0
0.514125144902
0.161799958744
1.0
0.514125144902
0.161799958744
0.950291848114
0.515758489817
0.166894437746
0.950291848114
0.516193090136
0.172081999114
1.0
0.516978068829
0.174578345684
1.0
0.517567036356
0.179201873496
1.0
0.517959678274
0.181199195408
1.0
0.517745890507
0.181749154635
0.949114847941
0.51765443472
0.181602980176
0.949114847941
0.517857231773
0.181379671318
1.0
0.518382551235
0.182998619512
1.0
0.518522964033
0.18300419164
1.0
0.518522964033
0.18300419164
0.969641221338
0.519176035934
0.184690291949
0.969641221338
0.519114302267
0.184962809732
1.0
0.519884831105
0.186077678878
1.0
0.519633397229
0.186170081231
1.0
0.519546787095
0.187055252195
1.0
0.519626687407
0.187139143628
0.984573549348
0.519397595177
0.186933351006
0.984573549348
0.519307525383
0.187059625893
0.984573549348
0.519307525383
0.187059625893
1.0
0.519708624321
0.18711926908
1.0
0.519750699918
0.187110747155
1.0
0.519677494424
0.187097770675
1.0
0.519653409002
0.18744374792
1.0
0.520031909168
0.188364204592
1.0
0.519834466242
0.188802833736
1.0
0.520267108415
0.190156319579
1.0
0.520267108415
0.190156319579
1.0
0.520529101628
0.190330511676
1.0
0.520864209103
0.190871025386
1.0
0.52138884841
0.190206976868
0.921292900415
0.523547131591
0.190517264411
0.921292900415
0.527439929361
0.185212688588
0.96945341367
0.549666578519
0.215303692244
0.96945341367
0.554184527972
0.210427210483
1.0
0.55874594188
0.213102935261
0.91726831648
0.559830179254
0.211726025306
0.91726831648
0.559830179254
0.211726025306
0.91726831648
0.560348602495
0.212976142949
0.99038801937
0.561938554954
0.21054532052
0.99038801937
0.561581862211
0.2112708931
1.0
0.564104983659
0.207534011119
1.0
0.564547919514
0.208198675404
1.0
0.565442634487
0.207468570213
1.0
0.565147341121
0.207860224277
1.0
0.565175475339
0.207955104317
1.0
0.565175475339
0.207955104317
1.0
0.565446221174
0.208572521449
1.0
0.565364285123
0.208859936663
1.0
0.563933852567
0.20863284763
1.0
0.560785046853
0.214031542157
1.0
0.560785046853
0.214031542157
0.627251994699
0.50589172243
0.170501489328
0.627251994699
0.495305535882
0.190502718743
0.627251994699
0.495305535882
0.190502718743
0.627251994699
0.485603518057
0.212092187451
0.627251994699
0.480087250176
0.223937635367
0.627251994699
0.47874322844
0.227841726
0.627251994699
0.479427333063
0.22688019191
0.627251994699
0.479201518325
0.227720900634
0.627251994699
0.479201518325
0.227720900634
0.603338678756
0.475495083528
0.225634821516
0.603338678756
0.475460480406
0.226129372018
0.603338678756
0.475232940005
0.226640320877
0.603338678756
0.475327913043
0.226901649372
0.603338678756
0.475397753427
0.227505659362
0.603338678756
0.475195808526
0.227800384111
0.603338678756
0.475195808526
0.227800384111
0.603338678756
0.475113803231
0.228517607926
0.603338678756
0.475113803231
0.228517607926
1.0
0.474504446189
0.241143509498
1.0
0.474504446189
0.241143509498
1.0
0.474660571582
0.241400674637
1.0
0.478601771974
0.229696928484
1.0
0.478478019643
0.230451831894
1.0
0.478196933347
0.231269695528
1.0
0.477969866941
0.231616070777
1.0
0.477809215627
0.232336905344
1.0
0.477316617035
0.233198190174
1.0
0.477022463852
0.234283113291
1.0
0.47668250694
0.234322161739
1.0
0.476237009056
0.23575085444
1.0
0.476237009056
0.23575085444
1.0
0.475986036093
0.236394696114
1.0
0.474937797096
0.236440279722
1.0
0.473307494932
0.239361920883
0.99
0.460893045721
0.242617412619
0.99
0.452968294189
0.257408964814
0.938053296617
0.395496175291
0.224621608693
0.938053296617
0.395496175291
0.224621608693
0.938053296617
0.383278584316
0.254795072357
0.938053296617
0.373554255794
0.277500918318
0.938053296617
0.366824801085
0.29626481734
0.938053296617
0.364985696489
0.300757827802
0.897513100739
0.361872051379
0.298161078218
