1.0
0.499392625983
0.620738662514
1.0
0.499523833163
0.621010205277
1.0
0.499512731026
0.621194678332
1.0
0.49890507141
0.621677928261
1.0
0.498862592411
0.622081905836
1.0
0.498929597024
0.621915341847
1.0
0.498929597024
0.621915341847
1.0
0.499017403228
0.621947304559
1.0
0.499311237598
0.621956732327
1.0
0.499258506904
0.622607019198
1.0
0.499206520213
0.622739748503
1.0
0.498963583538
0.623126928025
1.0
0.499070061955
0.623325808455
1.0
0.49903509276
0.623538717083
1.0
0.498322672444
0.624100171542
1.0
0.498322672444
0.624100171542
1.0
0.498429126544
0.624692018821
1.0
0.49892027413
0.62482972849
1.0
0.499047192062
0.624935299174
1.0
0.500811757891
0.625243121675
1.0
0.502575826654
0.623457483066
0.99
0.514994709734
0.6311092006
