0.99
0.645035676201
0.630742336437
0.99
0.645092779843
0.631870558505
1.0
0.642867267301
0.625826315414
1.0
0.642246847274
0.619575602275
1.0
0.641714794807
0.617275850913
0.99
0.640283269442
0.601214514152
0.99
0.640899155576
0.603249430853
1.0
0.640698400754
0.596439202875
1.0
0.640698400754
0.596439202875
1.0
0.640904507697
0.597582795126
1.0
0.640942660157
0.599389466314
1.0
0.640832851862
0.60092353566
1.0
0.639661740263
0.604672440624
1.0
0.639725099778
0.606358058296
1.0
0.638832566849
0.609067027448
1.0
0.639027572274
0.611188710177
1.0
0.638630912116
0.613500535677
1.0
0.638539677401
0.615249522304
1.0
0.638539677401
0.615249522304
1.0
0.638496589752
0.61781531677
1.0
0.638566673033
0.619501207474
1.0
0.638249570887
0.621942978308
1.0
0.638430885257
0.623274000164
1.0
0.638828058137
0.625176094036
1.0
0.638697211484
0.626772327586
1.0
0.638366572503
0.629056379332
1.0
0.638366572503
0.629056379332
1.0
0.638600807779
0.630614309201
1.0
0.638613038392
0.632892490632
1.0
0.638777910829
0.634763195312
1.0
0.638853492354
0.635722762452
1.0
0.638920067354
0.636339890825
1.0
0.638694974556
0.638845015368
1.0
0.63893934967
0.640217652904
1.0
0.639218159094
0.642460697361
1.0
0.639348759864
0.644017414946
1.0
0.639348759864
0.644017414946
1.0
0.639188290346
0.645704921425
1.0
0.639245591746
0.646142180346
1.0
0.639019479754
0.647102516045
1.0
0.638974115921
0.647781520083
1.0
0.639099986264
0.648804921529
1.0
0.639084125795
0.649027793034
1.0
0.638667220337
0.650614657675
1.0
0.638560692296
0.650747289372
1.0
0.638560692296
0.650747289372
1.0
0.638728429243
0.651662052098
1.0
0.638573858587
0.651989746812
1.0
0.638252806996
0.653679209892
1.0
0.637970217062
0.653890076842
1.0
0.637641475039
0.653979340165
1.0
0.637420796616
0.653927964093
1.0
0.637437208776
0.654067401015
1.0
0.637437208776
0.654067401015
1.0
0.637167321817
0.65386437002
1.0
0.637017921772
0.653767267295
1.0
0.63686188041
0.653393603123
1.0
0.636056773637
0.654307343842
1.0
0.635740919682
0.654103633358
1.0
0.635617768455
0.654205423295
1.0
0.63530690283
0.653943375714
1.0
0.634723296232
0.654809974859
1.0
0.634461834843
0.654523282127
1.0
0.634461834843
0.654523282127
1.0
0.633918902015
0.654721693971
1.0
0.633879653247
0.654963322677
1.0
0.633548009238
0.655624645735
1.0
0.633580618524
0.656058615392
1.0
0.633146846809
0.656575654833
1.0
0.633128943973
0.657038810712
1.0
0.633136941866
0.657301027792
1.0
0.633136941866
0.657301027792
1.0
0.633229429701
0.657911222432
1.0
0.632994172379
0.658517478145
1.0
0.633400285299
0.659757415947
1.0
0.633588849626
0.660476766365
1.0
0.633813013404
0.661120307597
1.0
0.633703336662
0.661833116259
1.0
0.633973845711
0.66279596365
1.0
0.634207870309
0.662882462354
1.0
0.634207870309
0.662882462354
1.0
0.634726495624
0.663683517818
1.0
0.634752459603
0.664354091793
1.0
0.635143148901
0.664792798341
1.0
0.635608733071
0.665353650051
1.0
0.635704881296
0.666035612186
