0.833940741889
0.44683883531
0.62416192553
0.811000154933
0.438219277266
0.574158038794
0.811000154933
0.438219277266
0.574158038794
0.811000154933
0.438219277266
0.574158038794
0.811000154933
0.438219277266
0.574158038794
0.811000154933
0.438219277266
0.574158038794
0.811000154933
0.438219277266
0.574158038794
0.811000154933
0.287310811577
0.470460684527
0.811000154933
0.287310811577
0.470460684527
0.811000154933
0.287310811577
0.470460684527
0.952325755656
0.284677056432
0.300452349303
0.99
0.320902025918
0.116879425618
0.99
0.320902025918
0.116879425618
1.0
0.335581391071
0.100606040777
1.0
0.339337532101
0.104201261548
0.913412392614
0.386159994035
0.281995707095
0.913412392614
0.387933187
0.29354195482
0.913412392614
0.39007034956
0.307256374832
0.913412392614
0.395180816422
0.34527958812
0.913412392614
0.395180816422
0.34527958812
0.913412392614
0.396076106642
0.354299856189
0.913412392614
0.39748971062
0.365946536824
0.913412392614
0.402114659032
0.434357225396
0.913412392614
0.402114659032
0.434357225396
0.913412392614
0.402114659032
0.434357225396
0.913412392614
0.401864812444
0.435696290301
0.913412392614
0.402629613229
0.444396114207
0.913412392614
0.402696562302
0.450916728956
0.913412392614
0.403891264991
0.463317206079
0.91529023214
0.395312150824
0.455891032526
0.91529023214
0.395312150824
0.455891032526
0.936194017329
0.403089305933
0.596270629823
0.936194017329
0.403089305933
0.596270629823
0.936194017329
0.410005203788
0.657557215643
0.89863729215
0.399045448263
0.658587979768
0.89863729215
0.398866393055
0.663840599634
0.99
0.402056956313
0.660161587037
1.0
0.397436125726
0.667555539202
1.0
0.397542360127
0.67237075766
1.0
0.395772016385
0.679988128626
1.0
0.396276989912
0.684240699034
1.0
0.389400316749
0.686437437938
1.0
0.390077115981
0.689513579887
1.0
0.384046910796
0.685872990204
1.0
0.384046910796
0.685872990204
1.0
0.384009377744
0.689049711606
1.0
0.384595283075
0.690982554742
1.0
0.385343396777
0.693381940612
1.0
0.386151726933
0.699163874586
1.0
0.367859792597
0.664221479523
1.0
0.359654200983
0.670298872048
1.0
0.357788946249
0.669724377035
1.0
0.355150319891
0.668266094975
1.0
0.357088153007
0.672711628869
1.0
0.357088153007
0.672711628869
1.0
0.357088153007
0.672711628869
1.0
0.359262136952
0.676350863349
1.0
0.359792978207
0.678123275055
1.0
0.359497201962
0.677915341379
1.0
0.359497201962
0.677915341379
1.0
0.360693160776
0.680633282607
1.0
0.368957411514
0.689189471722
1.0
0.368957411514
0.689189471722
1.0
0.369334999256
0.690317075447
1.0
0.368226192898
0.687203242049
1.0
0.368226192898
0.687203242049
1.0
0.393950474468
0.68701202472
0.974025828286
0.388427991476
0.662176845514
0.974025828286
0.406264284083
0.661348400676
0.96383281068
0.411520753041
0.617454803662
0.96383281068
0.411520753041
0.617454803662
0.974025828286
0.425042337231
0.622219971813
0.939749479946
0.424783597455
0.622786764508
0.950294013599
0.424700499424
0.624066724595
0.957986363159
0.424471528314
0.623300290828
0.957986363159
0.424471528314
0.623300290828
0.957986363159
0.424471528314
0.623300290828
0.957986363159
0.443756634876
0.641875154696
0.957986363159
0.454349204268
0.651082325158
0.912269963821
0.454299018809
0.651031594419
0.912269963821
0.459162381075
0.651558461346
0.932789764617
0.459008395948
0.65098680787
0.932789764617
0.472702027244
0.659496796951
0.932789764617
0.472702027244
0.659496796951
0.90438615848
0.472653786964
0.657878998001
0.90438615848
0.487617644641
0.662422242601
0.764648413265
0.487858768756
0.656358607034
0.73079111855
0.645223667153
0.692949676591
0.73079111855
0.645223667153
0.692949676591
0.73079111855
0.648019876968
0.691095130483
0.930817347539
0.549329287515
0.669692636807
0.82707569978
0.549747918586
0.667157075291
0.82707569978
0.550150632485
0.666344332862
0.82707569978
0.551274502149
0.667002343937
0.82707569978
0.551274502149
0.667002343937
0.887662243367
0.551877252775
0.665288931555
0.887662243367
0.552903358826
0.663975846557
0.887662243367
0.5570355621
0.66277882385
0.902410316591
0.557499735114
0.660206309056
0.92019676557
0.557959070683
0.6592764078
0.92019676557
0.56255917202
0.655394660105
0.928718495301
0.563014103466
0.653216446488
0.928718495301
0.565927054251
0.655412270426
0.928718495301
0.565927054251
0.655412270426
0.928718495301
0.567948922997
0.655187407778
0.897075339133
0.565823180803
0.653997971496
0.897075339133
0.565823180803
0.653997971496
0.897075339133
0.565865809323
0.656513327513
0.897075339133
0.555855661259
0.65384403467
0.897075339133
0.555855661259
0.65384403467
0.974314220395
0.546802005258
0.672852941766
0.974314220395
0.541287403072
0.677768852003
0.974314220395
0.541287403072
0.677768852003
0.974314220395
0.479701908161
0.664136077892
0.983086303968
0.479655903625
0.661598222302
1.0
0.531948110285
0.653207479562
1.0
0.531948110285
0.653207479562
1.0
0.531948110285
0.653207479562
0.834824060139
0.532663399077
0.649734900823
0.942718460366
0.53522623007
0.645100639544
0.910320668464
0.535601641088
0.643723825516
0.910320668464
0.535601641088
0.643723825516
0.9150274883
0.536393460142
0.642981820979
0.9150274883
0.536393460142
0.642981820979
0.9150274883
0.536393460142
0.642981820979
0.9150274883
0.536393460142
0.642981820979
0.9150274883
0.536393460142
0.642981820979
0.9150274883
0.536393460142
0.642981820979
0.9150274883
0.536393460142
0.642981820979
0.9150274883
0.332304368831
0.477614107033
0.877504903594
0.335814367811
0.474513637311
