1.0
0.595296707593
0.579603784633
1.0
0.595986288993
0.581298315965
1.0
0.59646018956
0.581471554053
1.0
0.596641397383
0.582129607426
1.0
0.596804156649
0.583662082038
1.0
0.596804156649
0.583662082038
1.0
0.597224586451
0.583932558557
1.0
0.597180359567
0.583922920185
1.0
0.597179414101
0.585731314861
1.0
0.597997479073
0.585483203443
1.0
0.597997479073
0.585483203443
1.0
0.597821396776
0.587101836166
1.0
0.597912159402
0.586636451088
1.0
0.597795936696
0.58797183978
1.0
0.597743102792
0.588212902401
1.0
0.597743102792
0.588212902401
1.0
0.597583369658
0.588987178623
1.0
0.597953390261
0.589473063993
