1.0
0.545638415769
0.624693118395
1.0
0.545906732197
0.62395819042
1.0
0.545419088794
0.62342531049
1.0
0.545764614166
0.622869248709
1.0
0.546203449577
0.623029947667
1.0
0.546561077093
0.622095480825
1.0
0.545971836525
0.621972848295
1.0
0.546282995234
0.621044293676
1.0
0.546765680257
0.621076189249
1.0
0.546765680257
0.621076189249
1.0
0.546751214406
0.621491479947
1.0
0.546060902102
0.62211786433
1.0
0.545940480138
0.621718259284
1.0
0.546451499649
0.621333791158
1.0
0.546672269221
0.620962617716
1.0
0.545984120816
0.621016861391
1.0
0.546181175778
0.621267288529
1.0
0.54614886516
0.621619719941
1.0
0.54614886516
0.621619719941
1.0
0.546386985838
0.62176109197
1.0
0.54588352439
0.621001033461
1.0
0.545535644282
0.621105315219
1.0
0.544733779644
0.621342524167
1.0
0.544618883185
0.622044526623
1.0
0.543688900711
0.621238750912
1.0
0.543243682957
0.621827406872
1.0
0.543008628553
0.622203766911
1.0
0.543008628553
0.622203766911
1.0
0.542733421249
0.6226587549
1.0
0.542321278624
0.622673835739
1.0
0.541810347837
0.622541889771
1.0
0.541584952547
0.621855476139
1.0
0.541511725273
0.622512364625
1.0
0.541025595719
0.622247108871
1.0
0.540501030899
0.622814788113
1.0
0.540304434161
0.623041462386
1.0
0.540304434161
0.623041462386
1.0
0.540114846189
0.624169570203
1.0
0.538999555768
0.623776584503
1.0
0.538275746091
0.624681415474
1.0
0.539511584199
0.6258850198
1.0
0.539177841607
0.626583787917
1.0
0.537700298704
0.626109663354
1.0
0.537374100686
0.627416348541
1.0
0.536220226543
0.627147344217
1.0
0.536220226543
0.627147344217
1.0
0.53621580188
0.627577323352
1.0
0.535890397248
0.627170029078
1.0
0.535433127279
0.627759242337
1.0
0.535097441054
0.627883335916
1.0
0.535206893251
0.627627482175
1.0
0.534709713041
0.62768622716
1.0
0.534709713041
0.62768622716
1.0
0.534497406364
0.628572546091
1.0
0.53288206225
0.628613004809
1.0
0.532443681216
0.629272242395
1.0
0.532446814327
0.62980291103
1.0
0.532321689825
0.630778465878
1.0
0.532603500553
0.630347384597
1.0
0.531977301803
0.631795742144
1.0
0.530907811898
0.632262956163
1.0
0.530799808465
0.632541688046
1.0
0.530248588312
0.63343308887
1.0
0.530248588312
0.63343308887
1.0
0.529899310469
0.634911637162
1.0
0.528527350116
0.633914037815
1.0
0.528040363911
0.634350020426
1.0
0.527769740817
0.63489785127
1.0
0.527448746511
0.635514159205
1.0
0.526678318319
0.635326392682
1.0
0.526390507527
0.636060694293
1.0
0.525293725736
0.636196901843
1.0
0.525293725736
0.636196901843
1.0
0.524575191228
0.638552253623
1.0
0.523051800537
0.637965663172
1.0
0.522485702074
0.638640157328
1.0
0.522902579662
0.63993927789
1.0
0.522120076142
0.641847209418
1.0
0.520840260154
0.641110507198
1.0
0.520840260154
0.641110507198
1.0
0.520120684065
0.642947680395
1.0
0.518970715558
0.642753800941
1.0
0.518688335567
0.643756337405
1.0
0.517867711456
0.644355343751
1.0
0.517288592264
0.645615739463
1.0
0.515694623493
0.645087190419
1.0
0.515410535121
0.645769658254
1.0
0.515072075402
0.645519002917
1.0
0.513841160739
0.648031297265
1.0
0.512298051991
0.64768626001
1.0
0.512298051991
0.64768626001
1.0
0.51149138829
0.649606078489
1.0
0.510840270028
0.650395616101
1.0
0.510349850883
0.651267825706
1.0
0.509473139171
0.651217813957
1.0
0.508955870571
0.652649667453
1.0
0.508347802617
0.652881149916
1.0
0.507744539387
0.6540152847
1.0
0.507098772846
0.652888937607
1.0
0.507098772846
0.652888937607
1.0
0.506139386328
0.65448060116
1.0
0.504939807125
0.653982002797
1.0
0.504373109743
0.655249053738
1.0
0.503466027495
0.655354368936
1.0
0.502498947588
0.657248695014
1.0
0.501944002412
0.656376376856
1.0
0.501590296337
0.657657029723
1.0
0.500504697411
0.657973118337
1.0
0.500504697411
0.657973118337
1.0
0.500037658045
0.65915881592
1.0
0.499411189136
0.658434847032
1.0
0.498396649149
0.659460789953
1.0
0.497748755944
0.660078022404
1.0
0.497124872897
0.660873704116
1.0
0.496271203711
0.659791336664
1.0
0.495670025705
0.661087066814
1.0
0.494752771739
0.660534854996
1.0
0.494752771739
0.660534854996
1.0
0.494327166987
0.661280486785
1.0
0.493022718407
0.660881365925
1.0
0.492353114297
0.662221230177
1.0
0.491357659678
0.66223385939
1.0
0.491058289313
0.663145668272
1.0
0.490364068117
0.662370246314
1.0
0.489515089882
0.664351180171
1.0
0.489515089882
0.664351180171
1.0
0.4889919522
0.664594001152
1.0
0.488021919531
0.665769500079
1.0
0.486940076457
0.665050248122
1.0
0.486583784599
0.66551248629
1.0
0.485979265105
0.665439515979
1.0
0.48529714539
0.666420919963
1.0
0.484164705246
0.666434834661
1.0
0.483585968467
0.668104658889
1.0
0.482922169168
0.667092165477
1.0
0.482922169168
0.667092165477
1.0
0.482035948914
0.668477149785
1.0
0.480351460843
0.668365444616
1.0
0.479774573477
0.66882350688
1.0
0.479980048383
0.66834441477
1.0
0.479150975731
0.669663832947
1.0
0.478182404606
0.668761486732
1.0
0.477651084615
0.66958324643
1.0
0.476667229312
0.66893650693
1.0
0.476667229312
0.66893650693
1.0
0.475891729691
0.670353055983
1.0
0.475626794692
0.670751149155
1.0
0.474848231899
0.672353271728
1.0
0.473659818329
0.672130173048
1.0
0.472850636924
0.672782138704
1.0
0.471202568728
0.672209592051
1.0
0.471389114319
0.672745483798
1.0
0.470569958567
0.672851732811
1.0
0.470569958567
0.672851732811
1.0
0.4690993419
0.674979383982
1.0
0.468634853776
0.674030256159
1.0
0.468061643451
0.674454230259
1.0
0.46795907933
0.674791275869
1.0
0.467547970774
0.675658674939
1.0
0.466833956009
0.674927862947
1.0
0.466462256537
0.675996632193
1.0
0.465839613286
0.676086807719
1.0
0.465839613286
0.676086807719
1.0
0.465115950804
0.677843300395
1.0
0.465545332492
0.678788349473
1.0
0.464996241109
0.679221389492
1.0
0.463804089698
0.67823197808
1.0
0.463658228064
0.679046652941
1.0
0.463494518392
0.679128698483
1.0
0.463037470075
0.680206627164
1.0
0.463037470075
0.680206627164
1.0
0.462449108011
0.679551777399
1.0
0.462331681713
0.6798975949
1.0
0.461333614842
0.679943308312
1.0
0.460942252501
0.680849716863
1.0
0.462339080359
0.681469594903
1.0
0.462442510892
0.683661007653
1.0
0.462357684857
0.68345641453
1.0
0.462357684857
0.68345641453
1.0
0.462152706458
0.684000178738
1.0
0.461113253942
0.683894737159
1.0
0.461066319431
0.684214003562
1.0
0.462300343423
0.685001467834
1.0
0.461921683306
0.685605648834
1.0
0.461208539776
0.685910232597
1.0
0.461152192671
0.686335091519
1.0
0.461428743328
0.686220000478
1.0
0.461441871476
0.686720358067
1.0
0.461835589763
0.687198878185
1.0
0.461835589763
0.687198878185
1.0
0.461627396739
0.688280818334
1.0
0.462525964889
0.68926621216
1.0
0.463021737732
0.689014714999
1.0
0.463249184328
0.689554733261
1.0
0.463339716283
0.689481458003
1.0
0.464010337404
0.689939734754
1.0
0.464010337404
0.689939734754
1.0
0.464228796683
0.689996559905
1.0
0.465398005121
0.690763547779
1.0
0.465841776738
0.691138711651
1.0
0.465648501556
0.691485646847
1.0
0.466295765933
0.69169763766
1.0
0.467499640302
0.692684007846
1.0
0.467963842941
0.692866008723
1.0
0.469986600305
0.695226567817
1.0
0.470528322805
0.695420979276
1.0
0.471049690348
0.695404409942
1.0
0.471049690348
0.695404409942
1.0
0.471423959394
0.695742023805
1.0
0.472780009579
0.696295833259
1.0
0.473357277338
0.695844889391
1.0
0.474582566415
0.696737555078
1.0
0.475207597696
0.696600593034
1.0
0.476340816855
0.697520293514
1.0
0.477093426598
0.697160907551
1.0
0.477093426598
0.697160907551
1.0
0.478113830899
0.698238702203
1.0
0.478875248126
0.697811275083
1.0
0.479672461667
0.69840811401
1.0
0.480815580813
0.697412968142
1.0
0.481856071985
0.698458337623
1.0
0.482509235158
0.697820238906
1.0
0.483676784868
0.696921803992
1.0
0.484230325896
0.695883396396
1.0
0.485215651002
0.696673913286
1.0
0.485215651002
0.696673913286
1.0
0.485984416661
0.695612698261
1.0
0.487391759917
0.696129574003
1.0
0.487920347786
0.694860887322
1.0
0.488707882252
0.694432213946
1.0
0.489481016285
0.693937245699
1.0
0.495680068599
0.693841003638
1.0
0.496862234267
0.691963561692
1.0
0.503248695874
0.692635976951
1.0
0.503248695874
0.692635976951
1.0
0.503903857755
0.691126133412
1.0
0.503358240787
0.688967826532
1.0
0.50489019953
0.684658323728
1.0
0.502990281314
0.685152310123
1.0
0.507620070318
0.673003341033
1.0
0.507983665079
0.671916599317
1.0
0.509417047981
0.664508392318
1.0
0.509417047981
0.664508392318
1.0
0.510178500652
0.66556764852
1.0
0.508026876079
0.667701753084
1.0
0.509063165018
0.668737804759
1.0
0.509541585522
0.667732053826
1.0
0.509601744558
0.669259899292
1.0
0.51046972859
0.667273324576
1.0
0.511649701331
0.668148851709
1.0
0.51240970397
0.667853409468
1.0
0.513243913267
0.669948665178
1.0
0.513243913267
0.669948665178
1.0
0.514663548232
0.669138103254
1.0
0.514515023442
0.670699570003
1.0
0.515497351002
0.670598734059
1.0
0.516862558285
0.673071467913
1.0
0.518602954011
0.672404838222
1.0
0.519018333506
0.675467570232
1.0
0.520102215653
0.675582314249
1.0
0.520102215653
0.675582314249
1.0
0.521621829773
0.676764093281
1.0
0.52270193221
0.677025920733
1.0
0.523207460402
0.679673269525
1.0
0.524794439144
0.679250655845
1.0
0.526002643365
0.681114201815
1.0
0.526924015642
0.680832524199
1.0
0.527835067095
0.682494385473
1.0
0.527835067095
0.682494385473
1.0
0.529590461787
0.682591722935
1.0
0.530165050415
0.684206459941
1.0
0.531920117515
0.683456012196
1.0
0.53283646404
0.68536563794
1.0
0.534727698651
0.684829026672
1.0
0.535555067564
0.686270952497
1.0
0.536696766976
0.685542477948
1.0
0.537655132877
0.688360137784
1.0
0.539647327082
0.687494566148
1.0
0.540863701021
0.688184626775
1.0
0.540863701021
0.688184626775
1.0
0.542902140368
0.686667716094
1.0
0.543008771551
0.689007934092
1.0
0.544124356677
0.689258197781
1.0
0.54654706804
0.691091444395
1.0
0.548432495086
0.689934491828
1.0
0.549272460609
0.691213242504
1.0
0.551587440141
0.689718365823
1.0
0.551587440141
0.689718365823
1.0
0.552788174751
0.691000968488
1.0
0.553973150318
0.690116000119
1.0
0.554624077289
0.691636279603
1.0
0.556386058672
0.690278994983
1.0
0.556865678441
0.691358928651
1.0
0.558778186365
0.689150718423
1.0
0.560629343739
0.69039529695
1.0
0.560629343739
0.69039529695
1.0
0.562634335327
0.688622815616
1.0
0.562915607619
0.690195264562
1.0
0.564563869556
0.68816996123
1.0
0.565370907891
0.689097036165
1.0
0.566882504836
0.686781344426
1.0
0.56784354747
0.687282912005
1.0
0.569620438167
0.685592128909
1.0
0.570829999796
0.686390742174
1.0
0.572057662235
0.68492369704
1.0
0.572057662235
0.68492369704
1.0
0.572192759006
0.685751240802
1.0
0.573906701361
0.68347343447
1.0
0.574818264928
0.684335638539
1.0
0.575880196557
0.682229106268
1.0
0.576672683296
0.682157933419
1.0
0.579022808871
0.679177883146
1.0
0.580005578772
0.680842764237
1.0
0.580005578772
0.680842764237
1.0
0.580746621733
0.679631978763
1.0
0.581057503433
0.678225088359
1.0
0.582232553379
0.676179632917
1.0
0.583743599803
0.676958741789
1.0
0.584871886981
0.674936739203
1.0
0.58520599
0.673833524938
1.0
0.586614277444
0.67145890364
1.0
0.586858457185
0.670668703922
1.0
0.587715231444
0.668220254305
1.0
0.587715231444
0.668220254305
1.0
0.589619325711
0.667378251938
1.0
0.591111175161
0.664796762462
1.0
0.592046718605
0.663832127123
1.0
0.592895795695
0.660609466277
1.0
0.593764159003
0.659996656219
1.0
0.595164109706
0.656415304244
1.0
0.596440119765
0.655110861893
1.0
0.597339484934
0.65222577871
1.0
0.597339484934
0.65222577871
1.0
0.598086764351
0.651528939233
1.0
0.599622825542
0.647036282218
1.0
0.601052651332
0.645301119807
1.0
0.601994203374
0.64126421127
1.0
0.60305662423
0.639277993539
1.0
0.603811259194
0.635923447124
1.0
0.605174813737
0.63453810618
1.0
0.605174813737
0.63453810618
1.0
0.606327737574
0.629195664167
1.0
0.607189894259
0.628413496319
1.0
0.608295524286
0.624563064587
1.0
0.609717568169
0.623108476547
1.0
0.611383180238
0.618155794294
1.0
0.612556699871
0.617127377044
1.0
0.613508505642
0.612770165614
1.0
0.615412543599
0.612003022648
1.0
0.616367828408
0.60710372504
1.0
0.616367828408
0.60710372504
1.0
0.61744841049
0.605528830406
1.0
0.618396174993
0.601651840639
1.0
0.619826671753
0.600394020624
1.0
0.620921632599
0.595898669323
1.0
0.623249628417
0.595081127687
1.0
0.624600351932
0.589695630651
1.0
0.633891236147
0.590888859446
1.0
0.633891236147
0.590888859446
1.0
0.635199863789
0.587141492696
0.99
0.655880976829
0.589170899816
0.99
0.656529693531
0.585152208126
0.99
0.678965224917
0.589908557073
0.99
0.681291735411
0.583093021055
0.99
0.702719443693
0.588399179278
0.99
0.712807981223
0.565477476548
0.99
0.73123868967
0.568477893668
0.99
0.751772557996
0.519568087708
0.99
0.751772557996
0.519568087708
0.99
0.767051109012
0.524362607286
0.99
0.791052522335
0.46764749245
0.988696561056
0.796298520845
0.469581655146
0.988696561056
0.819018971333
0.411857387877
0.974721468089
0.822281083192
0.413472309261
0.833561909974
0.824362848966
0.401250064259
0.833561909974
0.824678160118
0.399186102213
0.859944920231
0.826347072607
0.386323212816
0.859944920231
0.826347072607
0.386323212816
0.859944920231
0.827410810954
0.386930094964
0.845392118952
0.829861360379
0.376396551162
0.845392118952
0.829832961454
0.375884866036
0.924597549038
0.834411029447
0.364211181724
0.924597549038
0.834144486954
0.363128475667
0.922248144777
0.832496892868
0.363701216498
0.922248144777
0.832034105634
0.362483497567
0.922248144777
0.832034105634
0.362483497567
0.964304063235
0.82981011719
0.364324145035
0.95936775576
0.829446565612
0.362926731054
0.929914543761
0.829951108123
0.360867985172
0.929914543761
0.830035077961
0.360266056273
0.954886036454
0.830365488966
0.359127496415
0.965956200419
0.830355832149
0.358808640357
0.965956200419
0.832072116964
0.355324181285
0.972090359623
0.831594930557
0.354495244743
0.972090359623
0.837739306926
0.34688271807
0.972090359623
0.837739306926
0.34688271807
0.973514840587
0.83770221391
0.346153935519
0.973514840587
0.837368342114
0.345785114023
0.978400293061
0.836815537795
0.344413110685
0.978400293061
0.836418714683
0.344682005769
0.983884330021
0.836269938449
0.343948702031
0.983884330021
0.835610428962
0.344291995247
0.980774817103
0.835644471372
0.343933634847
0.980774817103
0.835644471372
0.343933634847
0.980774817103
0.834990393387
0.344354284315
0.97426439054
0.834921272728
0.343341345241
0.97426439054
0.834066253339
0.343618596666
0.981573958213
0.833909400511
0.343271470848
0.981573958213
0.833194966846
0.34408300271
0.966835563051
0.833347949624
0.343703982795
0.966835563051
0.833115560158
0.344012907514
0.977970065509
0.832933901287
0.343257862432
0.977970065509
0.832933901287
0.343257862432
0.977970065509
0.8333228174
0.342013656756
0.970400026891
0.833698406511
0.342503746299
0.970400026891
0.833072534801
0.342579004042
0.977736886277
0.832979924777
0.341867417193
0.977736886277
0.833759893236
0.340424008532
0.967841456693
0.833707095077
0.340550135977
0.967841456693
0.833570178614
0.34044469445
0.973229586524
0.833682549689
0.340371361602
0.973229586524
0.833106790906
0.340412321679
0.973229586524
0.833106790906
0.340412321679
0.963266101286
0.83306446959
0.339890297268
0.963266101286
0.833164170547
0.339799944149
0.962710458647
0.833806820806
0.340247620274
0.962710458647
0.833459142063
0.340057088104
0.980850868289
0.83271754289
0.337826482836
0.980850868289
0.832407193844
0.33806403409
0.96368456638
0.832250524163
0.336868309332
0.96368456638
0.832250524163
0.336868309332
0.96368456638
0.832567517055
0.335851213709
0.981954890572
0.832756121345
0.33637319216
0.981954890572
0.833270572583
0.33471872307
0.974595198788
0.833481247079
0.334385809382
0.974595198788
0.833179686697
0.33423942633
0.977145593089
0.832809453578
0.33268908232
0.977145593089
0.831626357659
0.332189319291
0.955837713179
0.831817844558
0.331022679577
0.955837713179
0.831305640902
0.330277719253
0.955837713179
0.831305640902
0.330277719253
0.954507130129
0.83131343504
0.329277459252
0.954507130129
0.831102922076
0.328999651219
0.953889340835
0.831245641604
0.328154982403
0.953889340835
0.831083281623
0.327234610265
0.966321035888
0.830700777096
0.326040349149
0.966321035888
0.830583351926
0.325137529683
0.956305338478
0.830963546033
0.324753336203
0.956305338478
0.830963546033
0.324753336203
0.956305338478
0.831185833097
0.323322129157
0.95124356536
0.830893226251
0.321749374126
0.95124356536
0.829996780951
0.322094904945
0.959907519621
0.829974806193
0.321702726564
0.959907519621
0.829925738867
0.320543673753
0.957173105274
0.829905258477
0.319609754479
0.957173105274
0.828821474589
0.319324459689
0.946053984277
0.829076197739
0.319408556751
0.946053984277
0.829076197739
0.319408556751
0.946053984277
0.828775165178
0.318716403194
