0.99
0.540396652526
0.520436518867
0.99
0.546927789816
0.508800213531
0.99
0.545929928402
0.509054904677
0.99
0.545929928402
0.509054904677
0.939138423205
0.546521463962
0.508864602719
0.939138423205
0.546757365417
0.510105919297
0.948034336935
0.547062333576
0.509438675307
0.948034336935
0.546780069813
0.509768373498
0.961888980684
0.546510594397
0.510337414619
0.961888980684
0.545378582113
0.508676955027
0.992543364174
0.545441979577
0.508576761655
0.992543364174
0.545441979577
0.508576761655
0.992543364174
0.545296325592
0.510712333027
0.923077554101
0.545251035228
0.510922475803
0.923077554101
0.545653604403
0.511997519894
0.918796816662
0.545991299445
0.512131974142
0.918796816662
0.545228927674
0.510926212946
0.942347747914
0.545425159434
0.510749909377
0.942347747914
0.545380929236
0.512334043228
0.93017304696
0.545787319172
0.511936418921
0.93017304696
0.544468552125
0.511235862002
0.93017304696
0.544468552125
0.511235862002
0.952543940286
0.544560753362
0.511589624878
0.952543940286
0.544327854367
0.511533268728
1.0
0.544917364754
0.510093210273
1.0
0.544098712686
0.509619425509
1.0
0.544935141024
0.508041524192
1.0
0.544935450606
0.508880642536
1.0
0.544935450606
0.508880642536
1.0
0.545288526877
0.508541467345
1.0
0.551614138852
0.511786427744
1.0
0.551561532821
0.512274763711
0.99
0.571408597954
0.520370105045
0.99
0.571376960262
0.520548119146
0.99
0.590273483596
0.537391889498
0.99
0.590085672499
0.537798479281
0.99
0.590085672499
0.537798479281
0.99
0.590085672499
0.537798479281
1.0
0.54574582606
0.486150356177
1.0
0.584981190112
0.536256284798
1.0
0.587778400211
0.531595914021
0.99
0.593394845357
0.52329706829
0.947561071003
0.593320240318
0.524731734573
0.973294084471
0.593614166281
0.525647733272
1.0
0.593335568316
0.527096815091
0.99073783767
0.593223399691
0.527739199884
0.99073783767
0.593223399691
0.527739199884
0.99073783767
0.591557351855
0.525827532342
0.990926499338
0.591092204634
0.52655637461
0.990926499338
0.590302447364
0.527106673597
0.926278339064
0.590686692848
0.527078555897
0.926278339064
0.590038220928
0.527051151122
1.0
0.589600280457
0.527762265776
1.0
0.588546773597
0.528593657867
0.9710366936
0.588282517838
0.529329050314
0.9710366936
0.587481162009
0.527885654785
0.960080662401
0.586169273277
0.529596157928
0.960080662401
0.586169273277
0.529596157928
0.960080662401
0.585770101743
0.53140800426
0.924429708251
0.585919699411
0.531245538822
0.924429708251
0.585024897867
0.530330295911
0.936244663657
0.584982973801
0.530868015724
0.936244663657
0.584465719713
0.529941385312
0.92848703886
0.584300667881
0.529991516327
0.92848703886
0.583541791606
0.529538910185
0.92848703886
0.583541791606
0.529538910185
0.994294798098
0.583074557131
0.530151048139
0.994294798098
0.582400913456
0.530939264774
0.947632743958
0.582534764034
0.531031274291
0.947632743958
0.581668543998
0.530022110721
0.96393586863
0.581580673019
0.530891555379
0.96393586863
0.581107333035
0.531204752325
0.92703390629
0.581089035463
0.531299230046
0.92703390629
0.580611204185
0.530898329639
0.92703390629
0.580611204185
0.530898329639
0.919567506857
0.580437713337
0.531139633426
0.919567506857
0.579625016
0.530263155645
0.945838362383
0.57898684187
0.531428978784
0.945838362383
0.579052155088
0.531930979243
0.893106932635
0.579332343021
0.532058445003
0.893106932635
0.578834915441
0.532184567924
0.874016525591
0.578653639087
0.532445402666
0.874016525591
0.57837111936
0.532532367094
0.874016525591
0.57837111936
0.532532367094
0.900831834143
0.578481787273
0.532345855805
0.900831834143
0.578089085264
0.531883403035
0.93720550621
0.578309607437
0.531867689177
0.93720550621
0.577984983437
0.530993174803
0.916656559553
0.577835482774
0.531618132534
0.916656559553
0.577453888232
0.531209835546
0.92654880035
0.577323791278
0.531529346245
0.92654880035
0.576923718344
0.533023425639
0.92654880035
0.576923718344
0.533023425639
0.957389062082
0.576453483632
0.533671767558
0.957389062082
0.576496498133
0.53305420903
0.950131072301
0.576203527802
0.533768572001
0.950131072301
0.575208104358
0.533311090724
0.955242562709
0.575386778372
0.533434960998
0.955242562709
0.570406516206
0.534182603539
0.951108745123
0.570280377175
0.534131115324
0.951108745123
0.570280377175
0.534131115324
0.951108745123
0.566592215591
0.536420762246
0.918873231879
0.566717445333
0.536143618162
0.918873231879
0.563869093975
0.537818348048
0.923960105825
0.563404588913
0.538298557775
0.923960105825
0.559741518766
0.538616126744
0.967428152177
0.559730769007
0.539047699275
0.967428152177
0.55713449358
0.537529125782
1.0
0.555769990318
0.541134630471
1.0
0.555536755484
0.540431847354
1.0
0.555536755484
0.540431847354
1.0
0.554256591976
0.544512664621
1.0
0.554499012369
0.544527714619
1.0
0.554391887693
0.545671417118
1.0
0.553724110581
0.544268063655
1.0
0.553855241136
0.543992542829
1.0
0.554526655944
0.543649944101
1.0
0.554434313402
0.543570157926
1.0
0.554481017137
0.54398468368
1.0
0.554481017137
0.54398468368
1.0
0.5544282578
0.543657147992
1.0
0.553823573449
0.542427597066
1.0
0.553886101403
0.542275344505
1.0
0.554121621116
0.542306172455
1.0
0.554030942232
0.542034098483
1.0
0.553751013386
0.541284724423
1.0
0.553741855166
0.540996413581
1.0
0.553676032739
0.540357357496
1.0
0.553570725635
0.540288231085
1.0
0.553570725635
0.540288231085
1.0
0.552492510314
0.5390377709
1.0
0.552490712874
0.538890534494
1.0
0.552469447362
0.538183997168
1.0
0.552427110135
0.538264920473
1.0
0.552266894768
0.538722199702
1.0
0.55218019967
0.538692562185
1.0
0.552231170353
0.540025455523
1.0
0.552218804784
0.539988259439
1.0
0.552218804784
0.539988259439
1.0
0.552170918796
0.539715270291
1.0
0.552061346824
0.539865827309
1.0
0.552276530685
0.540106116137
1.0
0.552235716598
0.539905728564
1.0
0.551464619453
0.537131381786
1.0
0.55116376154
0.537612353502
1.0
0.55116376154
0.537612353502
0.943755248449
0.550773520477
0.534454432602
0.943755248449
0.550698715492
0.534110404124
0.844484085326
0.550820860676
0.529630208243
