1.0
0.48394141181
0.385114085761
0.919806149123
0.48303457766
0.391648266253
0.919806149123
0.483184072525
0.384309643096
0.936623072535
0.483250452884
0.393119256725
0.936623072535
0.483296475384
0.393084513696
0.936623072535
0.483448504872
0.385032978964
0.945684858796
0.482350116015
0.392115534097
0.945684858796
0.482350116015
0.392115534097
0.945684858796
0.482518969619
0.382324504977
0.913962685831
0.483018629412
0.381989266412
0.955294501742
0.483017710013
0.392862244942
0.955294501742
0.483075242336
0.393367584865
0.955294501742
0.483242211605
0.381918221033
0.911899148857
0.482295076178
0.392250586427
0.911899148857
0.482298660588
0.392596681106
0.911899148857
0.482298660588
0.392596681106
0.911899148857
0.482478873725
0.378849242169
0.92648290467
0.482509557376
0.394940166125
0.92648290467
0.482685449881
0.381998603453
0.926865416665
0.482657643036
0.381741565578
0.949475535197
0.482753339213
0.395507824888
0.949475535197
0.482930283524
0.38191721546
1.0
0.483410027542
0.398137948446
1.0
0.483410027542
0.398137948446
1.0
0.483580310192
0.384601357416
0.93698469382
0.483706760182
0.400325259261
0.93698469382
0.483871145557
0.387611415557
0.858439765505
0.484345512448
0.400391066189
0.858439765505
0.484501022422
0.389353850753
0.94807779373
0.485704864188
0.393765088018
0.94807779373
0.489519812623
0.369387400558
0.94807779373
0.489519812623
0.369387400558
0.94807779373
0.489648611604
0.383930676637
0.921523132629
0.495296808871
0.348269503252
0.921523132629
0.496921815631
0.342585864691
0.921523132629
0.49704659584
0.377399158504
0.819753135414
0.497116834805
0.338036254534
0.819753135414
0.498028995973
0.332892312834
0.819753135414
0.498161424275
0.373631973607
0.84034365779
0.498888677212
0.374683850885
0.825283464221
0.498103341505
0.330722227927
0.825283464221
0.498237210747
0.373931192357
0.825283464221
0.498237210747
0.373931192357
0.868706669193
0.500584137973
0.332091571045
0.868706669193
0.500835445732
0.330272955947
0.868706669193
0.500802632936
0.32948141492
0.868706669193
0.500702470787
0.328621331742
0.868706669193
0.500702470787
0.328621331742
0.868706669193
0.500814156844
0.377856861423
0.956354746496
0.501584687624
0.330178214109
0.956354746496
0.501451375243
0.328850119934
0.956354746496
0.501556299788
0.382965398975
0.811600317597
0.501838734923
0.328780941284
0.811600317597
0.501838734923
0.328780941284
0.811600317597
0.501635390114
0.328184445096
0.912083794989
0.502020791517
0.328965626151
0.912083794989
0.502042093185
0.328869303339
1.0
0.502242949823
0.326623629113
1.0
0.502282022125
0.326353301252
0.99
0.505348313376
0.312092718874
0.99
0.5052383161
0.312167296494
0.99
0.511389268198
0.298317859354
0.99
0.511505848761
0.298344575674
0.99
0.525623961164
0.276196641826
0.99
0.525623961164
0.276196641826
0.99
0.525839022245
0.275981088432
0.99
0.52581407156
0.262708336905
1.0
0.526899474953
0.27352648832
1.0
0.526933224162
0.273987246717
0.762792326924
0.525950238198
0.267330752353
0.762792326924
0.526122012696
0.266233109527
0.762792326924
0.526122012696
0.266233109527
0.718553528106
0.526652335696
0.266512192662
0.718553528106
0.526822555245
0.266198525116
0.718553528106
0.526837529094
0.2660591154
0.718553528106
0.526834895989
0.26654144688
0.718553528106
0.526834895989
0.26654144688
0.718553528106
0.526864348207
0.266723158103
0.718553528106
0.5269675463
0.265680782378
0.99
0.527015658222
0.265419185801
0.99
0.527159075299
0.265148434624
0.74713371026
0.527270794819
0.265084417715
0.74713371026
0.527239125711
0.265305851245
0.793121928407
0.527333782471
0.264681702278
0.793121928407
0.527563105573
0.264360295595
0.792766671962
0.530175043077
0.272072708277
0.792766671962
0.530175043077
0.272072708277
0.792766671962
0.530225342313
0.271776327835
0.704440020833
0.529615419339
0.268517895541
0.704440020833
0.529750867336
0.268421675278
0.704440020833
0.529972659099
0.268163095657
0.751841887012
0.528685598398
0.265108417805
0.751841887012
0.528685598398
0.265108417805
0.751841887012
0.528646788969
0.264586260348
0.72661519895
0.52917975917
0.265909803447
0.72661519895
0.529294127336
0.266202199674
0.788366274571
0.530362789569
0.266273987654
0.788366274571
0.53051400523
0.266354866137
0.788366274571
0.530667876395
0.265964327414
0.720506409035
0.531121220026
0.264231420215
0.720506409035
0.531273095389
0.264294450584
0.720506409035
0.531273095389
0.264294450584
0.720506409035
0.531268683748
0.264715760458
0.810066242941
0.533463434834
0.268561067357
0.810066242941
0.533518460086
0.268197470164
0.810066242941
0.533703066011
0.267732600844
0.810066242941
0.533739514102
0.268407529021
0.810066242941
0.533739514102
0.268407529021
0.810066242941
0.533813534535
0.268783754746
0.711438921449
0.533814698208
0.269474201694
0.711438921449
0.534125775958
0.269624281495
0.711438921449
0.534168764712
0.269163590716
0.783730600105
0.537060465942
0.269102521682
0.783730600105
0.537082095398
0.269198693425
0.783730600105
0.537082095398
0.269198693425
0.783730600105
0.537180677264
0.269524027559
0.783730600105
0.537150147487
0.26964579863
0.836669145848
0.535766580648
0.270342920693
0.836669145848
0.53575591492
0.270364739188
0.836669145848
0.535869977278
0.270577507904
0.836669145848
0.535869977278
0.270577507904
0.8014586791
0.536631088657
0.27058999175
0.8014586791
0.536663793251
0.270279358913
0.767290159005
0.538509246572
0.273167010458
0.767290159005
0.538414449788
0.27334873844
0.767290159005
0.538432189058
0.27329269385
0.767290159005
0.538432189058
0.27329269385
0.765297614754
0.539534100827
0.275092213614
0.765297614754
0.539498072398
0.27486043374
0.765297614754
0.539158001999
0.275061481276
0.778118833814
0.541300512525
0.27901984048
0.778118833814
0.541254549788
0.279035705836
0.788321796805
0.539618345931
0.279299354664
0.788321796805
0.539420793252
0.278996331019
0.788321796805
0.539260038939
0.27890573611
0.788321796805
0.539260038939
0.27890573611
0.788321796805
0.538987098236
0.281898546148
0.727468329421
0.539677217991
0.278366492803
0.727468329421
0.539410731179
0.285031702886
0.727468329421
0.539410731179
0.285031702886
0.727468329421
0.535597906577
0.317037282545
0.727468329421
0.536274107886
0.31930534972
0.733983888886
0.536460074565
0.321024168576
0.733983888886
0.534587606835
0.345969830853
0.702803057414
0.53588522173
0.346708908133
0.702803057414
0.535554425553
0.350801638574
0.702803057414
0.535487935579
0.351140423445
0.702803057414
0.535306129574
0.351746400457
0.702803057414
0.535306129574
0.351746400457
0.702803057414
0.534797709984
0.351412345103
0.702803057414
0.534847859861
0.267560536906
0.716866845767
0.534208844623
0.350654909869
0.716866845767
0.534104271175
0.351655475257
0.716866845767
0.533939977882
0.352657977099
0.716866845767
0.533939977882
0.352657977099
0.716866845767
0.533998735692
0.266057296558
0.730909205459
0.533334068446
0.262638177209
0.875498779919
0.53682801236
0.354446576034
0.875498779919
0.536872159308
0.267679524764
0.869736934414
0.536515938359
0.355277674218
0.869736934414
0.53656184625
0.268293180874
0.706854028237
0.53262315347
0.351028646028
0.706854028237
0.532668817326
0.350895753979
0.706854028237
0.532740893184
0.261873906175
0.706854028237
0.532740893184
0.261873906175
0.712693383854
0.559329440256
0.396815980685
0.712693383854
0.559306466192
0.333925536231
0.825338706238
0.497439398806
0.324189670042
