0.990604972118
0.432580440566
0.581477188898
0.990604972118
0.432580440566
0.581477188898
1.0
0.433103737605
0.583032935562
1.0
0.432937991478
0.583041432611
1.0
0.431850819145
0.587083730214
1.0
0.4316687925
0.5868959004
1.0
0.4316687925
0.5868959004
1.0
0.426143421988
0.583116611629
0.99
0.413970904101
0.593045084473
0.99
0.413970904101
0.593045084473
0.99
0.392939997751
0.573610574138
0.99
0.393764798883
0.572535400755
1.0
0.3939232313
0.571725938637
1.0
0.3939232313
0.571725938637
1.0
0.394825453037
0.572911996315
1.0
0.395864752776
0.572016077666
1.0
0.3960568497
0.572605547778
1.0
0.3960568497
0.572605547778
1.0
0.396408408646
0.572686121872
1.0
0.39725681408
0.57242959211
1.0
0.39725681408
0.57242959211
1.0
0.39766810857
0.573041412024
1.0
0.397997636373
0.573746908493
1.0
0.398701428126
0.573059267716
1.0
0.399038179838
0.573299938176
1.0
0.399479269048
0.572814132358
1.0
0.399713121656
0.572621345733
1.0
0.399754046936
0.57259634984
1.0
0.399754046936
0.57259634984
1.0
0.399738313651
0.57201829676
1.0
0.39985140515
0.571454923918
1.0
0.39985140515
0.571454923918
1.0
0.39985140515
0.571454923918
1.0
0.399864326769
0.571504078537
1.0
0.399689061222
0.572463975491
1.0
0.399551864753
0.572701425099
1.0
0.399443548345
0.572499710275
1.0
0.399052240718
0.573644664422
1.0
0.399083734987
0.573701726978
1.0
0.398789566227
0.574084100599
1.0
0.398789566227
0.574084100599
1.0
0.398555641396
0.573776056702
1.0
0.399080107807
0.573249646184
1.0
0.399006202335
0.572836330267
0.99
0.408486688961
0.581500758826
0.99
0.408486688961
0.581500758826
0.99
0.414955130376
0.578807154838
0.99
0.422826261872
0.588105805015
0.99
0.423578452011
0.588249119061
1.0
0.423216545825
0.588485517679
1.0
0.423636289317
0.58796622976
1.0
0.423636289317
0.58796622976
1.0
0.423425441373
0.588320085051
1.0
0.422844206617
0.587161966397
1.0
0.422470032053
0.587013267899
1.0
0.422593513889
0.586532560809
1.0
0.422163634127
0.585625519322
1.0
0.422200321275
0.585291020234
1.0
0.422200321275
0.585291020234
1.0
0.422284900914
0.584724992315
1.0
0.422512078538
0.585173552014
1.0
0.422458911456
0.585859641226
1.0
0.419024613761
0.579922354247
1.0
0.418787933567
0.577704529384
0.99
0.412959659005
0.554893930903
0.99
0.412959659005
0.554893930903
0.99
0.399231057015
0.520140755431
0.99
0.399489418801
0.514760484148
0.99
0.399489418801
0.514760484148
1.0
0.400212577141
0.513352895647
1.0
0.401294677358
0.511752230184
1.0
0.401709450089
0.512681059503
1.0
0.401992524707
0.513194721084
1.0
0.402289251983
0.51386904831
1.0
0.402497229093
0.514405321006
1.0
0.402497229093
0.514405321006
1.0
0.403316045508
0.513479841932
1.0
0.403889359146
0.514653707611
1.0
0.403938040959
0.514740283656
1.0
0.404596107239
0.51408098896
1.0
0.404596107239
0.51408098896
1.0
0.405087287365
0.514451741585
1.0
0.405308861633
0.514627200549
1.0
0.40587130063
0.514952113469
1.0
0.40643466488
0.514786408867
1.0
0.406722426868
0.516037538287
1.0
0.407055866244
0.51556067326
1.0
0.407513240953
0.516574434292
1.0
0.407576166801
0.515963570333
1.0
0.407596036179
0.516515296474
1.0
0.407705338427
0.515876151062
1.0
0.407624805304
0.51542691588
1.0
0.407608443121
0.51502569787
1.0
0.407562124821
0.515029792018
1.0
0.407610745545
0.515031937764
1.0
0.407610745545
0.515031937764
1.0
0.407465089353
0.514578472808
1.0
0.407742274639
0.515050659169
1.0
0.407662451654
0.514665469979
1.0
0.40767442123
0.514696497787
1.0
0.407621243289
0.514221602835
1.0
0.407827163432
0.5141865337
1.0
0.407827163432
0.5141865337
1.0
0.407827163432
0.5141865337
1.0
0.407647382989
0.51467040894
1.0
0.407698699805
0.51508643628
1.0
0.407921808125
0.515067195304
1.0
0.407897120213
0.51540581501
1.0
0.408364737055
0.51565451278
1.0
0.408364737055
0.51565451278
1.0
0.408474302185
0.515757598387
1.0
0.40884502357
0.516073668482
1.0
0.409387130476
0.516514223827
1.0
0.410595779096
0.517888586288
1.0
0.410794160916
0.517732811047
1.0
0.410848668927
0.518249296588
1.0
0.410848668927
0.518249296588
1.0
0.411006213444
0.518708245736
1.0
0.411340007848
0.519723621845
1.0
0.411916850239
0.520615740075
1.0
0.412189819575
0.521483544573
1.0
0.412189819575
0.521483544573
1.0
0.412292482365
0.521245784101
1.0
0.412292482365
0.521245784101
1.0
0.412994539956
0.52220928869
0.856576300526
0.414180285388
0.523513251169
0.832145310468
0.414532534717
0.524152672858
0.832145310468
0.415102445864
0.524408769667
0.832145310468
0.415102445864
0.524408769667
0.898788900021
0.415499898267
0.524649748663
1.0
0.415405917265
0.524979373234
1.0
0.415806750804
0.525932762431
1.0
0.416296051415
0.526214645555
1.0
0.416553102764
0.526815278699
1.0
0.418024831883
0.528026782737
1.0
0.418024831883
0.528026782737
1.0
0.418280686017
0.528672535497
1.0
0.419554064736
0.52912311453
1.0
0.419866261208
0.529614948521
1.0
0.419866261208
0.529614948521
1.0
0.420062071578
0.529913558806
1.0
0.421150768647
0.530944351641
1.0
0.42153472451
0.531048400433
1.0
0.422884118926
0.532015744463
1.0
0.423097758074
0.53174389047
1.0
0.423249982826
0.532041010028
1.0
0.423249982826
0.532041010028
1.0
0.423945534193
0.530758832196
1.0
0.42438447358
0.531132227352
1.0
0.424750239701
0.531492748695
1.0
0.424913548371
0.531596552677
1.0
0.425733724931
0.53222783018
1.0
0.426281696797
0.531853740877
1.0
0.426473077426
0.532496685025
1.0
0.428299149019
0.535498077978
1.0
0.428299149019
0.535498077978
1.0
0.428476167338
0.535001651993
1.0
0.428604600073
0.535252447362
1.0
0.429131936563
0.536471231726
1.0
0.429131936563
0.536471231726
1.0
0.430453538177
0.538623581581
1.0
0.430851859667
0.538953523948
1.0
0.430851859667
0.538953523948
1.0
0.431164631529
0.539351761041
0.877360535088
0.433984117006
0.544047794278
0.877360535088
0.434252326924
0.544842399794
0.877360535088
0.434252326924
0.544842399794
0.877360535088
0.434391201575
0.544490250653
0.877360535088
0.434634830144
0.545173279306
0.877360535088
0.43541823459
0.545207637419
1.0
0.437476157344
0.546205424475
1.0
0.437476157344
0.546205424475
1.0
0.437966003836
0.546595772633
1.0
0.438583492267
0.54587741396
0.919107044219
0.439275061179
0.546360404644
0.919107044219
0.439275061179
0.546360404644
0.919107044219
0.439498736453
0.545924953325
0.876927742116
0.440709179351
0.546131143593
0.876927742116
0.441312799829
0.545613136243
1.0
0.441777065144
0.545628549708
1.0
0.442491826464
0.544044936607
1.0
0.443811554739
0.544616959899
1.0
0.444343971935
0.544013093432
1.0
0.444343971935
0.544013093432
0.919174813916
0.445688633995
0.544632110359
0.919174813916
0.445987336651
0.544299035632
1.0
0.446196929599
0.544139171349
1.0
0.446459602939
0.54395707312
1.0
0.447690934564
0.544098418789
1.0
0.447845676863
0.543647847611
1.0
0.448168578953
0.543350294014
1.0
0.448252729961
0.542294704036
1.0
0.448252729961
0.542294704036
0.890962889772
0.448884035459
0.542759330793
0.890962889772
0.449035860607
0.542407555283
0.890962889772
0.449301758213
0.541583982621
1.0
0.449168884511
0.541023854095
1.0
0.449218585272
0.540778772032
1.0
0.44931767589
0.540920493752
1.0
0.449710762916
0.541658910365
1.0
0.449869015037
0.540131371863
1.0
0.449869015037
0.540131371863
1.0
0.450181863193
0.539323347929
1.0
0.450336822093
0.538804512318
1.0
0.450391985314
0.538243675964
1.0
0.45052572896
0.537452494243
1.0
0.450660374117
0.537489090809
1.0
0.450789075894
0.537217898595
1.0
0.450660410332
0.536928885371
1.0
0.450529953543
0.536579702487
1.0
0.450395054033
0.535963533297
1.0
0.45005562952
0.535462876876
1.0
0.45005562952
0.535462876876
1.0
0.44997916479
0.534910444389
1.0
0.450116575593
0.535395497303
1.0
0.449825532883
0.534416814235
1.0
0.449825532883
0.534416814235
1.0
0.449679532312
0.533936809256
1.0
0.449773758204
0.534269739618
1.0
0.449801733872
0.534211213276
1.0
0.44964373291
0.534086324009
1.0
0.449901220575
0.533665530407
1.0
0.449901220575
0.533665530407
1.0
0.449901220575
0.533665530407
1.0
0.450001352599
0.533785769167
1.0
0.45082733887
0.535347727888
1.0
0.451616896709
0.535133596776
1.0
0.453368845581
0.536378336308
1.0
0.453769737179
0.536531994581
1.0
0.455348459586
0.536339743352
1.0
0.455348459586
0.536339743352
1.0
0.457359471419
0.538410364177
0.96099204938
0.458239479653
0.53989649965
0.96099204938
0.460333812282
0.538045730467
0.98794247513
0.462514231947
0.540117861
0.94865800783
0.463072825854
0.54092959404
0.94865800783
0.464134337305
0.539988633025
1.0
0.466246458948
0.542468833003
1.0
0.466916184303
0.541704306295
1.0
0.467486569803
0.541325310618
1.0
0.468569514877
0.542870682201
1.0
0.469135164523
0.541867444473
1.0
0.469135164523
0.541867444473
0.978640480024
0.470386003278
0.543178262664
0.978640480024
0.471626111458
0.541333157176
0.958870855403
0.472080906642
0.541457703791
0.958870855403
0.472080906642
0.541457703791
0.958870855403
0.473081265899
0.539977204608
0.908919143424
0.473843794144
0.541201813426
0.999508012801
0.47443615903
0.541958585848
0.999508012801
0.47443615903
0.541958585848
0.999508012801
0.475710461811
0.540402308267
1.0
0.47634720145
0.540473445676
1.0
0.476971844403
0.539869192991
0.887038881866
0.478560484596
0.541113950085
0.887038881866
0.479496345638
0.53982976262
0.887038881866
0.479791412173
0.53853514308
0.887038881866
0.479791412173
0.53853514308
0.887038881866
0.479791412173
0.53853514308
1.0
0.480992807764
0.538178136292
1.0
0.481440757982
0.537357705603
1.0
0.481974655791
0.537058374982
1.0
0.481974655791
0.537058374982
1.0
0.484059134876
0.53279091026
1.0
0.485052526996
0.532956456646
1.0
0.485937061542
0.533261923508
1.0
0.487578113985
0.53302787999
1.0
0.489378449338
0.528995424353
1.0
0.490880084149
0.529063150544
1.0
0.490880084149
0.529063150544
1.0
0.492732626824
0.524694895388
1.0
0.494431118566
0.525001327553
1.0
0.496167088411
0.52357433953
0.975991637083
0.497934013045
0.516256706413
0.975991637083
0.498650109517
0.514883224119
0.975991637083
0.500641896911
0.513312899441
0.902481663478
0.502025520761
0.509414897719
0.902481663478
0.503082234328
0.508152801217
0.902481663478
0.50368011172
0.507176209767
0.920030309555
0.504303646467
0.505554420258
0.920030309555
0.505617199421
0.504826117236
0.859534418407
0.506453440991
0.500084006232
0.859534418407
0.507189571995
0.49930948136
0.859534418407
0.509105713463
0.497270166611
0.859534418407
0.509105713463
0.497270166611
0.804333639678
0.509610990403
0.495802049388
0.99
0.513910401281
0.471710226352
0.99
0.515611609737
0.470340235438
0.99
0.515611609737
0.470340235438
0.99
0.515611609737
0.470340235438
1.0
0.517104270952
0.467119469478
1.0
0.518474779733
0.465944903962
1.0
0.519749347842
0.465010481698
1.0
0.522257449757
0.459339274223
0.969477728158
0.524963839568
0.458650752133
0.980068016068
0.527829557994
0.45924115615
0.980068016068
0.529909135442
0.453557294656
1.0
0.530692637081
0.453030711202
1.0
0.530692637081
0.453030711202
1.0
0.531702609789
0.449578542469
