1.0
0.540824295989
0.820268647721
1.0
0.540539166315
0.820716863164
1.0
0.540542429501
0.820625217332
1.0
0.540803018391
0.819888132533
1.0
0.540732859576
0.81983094952
1.0
0.540034892456
0.820503736668
1.0
0.540052767538
0.820218322871
1.0
0.540933408538
0.82009159832
1.0
0.540933408538
0.82009159832
1.0
0.540920797776
0.820670936031
1.0
0.540794504273
0.820392127502
1.0
0.540917731837
0.82003459258
1.0
0.540073323802
0.821139205479
1.0
0.539916188973
0.821680811298
1.0
0.53998263414
0.821410733187
1.0
0.53998263414
0.821410733187
1.0
0.539727242351
0.821103631524
1.0
0.539385678042
0.821304232471
1.0
0.539395164584
0.82176983107
1.0
0.540092434359
0.822383274116
1.0
0.539902472596
0.822840989289
1.0
0.54044550389
0.822859311367
1.0
0.540292545929
0.822022318226
1.0
0.539497796415
0.821334127975
1.0
0.539579769146
0.821970364262
1.0
0.539885928819
0.822540367489
1.0
0.539885928819
0.822540367489
1.0
0.539779710459
0.82300543659
1.0
0.539977263713
0.823093330605
1.0
0.539719500909
0.822925020454
1.0
0.539661649739
0.82319939958
1.0
0.539251902555
0.823933036658
1.0
0.539313472472
0.824162488806
1.0
0.539313472472
0.824162488806
1.0
0.539535807627
0.82397466795
1.0
0.539332961838
0.824541019701
1.0
0.539168228475
0.824332798845
1.0
0.538884891975
0.82351076587
1.0
0.53861259391
0.824574163629
1.0
0.538862974657
0.82456687575
1.0
0.539068225201
0.824370892404
1.0
0.538753463817
0.824148207016
1.0
0.538297852776
0.824771363061
1.0
0.538749177051
0.824424980223
1.0
0.538749177051
0.824424980223
1.0
0.538504534775
0.824764292143
1.0
0.538344102743
0.824757164839
1.0
0.538241040684
0.82440045714
1.0
0.537394491478
0.824060236434
1.0
0.536767739519
0.824639139892
1.0
0.535869823126
0.823733014599
1.0
0.535427688993
0.822911770575
1.0
0.534655518171
0.823052624704
1.0
0.534655518171
0.823052624704
1.0
0.533632699047
0.823037507466
1.0
0.53237884658
0.822660772134
1.0
0.531814840963
0.822614510479
1.0
0.53062259125
0.822850574341
1.0
0.52972162156
0.822936716804
1.0
0.528013298246
0.823014797005
1.0
0.527380947002
0.823367271224
1.0
0.5269832486
0.822901605086
1.0
0.5269832486
0.822901605086
1.0
0.526422392535
0.822071864808
1.0
0.525723991759
0.821336690184
1.0
0.525085625637
0.820572295525
1.0
0.525043649537
0.819620087292
1.0
0.524333945621
0.820900038421
1.0
0.522840936684
0.821052020117
1.0
0.522840936684
0.821052020117
1.0
0.522127019601
0.819933859882
1.0
0.521281546594
0.819845231548
1.0
0.52098376736
0.819091960584
1.0
0.520669727788
0.818562738902
1.0
0.520492108077
0.818373785695
0.995405408636
0.520829308696
0.817220347973
0.995405408636
0.520997629547
0.817803094939
1.0
0.52088148217
0.818219874693
1.0
0.520578353028
0.818092007685
0.999228269425
0.520559780045
0.817786807385
0.999228269425
0.520559780045
0.817786807385
0.999228269425
0.520569334781
0.817801315418
1.0
0.520782714904
0.81725864521
1.0
0.521062762561
0.817503782681
1.0
0.521258340487
0.817931213345
1.0
0.521256259987
0.817510427348
1.0
0.521230301898
0.818666213088
1.0
0.521230301898
0.818666213088
1.0
0.521091651405
0.818793954542
1.0
0.521678136972
0.817719901781
1.0
0.522126817985
0.817678048078
1.0
0.522512531809
0.818799385914
1.0
0.522732122973
0.819218799778
1.0
0.522765407435
0.819668389617
1.0
0.52274289196
0.819269580857
1.0
0.523320709056
0.819916490052
1.0
0.523589808002
0.821275455094
1.0
0.523541455532
0.82202975543
1.0
0.523541455532
0.82202975543
1.0
0.523750540174
0.822019099093
1.0
0.524390035468
0.82244237635
1.0
0.524561145204
0.822062162227
1.0
0.524892674568
0.822070020873
1.0
0.525187472327
0.823160077228
1.0
0.525068555748
0.823506401357
1.0
0.525068555748
0.823506401357
1.0
0.525141387515
0.824658763036
1.0
0.525586872008
0.824700589608
1.0
0.525880013993
0.824896363828
1.0
0.526301135794
0.825889829969
1.0
0.526313186387
0.826833078418
1.0
0.526933443539
0.826582332569
1.0
0.527346377027
0.827683841379
1.0
0.527890911558
0.828127731807
1.0
0.527880693956
0.827952045554
1.0
0.527453099916
0.827888375797
1.0
0.527453099916
0.827888375797
1.0
0.527725697895
0.828717779503
1.0
0.528308505117
0.829553274438
1.0
0.528187317568
0.83072132773
1.0
0.528109033192
0.831058394728
1.0
0.528065474762
0.829060041085
1.0
0.528417846257
0.829203394919
1.0
0.528417846257
0.829203394919
1.0
0.528681321921
0.827331718666
1.0
0.528779146878
0.827248287422
1.0
0.528839632312
0.82730399282
1.0
0.528776426074
0.828294069258
1.0
0.528631551238
0.827907620364
1.0
0.528763891189
0.827811017665
1.0
0.528415328663
0.828459163166
1.0
0.529167317821
0.828360198322
1.0
0.529483497366
0.828080682399
1.0
0.529367540235
0.829257413895
1.0
0.529367540235
0.829257413895
1.0
0.529157488646
0.830409728999
1.0
0.529060829022
0.829544794688
1.0
0.52940604617
0.82971149321
1.0
0.529802461156
0.830889430529
1.0
0.529778482693
0.831789098778
1.0
0.529842382899
0.831983630156
1.0
0.529870819921
0.832251565572
1.0
0.529870819921
0.832251565572
1.0
0.530464434762
0.832292485951
1.0
0.530762625122
0.831412253198
1.0
0.530929263795
0.831833639372
1.0
0.530947472325
0.832718101593
1.0
0.53069239121
0.832407499378
1.0
0.530605344226
0.833218326634
1.0
0.531362153532
0.832807308579
1.0
0.531320798212
0.832267633688
1.0
0.53120421796
0.832788248429
1.0
0.53120421796
0.832788248429
1.0
0.531335060038
0.832384786701
1.0
0.531936295842
0.832646786079
1.0
0.532029954578
0.834039331893
1.0
0.532313358369
0.834242269982
1.0
0.532695771871
0.834443808596
1.0
0.532585746803
0.834060155184
1.0
0.532585746803
0.834060155184
1.0
0.532983998523
0.833608867415
1.0
0.533996368843
0.833777827333
1.0
0.534184694459
0.834141346675
1.0
0.533936938112
0.834583648838
1.0
0.534035971231
0.834099487834
1.0
0.533996046601
0.833847080087
1.0
0.534143638873
0.834651742353
1.0
0.534482145645
0.835589599116
1.0
0.534499588809
0.835049131164
1.0
0.534742489261
0.834495336113
1.0
0.534742489261
0.834495336113
1.0
0.534934490831
0.83448238218
1.0
0.535069560741
0.834536146103
1.0
0.535411201914
0.833799674852
1.0
0.535514666782
0.834599605037
1.0
0.535328905526
0.836063498082
1.0
0.536042377908
0.835408059983
1.0
0.536520805066
0.834352052117
1.0
0.536051009257
0.834356389621
1.0
0.536051009257
0.834356389621
1.0
0.536233030469
0.834622348398
1.0
0.536575841677
0.834861047996
1.0
0.536298066117
0.835107505129
1.0
0.53651197317
0.835310909912
1.0
0.536842702785
0.835575040151
1.0
0.537548422664
0.835332387663
1.0
0.537709787976
0.835153566705
1.0
0.538117820532
0.835585448847
1.0
0.538117820532
0.835585448847
1.0
0.538178020928
0.836850962226
1.0
0.538759195781
0.837428009345
1.0
0.538968332222
0.836844436505
1.0
0.538880047167
0.837113637486
1.0
0.539360454347
0.83719906803
1.0
0.540961250518
0.837824833659
1.0
0.540908174862
0.837592737061
1.0
0.540624845746
0.837902839384
1.0
0.540624845746
0.837902839384
1.0
0.540986688109
0.83860323845
1.0
0.541967456702
0.838500236521
1.0
0.5419056115
0.838447703283
1.0
0.541257208577
0.839651380915
1.0
0.542038067296
0.840327958658
1.0
0.542801851928
0.842058209821
1.0
0.542801851928
0.842058209821
1.0
0.542775528607
0.843576332147
1.0
0.543200435367
0.843648462153
1.0
0.543753505736
0.844248554903
1.0
0.544089216803
0.84490431312
1.0
0.544136050424
0.845609409807
1.0
0.544548108268
0.847463756682
1.0
0.544668130182
0.84893694621
1.0
0.545226105023
0.849256411894
1.0
0.545226105023
0.849256411894
1.0
0.54532641626
0.850159064538
1.0
0.545513932691
0.850709938582
1.0
0.545461268903
0.851722656051
1.0
0.545559729958
0.852643615817
1.0
0.545406589732
0.854262238955
1.0
0.54556155936
0.855563426798
1.0
0.545813028891
0.856251336095
1.0
0.54602681272
0.85691803865
1.0
0.54640153784
0.85712953972
1.0
0.546392879273
0.858147147382
1.0
0.546392879273
0.858147147382
1.0
0.546126337602
0.859132853524
1.0
0.546739817655
0.859685259158
1.0
0.546404785956
0.860818097033
1.0
0.546503533784
0.86106464301
1.0
0.546135832451
0.862785595568
1.0
0.546410487148
0.863766613324
1.0
0.546410487148
0.863766613324
1.0
0.546533566346
0.863990777719
1.0
0.54541863413
0.864329430906
1.0
0.545255758087
0.864577901439
1.0
0.54521326456
0.86551768301
1.0
0.544997635806
0.865817870368
1.0
0.544828784079
0.86676309803
1.0
0.544428733054
0.86833908532
1.0
0.544155067993
0.870014498181
1.0
0.543825929765
0.872258480778
1.0
0.543492748199
0.873061448175
1.0
0.543492748199
0.873061448175
1.0
0.5429996429
0.874572191614
1.0
0.543089231597
0.875122559557
1.0
0.5432810648
0.876223114179
1.0
0.542739429293
0.8776147853
1.0
0.542552920553
0.878453141253
1.0
0.542258822903
0.879753879685
1.0
0.541699651164
0.881827143715
1.0
0.542064428289
0.883105903798
1.0
0.542064428289
0.883105903798
1.0
0.542024533983
0.885139379771
1.0
0.542105143024
0.886062630797
1.0
0.541863311888
0.887073179463
1.0
0.541839474837
0.888353290451
1.0
0.541820598867
0.889786229264
1.0
0.54172764734
0.89144424351
1.0
0.54172764734
0.89144424351
1.0
0.542017992356
0.893088233102
1.0
0.54235520324
0.894002438874
1.0
0.541818757592
0.896186186923
1.0
0.541576463931
0.898686168937
1.0
0.542214905177
0.899275047608
1.0
0.542403743125
0.899864682738
1.0
0.54243608572
0.90113261531
1.0
0.542704507405
0.902785273494
1.0
0.542880299285
0.903745191353
1.0
0.542813903252
0.904818985124
1.0
0.542813903252
0.904818985124
1.0
0.543225017128
0.905536735071
1.0
0.544440811786
0.906610638201
1.0
0.544368815272
0.908428097074
1.0
0.544481552312
0.908549919967
1.0
0.545226835251
0.910027675277
1.0
0.545079362038
0.910583984702
1.0
0.545079362038
0.910583984702
1.0
0.545585807899
0.911627176111
1.0
0.546071624428
0.912726536111
1.0
0.5464547152
0.913116288708
1.0
0.546842551934
0.914891720558
1.0
0.547366175162
0.915735157231
1.0
0.547579210772
0.915973029194
1.0
0.548392838626
0.916175685619
1.0
0.548616512059
0.916648943032
1.0
0.548949842704
0.91705335737
1.0
0.549303945548
0.917388988345
1.0
0.549303945548
0.917388988345
1.0
0.549866182967
0.918177924832
1.0
0.550749084948
0.917750299319
1.0
0.551231768272
0.917595033065
1.0
0.550760318276
0.917817178081
1.0
0.551296093829
0.918606461806
1.0
0.55205547274
0.918476823668
1.0
0.552348440077
0.91840392377
1.0
0.552181600279
0.919356203603
1.0
0.552181600279
0.919356203603
1.0
0.552509478511
0.918987627963
1.0
0.553071197447
0.919096881063
1.0
0.553531425766
0.919137740333
1.0
0.553136364061
0.918285211263
1.0
0.553547169149
0.917683921489
1.0
0.55345001467
0.917202870989
1.0
0.55345001467
0.917202870989
1.0
0.554412430156
0.916839114034
1.0
0.554262148674
0.916860447746
1.0
0.554581239626
0.916704452535
1.0
0.554852660242
0.91630381613
1.0
0.555114782726
0.915956173346
1.0
0.554775106464
0.915406946067
1.0
0.555205744046
0.914199189404
1.0
0.555301734946
0.913585456961
1.0
0.555982554765
0.913116407968
1.0
0.555226946369
0.912904239233
1.0
0.555226946369
0.912904239233
1.0
0.555919604173
0.912531222068
1.0
0.556088000916
0.912168963412
1.0
0.556227790743
0.910817632905
1.0
0.556497279699
0.91039779238
1.0
0.557049158137
0.909719879897
1.0
0.5566743252
0.908460127162
1.0
0.557320633728
0.907308459939
1.0
0.557319248724
0.906411691939
1.0
0.557319248724
0.906411691939
1.0
0.557450952999
0.905970079289
1.0
0.557161164047
0.905045909069
1.0
0.557559814074
0.904512774422
1.0
0.557819736847
0.90242218581
1.0
0.558353476721
0.900774192161
1.0
0.558481477979
0.899360553543
1.0
0.558481477979
0.899360553543
1.0
0.559324432772
0.897507731857
1.0
0.559129114597
0.896732046579
1.0
0.559620353911
0.895151874726
1.0
0.559353540426
0.894325199543
1.0
0.559198719876
0.893893537848
1.0
0.559038100827
0.892986163403
1.0
0.559970245701
0.891995961405
1.0
0.559206778803
0.890381039264
1.0
0.559372141457
0.889299482688
1.0
0.559347528898
0.888363838692
1.0
0.559347528898
0.888363838692
1.0
0.559658092976
0.887163516816
1.0
0.559250640793
0.886702407941
1.0
0.559651027496
0.884947241516
1.0
0.559432077675
0.884361286874
1.0
0.559851847549
0.883740600067
1.0
0.560003473758
0.882813263845
1.0
0.560003473758
0.882813263845
1.0
0.560190492681
0.881893713754
1.0
0.559942483852
0.880371844822
1.0
0.560601711855
0.879224918074
1.0
0.56093250668
0.87821697157
1.0
0.56114435598
0.877385040452
1.0
0.560736784368
0.877133621996
1.0
0.561486856195
0.876600798826
1.0
0.561534420102
0.876491456629
1.0
0.56186171665
0.874700514828
1.0
0.562519188026
0.87409500208
1.0
0.562519188026
0.87409500208
1.0
0.563183926298
0.873562085705
1.0
0.562773167413
0.873845259469
1.0
0.563080719147
0.872033471531
1.0
0.563063766375
0.871232756206
1.0
0.563540727382
0.870353391251
1.0
0.563627331612
0.8695565946
1.0
0.563988211992
0.868778193517
1.0
0.564449625775
0.869295393788
1.0
0.564449625775
0.869295393788
1.0
0.565130683929
0.868610109921
1.0
0.56514956766
0.868062725522
1.0
0.565173514559
0.867569278507
1.0
0.565438289699
0.867599953357
1.0
0.56597978382
0.867273737516
1.0
0.565894400381
0.867050765016
1.0
0.565894400381
0.867050765016
1.0
0.566464932276
0.866311097911
1.0
0.566772408814
0.866175712037
1.0
0.566979429719
0.864854973748
1.0
0.566996133655
0.864493200325
1.0
0.567490520524
0.864670765743
1.0
0.567988664163
0.864237860619
1.0
0.568396387739
0.864089872773
1.0
0.569110878573
0.863874061347
1.0
0.569346184058
0.863198994948
1.0
0.569489226434
0.863227462383
1.0
0.569489226434
0.863227462383
1.0
0.569903376023
0.862968370105
1.0
0.570772942529
0.862424999836
1.0
0.571170619399
0.862426384657
1.0
0.57146768538
0.862206217929
1.0
0.571969427499
0.861476433174
1.0
0.57217157563
0.861296562019
1.0
0.57217157563
0.861296562019
1.0
0.572388404964
0.861509863373
1.0
0.572909075057
0.861665546969
1.0
0.573073780537
0.861147785741
1.0
0.572838692514
0.861364146293
1.0
0.573220344935
0.862289689352
1.0
0.573538420876
0.862733410111
1.0
0.573391701627
0.862068962348
1.0
0.573999352939
0.862473929892
1.0
0.573999352939
0.862473929892
1.0
0.574308772977
0.861376611273
1.0
0.57438694413
0.86078037494
1.0
0.574197558162
0.861007250186
1.0
0.575519512398
0.86095185242
1.0
0.576148572595
0.858814108079
1.0
0.576145627911
0.859205251192
1.0
0.575312250993
0.86123809155
1.0
0.575508660982
0.861020787027
1.0
0.575508660982
0.861020787027
1.0
0.57649118156
0.859873041307
1.0
0.577187625412
0.860172738865
1.0
0.577013829292
0.860495912923
1.0
0.577207554335
0.859232300484
1.0
0.57747885689
0.857545919338
1.0
0.578217196389
0.858686316511
1.0
0.578527975266
0.859336043825
1.0
0.578342137671
0.858419840462
1.0
0.578342137671
0.858419840462
1.0
0.578577519589
0.857929104615
1.0
0.578918664011
0.859059579153
1.0
0.580096241384
0.85802214638
1.0
0.580403181062
0.857457912254
1.0
0.580213905014
0.857988853209
1.0
0.580702549757
0.857594761814
1.0
0.580915047409
0.857221959093
1.0
0.582004342103
0.855926331109
1.0
0.582004342103
0.855926331109
1.0
0.582064822675
0.856706802364
1.0
0.581754128434
0.857343637529
1.0
0.581299911683
0.856960780734
1.0
0.581658105703
0.856904505567
1.0
0.582742595962
0.856824783455
1.0
0.583276927473
0.857322962208
1.0
0.58338037082
0.857633081271
1.0
0.583540210552
0.85800157766
1.0
0.583540210552
0.85800157766
1.0
0.584689951961
0.858198618856
1.0
0.585460826858
0.857919210344
1.0
0.585460450041
0.858086300117
1.0
0.585682595362
0.858063169659
1.0
0.585616181289
0.858313197706
1.0
0.586624128547
0.858618255428
1.0
0.586683827216
0.858977876634
1.0
0.586085276615
0.85923638408
1.0
0.586085276615
0.85923638408
1.0
0.585799864394
0.860081092271
1.0
0.586516531999
0.860091157647
1.0
0.586263028242
0.860508310353
1.0
0.586041234105
0.861221550158
1.0
0.586464402098
0.861142137629
1.0
0.587135499093
0.860663112941
1.0
0.587752034849
0.860199784272
1.0
0.588084043027
0.861203190527
1.0
0.587228634525
0.861666394009
1.0
0.587228634525
0.861666394009
1.0
0.587089199116
0.861830064581
1.0
0.587444138085
0.861573276518
1.0
0.587512063159
0.861251367832
1.0
0.587165356313
0.861650553422
1.0
0.587652043488
0.861862665088
1.0
0.587765074302
0.862309830485
1.0
0.587926175331
0.861401710214
1.0
0.587926175331
0.861401710214
1.0
0.587826606663
0.861596399816
1.0
0.587800692257
0.862066005753
1.0
0.587819538729
0.862809769643
1.0
0.588035672612
0.863297567997
1.0
0.587678519828
0.862686373159
1.0
0.588229280597
0.86292988945
1.0
0.588386060333
0.864074626509
1.0
0.588256373037
0.864204822402
1.0
0.588256373037
0.864204822402
1.0
0.588345923214
0.86424125095
1.0
0.588917511573
0.864477051111
1.0
0.589098099499
0.86402374379
1.0
0.589105169001
0.864121004268
1.0
0.588431991684
0.864791366631
1.0
0.588635476156
0.865427097495
1.0
0.589078897657
0.864461272366
1.0
0.589514241577
0.864419425161
1.0
0.589514241577
0.864419425161
1.0
0.589023167606
0.865097691789
1.0
0.589004963355
0.864596531054
1.0
0.588588342254
0.865216682702
1.0
0.589022012401
0.866515182917
1.0
0.588931751206
0.866909678675
1.0
0.588954062459
0.866415230328
1.0
0.588845294453
0.866841925106
1.0
0.58905539464
0.866577658645
1.0
0.58905539464
0.866577658645
1.0
0.588545395342
0.866447689729
1.0
0.588423248038
0.867339403519
1.0
0.588399992653
0.866311320084
1.0
0.588564341577
0.86625146838
1.0
0.587870216143
0.86703354476
1.0
0.587807955117
0.866891438537
1.0
0.587149688007
0.867821103524
1.0
0.586502822565
0.86845140889
1.0
0.586858526586
0.868455146165
1.0
0.587465933118
0.867995284884
1.0
0.587465933118
0.867995284884
1.0
0.58677461513
0.868239870005
1.0
0.586932493695
0.86745336927
1.0
0.586465181309
0.868151393987
1.0
0.58678478363
0.86903607768
1.0
0.586124712287
0.870167041009
1.0
0.58559743283
0.870300421997
1.0
0.58559743283
0.870300421997
1.0
0.585394063825
0.870225177626
1.0
0.585795558789
0.870515641345
1.0
0.585465168249
0.870778442706
1.0
0.585515501966
0.870047926104
1.0
0.585366485923
0.870121301035
1.0
0.584810385845
0.870190004795
1.0
0.584237261092
0.87090433496
1.0
0.584357135345
0.871528989069
1.0
0.584357135345
0.871528989069
1.0
0.584511778814
0.871179904584
1.0
0.584799330477
0.870702009579
1.0
0.584289364907
0.87142322562
1.0
0.584135057692
0.8713465508
1.0
0.583470867282
0.871873921843
1.0
0.583819688138
0.872229521415
1.0
0.583305223928
0.871839922177
1.0
0.583190425656
0.873165615603
1.0
0.583190425656
0.873165615603
1.0
0.582798582372
0.873424792782
1.0
0.583018876523
0.871652145934
1.0
0.582719452874
0.872320914491
1.0
0.582397821164
0.873000764873
1.0
0.582313053969
0.872783465696
1.0
0.58255228052
0.873755829594
1.0
0.581975493784
0.873097912099
1.0
0.582196935758
0.87208805625
1.0
0.582196935758
0.87208805625
1.0
0.582301709147
0.873197139981
1.0
0.582142996612
0.873830298809
1.0
0.581673513865
0.874393138531
1.0
0.582081462081
0.8747335615
1.0
0.581605254491
0.874605559504
1.0
0.581696322481
0.874340666888
1.0
0.581613960213
0.875038398293
1.0
0.581964294911
0.875799042902
1.0
0.581964294911
0.875799042902
1.0
0.581250595971
0.875891458926
1.0
0.581382994044
0.87639476147
1.0
0.581609588151
0.87616059454
1.0
0.581159300422
0.876099884686
1.0
0.580639384145
0.877580652949
1.0
0.581514012531
0.878216868029
1.0
0.581091564412
0.878240947807
1.0
0.580534015609
0.877698660936
1.0
0.580534015609
0.877698660936
1.0
0.580639311295
0.878200598868
1.0
0.581235924254
0.878338379595
1.0
0.580717523637
0.878582970891
1.0
0.580523998966
0.879410101727
1.0
0.580367994419
0.87984087261
1.0
0.580857814785
0.87957780604
1.0
0.580782200483
0.879793177831
1.0
0.580972317637
0.879862269146
1.0
0.580972317637
0.879862269146
1.0
0.580828024966
0.881008233883
1.0
0.58111824774
0.880716373093
1.0
0.580609911166
0.880361351816
1.0
0.58081301746
0.88026857647
1.0
0.58101520469
0.880042817259
1.0
0.581045805389
0.880288052576
