0.99
0.589202623847
0.31410286903
0.99
0.589096721827
0.315227115188
0.99
0.589096721827
0.315227115188
0.99
0.605538036416
0.317164316769
0.99
0.605593348868
0.316367092199
0.99
0.622967985185
0.318731802968
0.99
0.626910796291
0.30731892874
0.99
0.642898348252
0.313201790694
0.99
0.652120966084
0.284418096837
0.755298963838
0.66857768272
0.290323893121
0.755298963838
0.66857768272
0.290323893121
0.755298963838
0.679067727327
0.260249429266
0.755298963838
0.680370936052
0.25642318816
0.8920670545
0.681424206386
0.255360231481
0.935103751638
0.699594130537
0.207258139129
0.686842168847
0.696939864333
0.202588483303
0.686842168847
0.697129488136
0.202536064538
0.79951070722
0.694749382032
0.198134188436
0.79951070722
0.694749382032
0.198134188436
0.79951070722
0.695612676691
0.194821707201
0.747512088927
0.697309500229
0.200069151587
0.747512088927
0.697306010461
0.200395695862
0.775041331826
0.694539588046
0.19520632674
0.775041331826
0.694593730692
0.194396487177
0.756073502513
0.692177229308
0.195679843322
0.756073502513
0.692203136796
0.194857765822
0.887094495843
0.693749996654
0.193959780642
0.887094495843
0.693749996654
0.193959780642
0.939463608809
0.692981071794
0.195561621758
0.775993432448
0.694199141278
0.194808737351
0.775993432448
0.693333554108
0.19687870123
0.750881389658
0.690543212648
0.197861657562
0.750881389658
0.689661177191
0.19936646466
0.890241838306
0.691174596234
0.198487706962
0.890241838306
0.691138529648
0.198497877504
0.757141314863
0.688232495967
0.193789904306
0.757141314863
0.688261536329
0.194061594449
0.757141314863
0.688261536329
0.194061594449
0.823628324239
0.689807352537
0.199325292123
0.818682480473
0.690473776726
0.195954358658
0.756634105525
0.687511141286
0.190788275729
0.756634105525
0.686709543344
0.191209042895
0.878434839042
0.688149630749
0.190781232772
0.878434839042
0.687960689885
0.192779921139
0.784649148953
0.689131354431
0.197737291964
0.784649148953
0.689131354431
0.197737291964
0.784649148953
0.689278331423
0.198034390206
0.830304159563
0.690380277651
0.196878422913
0.830304159563
0.689533994849
0.198191716783
0.736696683063
0.686549552094
0.193540244691
0.736696683063
0.687411453413
0.19037939215
0.775216770307
0.688886218414
0.195693029324
0.775216770307
0.689438800405
0.195016611485
0.825764062762
0.690502702683
0.193888444621
0.808768618172
0.690413471408
0.194189191988
0.808768618172
0.690413471408
0.194189191988
0.761515541743
0.691486016849
0.193536748886
0.761515541743
0.691524034902
0.192816482857
0.746669898389
0.688577865575
0.19389479597
0.746669898389
0.688576349821
0.192817498037
0.888865060437
0.689941556771
0.192046332925
0.888865060437
0.698550448124
0.172302019376
0.820035111262
0.699579370964
0.171694741001
0.820035111262
0.700492965796
0.167655650981
0.820035111262
0.700492965796
0.167655650981
0.762312488132
0.70161680391
0.172790769351
0.762312488132
0.701688474786
0.175086684279
0.938907259625
0.702716083647
0.174083889402
0.938907259625
0.702753904624
0.176288055829
0.762290206049
0.703791949009
0.175761213221
0.762290206049
0.703934363002
0.178662315324
0.624110180885
0.696891285411
0.175714655836
0.624110180885
0.697723039574
0.174797443998
0.624110180885
0.697723039574
0.174797443998
1.0
0.690163464629
0.176349922257
1.0
0.690769197943
0.176234778294
0.99
0.67429840426
0.172746918312
0.99
0.67294192095
0.175938798391
0.99
0.67050751263
0.180315555255
0.601628681269
0.663498116253
0.177472291147
0.601628681269
0.658653203477
0.187786576187
0.601628681269
0.658653203477
0.187786576187
0.665369702737
0.655693905347
0.195114797078
0.665369702737
0.650495676409
0.208073160545
0.821515166587
0.651304613665
0.206889552779
0.821515166587
0.646781255789
0.221042236446
1.0
0.649130510747
0.226922487513
1.0
0.645800627549
0.238791949865
0.712709289853
0.646134526434
0.237808604381
0.712709289853
0.646134526434
0.237808604381
0.712709289853
0.644138259625
0.248227516665
0.746670425266
0.644629002986
0.247770749924
0.746670425266
0.644162996805
0.252842947935
0.685189373739
0.644655582852
0.252386573575
0.685189373739
0.645449037609
0.254958266506
0.660925473947
0.645943464761
0.254502798069
0.660925473947
0.646692794721
0.254366777809
1.0
0.65103914389
0.264724783311
1.0
0.65103914389
0.264724783311
1.0
0.651540456076
0.264522082939
1.0
0.651793488274
0.26358461304
0.651188307609
0.65239370361
0.263100186469
0.651188307609
0.653202359712
0.263279439975
0.625765757095
0.653748542758
0.26299092445
0.625765757095
0.653970463485
0.261432848861
0.625765757095
0.653970463485
0.261432848861
1.0
0.649443703908
0.269073890537
1.0
0.64982076139
0.268691859539
0.99
0.642012237953
0.277127614709
0.99
0.643158743487
0.274222933684
0.99
0.635658781271
0.276105688061
0.99
0.635311465994
0.276679684164
0.99
0.635311465994
0.276679684164
0.99
0.635311465994
0.276679684164
0.99
0.635311465994
0.276679684164
0.99
0.635311465994
0.276679684164
0.99
0.635311465994
0.276679684164
0.99
0.635311465994
0.276679684164
1.0
0.634714732874
0.248791305501
0.99
0.618920744609
0.272428932691
0.986648835822
0.580139838244
0.344943284833
0.871662120613
0.701339515183
-0.0410351833329
0.871662120613
0.701339515183
-0.0410351833329
0.757145236874
0.909939288244
0.523651289125
0.781477148956
0.421265322335
0.745678679628
0.99
0.497451939286
0.873315930941
1.0
0.49592193208
0.882072328672
1.0
0.496290418564
0.887108212615
1.0
0.497137368539
0.885438655227
1.0
0.498457729117
0.883395019215
1.0
0.499211573957
0.882968556292
1.0
0.499211573957
0.882968556292
1.0
0.500341258752
0.881281959513
1.0
0.501632978048
0.876633787556
1.0
0.502536018374
0.87556702769
1.0
0.502299091895
0.873226450344
1.0
0.502876105921
0.873592314199
1.0
0.502224893933
0.872121148673
1.0
0.502839145851
0.872720132629
1.0
0.503092150564
0.872831545938
1.0
0.50380538404
0.871916743535
1.0
0.50380538404
0.871916743535
1.0
0.504481522631
0.872321547556
1.0
0.505159550398
0.871542783426
1.0
0.505368629345
0.868999446358
1.0
0.505620553774
0.867986692676
1.0
0.504606348541
0.867969520923
1.0
0.505144770922
0.866998858056
1.0
0.504915111284
0.868542995591
1.0
0.505243949585
0.868462807378
1.0
0.505243949585
0.868462807378
1.0
0.504962923888
0.868135503123
1.0
0.504950413887
0.867558148988
1.0
0.504894048148
0.867526864146
1.0
0.505367370781
0.866331876392
1.0
0.504774590431
0.865216763896
1.0
0.504805366274
0.866919228864
1.0
0.504082956968
0.865548290828
1.0
0.504082956968
0.865548290828
1.0
0.503804438737
0.864780064046
1.0
0.503541911774
0.864669921124
1.0
0.503382783325
0.864621555202
1.0
0.501959891832
0.863860340578
1.0
0.502006068464
0.862744021652
1.0
0.501768914503
0.859896923161
1.0
0.501691631657
0.860111272902
1.0
0.500064162032
0.860634605304
1.0
0.500064162032
0.860634605304
1.0
0.499952162333
0.860084667877
1.0
0.499345644094
0.860283595935
1.0
0.498903923249
0.859598078977
1.0
0.498600813288
0.857879918298
1.0
0.498296101354
0.857788150768
1.0
0.497819228905
0.857419545643
1.0
0.497773003408
0.856601278135
1.0
0.497669206034
0.85549929769
1.0
0.497669206034
0.85549929769
1.0
0.497625622697
0.854779164584
1.0
0.496732186678
0.853691909059
1.0
0.496644297428
0.852490674295
1.0
0.496272676063
0.851185882268
1.0
0.496123943253
0.849883050523
1.0
0.496896032016
0.849624799816
1.0
0.497112105671
0.848665662522
1.0
0.496644162509
0.84830384041
1.0
0.496600612254
0.84793083963
1.0
0.496600612254
0.84793083963
1.0
0.495651296246
0.843895376116
1.0
0.495679904436
0.842536353354
1.0
0.497988826588
0.844028373301
1.0
0.498102573736
0.842236707457
1.0
0.49852620839
0.841173375717
1.0
0.498845527457
0.840251508245
1.0
0.49991268432
0.839635875558
1.0
0.49991268432
0.839635875558
1.0
0.500049592195
0.840249632188
1.0
0.50112601485
0.839523301838
1.0
0.501762374725
0.83684357861
1.0
0.50260560094
0.836447426833
1.0
0.503266346489
0.835752120047
1.0
0.504457461001
0.835515696848
1.0
0.504696048697
0.834721429313
1.0
0.506126033664
0.835323981299
1.0
0.506126033664
0.835323981299
1.0
0.506238885778
0.83563584892
1.0
0.507743872711
0.835518247906
1.0
0.50847603376
0.833778104401
1.0
0.509408686774
0.833859371308
1.0
0.510036430709
0.833917363921
1.0
0.511812609298
0.831623318953
1.0
0.512330928258
0.831172442312
1.0
0.512330928258
0.831172442312
0.99
0.509732096669
0.810124324889
0.99
0.51034778121
0.810211644262
0.99
0.506383533488
0.778446658983
0.99
0.506764188468
0.778003533725
0.99
0.507890989496
0.742752716096
0.99
0.508501999689
0.74120335339
0.99
0.515439992049
0.708099315863
0.99
0.516681978117
0.697738454251
0.99
0.516681978117
0.697738454251
0.99
0.523516686471
0.669288962051
0.99
0.528220566077
0.634188183574
0.99
0.536264817401
0.608499440132
0.99
0.543047467158
0.565283217479
0.99
0.551421270454
0.549359496935
0.99
0.560153017152
0.497464998636
0.99
0.56761215172
0.489070302803
0.99
0.574685744171
0.445276663742
0.99
0.580902162941
0.440020940098
0.99
0.580902162941
0.440020940098
0.99
0.586302260288
0.399708220459
0.99
0.590300606664
0.39861649281
0.99
0.594252269781
0.367292770835
0.99
0.597119216995
0.368316371783
0.99
0.600065453372
0.346131227198
0.99
0.601821675787
0.347074755416
1.0
0.603540246421
0.335617385693
1.0
0.604834571291
0.335680204059
1.0
0.604834571291
0.335680204059
1.0
0.605656431893
0.329073205535
1.0
0.606763378091
0.329843140266
1.0
0.606071780328
0.331489149828
1.0
0.606901458906
0.331531934132
1.0
0.606747663169
0.33087441515
1.0
0.607514554214
0.331869308221
1.0
0.607433124819
0.332089918941
1.0
0.608139405744
0.332560417627
1.0
0.608281783671
0.331886773796
1.0
0.608281783671
0.331886773796
1.0
0.608586262363
0.331632455872
1.0
0.609105812409
0.330982328781
1.0
0.609922391721
0.331286726352
1.0
0.60968222087
0.330606108959
1.0
0.610603520284
0.331106139864
1.0
0.61051800916
0.33216193121
1.0
0.61100625726
0.332503718672
1.0
0.611255388291
0.332140212162
1.0
0.611255388291
0.332140212162
1.0
0.611175908051
0.331948970555
1.0
0.611011538088
0.331895640556
1.0
0.611173073131
0.331899484271
1.0
0.611016541043
0.331932285777
1.0
0.607842722614
0.324485121323
1.0
0.608145429882
0.325091907391
1.0
0.608145429882
0.325091907391
1.0
0.602445044948
0.313489018757
1.0
0.602889296219
0.312728639003
1.0
0.59988613297
0.3038348942
1.0
0.599405329058
0.302756903506
1.0
0.598933458955
0.299680450346
1.0
0.598158192796
0.296536692433
1.0
0.598519536141
0.294817168355
1.0
0.595994663958
0.288901945063
1.0
0.595667763915
0.286804504686
1.0
0.595667763915
0.286804504686
1.0
0.594601672521
0.280639748715
0.698853275348
0.595018172416
0.273905462625
0.698853275348
0.594606987398
0.269450419359
1.0
0.59458400979
0.274761809037
1.0
0.594457613806
0.274090250919
0.707208051757
0.594912404064
0.272706199963
0.707208051757
0.594676805236
0.272582473678
0.813695717249
0.590518183437
0.268061384167
0.813695717249
0.590518183437
0.268061384167
0.813695717249
0.590584400573
0.266356392508
0.82936573128
0.591327693755
0.265698808248
0.82936573128
0.590701597589
0.267772706306
0.817980597755
0.591066826119
0.266813334651
0.817980597755
0.591108173622
0.267256666002
0.810229331604
0.591546591651
0.272222485065
0.810229331604
0.591606031533
0.271989849311
1.0
0.593858695921
0.274118822503
1.0
0.593858695921
0.274118822503
1.0
0.593909758976
0.275009667404
0.829895720497
0.594149492306
0.273876512049
0.829895720497
0.59397658049
0.273133983644
0.765344762483
0.589796781977
0.268679542644
0.765344762483
0.589685949448
0.269058795837
0.790110909592
0.590479694296
0.274395128763
0.790110909592
0.590507161441
0.274677269156
0.862559300246
0.59084408123
0.273364117093
0.862559300246
0.591375468677
0.272312617328
0.862559300246
0.591375468677
0.272312617328
1.0
0.593635049124
0.275300944573
1.0
0.592783143476
0.277005244087
1.0
0.593176973293
0.277677532152
1.0
0.592904072687
0.27920181261
1.0
0.591752885989
0.278688812839
1.0
0.591700515248
0.279679613698
1.0
0.591621227005
0.280193753654
1.0
0.591621227005
0.280193753654
1.0
0.591537715915
0.280821744374
1.0
0.591188809881
0.281040124217
1.0
0.590996003397
0.282038863176
1.0
0.590667552583
0.282377110066
1.0
0.590577611584
0.283108220787
1.0
0.589927898379
0.28264682326
1.0
0.590010554282
0.283580600831
1.0
0.590010554282
0.283580600831
1.0
0.589616090452
0.284097693157
1.0
0.589556736574
0.28361091708
1.0
0.589155966375
0.284393078731
1.0
0.588661978292
0.285373870897
1.0
0.588076124678
0.285605832496
1.0
0.587703579282
0.286736982627
1.0
0.587118459844
0.286957607866
1.0
0.586753466462
0.288516256266
1.0
0.58628369766
0.289124957781
1.0
0.58628369766
0.289124957781
1.0
0.586006834329
0.289849099658
1.0
0.585518966793
0.290368455585
1.0
0.58524955894
0.29098834766
1.0
0.585123647312
0.291672696716
1.0
0.58451319828
0.293518267512
1.0
0.584511146765
0.293857801287
1.0
0.584421893098
0.295009725297
1.0
0.584421893098
0.295009725297
1.0
0.584008298833
0.295166945023
1.0
0.584150812278
0.295792670731
1.0
0.583879886227
0.296607214029
1.0
0.583289230327
0.297515326939
1.0
0.582905633699
0.297995369159
1.0
0.582664758469
0.298731859842
1.0
0.582723508029
0.299208812585
1.0
0.58283398107
0.300728408187
1.0
0.582387854978
0.301841440509
1.0
0.582186117549
0.302476943637
1.0
0.582186117549
0.302476943637
1.0
0.582422468107
0.303539006695
1.0
0.582537639751
0.303460781236
1.0
0.582174312995
0.303813256179
1.0
0.581681558627
0.305071798465
1.0
0.581555126892
0.306832814393
1.0
0.581430178116
0.307601935124
1.0
0.581430178116
0.307601935124
1.0
0.581067954939
0.308305971356
1.0
0.581412433815
0.308947858285
1.0
0.581106135554
0.310105673113
1.0
0.580924197528
0.310502648825
1.0
0.58083827565
0.312331720106
1.0
0.580742660423
0.31369711703
1.0
0.580519777699
0.314588928825
1.0
0.580407117336
0.314948201567
1.0
0.579711680711
0.316236036989
1.0
0.579711680711
0.316236036989
1.0
0.579575162155
0.317978906478
1.0
0.579135155032
0.319500997694
1.0
0.579239677589
0.320740746213
1.0
0.578294225379
0.323478588237
1.0
0.578011254669
0.324988955826
1.0
0.577688276015
0.32730584953
1.0
0.577624625768
0.329273116538
1.0
0.577019800854
0.331791249894
1.0
0.577019800854
0.331791249894
1.0
0.577048417162
0.334267768865
1.0
0.576001918128
0.337010146609
1.0
0.575274912251
0.33995806883
1.0
0.57423916204
0.342049728657
1.0
0.574126876361
0.345442251792
1.0
0.573620872138
0.3487316806
1.0
0.573403532678
0.351937965724
1.0
0.573403532678
0.351937965724
1.0
0.572990850097
0.355021610284
1.0
0.572876630069
0.358520171925
1.0
0.57261251186
0.362500970195
1.0
0.572360755469
0.366017824406
1.0
0.571818145564
0.368791061822
1.0
0.571659460758
0.373181446436
1.0
0.571873597461
0.378031057122
1.0
0.572035771077
0.381179031542
1.0
0.572187031991
0.383106403533
1.0
0.572344640686
0.384617617496
1.0
0.572344640686
0.384617617496
1.0
0.572779353235
0.387023843532
1.0
0.572642955138
0.391683371531
1.0
0.572335434712
0.393286380173
1.0
0.572657385955
0.396073910035
1.0
0.57287772737
0.398002012368
1.0
0.572882904445
0.401490865978
1.0
0.572882904445
0.401490865978
1.0
0.573205538437
0.402875752023
1.0
0.573350962886
0.40496143119
1.0
0.573489575158
0.406754750623
1.0
0.574140322436
0.407769062274
1.0
0.573638782115
0.407040752309
1.0
0.573629469527
0.408196125567
1.0
0.573469682806
0.409019253893
1.0
0.573761842727
0.410000535588
1.0
0.573349274532
0.410700388239
1.0
0.573349274532
0.410700388239
1.0
0.573549979949
0.411286930936
1.0
0.573006360189
0.410614096848
1.0
0.573360991653
0.41045657947
1.0
0.572909800296
0.411001633321
1.0
0.572936972606
0.411698661924
1.0
0.572660816806
0.410912331964
1.0
0.572846159528
0.4109852244
1.0
0.572157220051
0.411025982944
1.0
0.572157220051
0.411025982944
1.0
0.572079582428
0.411164488586
1.0
0.572011869969
0.411585867578
1.0
0.57181774601
0.412023207326
1.0
0.571663380731
0.411792488907
1.0
0.571687282207
0.411209503947
1.0
0.571219605652
0.410936360485
1.0
0.571042335292
0.411143531484
1.0
0.570788539218
0.41142784719
1.0
0.570788539218
0.41142784719
1.0
0.571241042914
0.41000172613
1.0
0.570933523176
0.409462857966
1.0
0.571090969972
0.410977849231
1.0
0.571352956821
0.411446253713
1.0
0.571700109901
0.4114258164
1.0
0.571640750531
0.411256496133
1.0
0.57198162324
0.41129252419
1.0
0.572169246737
0.411510671475
1.0
0.572169246737
0.411510671475
1.0
0.572705887386
0.41048108815
1.0
0.572556631584
0.410455252279
1.0
0.573011189386
0.410506924733
1.0
0.573693950372
0.410563167585
1.0
0.574442369536
0.409271755741
1.0
0.574815183569
0.408537460829
1.0
0.575020902299
0.408789528373
1.0
0.57551314311
0.407815903908
1.0
0.57551314311
0.407815903908
1.0
0.576580807388
0.406242451129
1.0
0.576787451116
0.40655025019
1.0
0.577377036541
0.40490582262
1.0
0.578385744561
0.403913125316
1.0
0.578834131338
0.403291680846
1.0
0.578747228948
0.400867664214
1.0
0.57946372466
0.397793216059
1.0
0.580147582034
0.397088632564
1.0
0.580147582034
0.397088632564
1.0
0.580928529328
0.394513987665
1.0
0.580996760031
0.392795312586
1.0
0.581794140924
0.390334837729
1.0
0.582103964539
0.389331186272
1.0
0.582541085143
0.387526443371
1.0
0.583205636196
0.386974836744
1.0
0.583735115049
0.383998366735
1.0
0.584062983582
0.383548234444
1.0
0.584062983582
0.383548234444
1.0
0.584301967359
0.381598810721
1.0
0.584110321941
0.38031288679
1.0
0.584739420657
0.37803120548
1.0
0.586565437925
0.388239835057
1.0
0.586688326197
0.387843650705
0.99
0.585411244756
0.411127496022
0.99
0.585411244756
0.411127496022
0.99
0.585717249996
0.408404542607
0.99
0.585098458955
0.437038096152
0.99
0.585150748899
0.435240129045
0.99
0.58465993989
0.46637681555
0.99
0.584302927086
0.474147109107
0.99
0.586407380943
0.505717487482
0.99
0.584834333621
0.530995258658
0.99
0.587302892534
0.558343204187
0.99
0.585664391799
0.588436957436
0.99
0.589518939424
0.611803469102
0.99
0.589518939424
0.611803469102
0.99
0.5868550837
0.643918793929
0.99
0.589132809223
0.662949984551
0.99
0.587268583732
0.69296429304
0.99
0.588454774164
0.705409758584
0.99
0.586470993939
0.733592422323
0.99
0.586874238838
0.743205881232
0.99
0.585290689603
0.766463129337
0.99
0.585290689603
0.766463129337
0.99
0.585453933338
0.768196568048
0.99
0.584336302272
0.788854015534
0.99
0.584803582057
0.788169490943
0.998462954406
0.583612289112
0.796548449531
0.998462954406
0.58332757165
0.796535383014
0.882150361196
0.582478127047
0.80299267694
0.882150361196
0.582425566517
0.802942512216
0.887614209879
0.582544740191
0.806658043101
0.887614209879
0.582264675578
0.806049941853
0.887614209879
0.582264675578
0.806049941853
0.91763907426
0.582928924825
0.808056258321
0.91763907426
0.582571873534
0.808810191612
0.976776790351
0.582514325572
0.811293620126
0.976776790351
0.582150646865
0.812019953875
1.0
0.58160913516
0.81713576727
1.0
0.581701417144
0.818137733305
1.0
0.581701417144
0.818137733305
1.0
0.581091821058
0.8245905465
1.0
0.580824254587
0.824234524705
1.0
0.581179927307
0.826516898405
1.0
0.580703724933
0.828252995887
1.0
0.580761583586
0.829350139541
1.0
0.580366303605
0.83129461049
1.0
0.5795878469
0.834190177074
1.0
0.579893799646
0.835087261912
1.0
0.579613866409
0.834706128892
1.0
0.579613866409
0.834706128892
1.0
0.579498981228
0.836410886742
1.0
0.580297576422
0.836471877918
1.0
0.580076553445
0.837753875492
1.0
0.578395866909
0.838835237691
1.0
0.578479873769
0.839837918026
1.0
0.577542445396
0.841112997604
1.0
0.577542445396
0.841112997604
1.0
0.577440039647
0.843309008362
1.0
0.576829789777
0.844168957163
1.0
0.577282867695
0.84321599683
1.0
0.576170492056
0.843786955021
1.0
0.576133908384
0.845527582688
1.0
0.575305971604
0.846288770229
1.0
0.574984312601
0.847172712036
1.0
0.574476492617
0.847412547607
1.0
0.574410293297
0.850120515106
1.0
0.574410293297
0.850120515106
1.0
0.57351821916
0.850681750971
1.0
0.573409871905
0.85101369527
1.0
0.573043656763
0.852545028971
1.0
0.572715851534
0.854215541135
1.0
0.571091921258
0.85426181741
1.0
0.570845582504
0.8555188684
1.0
0.571014752977
0.856432375338
1.0
0.571400748984
0.858394024445
1.0
0.570391172171
0.858680378692
1.0
0.570391172171
0.858680378692
1.0
0.569744213141
0.860792503512
1.0
0.569031569725
0.862566424324
1.0
0.569202000614
0.8641870313
1.0
0.568348230917
0.863720411896
1.0
0.568326318456
0.86528014631
1.0
0.567743970202
0.86714203632
1.0
0.567743970202
0.86714203632
1.0
0.567828609867
0.867401407736
1.0
0.567027571202
0.867340396581
1.0
0.567092433216
0.867874637276
1.0
0.567004244788
0.867782127214
1.0
0.566770202506
0.867824606214
1.0
0.56568360347
0.868468319752
1.0
0.56642432493
0.866741536909
1.0
0.565652252765
0.866095652134
1.0
0.564994886296
0.866705877384
1.0
0.564994886296
0.866705877384
1.0
0.564191680052
0.867241595105
1.0
0.563832111151
0.869155167108
1.0
0.563599235985
0.86878209215
1.0
0.563631690965
0.868229217094
1.0
0.562438563378
0.86834698151
1.0
0.562391365468
0.86922574868
1.0
0.56250273958
0.8696106971
1.0
0.56250273958
0.8696106971
1.0
0.562712806485
0.868857812528
1.0
0.561512666534
0.869175328216
1.0
0.560900773348
0.875583555023
1.0
0.560769575741
0.875820835342
1.0
0.560756529558
0.87457747348
1.0
0.560006868473
0.874728137539
1.0
0.559970634012
0.875971421776
1.0
0.559127961432
0.876751635736
1.0
0.559223723776
0.874698414659
1.0
0.559223723776
0.874698414659
1.0
0.559089198442
0.87496615779
1.0
0.559241175833
0.873138874965
1.0
0.558795048856
0.873259575657
1.0
0.558756529276
0.873227323689
1.0
0.55830061128
0.875046339301
0.977106767491
0.558845816901
0.875082650588
0.977106767491
0.557502982757
0.874714802481
1.0
0.557074815062
0.875582026449
1.0
0.557074815062
0.875582026449
1.0
0.557297228875
0.876605717201
1.0
0.557365230981
0.877063016287
1.0
0.557192313833
0.877883402874
1.0
0.557102990222
0.877394895658
1.0
0.556280917379
0.878589181177
1.0
0.55586303418
0.879518198505
1.0
0.555088118046
0.880298702568
1.0
0.555539488026
0.879648911355
1.0
0.55432601212
0.880212452196
1.0
0.55432601212
0.880212452196
1.0
0.554593676863
0.877219494289
1.0
0.553833459366
0.877893904317
1.0
0.55302263883
0.881504178203
1.0
0.551876409242
0.88187289704
1.0
0.55209941047
0.881177756468
1.0
0.551194117597
0.8823550538
1.0
0.551252518574
0.885499581836
1.0
0.550160820069
0.885927398139
1.0
0.550160820069
0.885927398139
1.0
0.549770867015
0.887546689074
1.0
0.549120839955
0.888217932989
1.0
0.548124730357
0.890195433103
1.0
0.545405580781
0.89133339246
1.0
0.544613262259
0.89245873797
1.0
0.543251702815
0.892509207836
1.0
0.543251702815
0.892509207836
1.0
0.54326036578
0.890981186942
1.0
0.541804696371
0.89211148445
1.0
0.542347297302
0.891308982675
1.0
0.541609236825
0.892768129397
1.0
0.54048379881
0.893374062158
1.0
0.538794950669
0.89431885244
1.0
0.537406111171
0.895175350641
1.0
0.536063373554
0.896575119257
1.0
0.535207981308
0.901162469334
1.0
0.533693948254
0.902508466833
1.0
0.533693948254
0.902508466833
1.0
0.532597286618
0.901037073623
1.0
0.531952437558
0.90137418602
1.0
0.532417871288
0.901583296269
1.0
0.53132457118
0.90410628783
1.0
0.530729784646
0.903506084046
1.0
0.528102885267
0.903389939249
1.0
0.527571556531
0.907247040276
1.0
0.527571556531
0.907247040276
1.0
0.528117312636
0.90837851882
1.0
0.527500796416
0.910029299178
1.0
0.526905560282
0.910099569317
1.0
0.526289443977
0.912826194813
1.0
0.525261820083
0.913683064986
1.0
0.524345528874
0.915559736229
1.0
0.523882815818
0.915944345128
1.0
0.523252485282
0.917390644979
1.0
0.523252485282
0.917390644979
1.0
0.52171858247
0.918585643206
1.0
0.521428040183
0.917335798531
1.0
0.521427243075
0.918044911384
1.0
0.520699819137
0.918745013314
1.0
0.520168503315
0.918867632361
1.0
0.520218014756
0.921517138745
1.0
0.519717700277
0.921299828723
1.0
0.519400619825
0.921414885174
1.0
0.51875005254
0.922421705669
1.0
0.51875005254
0.922421705669
1.0
0.517940070756
0.923450801752
1.0
0.517324583401
0.923213669325
1.0
0.517195260615
0.924267602089
1.0
0.517750107056
0.924540930809
1.0
0.51767192629
0.924778407202
1.0
0.517339864061
0.924776356941
1.0
0.517003647289
0.924937701753
1.0
0.517003647289
0.924937701753
1.0
0.516025496175
0.925004290741
1.0
0.516078820316
0.92665938588
1.0
0.516822990379
0.927320435286
1.0
0.516987820793
0.923840216752
1.0
0.516317818799
0.923623247359
1.0
0.516252368236
0.926138524193
1.0
0.515860026613
0.928227369254
1.0
0.515716435409
0.929486112484
1.0
0.515716435409
0.929486112484
1.0
0.516079260365
0.930518885001
1.0
0.515994353787
0.931673313988
1.0
0.514986210869
0.931090763444
1.0
0.514925402663
0.930493885928
1.0
0.515054402648
0.931696925989
1.0
0.515557568532
0.931737090014
1.0
0.516796329871
0.930842504221
0.995114019453
0.517030780518
0.930232849831
0.995114019453
0.517030780518
0.930232849831
0.995114019453
0.515475423965
0.932158843548
1.0
0.514775528554
0.934085400895
1.0
0.514559053479
0.933948179563
1.0
0.514771661702
0.935733583701
1.0
0.514215093887
0.93583052689
1.0
0.51394016437
0.934446021646
1.0
0.514266690756
0.933930742441
1.0
0.51519919434
0.932216629768
1.0
0.51519919434
0.932216629768
1.0
0.515372772791
0.933277573996
1.0
0.514873042899
0.934551021331
1.0
0.514103266772
0.933901011028
1.0
0.515082334279
0.932750197267
1.0
0.514743760904
0.925023177333
1.0
0.514776100051
0.924923324196
0.99
0.51337932984
0.898174101615
0.99
0.512451830624
0.901066047869
0.99
0.512451830624
0.901066047869
0.99
0.507374034761
0.868001996265
0.99
0.5075762669
0.868552862759
0.99
0.50024413206
0.832454976558
0.99
0.500122160343
0.830189626528
0.99
0.495963448964
0.789429081234
0.99
0.498710642486
0.77308511162
0.99
0.494046570887
0.731747767345
0.99
0.501420095743
0.683855863597
0.99
0.501420095743
0.683855863597
0.99
0.502691655005
0.654468091946
0.99
0.508909415138
0.606246238501
0.99
0.508265330969
0.576539414933
0.99
0.512641472281
0.538822866682
0.99
0.514884232607
0.518547291887
0.99
0.51978657673
0.476571584631
0.99
0.520811181849
0.450091018729
0.99
0.523957880696
0.414796205322
0.99
0.523957880696
0.414796205322
0.99
0.525546081758
0.397095134521
0.99
0.527372511922
0.357044107243
0.99
0.52815717039
0.341663905145
0.99
0.531115287897
0.315615589077
0.99
0.531283197649
0.313090123479
0.99
0.533996440289
0.285272114904
0.99
0.538615727217
0.28509373571
0.972852657608
0.541843386817
0.256102476829
0.99
0.53913972488
0.250426369343
0.99
0.53913972488
0.250426369343
0.99
0.541302764692
0.251172858912
0.996676085269
0.541221182314
0.247604086579
0.92802843574
0.540316150075
0.239218937411
0.92802843574
0.541675956559
0.240406714114
0.92802843574
0.542126382181
0.241446587244
0.92802843574
0.543628821368
0.241960099041
0.994091949109
0.543599913686
0.242262133637
0.994091949109
0.543599913686
0.242262133637
0.979821523182
0.543630916161
0.24257788865
0.942366857732
0.543732924913
0.24381265022
0.942366857732
0.543988833847
0.243261179255
0.981452842103
0.545418602098
0.234633855969
0.981452842103
0.54646173833
0.235088219572
0.981452842103
0.546850205707
0.23731006091
0.981452842103
0.546850205707
0.23731006091
0.981452842103
0.547546829334
0.238715140541
1.0
0.54765147649
0.237811596435
0.996985747295
0.547636487191
0.239689414649
0.959254807855
0.546767457648
0.245549471481
0.959254807855
0.546737221944
0.244790861259
1.0
0.546398227357
0.244823405648
0.981267043517
0.546832170969
0.246217794416
0.981267043517
0.546832170969
0.246217794416
0.981267043517
0.546774518025
0.248391105471
0.992156089097
0.547724935846
0.249373489929
0.946160008101
0.547644915135
0.251732561624
0.946160008101
0.547766708337
0.252758416559
0.95730120462
0.547203654672
0.253236871682
0.951553669766
0.548424164058
0.253351173159
0.951553669766
0.548715534144
0.252127530692
0.996091625485
0.548730897689
0.253024554222
0.996091625485
0.548730897689
0.253024554222
0.945375306518
0.548965927753
0.255335234658
0.945375306518
0.549040688477
0.255338729441
1.0
0.548977430386
0.256461423357
1.0
0.549572044697
0.257718953221
0.931191618689
0.548828455216
0.258838676333
0.931191618689
0.54894832585
0.260656948846
1.0
0.54864804367
0.261827353482
0.973141962373
0.5491714916
0.264095917124
0.973141962373
0.5491714916
0.264095917124
0.973141962373
0.549373814579
0.265910217589
0.967975723501
0.549950505315
0.265559955854
0.933920268418
0.549983866719
0.264760130535
0.933920268418
0.554132484438
0.266065381571
0.99117304959
0.554582419409
0.267083234537
0.985962731428
0.557903587731
0.265839031957
0.985962731428
0.556358370637
0.270880159361
0.985962731428
0.556358370637
0.270880159361
1.0
0.559432913386
0.268328560671
1.0
0.56177064267
0.26094456984
0.985452520921
0.562208684965
0.260385424264
0.985452520921
0.561871314333
0.256705486076
0.982164019
0.561870725893
0.25589876428
0.813930007272
0.562258961514
0.25257062123
0.813930007272
0.563145764586
0.25402251822
0.813930007272
0.563145764586
0.25402251822
0.955767379834
0.562090428977
0.25573301906
0.994003624435
0.562282943991
0.256145778093
0.967169114862
0.560162387653
0.260431824671
0.967169114862
0.559685834244
0.260643914663
0.927255677909
0.560460599177
0.258839654551
0.927255677909
0.560437854934
0.258586630333
0.99
0.566182501595
0.257711800259
0.99
0.565961643771
0.259237225536
0.99
0.565961643771
0.259237225536
0.99
0.566218938217
0.258117149892
0.99
0.566537599309
0.258256963222
1.0
0.567289259029
0.253483384089
0.997873185481
0.567002127549
0.254933209114
0.983803593679
0.56673112687
0.254199141941
0.983803593679
0.56673112687
0.254199141941
0.973990379034
0.566531321419
0.25540162334
0.951803882414
0.566928838873
0.259027820877
0.868839640442
0.568062817531
0.25355260732
0.868839640442
0.568062817531
0.25355260732
0.868839640442
0.567482073762
0.257247167913
1.0
0.567123995991
0.261578729198
1.0
0.566897532189
0.259861763819
1.0
0.567211196039
0.259516620265
1.0
0.566758930256
0.259248639713
0.921152183719
0.566874362545
0.258350972327
0.921152183719
0.566506427023
0.259581229463
0.883830770624
0.565888524584
0.261816746425
0.955206843622
0.565901047193
0.263226441214
0.955206843622
0.565901047193
0.263226441214
0.955206843622
0.565267319495
0.263633215442
0.99
0.563363453931
0.279014736569
0.99
0.562966319352
0.2795526144
0.99
0.563334518334
0.279504046875
1.0
0.563432160184
0.279634413646
1.0
0.562817719595
0.281267779935
0.804410504878
0.564214396585
0.268995443425
0.804410504878
0.564214396585
0.268995443425
0.804410504878
0.563731155263
0.269212951325
1.0
0.563448053634
0.271452161692
1.0
0.563504287856
0.272990833239
1.0
0.563007755989
0.275985083226
0.98831643138
0.56252996296
0.277075383332
0.98831643138
0.562115381299
0.279640579109
0.982839316967
0.560920267366
0.27909138403
0.982839316967
0.561289501901
0.279501040011
1.0
0.561763898998
0.282623396302
0.96357622533
0.56183064257
0.282324172008
0.96357622533
0.56183064257
0.282324172008
0.93326659789
0.561368578821
0.284338648648
0.93326659789
0.561055632
0.288014933093
0.972359405729
0.559478811447
0.294177998074
0.941347825881
0.558557947577
0.296848192413
0.987215989037
0.558131574833
0.300118218828
0.987215989037
0.558131574833
0.300118218828
0.994255378596
0.557561038964
0.301157763144
0.993373521693
0.557349382353
0.301947708501
0.964948583827
0.557052530869
0.307178224868
0.964948583827
0.555949446867
0.308889420184
1.0
0.55450012769
0.313462592332
0.933742022577
0.55407615355
0.317053050497
0.933742022577
0.554369358915
0.319875802454
1.0
0.554359648431
0.320333897382
1.0
0.554359648431
0.320333897382
1.0
0.553256427471
0.32149476375
1.0
0.552621649743
0.322254676179
1.0
0.550867936045
0.322090328832
0.996390608628
0.550337518509
0.322953758904
0.996390608628
0.549316715584
0.324009481318
0.852626129635
0.548525361409
0.330624542356
0.852626129635
0.547614942779
0.330794923089
0.944968508028
0.547099620088
0.332187886862
0.944968508028
0.546225680291
0.330237324455
0.944968508028
0.546225680291
0.330237324455
0.834741112279
0.54450116917
0.336098272391
0.834741112279
0.544006425869
0.336250423729
0.884518016078
0.542807107456
0.3449837378
0.884518016078
0.54259880119
0.346391640483
0.90309096818
0.542536268749
0.347714038912
0.90309096818
0.542333034578
0.347552373604
0.916220728991
0.542667060182
0.347534094639
0.916220728991
0.541687153853
0.347021107564
0.916220728991
0.541687153853
0.347021107564
0.891482706082
0.540394205826
0.352812743423
0.891482706082
0.540434949421
0.352908465135
0.872076650414
0.539705987936
0.354867380386
0.872076650414
0.538955417494
0.352838315149
0.845700842031
0.538597857172
0.35691602939
0.845700842031
0.538100344247
0.358842006279
0.965610109423
0.537492566182
0.35937802337
0.965610109423
0.537492566182
0.35937802337
0.965610109423
0.537819408656
0.357358208181
0.920023828473
0.537232870503
0.359502546227
0.920023828473
0.537264222961
0.358103349802
1.0
0.536681399577
0.359141591196
1.0
0.536635987023
0.357671577993
1.0
0.536294766864
0.357760712939
1.0
0.536331666846
0.357645729802
1.0
0.536447010418
0.355519825114
1.0
0.535814694712
0.355501882171
1.0
0.535814694712
0.355501882171
0.785167737058
0.536728868606
0.350139502963
0.785167737058
0.536244854622
0.347127228288
0.974175380251
0.534399224985
0.351665293454
0.974175380251
0.534197821135
0.348311462397
0.974175380251
0.530202480207
0.340472653391
0.988315630006
0.529863760501
0.338465928033
0.988315630006
0.526842442101
0.333309559282
0.988315630006
0.526842442101
0.333309559282
0.946553270541
0.526944788948
0.330916451357
0.946553270541
0.523038598643
0.323511629791
1.0
0.522852421279
0.32331030079
1.0
0.522093657646
0.31789756544
1.0
0.52160481656
0.312353216781
1.0
0.5214261794
0.310376807549
1.0
0.520642333579
0.307041568853
1.0
0.520958202206
0.304036304043
1.0
0.520958202206
0.304036304043
1.0
0.520065491883
0.300715605013
1.0
0.520342463557
0.300005387415
1.0
0.52012007753
0.296001366992
1.0
0.519492739108
0.294938730217
1.0
0.518896158518
0.292923085494
1.0
0.518566759382
0.291402767417
1.0
0.517531080364
0.289434197989
1.0
0.516075569274
0.286590151153
1.0
0.516075569274
0.286590151153
1.0
0.515501948825
0.283936079046
1.0
0.515479456073
0.280723977872
1.0
0.515061695689
0.281174436433
1.0
0.514601648133
0.280530528683
0.963223298956
0.514554016801
0.275877845551
0.963223298956
0.514299812986
0.274522949174
0.963223298956
0.514299812986
0.274522949174
1.0
0.513955409342
0.275014804454
1.0
0.513350819062
0.273441045675
1.0
0.51310818334
0.273190873445
1.0
0.51242755855
0.271894737533
1.0
0.512143567576
0.272100183599
1.0
0.511247398657
0.26988832985
1.0
0.510519538047
0.268701166942
1.0
0.510608691458
0.267937030429
1.0
0.510354418219
0.269044140428
1.0
0.509682769315
0.269162002923
1.0
0.509682769315
0.269162002923
0.984116249711
0.509315022485
0.268127014873
0.984116249711
0.508124582458
0.262131959175
1.0
0.507778652501
0.260294228653
1.0
0.507524430687
0.259042696487
1.0
0.506609417538
0.256435798157
1.0
0.506696758799
0.257561689988
1.0
0.506696758799
0.257561689988
1.0
0.50657746171
0.256365808272
1.0
0.505924025817
0.257067834029
1.0
0.505360095712
0.254578150589
1.0
0.505115455424
0.254026193711
1.0
0.504508827474
0.251651152808
0.919325792231
0.504071488726
0.24999335135
0.919325792231
0.504071488726
0.24999335135
0.919325792231
0.504081163256
0.249644038931
1.0
0.503480585411
0.250575174728
1.0
0.503434767171
0.248642472906
0.999150554751
0.503507148521
0.245874510848
0.999150554751
0.503849516394
0.244580316168
1.0
0.503738782284
0.24472675505
1.0
0.503595023605
0.244231099461
0.895529723045
0.503512464428
0.245134635341
0.895529723045
0.503724959119
0.245503026107
0.934981818719
0.503455442754
0.246799313513
0.934981818719
0.503455442754
0.246799313513
0.934981818719
0.504196441705
0.246395982257
0.972676137598
0.504150988002
0.247117573119
0.972676137598
0.50655436062
0.246665156492
1.0
0.506579478601
0.244636593038
1.0
0.508112932773
0.243711992491
0.926471994175
0.508339318831
0.241100382323
0.926471994175
0.50928772284
0.241007350024
0.841540627483
0.510033129518
0.237035116654
0.841540627483
0.510033129518
0.237035116654
0.841540627483
0.509771495194
0.237143473519
1.0
0.509969598369
0.232152969322
1.0
0.510442990058
0.23161545706
0.909123162192
0.512090909163
0.225792569979
0.909123162192
0.512327736932
0.224252781796
0.909123162192
0.513854388646
0.22485099498
0.8382310342
0.514057661837
0.224854873499
0.8382310342
0.514724287879
0.22430845378
0.8382310342
0.514724287879
0.22430845378
0.8382310342
0.515374480975
0.224044947107
1.0
0.515425015684
0.224095673167
1.0
0.516726874597
0.224842278611
0.970734539787
0.517763975381
0.2223858087
0.970734539787
0.518036097708
0.222949250969
0.980800942071
0.518165849114
0.222788306239
0.980800942071
0.518302766812
0.222657734149
0.980800942071
0.518302766812
0.222657734149
0.990978854349
0.519578666417
0.21768705616
0.990978854349
0.519866267395
0.216638799175
0.955146390832
0.51986422114
0.218238516232
0.955146390832
0.520648043769
0.22015820087
1.0
0.520281554645
0.223073477824
0.998326948447
0.521622737256
0.225251153207
0.998326948447
0.521622737256
0.225251153207
0.984425283322
0.522048854273
0.222570176658
0.984425283322
0.5234757586
0.222768019315
0.947044651456
0.523843084174
0.223202960071
0.947044651456
0.524895227399
0.223465467174
0.852519259791
0.525120349759
0.219996836854
0.852519259791
0.526238538643
0.219768592405
1.0
0.527117940253
0.217931612033
1.0
0.528355717742
0.217987045794
0.971605665316
0.528828902036
0.216537867875
0.971605665316
0.529418445739
0.217049690198
0.971605665316
0.529418445739
0.217049690198
1.0
0.529444693098
0.217607576887
1.0
0.529885068033
0.217687872691
0.844184204862
0.530731941336
0.213071808874
0.844184204862
0.532173915288
0.21459152807
0.826816218824
0.532597604887
0.211818049658
0.826816218824
0.533404358502
0.212433767769
0.87190854164
0.533951767512
0.210206404789
0.87190854164
0.534416555498
0.210475661316
0.87190854164
0.534416555498
0.210475661316
0.978451845707
0.534343319011
0.214690596857
0.978451845707
0.535283565762
0.215732738882
0.985347774336
0.535872207972
0.214933839579
0.985347774336
0.535661424232
0.215719063102
1.0
0.53587836642
0.21723606873
1.0
0.53587836642
0.21723606873
1.0
0.53587836642
0.21723606873
1.0
0.536366793316
0.221700465355
0.654558107769
0.526670569026
0.219860113053
0.654558107769
0.527048452699
0.219447076353
0.654558107769
0.526989225266
0.218520484257
0.654558107769
0.527264520557
0.216812970691
0.654558107769
0.527021440552
0.217345948555
0.654558107769
0.527021440552
0.217345948555
0.654558107769
0.527220999795
0.217684385136
0.654558107769
0.527135865566
0.216995202664
0.616225923187
0.522067094003
0.2263137981
0.616225923187
0.521534128164
0.227584556646
0.616225923187
0.521534128164
0.227584556646
0.616225923187
0.520701499669
0.23338575679
0.616225923187
0.520617480925
0.234118271091
0.616225923187
0.520398356391
0.234223993236
0.616225923187
0.520161805875
0.231608729627
0.616225923187
0.519767820771
0.235330089308
0.681391229861
0.5195774768
0.234096779635
0.681391229861
0.519324405137
0.238139203594
0.681391229861
0.519324405137
0.238139203594
1.0
0.520531165242
0.227183999043
0.825691174043
0.517412723455
0.225638016494
0.61952933232
0.506997568346
0.25491936577
0.61952933232
0.506997568346
0.25491936577
0.61952933232
0.50648943324
0.257686383975
0.61952933232
0.506453978039
0.25842171178
0.61952933232
0.50645668525
0.260854797043
0.61952933232
0.5058973576
0.260082313014
0.61952933232
0.504357217929
0.261921516507
0.639013848494
0.504386967296
0.267542663486
0.639013848494
0.503428634188
0.268744613592
0.639013848494
0.503332529675
0.271620410401
0.639013848494
0.503332529675
0.271620410401
0.701214004636
0.503004042262
0.270696450036
0.701214004636
0.503444573354
0.271205199897
0.712269397107
0.503133491463
0.27080265789
0.712269397107
0.503018445062
0.270393756565
0.860418175323
0.508974833165
0.246329721509
0.860418175323
0.508495840228
0.247907605931
0.873625348148
0.508599757472
0.248542940236
0.947679608622
0.508087299239
0.252906298379
0.947679608622
0.508087299239
0.252906298379
0.981600646504
0.507133645732
0.251152823701
0.981600646504
0.50684529761
0.252868112794
0.908316351458
0.50575085654
0.251240586132
0.908316351458
0.505162689837
0.253333268083
1.0
0.504476416582
0.252495321221
1.0
0.50423825269
0.251388252585
1.0
0.503024902883
0.251497878661
0.98904722744
0.50243915745
0.254774404354
0.98904722744
0.502148317725
0.253985223379
0.98904722744
0.502148317725
0.253985223379
0.997904704081
0.501861515492
0.253067019799
0.997904704081
0.500613577821
0.252269814368
1.0
0.49971923499
0.253521840247
0.991913888668
0.499730504705
0.252982315018
0.991913888668
0.499417991181
0.254195386163
0.930359511711
0.497927755161
0.254193527831
0.930359511711
0.49742156546
0.254765786865
0.930359511711
0.49742156546
0.254765786865
0.99
0.498981318516
0.294818116904
0.99
0.498709718405
0.295098014532
0.99
0.496462315415
0.320364815509
0.99
0.495986786465
0.320432327559
0.99
0.496508243319
0.398996454696
0.99
0.49616830838
0.400994908623
0.99
0.495894951579
0.405559360099
0.99
0.495894951579
0.405559360099
0.99
0.495134503974
0.437466595745
0.99
0.492263647765
0.481051255505
0.956951979398
0.492957711896
0.508664241603
0.956951979398
0.490681851232
0.532184960471
0.974819365478
0.491461889383
0.562603647787
0.974819365478
0.490770724842
0.61225211624
0.99
0.491525544968
0.641583582907
0.99
0.490002944737
0.676429907427
0.971785128359
0.49165791905
0.684725382915
0.971785128359
0.489150339099
0.720745411141
0.971785128359
0.489150339099
0.720745411141
0.846182981506
0.488566426809
0.726995789671
0.846182981506
0.485975543709
0.757457792205
0.99
0.482776654571
0.786275539192
0.99
0.482776654571
0.786275539192
0.99
0.479547360561
0.816475617505
0.99
0.476790476088
0.839410018071
0.891020542217
0.476079514749
0.843135068575
0.838426459778
0.476059663707
0.845622118534
0.838426459778
0.475884307523
0.845427907644
0.824634213709
0.475501877461
0.85028620473
0.824634213709
0.474572101498
0.85059576874
0.87468685198
0.474095918069
0.851577583586
0.87468685198
0.474095918069
0.851577583586
0.87468685198
0.472988251342
0.851034440471
0.791637634024
0.473315982665
0.85249277859
0.791637634024
0.473309243977
0.852566887161
0.935452924291
0.472260699512
0.855740051416
0.935452924291
0.471714347558
0.857418963903
0.99
0.469926623358
0.878753048841
0.99
0.469634351526
0.878763942928
1.0
0.46977712462
0.877602801689
1.0
0.469706885459
0.879243476054
1.0
0.469706885459
0.879243476054
1.0
0.469415134895
0.880002549531
1.0
0.469298417735
0.88031556906
1.0
0.469192366108
0.881654316431
1.0
0.468683043542
0.880484121598
1.0
0.468024140877
0.88277536959
1.0
0.467759383189
0.882946128233
1.0
0.467973811175
0.881025944024
1.0
0.467973811175
0.881025944024
1.0
0.468149909908
0.881311105981
1.0
0.467993808212
0.882042574288
1.0
0.468136395881
0.882014150012
1.0
0.468252787647
0.881524179706
1.0
0.468019057771
0.881972249153
1.0
0.468357931879
0.881940799458
1.0
0.468574277737
0.881967333672
1.0
0.469030155245
0.880314195
1.0
0.469011685794
0.880628208156
1.0
0.468972203235
0.881196643213
1.0
0.468972203235
0.881196643213
