0.737195120425
0.503812361935
0.39254396915
0.737195120425
0.503925408725
0.362446385011
0.749980201651
0.525904188291
0.423227063141
0.749980201651
0.52587819361
0.423603935639
0.749980201651
0.525848482169
0.407424269688
0.749980201651
0.525848482169
0.407424269688
0.748593420426
0.526142782771
0.424415403248
0.748593420426
0.526112456075
0.408264842181
0.846363751332
0.526731902865
0.425022563889
0.846363751332
0.526700432989
0.409454892672
0.888329007027
0.527221725313
0.40573089409
0.848195478565
0.526532301205
0.42399090753
0.848195478565
0.526502459491
0.406903232418
0.925071448202
0.526336409951
0.423039312794
0.925071448202
0.526336409951
0.423039312794
0.925071448202
0.526264651125
0.423114253215
0.925071448202
0.526235880639
0.406666662449
0.836167679602
0.525477282944
0.423142006938
0.836167679602
0.525450172243
0.407974887762
0.923078791466
0.524815376134
0.423952785177
0.923078791466
0.524815376134
0.423952785177
0.923078791466
0.524682842544
0.42389913487
0.923078791466
0.524658168006
0.408531410239
0.895040375233
0.525416782763
0.40872377336
0.857289881013
0.524911707204
0.424370218456
0.857289881013
0.524887151031
0.408903179565
0.850207770578
0.523889193301
0.423345857965
0.850207770578
0.523867256796
0.407673700679
0.965862005274
0.5237799908
0.423418927031
0.965862005274
0.523758086629
0.408767173015
0.968566974467
0.524147116518
0.425865973102
0.968566974467
0.52412346678
0.412402517955
0.968566974467
0.52412346678
0.412402517955
0.88613988427
0.52423075482
0.410311811153
0.841280648854
0.522699995448
0.422829369466
0.841280648854
0.522681595882
0.406941282609
0.772516425862
0.523244370462
0.424184973668
0.772516425862
0.523224389343
0.409596959716
0.802099678221
0.523864061143
0.424957356469
0.802099678221
0.523864061143
0.424957356469
0.802099678221
0.523651797746
0.424803913017
0.802099678221
0.523630571398
0.412293349135
0.900202989423
0.523651898089
0.415755112799
0.934161412905
0.523106230697
0.42509392067
0.934161412905
0.52308483795
0.414770027801
0.91618139727
0.5223125555
0.425061577488
0.91618139727
0.52231679701
0.425045736643
0.91618139727
0.522297016545
0.415356129018
0.91618139727
0.522297016545
0.415356129018
0.905145449682
0.521001179218
0.414010335246
0.810814043568
0.520687867116
0.418238634507
0.810814043568
0.520540362007
0.418874344852
0.810814043568
0.52052817276
0.404555311094
0.90351719624
0.521404342733
0.407265134416
0.86676134108
0.519810217284
0.418206187218
0.86676134108
0.519798791843
0.405842913544
0.817321492615
0.51982292945
0.418978238854
0.817321492615
0.519770129728
0.418608265682
0.817321492615
0.519770129728
0.418608265682
0.817321492615
0.519758237369
0.407268088895
0.925496650912
0.519717988455
0.418200218963
0.925496650912
0.519705863578
0.407624268742
0.818753360119
0.518657696819
0.405297371783
0.952272700486
0.518873607921
0.417002346635
0.952272700486
0.518863998664
0.406032463921
0.909572145462
0.5187395342
0.415686306941
0.909572145462
0.5187395342
0.415686306941
0.909572145462
0.518808055473
0.415156604202
0.909572145462
0.518948608605
0.413849466666
0.909572145462
0.518938742913
0.403273018051
0.869845362841
0.519311219395
0.414332423275
0.869845362841
0.519276051161
0.414216853512
0.869845362841
0.519264506081
0.404722603204
0.882713357032
0.519055934426
0.403809245962
0.898342046551
0.518811440487
0.412508133609
0.898342046551
0.518811440487
0.412508133609
0.898342046551
0.518801340688
0.402982626396
0.895810145755
0.518563681327
0.403509210174
0.851891690952
0.519404100922
0.409499835371
0.851891690952
0.521570355268
0.40695265649
0.851891690952
0.521550124676
0.395528587309
0.865932577803
0.521653285926
0.392733635259
0.887344948903
0.523828265107
0.402824054471
0.887344948903
0.523828265107
0.402824054471
0.887344948903
0.52606969586
0.40094639253
0.887344948903
0.526027017901
0.385715497818
0.835197975967
0.527364561357
0.400500862386
0.835197975967
0.527314084869
0.38385558876
0.968430781069
0.528042769735
0.400525777545
0.968430781069
0.528198818728
0.400293334685
0.968430781069
0.528140717144
0.383041855711
0.74670444187
0.526700441784
0.396940135089
0.74670444187
0.526700441784
0.396940135089
0.74670444187
0.526652898741
0.376889248363
0.944910788828
0.527657259521
0.396412712823
0.944910788828
0.527605429535
0.376338082947
0.953605235116
0.528069689516
0.399262567743
0.953605235116
0.528014292092
0.381286745007
0.821132166453
0.527678649099
0.397614535587
0.821132166453
0.527626353712
0.378415714386
0.820820125058
0.529237925755
0.399411971238
0.820820125058
0.529177619545
0.38154228513
0.845639300728
0.53888323116
0.371668400228
0.803650238825
0.542346709995
0.406079417773
0.803650238825
0.542346709995
0.406079417773
0.803650238825
0.542252865137
0.38539453568
0.781838176411
0.547015797604
0.411062501721
0.781838176411
0.546963052746
0.410188822543
0.781838176411
0.546963052746
0.410188822543
0.781838176411
0.54686673169
0.391915630519
0.914392429904
0.553927304486
0.413210355943
0.914392429904
0.553939412009
0.412998909054
0.914392429904
0.553846449017
0.393743626384
0.735315051619
0.554097013625
0.417050941802
0.735315051619
0.554005449954
0.401317435926
0.733901839002
0.552640668281
0.417052726473
0.733901839002
0.552640668281
0.417052726473
0.733901839002
0.55253269853
0.417295275247
0.733901839002
0.55253269853
0.417295275247
0.733901839002
0.552440309436
0.403108022252
0.791844545721
0.553077526021
0.417156356731
0.791844545721
0.553132355855
0.417249462791
0.791844545721
0.553040559473
0.40335005572
0.835178881075
0.552151653823
0.414534671194
0.835178881075
0.552059670858
0.398982603213
0.8538176392
0.551448989845
0.415581735396
0.8538176392
0.55135761067
0.402218008658
0.826903341665
0.550430288557
0.413448092925
0.826903341665
0.550430288557
0.413448092925
0.826903341665
0.55043476295
0.412978055576
0.838105959076
0.55103172566
0.413938131888
0.838105959076
0.551012538818
0.413581548316
