1.0
0.539112285399
0.622212301182
1.0
0.539139460136
0.61947629016
1.0
0.539183560576
0.618098502135
1.0
0.53859246662
0.618400185369
1.0
0.53830494339
0.61829398419
1.0
0.538545277703
0.618178179404
1.0
0.538530023539
0.618021639139
1.0
0.538588286355
0.61749330447
1.0
0.538755668787
0.618309184011
1.0
0.538755668787
0.618309184011
1.0
0.539308045258
0.617796933988
1.0
0.53910891225
0.616830740744
1.0
0.538670292777
0.617873408695
1.0
0.539022504823
0.617970591428
1.0
0.539186933057
0.6172563526
1.0
0.539094783386
0.617522996891
1.0
0.539094783386
0.617522996891
1.0
0.539434901722
0.616372910563
1.0
0.53953682759
0.61566801018
1.0
0.53911503518
0.616252531421
1.0
0.539173656069
0.617511634517
1.0
0.539346412561
0.616890740701
1.0
0.539108530746
0.616157674034
1.0
0.538779461196
0.617173253198
1.0
0.53865092713
0.6173024184
1.0
0.53894541407
0.618457121672
1.0
0.53909021746
0.618724298048
1.0
0.53909021746
0.618724298048
1.0
0.539050353594
0.619184343288
1.0
0.538839532781
0.619591973974
1.0
0.53866638275
0.620161343294
1.0
0.538775587219
0.619559788918
1.0
0.53887814652
0.619023355455
1.0
0.539010957952
0.61941601007
1.0
0.540001965233
0.62211110885
1.0
0.540001965233
0.62211110885
1.0
0.539927215439
0.621789814502
1.0
0.539042594152
0.621105372151
1.0
0.538985300761
0.621168272643
1.0
0.53937453335
0.621989621497
1.0
0.539454057449
0.621791494941
1.0
0.539564369043
0.622455529529
1.0
0.53953434698
0.622188441886
1.0
0.539378759077
0.622569394471
1.0
0.539378759077
0.622569394471
1.0
0.539182242427
0.62387608466
1.0
0.53903359746
0.6230893542
1.0
0.539004113256
0.622962010584
1.0
0.53874993642
0.622858350538
1.0
0.538653056912
0.622552957179
1.0
0.538491993831
0.622338040592
1.0
0.538619864716
0.622340805648
1.0
0.538619864716
0.622340805648
1.0
0.538116001447
0.623143763945
1.0
0.537963319223
0.624046016672
1.0
0.538108249113
0.623772242233
1.0
0.537972958419
0.623811332689
1.0
0.537835158354
0.625328584447
1.0
0.538001213938
0.625025207085
1.0
0.534686835156
0.625977962044
1.0
0.534728012993
0.626993331573
1.0
0.530840418063
0.629704129047
1.0
0.530840418063
0.629704129047
1.0
0.530784185335
0.629960810991
1.0
0.529194196768
0.634397980683
1.0
0.527085226266
0.639477160394
1.0
0.527123131584
0.641146945699
1.0
0.522757180981
0.652513257014
1.0
0.522779463419
0.653327965959
1.0
0.521125905627
0.665566988492
1.0
0.522043574751
0.665269653967
1.0
0.522043574751
0.665269653967
1.0
0.522829009343
0.669327692724
1.0
0.523221696193
0.668547421395
1.0
0.52463436491
0.669528637817
1.0
0.52386061557
0.669704500476
1.0
0.524338917289
0.668560150816
1.0
0.524790685703
0.668348348986
1.0
0.524452106991
0.668404168957
1.0
0.524150755459
0.667389370895
1.0
0.524150755459
0.667389370895
1.0
0.524111288142
0.66647947144
1.0
0.524583212578
0.668515704679
1.0
0.524508583827
0.669193950896
1.0
0.523990022557
0.667797939123
1.0
0.52424573841
0.667636226775
1.0
0.524058400338
0.668517386447
1.0
0.523903050471
0.66821245955
1.0
0.524086486571
0.666881274556
1.0
0.524086486571
0.666881274556
1.0
0.523808721479
0.668525397003
1.0
0.523610457113
0.668352763426
1.0
0.523696927782
0.66789271473
1.0
0.523560151095
0.667576933627
1.0
0.523667133672
0.667508195421
1.0
0.523692741771
0.667219880507
1.0
0.52358170949
0.667333423012
1.0
0.523592106598
0.667259461225
1.0
0.523592106598
0.667259461225
1.0
0.523442044126
0.667049190766
1.0
0.522527027541
0.666641934622
1.0
0.522339750305
0.667623199552
1.0
0.522381968614
0.66871775911
1.0
0.522523142694
0.668582414034
1.0
0.522749979692
0.668997998668
1.0
0.522854742905
0.668405144054
1.0
0.522770002764
0.668326494147
1.0
0.522770002764
0.668326494147
1.0
0.522670150143
0.667818743335
1.0
0.523031471471
0.66781087348
1.0
0.523057861025
0.667603042919
1.0
0.523068945335
0.667102631259
1.0
0.522962373378
0.667103628157
1.0
0.522741599434
0.665671270042
1.0
0.52268189394
0.666069810485
1.0
0.522586712889
0.664293145615
1.0
0.522586712889
0.664293145615
1.0
0.52259653871
0.663944718446
1.0
0.522612706752
0.663907875812
1.0
0.522615908417
0.663898671772
1.0
0.522521650625
0.663616171468
1.0
0.522584797436
0.664059703507
1.0
0.523172658883
0.662841744444
1.0
0.523278664943
0.662159863102
1.0
0.522725380883
0.6620820824
1.0
0.522725380883
0.6620820824
1.0
0.522471833445
0.663340149761
1.0
0.522660651784
0.664269331468
1.0
0.522625040686
0.663767682156
1.0
0.522433117487
0.66474781802
1.0
0.522610504146
0.663766010206
1.0
0.522149662031
0.663860208426
1.0
0.521864568239
0.66345325492
1.0
0.522255054899
0.663076740818
1.0
0.522255054899
0.663076740818
1.0
0.522273637455
0.663977649642
1.0
0.521539554557
0.664265392271
1.0
0.52162348015
0.664461322405
1.0
0.521011341172
0.664042265629
1.0
0.521075515124
0.664121773701
1.0
0.522210258115
0.665931572127
1.0
0.522164095366
0.665638951234
1.0
0.529096385805
0.666525306621
1.0
0.529096385805
0.666525306621
1.0
0.529005336232
0.667372298123
1.0
0.529005336232
0.667372298123
0.68398809473
0.597033001985
0.722771516969
0.68398809473
0.597006048431
0.722516232211
0.68398809473
0.599959858121
0.719416811131
0.68398809473
0.615711481184
0.703968882626
0.68398809473
0.641935487907
0.68312477033
