0.876103876491
0.514542466742
0.344512588657
0.876103876491
0.514542466742
0.344512588657
0.876103876491
0.516643503751
0.346261076606
0.849919090561
0.517387350445
0.343026044955
0.849919090561
0.517387350445
0.343026044955
0.849919090561
0.520443178428
0.347713048306
0.915315815032
0.521237347735
0.34184311582
0.915315815032
0.524165466322
0.348220572242
0.9038296057
0.524342761239
0.346242053997
0.9038296057
0.524342761239
0.346242053997
0.9038296057
0.52535024077
0.347739469337
0.920434138105
0.525759333534
0.344387347398
0.920434138105
0.524493624775
0.344263801192
0.920434138105
0.523000092463
0.344202560511
0.920434138105
0.523000092463
0.344202560511
0.898617604161
0.523167225612
0.34360226117
0.898617604161
0.524095589736
0.34466221021
0.898617604161
0.524095589736
0.34466221021
0.942864696457
0.524280243894
0.342911297322
0.909612088591
0.524407477137
0.343787482848
0.865149711638
0.524273825908
0.345216571247
0.865149711638
0.52181415414
0.348198863588
0.865149711638
0.52181415414
0.348198863588
0.936146445395
0.516266795666
0.337813910459
0.936146445395
0.516266795666
0.337813910459
0.83980477921
0.518896187656
0.309416340755
0.83980477921
0.518896187656
0.309416340755
0.83980477921
0.517050938342
0.303514599323
0.83980477921
0.517050938342
0.303514599323
0.83980477921
0.518036800538
0.301585181836
0.83980477921
0.522844523638
0.306835826477
0.939363152905
0.522119718727
0.319241593102
0.972459701754
0.52649695034
0.327958911449
0.90836507993
0.526214928801
0.332333388957
0.950104637618
0.526055675034
0.337295073976
0.950104637618
0.528036041714
0.341608690775
0.920278853452
0.528399679699
0.340399436927
0.920278853452
0.528399679699
0.340399436927
0.861141649848
0.530580259601
0.344479667013
0.861141649848
0.530298210674
0.34751274445
0.89514672234
0.530008745981
0.34805776966
0.89514672234
0.529554432639
0.352125355066
0.89514672234
0.529554432639
0.352125355066
0.914411855003
0.508841745074
0.339652434761
0.914411855003
0.508841745074
0.339652434761
0.904718086177
0.508708542785
0.341807743008
0.924457167213
0.513985793147
0.299391632208
0.862079438813
0.517487920302
0.307485391004
0.862079438813
0.517487920302
0.307485391004
0.862079438813
0.517487920302
0.307485391004
0.862079438813
0.517487920302
0.307485391004
0.862079438813
0.517487920302
0.307485391004
0.862079438813
0.517487920302
0.307485391004
0.862079438813
0.517487920302
0.307485391004
0.924457167213
0.598563773867
0.392923408251
0.929607061476
0.598632535084
0.394507681604
0.929607061476
0.598632535084
0.394507681604
0.845175494098
0.598824548128
0.396090280794
0.870839512983
0.631238213807
0.368380845697
0.870839512983
0.633544568018
0.373437160972
0.870839512983
0.636052935965
0.377052555776
0.870839512983
0.636052935965
0.377052555776
0.870839512983
0.63847860414
0.380614860954
0.874703905503
0.639726487795
0.378220742599
0.874703905503
0.642580997032
0.380306059863
0.894443673022
0.644631066315
0.373681716778
0.899407149904
0.644320793174
0.371496386152
0.899407149904
0.644320793174
0.371496386152
0.899407149904
0.645577732996
0.374067707905
0.899407149904
0.645577732996
0.374067707905
0.899407149904
0.645577732996
0.374067707905
0.899407149904
0.645577732996
0.374067707905
0.899407149904
0.645577732996
0.374067707905
0.899407149904
0.645577732996
0.374067707905
0.899407149904
0.645577732996
0.374067707905
0.899407149904
0.645577732996
0.374067707905
0.899407149904
0.645577732996
0.374067707905
0.899407149904
0.645577732996
0.374067707905
0.899407149904
0.645577732996
0.374067707905
0.899407149904
0.645577732996
0.374067707905
0.899407149904
0.645577732996
0.374067707905
0.899407149904
0.645577732996
0.374067707905
0.899407149904
0.645577732996
0.374067707905
0.899407149904
0.645577732996
0.374067707905
0.899407149904
0.645577732996
0.374067707905
0.899407149904
0.645577732996
0.374067707905
0.899407149904
0.645577732996
0.374067707905
0.899407149904
0.645577732996
0.374067707905
0.899407149904
0.645577732996
0.374067707905
0.899407149904
0.645577732996
0.374067707905
0.899407149904
0.645577732996
0.374067707905
0.899407149904
0.645577732996
0.374067707905
0.899407149904
0.647679695399
0.190102274
0.899407149904
0.647679695399
0.190102274
0.8995861958
0.650100581699
0.187711949759
0.8995861958
0.650100581699
0.187711949759
0.8995861958
0.650100581699
0.187711949759
0.8995861958
0.650100581699
0.187711949759
0.773397087238
0.378324025142
0.298787152458
0.888877115601
0.53126684216
0.265288599437
0.888877115601
0.53126684216
0.265288599437
0.912831851142
0.531636013126
0.244786219333
0.912831851142
0.531636013126
0.244786219333
0.962902004363
0.530615275074
0.249343919111
0.93229843449
0.524245014628
0.26225097678
0.93229843449
0.524245014628
0.26225097678
0.955588300113
0.519820796599
0.294540683535
0.955588300113
0.519820796599
0.294540683535
0.955588300113
0.519820796599
0.294540683535
0.955588300113
0.519820796599
0.294540683535
0.955588300113
0.519820796599
0.294540683535
0.955588300113
0.519820796599
0.294540683535
0.955588300113
0.519820796599
0.294540683535
0.955588300113
0.519820796599
0.294540683535
0.955588300113
0.519820796599
0.294540683535
0.97661920765
0.496554715024
0.324206755598
0.97661920765
0.496554715024
0.324206755598
0.996924122921
0.495977968684
0.324620286459
0.97257659062
0.501677430975
0.312457783729
0.97257659062
0.501677430975
0.312457783729
0.97257659062
0.501677430975
0.312457783729
0.97257659062
0.501677430975
0.312457783729
0.97257659062
0.501677430975
0.312457783729
1.0
0.508792595931
0.30616440101
1.0
0.508792595931
0.30616440101
0.971063803431
0.512907901224
0.303416239279
0.971063803431
0.512907901224
0.303416239279
0.90748863612
0.576847536219
0.282601056037
0.90748863612
0.576847536219
0.282601056037
0.83576962407
0.585660914214
0.289786498705
0.83576962407
0.585660914214
0.289786498705
0.83576962407
0.585660914214
0.289786498705
0.926470739473
0.59217712434
0.286530617845
0.926470739473
0.59217712434
0.286530617845
0.926470739473
0.59217712434
0.286530617845
0.926470739473
0.59217712434
0.286530617845
0.806464547936
0.600756297454
0.288701144862
0.942178300307
0.59425444885
0.337287988946
0.858079087413
0.380304780242
0.231579929862
0.798742626095
0.3810812533
0.217909591799
0.76831858072
0.510848979907
0.238197268851
1.0
0.602782151321
0.198716878677
1.0
0.596875301403
0.200788241693
0.751183241856
0.504609233002
0.415645022889
0.751466498152
0.473411566116
0.444634668038
0.751466498152
0.473411566116
0.444634668038
0.740049573658
0.457640458087
0.429856161282
0.809612321173
0.463437728712
0.442223974386
0.809612321173
0.463437728712
0.442223974386
0.809612321173
0.465769987261
0.448269174084
0.809612321173
0.465769987261
0.448269174084
0.809612321173
0.465769987261
0.448269174084
0.809612321173
0.465769987261
0.448269174084
0.809612321173
0.465769987261
0.448269174084
0.809612321173
0.465769987261
0.448269174084
0.809612321173
0.465769987261
0.448269174084
0.809612321173
0.465769987261
0.448269174084
0.809612321173
0.465769987261
0.448269174084
0.874514658264
0.512414265724
0.563647990761
0.927781514657
0.512277016696
0.565558487618
0.817894592266
0.517851346375
0.559228088786
0.867479232096
0.517301015476
0.563764460976
0.867479232096
0.517301015476
0.563764460976
0.867479232096
0.517301015476
0.563764460976
0.867479232096
0.517301015476
0.563764460976
0.867479232096
0.517301015476
0.563764460976
0.867479232096
0.517301015476
0.563764460976
0.867479232096
0.517301015476
0.563764460976
0.877359602053
0.516159378923
0.567260910388
0.929573918322
0.51504214803
0.565405776869
0.929573918322
0.51504214803
0.565405776869
0.902933962509
0.51563361457
0.567269274961
0.959407545777
0.513177821963
0.571843997426
0.865661542585
0.513527107959
0.569954448253
