0.746283282801
0.482655448049
0.257748907822
0.746283282801
0.487192943784
0.378173045858
0.858397884353
0.508358008568
0.376282061375
0.858397884353
0.508358008568
0.376282061375
0.922329665485
0.472909751772
0.54216795265
0.922329665485
0.473479894793
0.543788255645
0.922329665485
0.473479894793
0.543788255645
0.922329665485
0.475556025878
0.54293435179
0.994595607628
0.477961864873
0.548724014261
0.975178338076
0.478710658628
0.549872105432
0.804850107579
0.476270656554
0.559365645006
0.804850107579
0.477595686006
0.562679755535
0.874312238066
0.473897733122
0.674332513243
0.874312238066
0.474837603239
0.675201693891
0.874312238066
0.474837603239
0.675201693891
0.874312238066
0.474837603239
0.675201693891
0.874312238066
0.475066308192
0.67648693638
0.874312238066
0.475877415748
0.676524208786
0.962569626954
0.464629516604
0.750984676766
0.962569626954
0.464900570491
0.751067703869
0.962569626954
0.465370348765
0.750533926419
0.99
0.462789773957
0.775888204664
0.99
0.462789773957
0.775888204664
0.99
0.463143861599
0.775137336501
0.99
0.463675969125
0.773290603963
0.906044960259
0.462399114317
0.776929978167
0.906044960259
0.462399114317
0.776929978167
0.906044960259
0.462848033495
0.77526478864
0.906044960259
0.4612156161
0.761251676066
1.0
0.462776894984
0.779057507094
1.0
0.46150375534
0.770000052282
1.0
0.462272901879
0.783429012302
1.0
0.461346921414
0.778937924161
1.0
0.461346921414
0.778937924161
1.0
0.461457249053
0.787518842524
1.0
0.462846462947
0.78785001731
1.0
0.462419688018
0.789937184134
1.0
0.462861440144
0.787517972243
1.0
0.462530520618
0.790958927621
1.0
0.463440060425
0.7873365784
1.0
0.463440060425
0.7873365784
1.0
0.463211833999
0.792350000217
1.0
0.463284291413
0.78701761927
1.0
0.463137811166
0.793099246781
1.0
0.462796951716
0.788171928101
1.0
0.462636921596
0.794148970419
1.0
0.462842557215
0.794004993541
1.0
0.462838969738
0.787048556208
1.0
0.462838969738
0.787048556208
1.0
0.462622948173
0.792516803263
1.0
0.462976994876
0.788051965003
1.0
0.462672123422
0.792431341873
1.0
0.46291398427
0.787283042976
1.0
0.462622643237
0.791923483255
1.0
0.462544996632
0.788740595258
1.0
0.462198749588
0.792631647147
1.0
0.462198749588
0.792631647147
1.0
0.462665828218
0.789120491235
1.0
0.462208937487
0.791619739998
1.0
0.462567561218
0.790020224034
1.0
0.462004425172
0.791158636661
1.0
0.462426196523
0.791953307478
1.0
0.465297876916
0.785682303273
1.0
0.464788423684
0.788834926964
1.0
0.464788423684
0.788834926964
1.0
0.468627043098
0.782453917813
1.0
0.46825519923
0.78879964298
1.0
0.468124898114
0.784295231094
1.0
0.467729293289
0.790212401341
1.0
0.468004774095
0.785190171931
1.0
0.467971728329
0.78585672732
1.0
0.467971728329
0.78585672732
1.0
0.468517423328
0.786355534758
1.0
0.468474930825
0.785641421616
1.0
0.468012466551
0.790843788314
1.0
0.468019995956
0.78464592364
1.0
0.468019995956
0.78464592364
1.0
0.468192437467
0.784563587985
1.0
0.467648865648
0.788969758398
1.0
0.468332809805
0.784264046175
1.0
0.469138580603
0.782948158835
1.0
0.468694393083
0.789126611598
1.0
0.468975546589
0.782566610845
1.0
0.468975546589
0.782566610845
1.0
0.468683183006
0.790694343646
1.0
0.469589721836
0.780111353302
1.0
0.47062718183
0.780575136853
1.0
0.471190255763
0.777662804275
1.0
0.475803801712
0.775747771831
1.0
0.475803801712
0.775747771831
1.0
0.478914194246
0.774621092928
1.0
0.478805725696
0.770298309354
1.0
0.479036059845
0.769937423379
1.0
0.479416715284
0.769764894003
1.0
0.479539929166
0.767239007223
1.0
0.479539929166
0.767239007223
1.0
0.481128242694
0.768822634765
1.0
0.481257314732
0.767657645786
1.0
0.481737924084
0.764956694483
1.0
0.482448553022
0.764173324226
1.0
0.482444568355
0.763619066179
1.0
0.48285098284
0.782167378552
1.0
0.482668276697
0.765562728795
1.0
0.484850424119
0.762552412351
1.0
0.484850424119
0.762552412351
1.0
0.484364428001
0.767393249119
1.0
0.484090730603
0.776411059535
1.0
0.485149980155
0.766632563
1.0
0.485149980155
0.766632563
1.0
0.484447907164
0.769811359386
1.0
0.486301783141
0.768966280949
1.0
0.485294576249
0.767705036233
1.0
0.486965833565
0.771649005507
1.0
0.485576604165
0.765201053817
1.0
0.487179956972
0.778055961062
1.0
0.48731964501
0.775213952833
1.0
0.48731964501
0.775213952833
1.0
0.48731964501
0.775213952833
1.0
0.486770792566
0.779198302102
1.0
0.484483414959
0.760237773278
1.0
0.4860145
0.784623185683
1.0
0.4860145
0.784623185683
1.0
0.485331267479
0.784302067789
1.0
0.484916195813
0.785002828577
1.0
0.484680097175
0.786801085832
1.0
0.483112387695
0.791169481852
1.0
0.482939457597
0.792644754565
1.0
0.482775154089
0.794034394259
1.0
0.482775154089
0.794034394259
1.0
0.481013204273
0.795460882671
1.0
0.481174433412
0.795174724714
1.0
0.481569913668
0.794188033664
1.0
0.479473884161
0.797134178012
1.0
0.479521632457
0.793558461171
1.0
0.479947265624
0.792045300138
1.0
0.47987441776
0.795278649109
1.0
0.47987441776
0.795278649109
1.0
0.480478615306
0.792287787324
1.0
0.479250950271
0.797007590148
1.0
0.479656211603
0.795223947385
1.0
0.479992279869
0.792472598343
1.0
0.479258441042
0.79514688897
1.0
0.479865600381
0.793547562079
1.0
0.479865600381
0.793547562079
0.986691586438
0.479932366859
0.797682078938
0.986691586438
0.480422804547
0.792451081964
1.0
0.477223269259
0.795239541028
1.0
0.477213025754
0.79348224312
1.0
0.477382906171
0.791507153481
1.0
0.477574443112
0.789496069075
1.0
0.477574443112
0.789496069075
1.0
0.4760669049
0.792160177168
1.0
0.476224044225
0.791629792735
1.0
0.474313984118
0.790030995729
1.0
0.474684623902
0.790112521106
1.0
0.475375780296
0.810915487454
1.0
0.474496261586
0.789856066977
1.0
0.474928585293
0.788495135609
1.0
0.472967458865
0.787193171649
1.0
0.473466351999
0.787049777868
1.0
0.472424933206
0.784618605836
1.0
0.472693614504
0.784704251099
1.0
0.472693614504
0.784704251099
1.0
0.472904428284
0.784432280583
1.0
0.472062591478
0.781325334234
1.0
0.472113640772
0.79544888326
0.991703751608
0.471031300502
0.788269527883
0.996876313131
0.472073461014
0.774554602146
0.996876313131
0.472073461014
0.774554602146
0.996876313131
0.471498731442
0.781048446993
0.99273347581
0.472563803949
0.772745318148
0.99273347581
0.471667381517
0.775050492342
1.0
0.471543010536
0.770830110949
1.0
0.471543010536
0.770830110949
1.0
0.471649735941
0.774510551874
1.0
0.470478175031
0.773145072096
1.0
0.47221631713
0.774517399615
1.0
0.472032029401
0.775168660698
1.0
0.472032029401
0.775168660698
1.0
0.470835500742
0.77327288057
1.0
0.471403878946
0.778064397987
1.0
0.47107127047
0.779371002554
1.0
0.469744656908
0.775417217375
0.998212236463
0.469998079738
0.779806174269
0.998212236463
0.469998079738
0.779806174269
0.998212236463
0.469998079738
0.779806174269
0.998212236463
0.468652965921
0.775439183453
1.0
0.469600311189
0.781483386101
1.0
0.469275560303
0.784243890551
1.0
0.46764583074
0.775711030582
1.0
0.467528746018
0.775309414922
0.96703956423
0.467066882889
0.787403552262
0.96703956423
0.465143641045
0.774542169779
0.98326538766
0.465237950317
0.778706183228
0.98326538766
0.465237950317
0.778706183228
0.993299327794
0.466506370341
0.79559009363
0.993299327794
0.464566101561
0.782171947977
0.975944400952
0.464931064458
0.801548847129
0.975944400952
0.463892822385
0.806583766065
0.975944400952
0.461558381721
0.787072665332
0.964843100961
0.461633937933
0.788453524873
0.988058185057
0.463531905048
0.812283561713
0.988058185057
0.461198410877
0.792610536463
0.981262390369
0.461727067706
0.79458541407
0.981262390369
0.461727067706
0.79458541407
0.970571778185
0.467148654502
0.810487536489
0.995711448294
0.465498147267
0.800110680268
0.963343240307
0.472202112321
0.786417428127
0.963343240307
0.472202112321
0.786417428127
0.964558562492
0.472078042063
0.797954719869
0.894999507911
0.481675618386
0.705141835567
0.963096053449
0.486271103262
0.789328995941
0.963096053449
0.486271103262
0.789328995941
0.963096053449
0.486271103262
0.789328995941
0.963096053449
0.486271103262
0.789328995941
0.804596792905
0.557816964251
0.383939599451
0.804596792905
0.558634521354
0.384873939641
0.804596792905
0.558634521354
0.384873939641
0.804596792905
0.558634521354
0.384873939641
0.804596792905
0.558115644945
0.38694160605
0.804596792905
0.557906706461
0.387818093286
0.804596792905
0.55842991595
0.391031136657
0.804596792905
0.558399663543
0.390371833852
0.804596792905
0.558399663543
0.390371833852
0.804596792905
0.564023710174
0.395909423972
0.804596792905
0.563644422612
0.356724098878
0.804596792905
0.565064205166
0.291419403927
0.816771496143
0.565751453805
0.307737497398
0.816771496143
0.566727025047
0.272988825381
0.816771496143
0.566727025047
0.272988825381
0.816771496143
0.566727025047
0.272988825381
0.816771496143
0.566727025047
0.272988825381
0.816771496143
0.566727025047
0.272988825381
0.816771496143
0.566727025047
0.272988825381
0.816771496143
0.566727025047
0.272988825381
0.816771496143
0.566727025047
0.272988825381
0.816771496143
0.566727025047
0.272988825381
0.816771496143
0.566727025047
0.272988825381
0.816771496143
0.566727025047
0.272988825381
0.816771496143
0.566727025047
0.272988825381
0.816771496143
0.566727025047
0.272988825381
0.816771496143
0.566727025047
0.272988825381
0.816771496143
0.517043697365
0.0502985045856
0.773200144808
0.504790947238
0.170943516506
0.930077308302
0.884625679854
0.573588724219
0.930077308302
0.884625679854
0.573588724219
0.941190079412
0.884636911105
0.575579540205
0.935235827723
0.884952664402
0.575088669491
0.950298629823
0.885417746816
0.574290057249
0.95730725176
0.885356051981
0.574746151327
0.947867925922
0.885269122905
0.575683005618
0.947867925922
0.885269122905
0.575683005618
0.92967749468
0.884909641578
0.578812561917
0.92967749468
0.884909641578
0.578812561917
0.92967749468
0.884909641578
0.578812561917
0.928314146368
0.884153160112
0.588824465281
0.906168613855
0.881756161489
0.584901366738
0.906168613855
0.881756161489
0.584901366738
0.906168613855
0.881756161489
0.584901366738
0.906168613855
0.881756161489
0.584901366738
0.906168613855
0.881756161489
0.584901366738
0.906168613855
0.881756161489
0.584901366738
0.710952583361
0.896766308699
0.59415238806
0.710952583361
0.898413832133
0.594513347217
0.710952583361
0.898696622841
0.595739052194
0.710952583361
0.898696622841
0.595739052194
0.710952583361
0.494576249971
0.22047044012
0.710952583361
0.494576249971
0.22047044012
0.710952583361
0.533068560385
0.288427599289
0.710952583361
0.533068560385
0.288427599289
0.710952583361
0.533068560385
0.288427599289
0.716604975481
0.581962881115
0.168349757353
0.716604975481
0.581962881115
0.168349757353
0.709135405478
0.586567374161
0.199138742027
0.709135405478
0.586567374161
0.199138742027
0.71655958374
0.579268175348
0.253738241958
0.71655958374
0.515285954032
0.247366037516
0.71655958374
0.515285954032
0.247366037516
0.862326009529
0.515738962456
0.252136992537
0.909751406534
0.516674574644
0.265331930346
0.827237676619
0.518213884584
0.259843556562
0.827237676619
0.518213884584
0.259843556562
0.909751406534
0.51891069532
0.255668495709
0.857231430311
0.519872115086
0.253561583519
0.883500001431
0.531573003497
0.283752125427
0.883500001431
0.531573003497
0.283752125427
0.832816974435
0.523298954138
0.262165066515
0.832816974435
0.520192721242
0.573902191259
0.71142830011
0.465792406188
0.829732222972
0.71142830011
0.465792406188
0.829732222972
0.858182493206
0.445491859067
0.878384913843
0.858182493206
0.445491859067
0.878384913843
0.946767602513
0.451360089307
0.885147862642
0.99
0.452494571651
0.88457440937
0.99
0.454894336017
0.886098516371
0.99
0.454894336017
0.886098516371
0.99
0.454887291916
0.888427977674
0.99
0.456530515351
0.893507940003
0.99
0.458238509782
0.8999868363
0.99
0.458238509782
0.8999868363
0.99
0.458886044316
0.900786067953
0.710169273512
0.569843874263
0.847220770847
0.710169273512
0.571024695383
0.847405384918
0.710169273512
0.571521194882
0.849020315099
0.710169273512
0.572482252808
0.850417935568
0.710169273512
0.572482252808
0.850417935568
0.710169273512
0.573011552052
0.852270151335
0.710169273512
0.573852549031
0.852996042224
0.710169273512
0.575073216843
0.854183359152
0.710169273512
0.57517026997
0.85517160795
0.710169273512
0.57517026997
0.85517160795
0.710169273512
0.575964638629
0.856730728765
0.710169273512
0.576296045227
0.858381941309
0.710169273512
0.57673727164
0.858287393549
0.761584877849
0.780105897425
1.15695667484
0.761584877849
0.780105897425
1.15695667484
0.761584877849
0.780600164967
1.1567488805
0.761584877849
0.780919350141
1.15717871543
0.873926670827
0.581061910798
0.869040115881
0.873926670827
0.581266484281
0.869237049676
0.873926670827
0.581266484281
0.869237049676
0.873926670827
0.581749603763
0.87196187501
0.873926670827
0.581895707895
0.872238670954
0.873926670827
0.58142894163
0.871671577281
0.866675837934
0.551009689782
1.16778247109
0.866675837934
0.551123817813
1.16959364539
0.866675837934
0.550743991219
1.16845151399
0.866675837934
0.551048905436
1.16904190495
0.866675837934
0.551048905436
1.16904190495
0.866675837934
0.55035710877
1.16857239514
0.866675837934
0.549899854108
1.16980989301
0.99
0.708786040834
0.987423560767
0.99
0.708786040834
0.987423560767
0.99
0.707633955991
0.987570923199
0.99
0.706735387018
0.984438112552
0.99
0.706478647035
0.975692358149
0.99
0.706478647035
0.975692358149
0.99
0.706701234003
0.954259468355
0.99
0.749563372778
1.04736922408
0.820943169092
0.673017179362
0.936745756157
0.820943169092
0.694484876675
1.12794006801
0.835938058683
0.685591521224
0.920182511724
0.835938058683
0.685591521224
0.920182511724
0.861539594773
0.688538182442
0.891083068521
0.811006013554
0.691039523421
0.857297239902
0.837953551189
0.753106504507
0.851198960515
0.837953551189
0.753106504507
0.851198960515
0.837953551189
0.648497319184
0.638100192304
0.837953551189
0.648050435378
0.636949349179
0.889634885614
0.65223023625
0.581444114753
0.863183870584
0.652724489452
0.581226615899
0.863183870584
0.651719997012
0.580550530549
0.863183870584
0.651390817529
0.579738359929
0.863183870584
0.651390817529
0.579738359929
0.84729171476
0.649982702023
0.575229853642
0.84729171476
0.64962108677
0.575856812955
0.836106973982
0.649024231396
0.573631215559
0.836106973982
0.647597783312
0.569462047266
0.887692751292
0.647686372001
0.570855990221
0.891476620546
0.642980310258
0.547805459807
0.891476620546
0.642980310258
0.547805459807
0.903399301179
0.642769016999
0.545897399883
0.823887832776
0.630917645717
0.478470211886
0.823887832776
0.630379492685
0.477066833616
0.757222901823
0.630553501359
0.475595315898
0.750975596681
0.62233654204
0.429149380174
0.750975596681
0.62233654204
0.429149380174
0.750975596681
0.62233654204
0.429149380174
0.750975596681
0.628716230237
0.40142421506
0.750975596681
0.628716230237
0.40142421506
0.750975596681
0.628716230237
0.40142421506
0.750975596681
0.628716230237
0.40142421506
0.750975596681
0.628716230237
0.40142421506
0.750975596681
0.628716230237
0.40142421506
0.750975596681
0.628716230237
0.40142421506
0.750975596681
0.628716230237
0.40142421506
0.896556015394
0.573983457212
0.216405505568
0.84831974456
0.565523301416
0.129446307468
0.746434116818
0.581734089481
0.250496020128
0.746434116818
0.581734089481
0.250496020128
0.765494188221
0.470360453772
0.252874565715
0.786994213606
0.416388555189
0.31556246894
0.786994213606
0.416388555189
0.31556246894
0.786994213606
0.416388555189
0.31556246894
0.786994213606
0.416388555189
0.31556246894
0.786994213606
0.416388555189
0.31556246894
0.786994213606
0.416388555189
0.31556246894
0.786994213606
0.417507514868
0.262225949437
0.786994213606
0.417507514868
0.262225949437
0.786994213606
0.417507514868
0.262225949437
0.786994213606
0.417507514868
0.262225949437
0.786994213606
0.417507514868
0.262225949437
0.786994213606
0.417507514868
0.262225949437
0.786994213606
0.417507514868
0.262225949437
0.790751064262
0.399802621159
0.0503269342968
0.729056206177
0.398316207816
0.0498931708821
0.776656185067
0.847921575521
0.498791438348
0.725018622896
0.857749378443
0.491472435267
0.776656185067
0.851874151121
0.518503702931
0.776656185067
0.851874151121
0.518503702931
0.776656185067
0.85225636626
0.519112021822
0.776656185067
0.85225636626
0.519112021822
0.776656185067
0.85225636626
0.519112021822
0.776656185067
0.850491544434
0.529870302522
0.776656185067
0.850559878911
0.532068716984
0.776656185067
0.850559878911
0.532068716984
0.776656185067
0.850559878911
0.532068716984
0.776656185067
0.850559878911
0.532068716984
0.776656185067
0.850559878911
0.532068716984
0.776656185067
0.850559878911
0.532068716984
0.776656185067
0.850559878911
0.532068716984
0.776656185067
0.850559878911
0.532068716984
0.776656185067
0.850559878911
0.532068716984
0.776656185067
0.890118534651
0.501806759199
0.806447407799
0.915386190317
0.604885147443
0.806447407799
0.485507785701
0.100417229815
0.806447407799
0.485507785701
0.100417229815
0.758462747012
0.573766297185
0.22643904605
0.758462747012
0.577565461353
0.243815230735
0.758462747012
0.578601979127
0.246561623583
0.758462747012
0.578857684402
0.249512442606
0.758462747012
0.578857684402
0.249512442606
0.758462747012
0.577225611605
0.253159316154
0.758462747012
0.577476370847
0.25377485828
0.758462747012
0.577430509934
0.252834388333
0.758462747012
0.577644015081
0.255329306861
0.758462747012
0.576799307575
0.255699168823
0.758462747012
0.578094754784
0.254576097656
0.758462747012
0.578094754784
0.254576097656
0.758462747012
0.577427200187
0.254859055088
0.758462747012
0.577730038981
0.253929375747
0.758462747012
0.57821222821
0.253952772323
0.758462747012
0.577886226117
0.252537556929
0.758462747012
0.577886226117
0.252537556929
0.758462747012
0.577276584145
0.252945563731
0.758462747012
0.576917153112
0.255119575696
0.758462747012
0.577527992925
0.251364043996
0.758462747012
0.577469016431
0.25082864486
0.758462747012
0.577469016431
0.25082864486
0.758462747012
0.576013666789
0.250087156607
0.758462747012
0.576013666789
0.250087156607
0.758462747012
0.576013666789
0.250087156607
0.758462747012
0.576013666789
0.250087156607
1.0
0.522835523321
0.190926110063
1.0
0.523582710678
0.189305303128
0.715294712303
1.01067883472
0.76423196337
0.715294712303
1.01070257473
0.764162421488
0.715294712303
1.01070257473
0.764162421488
0.715294712303
1.01072306757
0.764128184003
