1.0
0.598580734304
0.828458790355
1.0
0.598070848332
0.828816110791
1.0
0.597751326541
0.828381663125
1.0
0.598117589518
0.827918947321
1.0
0.598127090956
0.829455808054
1.0
0.597203784724
0.829356196396
1.0
0.599128030367
0.829922981007
1.0
0.599365521601
0.828885855091
1.0
0.599638279746
0.830405865921
1.0
0.599638279746
0.830405865921
1.0
0.599413434602
0.83074373956
1.0
0.599138408822
0.831072149094
1.0
0.598825670919
0.830795672891
1.0
0.599073939455
0.829740056054
1.0
0.599364931563
0.830320216545
1.0
0.598533144384
0.829894821128
1.0
0.598533144384
0.829894821128
1.0
0.598406829333
0.82950680223
1.0
0.598546185911
0.829020994796
1.0
0.598321139661
0.828981627529
1.0
0.598289397009
0.828723586851
1.0
0.598676914071
0.829119051342
1.0
0.598758855801
0.828158828016
1.0
0.598597935945
0.827225794633
1.0
0.598555763998
0.827250589529
1.0
0.598653470532
0.826679273914
1.0
0.598414055645
0.827382733275
1.0
0.598414055645
0.827382733275
1.0
0.598781982871
0.827848798108
1.0
0.599030320197
0.827183725451
1.0
0.598939030345
0.827093595509
1.0
0.598837263528
0.827292449207
1.0
0.600459726102
0.827895935642
1.0
0.600548130477
0.826806492564
1.0
0.600548130477
0.826806492564
1.0
0.599306674795
0.826599327281
1.0
0.599677152922
0.826050827297
1.0
0.599863682444
0.826523830982
1.0
0.599600631092
0.827521473821
1.0
0.599725498892
0.826613673297
1.0
0.599490926816
0.826997511565
1.0
0.599284857983
0.82716865218
1.0
0.599732744859
0.825335387736
1.0
0.599732744859
0.825335387736
1.0
0.600093494158
0.825220742663
1.0
0.600253266938
0.825271402525
1.0
0.599744763161
0.824801782244
1.0
0.597404393776
0.819492420837
1.0
0.597209688205
0.819253793432
1.0
0.59719221959
0.818995890586
1.0
0.597373046063
0.818139948016
1.0
0.59759468707
0.819721203371
1.0
0.59759468707
0.819721203371
1.0
0.59765388939
0.820244041003
1.0
0.597220391712
0.82018181712
1.0
0.597115726057
0.81998132496
1.0
0.596818259825
0.819293768209
1.0
0.596707425127
0.819130036003
1.0
0.596418121163
0.819703880226
1.0
0.596464915558
0.819938238392
1.0
0.596526906168
0.819309413106
1.0
0.596526906168
0.819309413106
1.0
0.596349296781
0.81897661543
1.0
0.596528848931
0.81882920463
1.0
0.596259991175
0.818663248213
1.0
0.595937105738
0.818879591272
1.0
0.595806210414
0.817496697514
1.0
0.595591695266
0.81649558644
1.0
0.594547215349
0.813103770424
1.0
0.594294437943
0.813719476469
1.0
0.59018046772
0.80062619572
1.0
0.590288548603
0.800390733688
1.0
0.590288548603
0.800390733688
0.99
0.580630204465
0.768760131818
0.99
0.580260356148
0.768051147355
0.99
0.568365922859
0.734755415715
0.99
0.567844545306
0.734862916162
0.99
0.551925800131
0.697745377492
0.99
0.552024098613
0.689775341246
0.99
0.533081782632
0.643705102081
0.99
0.533081782632
0.643705102081
0.99
0.53458277472
0.619795240835
0.99
0.515683422892
0.572781778098
0.99
0.515904213431
0.542582666384
0.99
0.500065279751
0.500173471309
0.99
0.498671038206
0.46696277986
0.99
0.487993747985
0.431474081267
0.99
0.48331237851
0.398130003639
0.99
0.48331237851
0.398130003639
0.99
0.473983699761
0.365941635653
0.99
0.46923141923
0.332346134039
0.99
0.460620909469
0.305191833108
0.99
0.455820521182
0.277223004201
0.99
0.452135097491
0.262648494581
