0.99
0.425464230326
0.642897923317
1.0
0.423719548598
0.646160873955
1.0
0.423719548598
0.646160873955
1.0
0.420909161967
0.656654463895
1.0
0.419910612484
0.662251145799
1.0
0.417413550148
0.674383829102
1.0
0.417456886985
0.674313560448
1.0
0.416846874599
0.684193118444
1.0
0.416694826625
0.68321406248
1.0
0.41740264498
0.688756962606
1.0
0.417550681163
0.688667159379
1.0
0.417550681163
0.688667159379
1.0
0.418532077546
0.686958564285
1.0
0.418568463248
0.686489297168
1.0
0.41947606629
0.684137938493
1.0
0.419865309521
0.683519470124
1.0
0.420740148798
0.682209083383
1.0
0.420522352578
0.681655465445
1.0
0.421539290937
0.679826519064
1.0
0.421539290937
0.679826519064
1.0
0.421641204063
0.678965860825
1.0
0.422647083138
0.676853781582
1.0
0.422563098447
0.675811440872
1.0
0.423489418598
0.673569065977
1.0
0.423443645376
0.673241983777
1.0
0.424530023938
0.671075889675
1.0
0.424583989257
0.671190107818
1.0
0.425854797122
0.669131453708
1.0
0.425854797122
0.669131453708
1.0
0.426088676878
0.670173794486
1.0
0.427320294449
0.668550902285
1.0
0.427390032538
0.669245096388
1.0
0.428488602882
0.668067690571
1.0
0.428254111019
0.668511678316
1.0
0.429497797395
0.667439828381
1.0
0.429972234262
0.667876391286
1.0
0.431538506714
0.66642005732
1.0
0.431538506714
0.66642005732
1.0
0.4320091033
0.667107703008
1.0
0.433072182
0.666036819911
1.0
0.433616216266
0.667451286612
1.0
0.435222106211
0.665766331349
1.0
0.436452877997
0.667987613532
1.0
0.437982657858
0.666645761358
1.0
0.43932215575
0.670153162819
1.0
0.440756836586
0.669168743105
1.0
0.440756836586
0.669168743105
1.0
0.446340991874
0.676960680935
1.0
0.447901064454
0.676252841111
1.0
0.452084638951
0.682233286944
1.0
0.454265811225
0.684405338295
1.0
0.454943848277
0.688085071457
1.0
0.459780160019
0.690580139781
1.0
0.460761947985
0.692624506598
1.0
0.464728741466
0.691979980516
1.0
0.46652491902
0.69462873942
1.0
0.46652491902
0.69462873942
1.0
0.467946694689
0.695937637264
1.0
0.469580206912
0.698589015273
1.0
0.470269940277
0.698260739877
1.0
0.471610434875
0.699877259805
1.0
0.472720193496
0.699063246823
1.0
0.473781366537
0.700272529452
1.0
0.475163090797
0.699330569591
1.0
0.475163090797
0.699330569591
1.0
0.47661125033
0.700869521432
1.0
0.477666778853
0.699799488107
1.0
0.479077948779
0.701900610269
1.0
0.479714643174
0.70224600531
1.0
0.480508951645
0.703694247583
1.0
0.481502140274
0.702966609449
1.0
0.482633882128
0.704637961119
1.0
0.48337065027
0.704175106735
1.0
0.484631068659
0.705612490216
1.0
0.484631068659
0.705612490216
1.0
0.485126826297
0.705663285363
1.0
0.486020002884
0.706745685574
1.0
0.486190706415
0.706852378265
1.0
0.487650545633
0.708237978576
1.0
0.488117521411
0.709097132851
1.0
0.488921130622
0.709722577152
1.0
0.489090347879
0.710887277834
1.0
0.489090347879
0.710887277834
1.0
0.490162361284
0.711893497708
1.0
0.490453908918
0.712029316627
1.0
0.491349916337
0.712461855262
1.0
0.491577325517
0.713067338371
1.0
0.492206323913
0.712961522871
1.0
0.49233134774
0.713537418851
1.0
0.493183610993
0.713699136997
1.0
0.492926558061
0.714325915848
1.0
0.492926558061
0.714325915848
1.0
0.493430877549
0.714541112375
1.0
0.493175298653
0.714928778137
1.0
0.493620862395
0.714258747233
1.0
0.493271494335
0.71459716497
1.0
0.493572056853
0.713937982729
1.0
0.493306144125
0.714754397844
1.0
0.493502260945
0.714535684788
1.0
0.492911751188
0.715391137522
1.0
0.492911751188
0.715391137522
1.0
0.493138943935
0.714735174678
1.0
0.492786247394
0.715661081869
