0.856571523055
0.845668886469
0.974380059713
0.856571523055
0.845595693825
0.974136728351
0.856571523055
0.84529537403
0.973729154833
0.856571523055
0.845177717813
0.973749993672
0.856571523055
0.845177717813
0.973749993672
1.0
0.619357302126
1.00466116616
1.0
0.619357302126
1.00466116616
1.0
0.618682960551
1.00378380217
1.0
0.619004025958
1.0032738361
1.0
0.619004025958
1.0032738361
1.0
0.617670044803
1.00320409365
1.0
0.617670044803
1.00320409365
1.0
0.617670044803
1.00320409365
0.99
0.839377526081
0.969696342656
0.99
0.839343449851
0.970178459563
0.99
0.839076177468
0.970526849401
0.99
0.838984890906
0.970291523709
0.99
0.838947203332
0.970433807941
0.99
0.838886708405
0.970198151379
0.99
0.838686652477
0.969774499515
0.99
0.83863337269
0.970201349803
0.99
0.838833647485
0.969861453534
0.99
0.838833647485
0.969861453534
0.99
0.838808994689
0.969468608788
0.99
0.838808994689
0.969468608788
0.882954050563
0.836330742986
0.966676030754
0.882954050563
0.836253575358
0.966960574274
0.882954050563
0.836354101355
0.966732612903
0.864281259206
0.836151717797
0.967366480982
0.864281259206
0.836245148756
0.967401613994
0.864281259206
0.836274781007
0.96757499456
0.864281259206
0.836274781007
0.96757499456
0.864281259206
0.836416863753
0.966873024158
0.987510276111
0.841401467151
0.955592596974
0.987510276111
0.841663773516
0.955218897947
0.987510276111
0.841663773516
0.955218897947
0.987510276111
0.841733431863
0.954715431509
0.987510276111
0.841844138487
0.955059491877
0.987510276111
0.842318613005
0.953626800944
0.846259415843
0.840932916746
0.953156075748
0.846259415843
0.840932916746
0.953156075748
0.846259415843
0.841503577814
0.951844621048
0.846259415843
0.841788983002
0.951445475775
0.846259415843
0.841974979691
0.950626926776
0.846259415843
0.842661827786
0.949206354047
0.846259415843
0.842661827786
0.949206354047
0.861612862312
0.843562737283
0.949378607317
0.861612862312
0.846111315238
0.940676714785
0.861612862312
0.846111315238
0.940676714785
0.861612862312
0.846111315238
0.940676714785
0.912648220907
0.847855732718
0.941577547709
0.912648220907
0.848938257583
0.938136408608
0.912648220907
0.849731276934
0.936278717953
0.912648220907
0.849731276934
0.936278717953
0.912648220907
0.849731276934
0.936278717953
0.912648220907
0.850509345396
0.934860823625
0.912648220907
0.851574708499
0.933566095667
0.912648220907
0.853827691527
0.928248298575
0.912648220907
0.853827691527
0.928248298575
0.825462407531
0.735629887193
0.80915682372
0.825462407531
0.73764526727
0.804666192133
0.825462407531
0.739212363285
0.800926345748
0.825462407531
0.741054251196
0.796905730622
0.825462407531
0.741679271391
0.795641971884
0.825462407531
0.742243350675
0.794698494413
0.825462407531
0.742661483386
0.794128398523
0.825462407531
0.742661483386
0.794128398523
0.825462407531
0.742661483386
0.794128398523
0.777378557977
0.743222469126
0.792326566269
0.777378557977
0.743222469126
0.792326566269
0.777378557977
0.743141215967
0.791715637696
0.777378557977
0.743294870502
0.790590691755
0.777378557977
0.743294870502
0.790590691755
0.777378557977
0.744539824925
0.787852073382
0.777378557977
0.745409190922
0.785516076481
0.777378557977
0.745409190922
0.785516076481
0.777378557977
0.746140573679
0.782988336412
0.777378557977
0.748164326923
0.77874942184
0.777378557977
0.751865254141
0.770104325998
1.0
0.752185131383
0.765093374838
1.0
0.75443483727
0.758320671623
1.0
0.755506529534
0.753276158442
1.0
0.755506529534
0.753276158442
1.0
0.753912915463
0.7526609842
1.0
0.751318714764
0.753814098595
1.0
0.748694462802
0.756261439358
1.0
0.748457984969
0.755125595526
1.0
0.74785516671
0.756162804243
1.0
0.74785516671
0.756162804243
1.0
0.74785516671
0.756162804243
0.702023277922
0.707115660968
0.667603727186
0.702023277922
0.698948285292
0.664162098208
0.702023277922
0.687602195219
0.661003600388
0.702023277922
0.687602195219
0.661003600388
0.702023277922
0.672350856385
0.625068050526
0.702023277922
0.665580082839
0.585240799519
0.702023277922
0.665580082839
0.585240799519
0.702023277922
0.666685612828
0.580588361205
0.702023277922
0.667616778625
0.578881475367
0.702023277922
0.669095853267
0.574977851929
0.702023277922
0.669095853267
0.574977851929
0.702023277922
0.67074393647
0.570772455099
0.702023277922
0.671437224413
0.569267292717
0.702023277922
0.669208729363
0.676184911784
0.725690586802
0.64200483478
0.765492822749
0.81986167486
0.643961890363
0.756862629976
0.81986167486
0.643961890363
0.756862629976
0.81986167486
0.643961890363
0.756862629976
0.915116428551
0.640952885601
0.846754469231
0.99
0.646410400064
0.726187588611
0.99
0.647092106498
0.724675992853
0.99
0.647092106498
0.724675992853
0.99
0.647092106498
0.724675992853
0.99
0.648197119166
0.720226236071
0.99
0.649059012059
0.718281117944
0.99
0.649059012059
0.718281117944
0.99
0.649564446743
0.716796406824
0.99
0.650033615651
0.715796778148
0.99
0.650033615651
0.715796778148
0.99
0.65091434101
0.715416543888
0.99
0.651490694794
0.715325191132
0.99
0.651490694794
0.715325191132
0.99
0.651490694794
0.715325191132
0.99
0.655116207432
0.691494777916
0.99
0.652203169541
0.592096291027
0.99
0.659269555594
0.549591140316
0.99
0.664457845207
0.526878021558
0.99
0.664457845207
0.526878021558
0.99
0.669505857665
0.490312777197
0.99
0.664948117557
0.45705167878
1.0
0.66364975954
0.461966287165
1.0
0.66364975954
0.461966287165
1.0
0.66364975954
0.461966287165
1.0
0.663704842279
0.465010289379
0.99
0.663793393178
0.47897403551
0.978533354132
0.66491984137
0.48317386853
0.99
0.667521950179
0.504269751277
0.99
0.665601797353
0.519963514898
1.0
0.665406883456
0.523236388702
1.0
0.664577526927
0.522185842522
1.0
0.662645984338
0.520557576545
1.0
0.662645984338
0.520557576545
1.0
0.661503741936
0.519038686422
1.0
0.661503741936
0.519038686422
1.0
0.661503741936
0.519038686422
0.99
0.650622979136
0.506007907236
0.99
0.650206388332
0.504487230143
0.99
0.650206388332
0.504487230143
0.99
0.649266922317
0.500840922835
