0.937089225289
0.397213924062
0.341557151152
0.937089225289
0.39651059089
0.342988834831
0.753451257728
0.635186668896
0.388871372221
0.753451257728
0.634747327823
0.386096113859
0.753451257728
0.77935029264
0.0747674708195
0.753451257728
0.77935029264
0.0747674708195
0.753451257728
0.77935029264
0.0747674708195
0.904633732865
0.418585647979
-0.211031158914
0.904633732865
0.418585647979
-0.211031158914
0.709833736601
0.250490268508
0.185991246949
0.709833736601
0.410117212718
0.305130604473
0.709833736601
0.410117212718
0.305130604473
0.708345044332
0.412220042782
0.341391903965
0.709833736601
0.404135600496
0.340174310369
0.709833736601
0.403439108456
0.339438828462
0.709833736601
0.401626781743
0.339604543117
0.709833736601
0.401135442122
0.341083915317
0.709833736601
0.406849499413
0.361401584542
0.709833736601
0.406247920397
0.361078855912
0.709833736601
0.405762411207
0.361573421481
0.709833736601
0.405762411207
0.361573421481
0.709833736601
0.405762411207
0.361573421481
0.709833736601
0.405762411207
0.361573421481
1.0
0.408120074
0.357542009241
0.965536448852
0.407649663316
0.359175661585
0.950940158084
0.407815229739
0.360717639996
0.950940158084
0.407815229739
0.360717639996
0.94624599876
0.407149561549
0.361757168952
1.0
0.409996041045
0.367957137594
1.0
0.413415923704
0.373457672145
1.0
0.413477773012
0.37407505509
1.0
0.413473448978
0.374308329801
1.0
0.413663710112
0.374892489506
1.0
0.414473025666
0.376296382226
1.0
0.413953568643
0.37637651945
1.0
0.413970261889
0.377012335946
1.0
0.413970261889
0.377012335946
1.0
0.413984724165
0.377112574585
1.0
0.413859836621
0.378010853961
1.0
0.414198385116
0.378452294336
1.0
0.414270651658
0.379109002474
1.0
0.413948001235
0.37899884939
1.0
0.413863537211
0.379806590747
1.0
0.413634837277
0.379947686268
1.0
0.413575598274
0.380421428571
1.0
0.413575598274
0.380421428571
1.0
0.413168797247
0.380187733728
1.0
0.413139343143
0.380719051127
1.0
0.413412638321
0.380444775924
1.0
0.41351386141
0.380537323493
1.0
0.41314850935
0.380136962635
1.0
0.413040717403
0.380784973079
1.0
0.413219838331
0.380844186639
1.0
0.413262349485
0.380790192625
1.0
0.413262349485
0.380790192625
1.0
0.413397547547
0.380549924363
1.0
0.413289470855
0.38099337646
1.0
0.412944606829
0.380872160669
1.0
0.412900268835
0.381161856875
1.0
0.412989267408
0.380963024325
1.0
0.412921391783
0.381202659262
1.0
0.412593687269
0.38073787547
1.0
0.412683428919
0.380267767734
1.0
0.412683428919
0.380267767734
1.0
0.412442896179
0.380011775256
1.0
0.412399155996
0.380004777228
1.0
0.412438921343
0.380707792995
1.0
0.412420248744
0.381299870698
1.0
0.41258668037
0.381651191129
1.0
0.412558597232
0.381382933975
1.0
0.412056486582
0.380491542216
1.0
0.412029301719
0.380750160898
1.0
0.412029301719
0.380750160898
1.0
0.412348921061
0.380598740367
1.0
0.412311431864
0.380686478313
1.0
0.412277742314
0.380997952878
1.0
0.412182674372
0.381822110707
1.0
0.41221266487
0.381793342691
1.0
0.412218452065
0.381388386436
1.0
0.411876151872
0.380545825225
1.0
0.411687404537
0.381067251129
1.0
0.411687404537
0.381067251129
1.0
0.411897416667
0.380663909088
1.0
0.412070808456
0.37966258273
1.0
0.412123378629
0.379325528435
1.0
0.412010165053
0.379920628003
1.0
0.412044365202
0.379566449325
1.0
0.412050012781
0.378640781548
1.0
0.411873979806
0.379733164428
1.0
0.411873979806
0.379733164428
1.0
0.411935127941
0.379188772952
1.0
0.412339035319
0.379073803112
1.0
0.412326747077
0.378952668897
1.0
0.412083133272
0.376905865619
1.0
0.412254204167
0.376152416046
1.0
0.412518737823
0.376360679696
1.0
0.412382341655
0.376414445341
1.0
0.412478752042
0.376470425682
1.0
0.412670233234
0.375536986488
1.0
0.412670233234
0.375536986488
1.0
0.412819348657
0.37587323007
1.0
0.412766469811
0.375779534476
1.0
0.412822645465
0.374994190336
1.0
0.412895397425
0.374546738393
1.0
0.41299184005
0.374793118161
1.0
0.413011462401
0.374032406065
1.0
0.412945555546
0.374032169267
1.0
0.412914931184
0.373943782712
1.0
0.412914931184
0.373943782712
1.0
0.413688576326
0.374801829402
1.0
0.413894830772
0.37411321169
1.0
0.413184267092
0.373341419849
1.0
0.413175902994
0.372616804766
1.0
0.413282245368
0.372917853749
1.0
0.413287112811
0.372498352839
1.0
0.413283629273
0.371707084671
1.0
0.413346732408
0.371398439236
1.0
0.413346732408
0.371398439236
1.0
0.41334200989
0.371270333124
1.0
0.41339677287
0.370292810593
1.0
0.413055420309
0.369708274646
1.0
0.412788707633
0.369479083859
1.0
0.412756794384
0.369250776236
1.0
0.412817572546
0.368205311458
1.0
0.412754661711
0.368308284278
1.0
0.412754661711
0.368308284278
1.0
0.412690828469
0.368077310629
1.0
0.412511949792
0.368064701742
1.0
0.412256620737
0.368219708439
1.0
0.41225391971
0.367597281377
1.0
0.41225886859
0.367635552285
1.0
0.412205399009
0.367743296829
1.0
0.412037094231
0.367879999367
1.0
0.411491191765
0.368138242994
1.0
0.411491191765
0.368138242994
1.0
0.411504722727
0.368000923578
1.0
0.411647443922
0.367835960695
1.0
0.411462422757
0.367895620365
1.0
0.411572083065
0.367784915392
1.0
0.411454029258
0.368278186116
1.0
0.411197828238
0.368388139019
1.0
0.411012520555
0.368750023412
1.0
0.410820199728
0.368564274239
1.0
0.410830622638
0.368429328433
1.0
0.410830622638
0.368429328433
1.0
0.410855514857
0.368724394819
1.0
0.410633369569
0.369386395621
1.0
0.410481900377
0.369689793747
1.0
0.410565303462
0.369198033027
1.0
0.410493660959
0.36881561465
1.0
0.410340865629
0.369524159855
1.0
0.410327410511
0.369623092263
1.0
0.410337507229
0.369387355961
1.0
0.410337507229
0.369387355961
1.0
0.410165563555
0.369338954084
1.0
0.409999226615
0.369727092281
1.0
0.410241045649
0.369846417502
1.0
0.410211333429
0.369282319463
1.0
0.410403177789
0.369645138285
1.0
0.41043430826
0.36978799322
1.0
0.410124439762
0.369654678129
1.0
0.410124439762
0.369654678129
1.0
0.409986910408
0.370023946851
1.0
0.410060716585
0.370268441153
1.0
0.410208807985
0.369764860867
1.0
0.410409942616
0.369754018069
1.0
0.410298463506
0.369848038698
1.0
0.410477397475
0.370655707739
1.0
0.410568370597
0.370504305684
1.0
0.410360915993
0.370183909515
1.0
0.410385012703
0.370263029171
1.0
0.410385012703
0.370263029171
1.0
0.410880055617
0.370879046492
1.0
0.410927327449
0.37069168989
1.0
0.41075497962
0.370218674576
1.0
0.410535882158
0.37069655575
1.0
0.410631666458
0.370938682962
1.0
0.410830806041
0.370810679029
1.0
0.41107517508
0.370620413647
1.0
0.41107517508
0.370620413647
1.0
0.411157053157
0.370529910238
1.0
0.41138875226
0.371074595435
1.0
0.411514825213
0.370686735289
1.0
0.411347652142
0.370825637184
1.0
0.41154200932
0.370608461959
1.0
0.411684065457
0.370882916919
1.0
0.411735555722
0.370696415229
1.0
0.411917710051
0.370926981675
1.0
0.412129315158
0.370788869385
1.0
0.412129315158
0.370788869385
1.0
0.41249870356
0.371531560335
1.0
0.412693779549
0.371312230069
1.0
0.412490964554
0.37154456806
1.0
0.412598022616
0.371387508742
1.0
0.412818377719
0.371579993537
1.0
0.413007596676
0.371333136468
1.0
0.413526913702
0.373583504658
1.0
0.413639012478
0.373840588882
1.0
0.413639012478
0.373840588882
1.0
0.414000945191
0.374612648487
1.0
0.414456978363
0.374593371992
1.0
0.414924919339
0.375320559601
1.0
0.415340045654
0.37551328603
1.0
0.416178074769
0.376767204146
1.0
0.41662441626
0.376872327956
1.0
0.417483181063
0.378688165862
1.0
0.417483181063
0.378688165862
1.0
0.418106356644
0.379180764633
1.0
0.418626395442
0.380046843714
1.0
0.419299230584
0.379775663226
1.0
0.420217640219
0.381381298126
1.0
0.420933074075
0.381166039706
1.0
0.42205306359
0.381860020945
1.0
0.422835040203
0.381710174964
1.0
0.423925984987
0.383009419128
1.0
0.424768006512
0.382136783585
1.0
0.424768006512
0.382136783585
1.0
0.425912193323
0.383593850085
1.0
0.427086895036
0.382304225929
1.0
0.42837306375
0.38377702175
1.0
0.429405904931
0.382973960844
1.0
0.430711991651
0.384191076884
1.0
0.432045086984
0.382676902079
1.0
0.433533684009
0.383345548148
1.0
0.433533684009
0.383345548148
1.0
0.434974077998
0.381535046042
1.0
0.436173448852
0.382660651426
1.0
0.437605778798
0.381149987724
1.0
0.439261500179
0.382241563595
1.0
0.440627715697
0.380244863165
1.0
0.442372047271
0.381572371783
1.0
0.443941334068
0.379430220169
1.0
0.445839464903
0.380979966376
1.0
0.445839464903
0.380979966376
1.0
0.447322451577
0.378973676824
1.0
0.449042172546
0.37938108424
1.0
0.450712936104
0.377234948795
1.0
0.452288101274
0.378049442154
1.0
0.454182015635
0.375228335006
1.0
0.456090969775
0.376123885849
1.0
0.457517712081
0.373698978513
1.0
0.459054907717
0.374485206574
1.0
0.460767763646
0.371896835047
1.0
0.460767763646
0.371896835047
1.0
0.462690970958
0.372515143901
1.0
0.464188327368
0.369924446533
1.0
0.465875498283
0.370178880942
1.0
0.467485117804
0.367670781747
1.0
0.469141929705
0.368191183095
1.0
0.47051944855
0.365924033161
1.0
0.47051944855
0.365924033161
1.0
0.472436070083
0.367547895626
1.0
0.474013584467
0.364292591097
1.0
0.475771357227
0.365048889146
1.0
0.477416399973
0.361670184451
1.0
0.479212065418
0.363061818432
1.0
0.480720335557
0.360182391551
1.0
0.481767407874
0.359510527458
1.0
0.483300079551
0.356983640539
1.0
0.484831392807
0.357282441609
1.0
0.486074676114
0.355229630227
1.0
0.486074676114
0.355229630227
1.0
0.489387747883
0.351218529851
1.0
0.490722801529
0.348797161183
1.0
0.492028014975
0.349215674705
1.0
0.493202438935
0.346953210952
1.0
0.494086240484
0.347096105632
1.0
0.495328876994
0.344943273461
1.0
0.498057966195
0.346471305813
1.0
0.498057966195
0.346471305813
1.0
0.499155338998
0.344207117042
1.0
0.506493166886
0.346858915045
1.0
0.507608830009
0.345056732154
0.99
0.517934936739
0.3505845065
0.99
0.518922297888
0.348112849836
1.0
0.523174055615
0.348730596264
1.0
0.524236152562
0.346763861681
1.0
0.525183762496
0.345375673949
1.0
0.525183762496
0.345375673949
1.0
0.528126976216
0.338649386109
1.0
0.528413345963
0.337390801589
0.99
0.534679146854
0.324640768631
0.99
0.535283835501
0.324150919273
0.98446427796
0.537607667755
0.319103891361
0.98446427796
0.537932285381
0.318965776181
0.930966990505
0.538025479634
0.317006357208
0.930966990505
0.538168244687
0.316195093725
0.952841488703
0.537740196922
0.315511862133
0.952841488703
0.537740196922
0.315511862133
0.952841488703
0.537875421301
0.315122929727
0.921864154711
0.53824529805
0.313048621282
0.921864154711
0.538494631908
0.312244269078
0.90210969996
0.539368407631
0.309702179978
0.90210969996
0.539797011058
0.309275029979
0.95807088415
0.540136322116
0.30825242886
0.95807088415
0.54049444499
0.307903864024
0.95807088415
0.54049444499
0.307903864024
0.89139141085
0.541210205013
0.305880635339
0.89139141085
0.541760662937
0.30508237483
0.943513031673
0.542118871692
0.303351533576
0.943513031673
0.542571804459
0.302420308985
0.859326548198
0.543668010391
0.299357329714
0.859326548198
0.543901780534
0.297772948944
0.894668104137
0.544291342583
0.296100845211
0.894668104137
0.544765869534
0.294910737759
0.894668104137
0.544765869534
0.294910737759
0.925255330103
0.545274976697
0.292204539768
0.925255330103
0.545548702664
0.290242418469
0.885271596181
0.546172316087
0.287745782334
0.885271596181
0.546578969495
0.287032326414
0.904211398071
0.547673752583
0.283166503458
0.904211398071
0.547814000965
0.281011412846
0.884900653252
0.548468901289
0.279028297875
0.884900653252
0.548601513066
0.277475156027
0.884900653252
0.548601513066
0.277475156027
0.957975062658
0.549129684005
0.274639186295
0.957975062658
0.549162566369
0.273201678006
0.878805820693
0.549648176974
0.270972131475
0.878805820693
0.549958101892
0.269597615365
0.901257223531
0.550336121056
0.267251649025
0.901257223531
0.55046528825
0.266190657594
0.885025880329
0.551193815219
0.262765284676
0.885025880329
0.550968441831
0.261003110412
0.885025880329
0.550968441831
0.261003110412
0.871862841591
0.551915332313
0.257138417491
0.871862841591
0.552234798445
0.25600150346
0.953792449034
0.552553534487
0.253743106852
0.953792449034
0.552184747241
0.251573256297
0.905653430369
0.553286253647
0.247839626181
0.905653430369
0.552998900882
0.245581384078
0.913176520528
0.553732929093
0.243355012075
0.913176520528
0.553707181708
0.241998662905
0.909233640502
0.55356100231
0.240417077879
0.909233640502
0.55356100231
0.240417077879
0.909233640502
0.553183886524
0.238313436134
0.917810187166
0.553063755502
0.236986950781
0.917810187166
0.552526141441
0.234847312766
0.937685582277
0.552779421414
0.232521185918
0.937685582277
0.552565329761
0.231054097104
0.921390412884
0.553662636326
0.226886810026
0.921390412884
0.552946376879
0.225092691523
0.921390412884
0.552946376879
0.225092691523
0.885827009015
0.552964950335
0.223176585961
0.885827009015
0.552622190947
0.221658320656
0.925560403384
0.552672615905
0.220082775831
0.925560403384
0.551957792102
0.218433071179
0.950457588745
0.551447040046
0.21868166167
0.950457588745
0.550911739959
0.217724212549
0.920081838616
0.551190805897
0.215908011616
0.920081838616
0.550420984551
0.214355040123
0.920081838616
0.550420984551
0.214355040123
0.907738676039
0.550338681891
0.213228552348
0.907738676039
0.54935201184
0.211361251654
0.92149905863
0.54969705451
0.209122463596
0.92149905863
0.54900228328
0.207569847461
0.966498470468
0.548027570808
0.208080505374
0.966498470468
0.547077116899
0.206779371115
0.944536369219
0.546577820946
0.206398130418
0.944536369219
0.546320921095
0.206421739534
0.944536369219
0.546320921095
0.206421739534
0.969419315468
0.545911293866
0.206243516652
0.969419315468
0.545306416347
0.205550100294
0.941548029653
0.544827065181
0.205362497605
0.941548029653
0.544379446413
0.204806468731
0.961450882736
0.543932607971
0.205559165829
0.961450882736
0.543370188551
0.205092343907
0.948707723429
0.542676025792
0.206003671697
0.948707723429
0.542527420131
0.206589996525
0.948707723429
0.542527420131
0.206589996525
0.994753361722
0.54232040526
0.206367283723
0.994753361722
0.542064495053
0.206683716001
0.976999940038
0.54145452387
0.207021014884
0.976999940038
0.538265267933
0.21069240322
0.922643893548
0.537847771963
0.210687750448
0.922643893548
0.523537614721
0.239701049779
0.940647330409
0.523231060545
0.240303741835
0.926209222363
0.523120208864
0.240532398913
0.926209222363
0.523120208864
0.240532398913
0.926209222363
0.513999843456
0.253995453365
0.99
0.51418251526
0.258269668613
0.937830412231
0.51144472903
0.281611208325
0.937830412231
0.506101799956
0.308914371343
0.910951691494
0.504573438049
0.31973834267
0.910951691494
0.495359487677
0.358951849604
0.966514084819
0.496235816442
0.366187564903
0.966514084819
0.488149861639
0.40477453832
0.966514084819
0.488149861639
0.40477453832
0.99
0.489642281151
0.407216510333
0.99
0.484180159257
0.441766128203
0.99
0.484214906109
0.440758103
0.99
0.480700473941
0.464459003355
0.99
0.480613399552
0.463309267097
1.0
0.47907634134
0.473033795484
1.0
0.479596006181
0.473255388109
1.0
0.478677469887
0.477474411112
1.0
0.478677469887
0.477474411112
1.0
0.479130450057
0.477194718094
1.0
0.478514455505
0.47795468862
1.0
0.479119397283
0.477734172778
1.0
0.479000201916
0.476616838515
1.0
0.479290125884
0.476387501183
1.0
0.478946353991
0.476210551919
1.0
0.47933609268
0.476463031988
1.0
0.479036781966
0.476265810673
1.0
0.479036781966
0.476265810673
1.0
0.479468149472
0.476008277482
1.0
0.479269322796
0.475992844333
1.0
0.479354664588
0.475822739286
1.0
0.479173905986
0.476143072155
1.0
0.479246465885
0.475946518384
1.0
0.479107540784
0.475200620139
1.0
0.479493866002
0.474124028287
1.0
0.479372148331
0.474662577428
1.0
0.479372148331
0.474662577428
1.0
0.479424305895
0.474199287163
1.0
0.479425752698
0.474433702647
1.0
0.479935382
0.475176096053
1.0
0.479768191301
0.47499187102
1.0
0.479893616437
0.474543559017
1.0
0.479753734737
0.474634341942
1.0
0.479671087177
0.474495025922
1.0
0.479628689282
0.474583430976
1.0
0.479628689282
0.474583430976
1.0
0.479978227976
0.474299139149
1.0
0.479975187059
0.474612881597
1.0
0.47997755599
0.474491522187
1.0
0.480056682697
0.474637707512
1.0
0.4800505434
0.474747716662
1.0
0.480028388253
0.474895445594
1.0
0.480791131025
0.47589807543
1.0
0.48081869933
0.475942151811
1.0
0.48081869933
0.475942151811
1.0
0.480892805606
0.47631923833
1.0
0.480959151406
0.476391640295
1.0
0.48144352464
0.476536789785
1.0
0.481142618505
0.476848713489
1.0
0.480899745916
0.476403918472
1.0
0.481069142576
0.476153168926
1.0
0.481312089915
0.476257482116
1.0
0.481178604322
0.476763761376
1.0
0.481178604322
0.476763761376
1.0
0.481736918556
0.478128100762
1.0
0.481958981023
0.477786334601
1.0
0.481971717827
0.47758916481
1.0
0.481903518806
0.478071304862
1.0
0.482315352394
0.478403605736
1.0
0.482402409964
0.478837892059
1.0
0.482588218792
0.479710150686
1.0
0.482494470627
0.479488937862
1.0
0.482494470627
0.479488937862
1.0
0.482557044771
0.479201555736
1.0
0.48275728191
0.479602900212
1.0
0.482987616192
0.480264126802
1.0
0.483191841087
0.48020129561
1.0
0.483430327242
0.479418943254
1.0
0.483562940269
0.479106375869
1.0
0.483955137395
0.480233358123
1.0
0.483955137395
0.480233358123
1.0
0.484346622391
0.480400653662
1.0
0.484309816833
0.48017085623
1.0
0.484609811659
0.480078223368
1.0
0.484936678524
0.480397976937
1.0
0.485214158036
0.480977841837
1.0
0.486151065586
0.481273268771
1.0
0.486487329986
0.481230684316
1.0
0.486678359598
0.481572538981
1.0
0.487157699736
0.481560505239
1.0
0.487157699736
0.481560505239
1.0
0.48757951692
0.480698301314
1.0
0.487874707841
0.480106132616
1.0
0.488311846882
0.4804456973
1.0
0.48857291587
0.479906046305
1.0
0.488732233947
0.480157879866
1.0
0.4892848704
0.479159219937
1.0
0.491554085645
0.479480733511
1.0
0.49192742918
0.479112618837
1.0
0.49192742918
0.479112618837
1.0
0.498326433446
0.480238673411
1.0
0.498748829489
0.479346177744
0.99
0.512016449735
0.485891625826
0.99
0.512490443553
0.48467516881
1.0
0.519166265315
0.487255743915
1.0
0.519696692789
0.486255081186
1.0
0.522808566295
0.486676948932
1.0
0.5258959368
0.480058995607
1.0
0.5258959368
0.480058995607
1.0
0.525511819273
0.47849497785
0.99
0.531971259828
0.466053843696
0.99
0.531546514578
0.464730252997
0.844946971508
0.533763231714
0.461254533578
0.844946971508
0.533464938993
0.460042407357
0.99
0.541948425203
0.444338791141
0.99
0.541737886606
0.444050883981
1.0
0.542558828694
0.441331946289
1.0
0.542558828694
0.441331946289
1.0
0.542353871878
0.440732921161
1.0
0.542594001725
0.439678180876
1.0
0.542123726813
0.438528102396
1.0
0.542375576131
0.437449761141
1.0
0.542267877792
0.437477320908
1.0
0.542405863616
0.436890836511
1.0
0.542433706271
0.436164206106
1.0
0.542506846354
0.435018957815
1.0
0.542506846354
0.435018957815
1.0
0.542239124732
0.434720004983
1.0
0.542090411603
0.434293069923
1.0
0.541888974161
0.433760899198
1.0
0.541970632903
0.432606691486
1.0
0.542026097157
0.433062323089
1.0
0.54197074093
0.432715477489
1.0
0.541539536202
0.432276167577
1.0
0.541377255868
0.431774811449
1.0
0.541377255868
0.431774811449
1.0
0.541276741368
0.432513782096
1.0
0.54126782386
0.43208923391
1.0
0.540896270616
0.432262791013
1.0
0.540651813055
0.432690997306
1.0
0.540231612079
0.432813717689
1.0
0.540157859357
0.43330556923
1.0
0.539994646085
0.433625409783
1.0
0.539780129049
0.434109402011
1.0
0.539780129049
0.434109402011
1.0
0.539059138522
0.43343407476
1.0
0.538752242343
0.433967629118
1.0
0.538253910932
0.433700459877
1.0
0.537987005568
0.435078978981
1.0
0.53741728837
0.435252680089
1.0
0.537163399936
0.435605885624
1.0
0.536960613762
0.436184234351
1.0
0.536746948391
0.437273593059
1.0
0.536746948391
0.437273593059
1.0
0.536097646749
0.437591624961
1.0
0.535762045166
0.438252655808
1.0
0.535109676541
0.437810638101
1.0
0.534725554879
0.438700524192
1.0
0.533848866787
0.438496858015
1.0
0.533338821364
0.439356438268
1.0
0.532960155654
0.439688389554
1.0
0.532433420698
0.440879944266
1.0
0.532433420698
0.440879944266
1.0
0.531524286177
0.440081299102
1.0
0.530990509815
0.441451388209
1.0
0.529748246762
0.440766367237
1.0
0.529140104072
0.442021166201
1.0
0.52814495154
0.441136274639
1.0
0.527554556211
0.442491060612
1.0
0.526472475285
0.441970446224
1.0
0.525698292659
0.443489715423
1.0
0.525698292659
0.443489715423
1.0
0.525218998919
0.443992156661
1.0
0.524704259444
0.445044378108
1.0
0.523540043928
0.443678352139
1.0
0.522516670762
0.445164166628
1.0
0.521481983305
0.444211066469
1.0
0.520866473605
0.445341740613
1.0
0.52073737769
0.445122721898
1.0
0.519930418001
0.446250756359
1.0
0.519930418001
0.446250756359
1.0
0.518557015435
0.44419809404
1.0
0.517625488336
0.444961502702
1.0
0.517227689406
0.444833474815
1.0
0.51643770332
0.445699561876
1.0
0.515351140188
0.44362466832
1.0
0.51464021217
0.444226748046
1.0
0.514022497935
0.443011099959
1.0
0.514022497935
0.443011099959
1.0
0.513292612615
0.443667149252
1.0
0.512507698261
0.441719512066
1.0
0.511905368476
0.441876998168
1.0
0.511487565371
0.440964542909
1.0
0.511033621705
0.440523719036
1.0
0.510874681216
0.4405270092
1.0
0.510171621265
0.440258521631
1.0
0.510046681135
0.439017228823
1.0
0.509560024064
0.438985008251
1.0
0.509560024064
0.438985008251
1.0
0.509419786158
0.437993333181
1.0
0.508847900624
0.437746518127
1.0
0.507953810209
0.435088713473
1.0
0.507412926646
0.435164847827
1.0
0.507323297287
0.434066414001
1.0
0.506846146519
0.433168146347
1.0
0.506530519063
0.431921708349
1.0
0.506221893179
0.431207569671
1.0
0.506221893179
0.431207569671
1.0
0.506443356118
0.429990756331
1.0
0.505938410995
0.429384530186
1.0
0.509394696438
0.429488600082
1.0
0.50925424128
0.428449929071
0.99
0.51775545573
0.430758565619
0.99
0.517453863144
0.429958850835
0.99
0.529468821827
0.435927094743
0.99
0.529468821827
0.435927094743
0.99
0.529338894241
0.434949570522
0.99
0.542061536627
0.442906963056
0.99
0.542485517594
0.440152915462
0.99
0.552859824058
0.445750391829
0.99
0.556074868526
0.437292615325
0.99
0.567563893412
0.439684141774
0.99
0.57393508926
0.426554694055
0.99
0.582827453474
0.426984932684
0.99
0.582827453474
0.426984932684
0.99
0.590848817528
0.412050126905
0.99
0.598382639512
0.413897115365
0.99
0.606193984202
0.398296310857
0.99
0.608817306435
0.398469669934
0.99
0.616981087058
0.383834180079
0.99
0.617270466503
0.382640131444
0.883455344418
0.618031016541
0.378535139969
0.883455344418
0.617954908238
0.377275833662
0.99
0.631105504948
0.352410647091
0.99
0.631105504948
0.352410647091
0.99
0.630520330688
0.351316492468
1.0
0.632583094174
0.345814912214
1.0
0.632552806225
0.345248663964
1.0
0.633956636057
0.34088639196
1.0
0.633783062406
0.340580248342
1.0
0.633294250439
0.339893440958
1.0
0.632960383966
0.338795565395
1.0
0.632817001012
0.338423252063
1.0
0.632817001012
0.338423252063
1.0
0.632559151135
0.338110036652
1.0
0.632706302403
0.337799048349
1.0
0.632571496341
0.337294973671
1.0
0.632567392629
0.338315625989
1.0
0.632592304841
0.338270130914
1.0
0.632388197691
0.338148826162
1.0
0.63213933703
0.338639939572
1.0
0.632197147312
0.338963222123
1.0
0.632197147312
0.338963222123
1.0
0.631771540089
0.338676478626
1.0
0.631752113436
0.338961297755
1.0
0.631813451492
0.340311222309
1.0
0.631882568228
0.340341622716
1.0
0.631644275954
0.340399848733
1.0
0.631597005587
0.341024849155
1.0
0.631597005587
0.341024849155
1.0
0.631610158753
0.34236531827
1.0
0.631398432881
0.343502328078
1.0
0.631195694768
0.344668633289
1.0
0.63110474574
0.345739012935
1.0
0.630823365904
0.346084201622
1.0
0.630547738731
0.347256240542
1.0
0.63035442002
0.347830995116
1.0
0.630222339066
0.349428901071
1.0
0.630238470945
0.349729788259
1.0
0.630238470945
0.349729788259
1.0
0.629718999204
0.352086328967
1.0
0.631378489222
0.351701343557
1.0
0.631113663192
0.353352264013
1.0
0.631061964025
0.353146957763
1.0
0.630871397645
0.354070311715
1.0
0.63064215563
0.353518335464
1.0
0.630345013361
0.354183041433
1.0
0.630345013361
0.354183041433
1.0
0.629982197989
0.352715638654
1.0
0.629729217512
0.35334835732
1.0
0.629228249096
0.352126125909
1.0
0.629048957991
0.352118471337
1.0
0.628849042592
0.351870620503
1.0
0.628647317228
0.351306608198
1.0
0.628313060481
0.349551062414
1.0
0.628034032417
0.34934044567
1.0
0.627666135081
0.349398186023
1.0
0.627666135081
0.349398186023
1.0
0.62776265218
0.348267140225
1.0
0.627621743068
0.347165553677
1.0
0.627614839307
0.346308242465
1.0
0.627354535694
0.344614861281
1.0
0.627242668046
0.344408767693
1.0
0.626773638269
0.343884559564
1.0
0.62668712597
0.342708537946
1.0
0.626777895836
0.341748617069
1.0
0.626739924106
0.340968900148
1.0
0.626739924106
0.340968900148
1.0
0.626185685664
0.339949297626
1.0
0.626088989735
0.339023937357
1.0
0.625731857726
0.338299969431
1.0
0.62565106876
0.337541852658
1.0
0.625304421821
0.33662106196
1.0
0.625268463595
0.335314344211
1.0
0.625268463595
0.335314344211
1.0
0.624552427263
0.333797853332
1.0
0.624472465423
0.332896363294
1.0
0.62440137635
0.332813202883
1.0
0.624346821139
0.332458519264
1.0
0.624105506922
0.332805773945
1.0
0.623877997429
0.331445054528
1.0
0.623252180926
0.330597110541
1.0
0.62314334223
0.330418156241
1.0
0.622534391856
0.329315272507
1.0
0.622369995405
0.329053647593
1.0
0.622369995405
0.329053647593
1.0
0.621587469053
0.328332351293
1.0
0.621466313442
0.32858027033
1.0
0.620978599219
0.328648713898
1.0
0.620885581296
0.328755596478
1.0
0.62041510302
0.328840254744
1.0
0.62025437512
0.328933243804
1.0
0.62025437512
0.328933243804
1.0
0.619830054518
0.329305721283
1.0
0.619586973305
0.330089845079
1.0
0.619207749474
0.330604249571
1.0
0.618826542541
0.331790876732
1.0
0.618155320311
0.333032548964
1.0
0.618099412497
0.333214202667
1.0
0.617305753561
0.333773755704
1.0
0.616826472309
0.335183550627
1.0
0.616398198422
0.335955943715
1.0
0.616398198422
0.335955943715
1.0
0.616122234937
0.337164868028
1.0
0.615184099832
0.337533311937
1.0
0.61482814811
0.339288271562
1.0
0.614292120669
0.341036513977
1.0
0.613954917079
0.3432161031
1.0
0.612947279095
0.343888069046
1.0
0.612537016364
0.345741046825
1.0
0.612019644708
0.348149240961
1.0
0.612019644708
0.348149240961
1.0
0.611320085923
0.351415859781
1.0
0.610128494006
0.351520140271
1.0
0.60957063855
0.353288184175
1.0
0.609253661097
0.355846555403
1.0
0.60858857384
0.359244400229
1.0
0.610782035051
0.366497594493
1.0
0.610175232639
0.368695046136
1.0
0.610175232639
0.368695046136
0.99
0.612374733131
0.404415880775
0.99
0.611487789861
0.406983274842
0.99
0.610984177732
0.409811454088
0.99
0.609919650489
0.42583542468
0.99
0.61034767056
0.433431584392
0.987581519626
0.607826483652
0.456503461788
0.987581519626
0.607826483652
0.456503461788
0.987581519626
0.609063948773
0.469268587853
0.987581519626
0.60816290835
0.492921152108
0.99
0.602355718321
0.509062224808
0.99
0.601669188522
0.526498810778
0.99
0.599632026342
0.540721496458
0.99
0.598289670614
0.54408021134
0.99
0.598289670614
0.54408021134
0.99
0.597926608403
0.558140751454
0.99
0.58696190179
0.568276871523
0.99
0.585598717474
0.581448415205
0.99
0.58435915759
0.590046249627
0.870219540599
0.583537047535
0.593750029947
0.870219540599
0.580004541381
0.611017693441
0.870219540599
0.580004541381
0.611017693441
0.99
0.5579586713
0.632738954476
0.99
0.555910698358
0.63989643959
0.99
0.551134792938
0.656023856419
0.99
0.551134792938
0.656023856419
0.99
0.548677746383
0.663626862967
0.99
0.542114729639
0.68153168328
0.99
0.540493010836
0.690584556644
1.0
0.538860193658
0.6928731255
1.0
0.537567552733
0.700127538098
1.0
0.534712686366
0.700550847599
1.0
0.53217422646
0.708081278118
1.0
0.530993826618
0.710031607219
1.0
0.530993826618
0.710031607219
0.99
0.525292110477
0.726805664364
0.99
0.524497559143
0.725931247687
1.0
0.522023350278
0.731842432034
1.0
0.521479529952
0.730760727558
1.0
0.519948728424
0.73767939401
1.0
0.519512447234
0.73747701276
1.0
0.517955319894
0.743310977614
1.0
0.516968965177
0.741241878912
1.0
0.516968965177
0.741241878912
1.0
0.516719668229
0.744084870866
1.0
0.515072053551
0.739929536313
1.0
0.514788584348
0.740297986677
1.0
0.514143968371
0.739045765557
1.0
0.51417619036
0.737847890159
1.0
0.513779719268
0.737300655984
1.0
0.51381711851
0.737090299644
1.0
0.513554984289
0.736355765904
1.0
0.513388095976
0.735855179329
1.0
0.513388095976
0.735855179329
1.0
0.513031880273
0.735299875673
1.0
0.513087566699
0.735184228562
1.0
0.512814580852
0.734813754539
1.0
0.512973276533
0.734458298141
1.0
0.5130851313
0.734877969429
1.0
0.513111286341
0.734384082225
1.0
0.512667321782
0.73339161826
1.0
0.512667321782
0.73339161826
1.0
0.512690130465
0.732912242731
1.0
0.512163925081
0.732587267062
1.0
0.512379434869
0.731881980075
1.0
0.512613791525
0.731629702167
1.0
0.512606453837
0.731655860246
1.0
0.512412432526
0.73135177742
1.0
0.512530550932
0.731057800785
1.0
0.511950176336
0.730283119184
1.0
0.511755632626
0.730099607412
1.0
0.511755632626
0.730099607412
1.0
0.511652162347
0.729362095646
1.0
0.511870312364
0.72847033307
1.0
0.512072552099
0.728174456754
1.0
0.511995721951
0.728106968591
1.0
0.511729965139
0.727547344686
1.0
0.511886090827
0.727255586771
1.0
0.51144832922
0.726780124476
1.0
0.51144832922
0.726780124476
1.0
0.511421589851
0.725747313511
1.0
0.511333945868
0.725127447399
1.0
0.511099000504
0.725421285505
1.0
0.511097264855
0.724850854696
1.0
0.5112458973
0.723965258044
1.0
0.511151907657
0.723415641912
1.0
0.51124866493
0.722777507278
1.0
0.51097991073
0.721343090209
1.0
0.51097991073
0.721343090209
1.0
0.511077462652
0.720805531229
1.0
0.511361417468
0.720721898585
1.0
0.511531745417
0.720110349141
1.0
0.511293810975
0.719731368069
1.0
0.511576291366
0.719164888929
1.0
0.510875816296
0.717583027677
1.0
0.510787563561
0.716668484036
1.0
0.51106595627
0.716764899077
1.0
0.511041888137
0.716289910529
1.0
0.511041888137
0.716289910529
1.0
0.510688977608
0.715778099332
1.0
0.510698288982
0.714949850157
1.0
0.510891004292
0.715256754996
1.0
0.510972305045
0.714704178916
1.0
0.510819964407
0.714448803943
1.0
0.51092697204
0.713701373465
1.0
0.51092697204
0.713701373465
1.0
0.5105534387
0.712791307516
1.0
0.510547462817
0.712444026355
1.0
0.511020181915
0.70866258009
1.0
0.511380317432
0.708042955246
1.0
0.512306382292
0.699555130395
1.0
0.512517205125
0.699122083541
0.99
0.512432386562
0.684658647542
0.99
0.512449981397
0.684166527382
0.99
0.511934158103
0.669342942512
0.99
0.512013890832
0.667447699104
0.99
0.512013890832
0.667447699104
0.99
0.509768126824
0.650475957148
0.99
0.511071590638
0.641687602554
0.99
0.510003539329
0.625432600118
0.99
0.511967223177
0.604461428813
0.99
0.509554013567
0.589121782693
0.99
0.510995347113
0.568710511142
0.99
0.510517714606
0.558439101085
0.99
0.510517714606
0.558439101085
0.99
0.510447504729
0.538571804233
0.99
0.509817065013
0.530064601225
0.99
0.51076617109
0.50936501281
0.99
0.510532363104
0.506893087776
0.99
0.510229363284
0.489596665051
0.99
0.510252828275
0.489875898025
0.99
0.51014431931
0.474661961427
0.99
0.509623999706
0.474368923312
0.99
0.509623999706
0.474368923312
1.0
0.509618950503
0.465118888101
1.0
0.50917979845
0.465718845607
1.0
0.509035641923
0.458563396818
1.0
0.508418414149
0.45861323455
1.0
0.508343509156
0.45808441962
1.0
0.507837269333
0.458492805884
1.0
0.507380384596
0.459982168234
1.0
0.507033165603
0.459741760446
1.0
0.507003471168
0.46115946921
1.0
0.507003471168
0.46115946921
1.0
0.506368760476
0.459838145064
1.0
0.506039887654
0.46100164393
1.0
0.505520494331
0.460775342807
1.0
0.505215103647
0.461290073912
1.0
0.504263950705
0.46054285334
1.0
0.504062086387
0.461054818141
1.0
0.503592270259
0.460293660244
1.0
0.503592270259
0.460293660244
1.0
0.503077987925
0.461162835921
1.0
0.502717703918
0.460829866522
1.0
0.502380749259
0.461357085784
1.0
0.502424734319
0.461505317999
1.0
0.502176858588
0.461696713606
1.0
0.501908814947
0.46152252672
1.0
0.501678398606
0.462267227889
1.0
0.50135307826
0.461378765915
1.0
0.50135307826
0.461378765915
1.0
0.501123220306
0.46153345325
1.0
0.500243149849
0.460401268127
1.0
0.500081009344
0.460382436524
1.0
0.500344900904
0.460429958608
1.0
0.500086896129
0.460464029219
1.0
0.499586047094
0.459721987099
1.0
0.499632777074
0.459380260441
1.0
0.499300383687
0.459218320942
1.0
0.499300383687
0.459218320942
1.0
0.49902255354
0.459490024657
1.0
0.499129994878
0.459553523491
1.0
0.498890721349
0.459589583275
1.0
0.49861395428
0.459327973163
1.0
0.498587425338
0.459124542109
1.0
0.497922266189
0.458210941022
1.0
0.497739117399
0.458397516638
1.0
0.498202475532
0.458939549483
1.0
0.498202475532
0.458939549483
1.0
0.498174973595
0.458611081318
1.0
0.497727428219
0.458758296582
1.0
0.497696490312
0.458722937109
1.0
0.49742487526
0.458244495978
1.0
0.497385844302
0.458307419244
1.0
0.497120953449
0.458442709019
1.0
0.497096260657
0.458128849303
1.0
0.497109363259
0.458319152745
1.0
0.496990579749
0.458189964208
1.0
0.496990579749
0.458189964208
1.0
0.496786500136
0.457693103437
1.0
0.49689844614
0.457578835151
1.0
0.496969724182
0.457729164438
1.0
0.497019603436
0.457928498947
1.0
0.496650018646
0.457298508081
1.0
0.496527971813
0.456790585197
1.0
0.496453553207
0.456645387368
1.0
0.496453553207
0.456645387368
1.0
0.496236549315
0.457086093567
1.0
0.496533575354
0.457704874347
1.0
0.496508623512
0.457698537336
1.0
0.496231204193
0.457410659506
1.0
0.496042568218
0.457591686813
1.0
0.495921059073
0.457853615788
1.0
0.495980338929
0.457521273713
1.0
0.495689755618
0.457254588237
1.0
0.495689755618
0.457254588237
1.0
0.495625640629
0.457452083293
1.0
0.495607448912
0.457301597201
1.0
0.495548827162
0.457314505334
1.0
0.495611123112
0.457838354011
1.0
0.495492355228
0.457862393849
1.0
0.495291086885
0.458100973571
1.0
0.495369679042
0.458019420916
1.0
0.495313742988
0.457346088283
1.0
0.495313742988
0.457346088283
1.0
0.495136497003
0.45732175203
1.0
0.495181606135
0.456940722979
1.0
0.494926615193
0.45692962696
1.0
0.495155152733
0.457530233743
1.0
0.495381236423
0.457019083569
1.0
0.495318425969
0.457149119645
1.0
0.495117667199
0.457258352279
1.0
0.495117667199
0.457258352279
1.0
0.49472337399
0.456850183536
1.0
0.494664098922
0.45718740784
1.0
0.48983465805
0.452618369031
1.0
0.489808947822
0.452348786802
0.901188140312
0.485667296732
0.447909593752
0.901188140312
0.485744501921
0.447831866869
0.99
0.46929527465
0.432678177112
0.99
0.469136371722
0.432964182931
0.99
0.469136371722
0.432964182931
