1.0
0.427059429033
0.539380358627
1.0
0.424183537762
0.542618252255
1.0
0.424986674057
0.543163369765
1.0
0.426075479344
0.542188181459
1.0
0.425559295326
0.541489280122
1.0
0.425860518159
0.541018698056
1.0
0.425685883119
0.540774526135
1.0
0.425379505332
0.541119659567
1.0
0.425379505332
0.541119659567
1.0
0.42540081709
0.541908711927
1.0
0.42542848037
0.541555034652
1.0
0.425788324048
0.541261145292
1.0
0.425690004409
0.541155603835
1.0
0.426017896156
0.54108853124
1.0
0.426050182136
0.540930533897
1.0
0.425690820302
0.540507721015
1.0
0.425690820302
0.540507721015
1.0
0.425662586163
0.540881019062
1.0
0.425257356485
0.541094956436
1.0
0.425330953149
0.541184010995
1.0
0.425056718248
0.541204509641
1.0
0.425035632327
0.540722052444
1.0
0.425330410059
0.54073152187
1.0
0.425272179887
0.541229316031
1.0
0.425549635759
0.54122623901
1.0
0.425575598798
0.540427379884
1.0
0.425185406092
0.539763936545
1.0
0.425185406092
0.539763936545
1.0
0.425228363213
0.540071522807
1.0
0.420148756715
0.531690557948
1.0
0.420196733335
0.531601549095
0.99
0.408007848348
0.511938475299
0.99
0.408012941483
0.51202819091
0.99
0.394445799643
0.494554260501
0.99
0.394445799643
0.494554260501
0.99
0.394400209873
0.495332736128
0.993412675817
0.387021569778
0.487504400512
0.993412675817
0.385396166755
0.484584874155
0.99
0.366978907974
0.458413326822
0.99
0.361256622213
0.4546124671
0.99
0.358666798216
0.451359047551
0.99
0.352635514778
0.454836153459
0.99
0.352063847695
0.455651036349
0.99
0.346458515898
0.459709132422
0.99
0.345741790927
0.458866715551
0.99
0.345741790927
0.458866715551
0.99
0.3411045657
0.462012781367
0.99
0.34230193286
0.461521945831
1.0
0.340328432569
0.462515521977
1.0
0.340187324382
0.463800113073
1.0
0.340256923955
0.465442374154
1.0
0.339773036226
0.464948166647
1.0
0.339753592481
0.464584539551
1.0
0.339753592481
0.464584539551
1.0
0.339824346327
0.464687696786
1.0
0.339682801034
0.46418138248
1.0
0.339607293799
0.464075496008
1.0
0.339496197749
0.464197696362
1.0
0.339770317516
0.46445489875
1.0
0.339689451156
0.464720077164
1.0
0.339428229071
0.464672408943
1.0
0.339428229071
0.464672408943
1.0
0.339400940845
0.464888764153
1.0
0.339434722875
0.464923552498
1.0
0.339437690491
0.465339585448
1.0
0.339035417642
0.465366869049
1.0
0.339078668418
0.465746782205
1.0
0.339598716722
0.465838080592
1.0
0.339463473538
0.466698287173
1.0
0.33888968484
0.46655770039
1.0
0.338925011607
0.466012428335
1.0
0.339176637924
0.465829396052
1.0
0.339176637924
0.465829396052
1.0
0.339085277927
0.466036182818
1.0
0.339354164692
0.466442574989
1.0
0.339403182065
0.466598795583
1.0
0.339028261533
0.46672752168
1.0
0.339049418435
0.466454150447
1.0
0.339442744184
0.465964855703
1.0
0.339442744184
0.465964855703
1.0
0.33946087044
0.466236947281
1.0
0.339037968014
0.466572062445
1.0
0.338962623397
0.467108131218
1.0
0.33952572096
0.467271241567
1.0
0.339542660494
0.466610000719
1.0
0.339329202717
0.466119190973
1.0
0.339316448838
0.466263015455
1.0
0.339010116305
0.466661283758
1.0
0.339010116305
0.466661283758
1.0
0.33902608779
0.466546248665
1.0
0.339087421744
0.466810552484
1.0
0.339029891376
0.467544619814
1.0
0.339280495514
0.467198695434
1.0
0.339280279989
0.467262180352
1.0
0.339216616395
0.46704551496
1.0
0.339152884017
0.466997634568
1.0
0.339166834252
0.467420524466
1.0
0.339187486313
0.467782904506
1.0
0.339187486313
0.467782904506
1.0
0.339083273911
0.467213056698
1.0
0.339184549154
0.466765841339
1.0
0.338775281375
0.466702519368
1.0
0.338813993241
0.466084621094
1.0
0.338575661595
0.465857224115
1.0
0.338497225848
0.46645047218
1.0
0.338605226161
0.466594596513
1.0
0.338605226161
0.466594596513
1.0
0.338517875575
0.467258391881
1.0
0.338558408985
0.467345377564
1.0
0.338693685577
0.466886177599
1.0
0.343980748012
0.470929507852
1.0
0.343845281851
0.470888321786
0.99
0.366042243424
0.493591652678
0.99
0.36613609979
0.493402092159
0.99
0.393002414531
0.522623890273
0.99
0.392903063053
0.523324528336
0.99
0.392903063053
0.523324528336
0.99
0.415102935122
0.54738103762
0.99
0.415858167165
0.546692133044
0.99
0.434151076295
0.567882115134
0.99
0.440162100972
0.562900607099
0.959765610239
0.456628777801
0.581200667177
0.959765610239
0.466837483321
0.576998203518
0.99
0.481707398421
0.591541946817
0.99
0.481707398421
0.591541946817
0.99
0.49437447064
0.584377752234
0.99
0.509251191553
0.599048423149
0.99
0.523145899941
0.593853467484
0.99
0.535036242899
0.604343636543
0.99
0.549320180461
0.597508610943
0.99
0.556720728916
0.603505941093
0.99
0.571301191978
0.593870694256
0.99
0.575801999322
0.599310584314
