0.99
0.496810055035
0.511484133664
0.99
0.504486000629
0.521742900466
0.99
0.508051485078
0.521048728935
1.0
0.509494899616
0.523710187924
0.99
0.520120692383
0.525215598959
0.99
0.5199470417
0.525013783485
0.99
0.5199470417
0.525013783485
0.907235358647
0.521177967758
0.523816942645
0.907235358647
0.520437679084
0.523239248675
0.868931402906
0.523523486769
0.522296460333
0.868931402906
0.523036740872
0.522051451966
0.929875243076
0.523445137605
0.522826079971
0.929875243076
0.523119422954
0.522630322034
0.929875243076
0.523119422954
0.522630322034
0.911400203627
0.523266316794
0.523972139238
0.911400203627
0.522823142565
0.524000600119
0.911400203627
0.52260217961
0.524388446467
0.911400203627
0.522061576127
0.524289217386
0.947986329481
0.522090240386
0.525402893567
0.947986329481
0.521869931621
0.525626445102
0.912367959998
0.521994492736
0.526240423031
0.912367959998
0.521601546405
0.526211611463
0.917730788068
0.521507743418
0.525679093904
0.917730788068
0.521103349642
0.525810443251
0.917730788068
0.521103349642
0.525810443251
0.941505175657
0.520972632972
0.525799988075
0.941505175657
0.520400941521
0.52595725275
0.933539396192
0.520742035274
0.526519203571
0.933539396192
0.520780210665
0.52708798322
0.968872634859
0.521170619559
0.526605454381
0.968872634859
0.520834681733
0.526646916193
0.922651242136
0.521099380813
0.527502969211
0.922651242136
0.520756142006
0.527868916479
0.922651242136
0.520756142006
0.527868916479
0.981003644278
0.520718412835
0.529562893733
0.981003644278
0.520268784413
0.529907791359
1.0
0.521472231245
0.533903883871
1.0
0.521054498876
0.533930451898
1.0
0.521315764398
0.535776693367
1.0
0.519496641618
0.533399791948
1.0
0.519242140756
0.534189374143
1.0
0.514778981455
0.528625834139
1.0
0.514778981455
0.528625834139
1.0
0.514588821571
0.529400920757
1.0
0.511628774311
0.525982391854
1.0
0.510907673849
0.525897016575
1.0
0.508502471475
0.523121315989
1.0
0.505286441522
0.521929725245
1.0
0.505383214216
0.522102636338
1.0
0.501769701445
0.523202739922
1.0
0.501769701445
0.523202739922
1.0
0.501409687332
0.523537364767
1.0
0.500165472763
0.524268884078
1.0
0.499693332518
0.524497321782
1.0
0.499794065655
0.524665699191
1.0
0.499578380218
0.525101217745
1.0
0.499251413956
0.526320366827
1.0
0.499251905307
0.526728016439
1.0
0.499251905307
0.526728016439
1.0
0.499291381602
0.527530852398
1.0
0.498881506073
0.527714913429
1.0
0.498735136855
0.5283100336
1.0
0.498392683518
0.527985533791
1.0
0.498105647881
0.528634801903
1.0
0.49765587975
0.528842445134
1.0
0.497763085275
0.529477374895
1.0
0.498018917249
0.529846911224
1.0
0.497742243947
0.530500848459
1.0
0.497336409761
0.5303071736
1.0
0.497336409761
0.5303071736
1.0
0.497300725654
0.530293382167
1.0
0.497222623755
0.530365826521
1.0
0.497063722619
0.530916152474
1.0
0.496795985066
0.530869439163
1.0
0.49649903848
0.530413007306
1.0
0.496542305005
0.530511377829
1.0
0.496655828109
0.530917787234
1.0
0.496506724782
0.530946294275
1.0
0.496506724782
0.530946294275
1.0
0.496467915818
0.531060821381
1.0
0.496324805284
0.531192142775
1.0
0.496232562725
0.531548959029
1.0
0.495914766688
0.531514058084
1.0
0.495965789199
0.531629886922
1.0
0.496144387412
0.531568841091
1.0
0.496144387412
0.531568841091
1.0
0.496075458446
0.53129812812
1.0
0.496080641066
0.531303446104
1.0
0.495986495194
0.531156600059
1.0
0.495936531671
0.531365879894
1.0
0.495861177603
0.531599191213
1.0
0.495860455359
0.53141520994
1.0
0.49593951423
0.531272721012
1.0
0.495784211291
0.53120872232
1.0
0.495814013013
0.531374001554
1.0
0.495844638686
0.53130752836
1.0
0.495844638686
0.53130752836
1.0
0.496052162043
0.531169469073
1.0
0.496000130878
0.53064354907
1.0
0.496054258091
0.529967206814
1.0
0.496262843234
0.53024782092
1.0
0.496268518811
0.52964943246
1.0
0.496298247074
0.528929391847
1.0
0.496174377732
0.528098078116
1.0
0.496174377732
0.528098078116
1.0
0.496209192789
0.527774194208
1.0
0.496314825866
0.527219097301
1.0
0.496518819592
0.526752831126
1.0
0.496604953024
0.526216280262
1.0
0.496658676791
0.525603505288
1.0
0.49670344862
0.524470172225
1.0
0.496858964694
0.523608803207
1.0
0.497010155146
0.52250278378
1.0
0.496981585013
0.52128784484
1.0
0.496981585013
0.52128784484
1.0
0.497150750313
0.51915758326
1.0
0.497261424093
0.5181953598
1.0
0.497289664677
0.516961225029
1.0
0.497475611026
0.515665872905
1.0
0.497716459238
0.513926330876
1.0
0.498062432448
0.51281687234
1.0
0.498177361602
0.510657604027
1.0
0.498531695925
0.509611402389
1.0
0.498531695925
0.509611402389
1.0
0.498668721493
0.507399923577
1.0
0.498926449436
0.506484901391
1.0
0.499338358479
0.504588495157
1.0
0.499197977163
0.503880703139
1.0
0.499464476188
0.501714400754
1.0
0.499956897347
0.501491198157
1.0
0.500367120862
0.49972219315
1.0
0.500491672395
0.498809697104
1.0
0.500491672395
0.498809697104
1.0
0.500703280287
0.497463184621
1.0
0.500716043409
0.496401998724
1.0
0.500975714208
0.495068622192
1.0
0.501303143172
0.495371169423
1.0
0.501393297638
0.493708163886
1.0
0.501614299071
0.493198598789
1.0
0.501722007313
0.491957404168
1.0
0.50197557893
0.491997831527
1.0
0.50197557893
0.491997831527
1.0
0.502317283664
0.491140261136
1.0
0.502471040516
0.491123763617
1.0
0.502678136162
0.490715556995
1.0
0.502656822586
0.491100245076
1.0
0.502962348997
0.490560755644
1.0
0.503029297933
0.490702061429
1.0
0.503029297933
0.490702061429
1.0
0.503255511865
0.490019987838
1.0
0.503419193995
0.49045293559
1.0
0.503268220159
0.490596567954
1.0
0.503075193277
0.490487830576
1.0
0.503304291151
0.490415318147
1.0
0.5032051892
0.490614844786
1.0
0.503091776387
0.491034586135
1.0
0.503132745067
0.490960728485
1.0
0.503132745067
0.490960728485
1.0
0.502925923043
0.491460921947
1.0
0.502710495117
0.491456357226
1.0
0.502776509429
0.49188070002
1.0
0.502885930605
0.492055286325
1.0
0.502886346135
0.492072562751
1.0
0.502558593187
0.491988455872
1.0
0.502704900882
0.4927072202
1.0
0.502686422073
0.492892189432
1.0
0.502499027758
0.493357948168
1.0
0.502420417867
0.493706895973
1.0
0.502420417867
0.493706895973
1.0
0.502207092791
0.49397467346
1.0
0.501865299447
0.493692762214
1.0
0.502006025142
0.494154575702
1.0
0.499443510834
0.491001998155
1.0
0.499657782435
0.491173700974
1.0
0.497542020636
0.49020100563
1.0
0.497329155448
0.49089753026
1.0
0.497329155448
0.49089753026
1.0
0.49636739906
0.491797686262
1.0
0.494801446961
0.491291773976
1.0
0.494376400415
0.493004965371
1.0
0.491697479389
0.4953656706
1.0
0.491446834611
0.49579148852
1.0
0.490020234966
0.499199743372
1.0
0.490220413511
0.499633706195
1.0
0.48983432289
0.502492088731
1.0
0.489579024868
0.502131826154
1.0
0.489579024868
0.502131826154
1.0
0.489545787864
0.503595389372
1.0
0.48932700461
0.503968916317
1.0
0.489539596349
0.504062108324
1.0
0.489499150076
0.503782225097
1.0
0.489286727169
0.504270670859
1.0
0.489488554156
0.504787805545
1.0
0.489606004038
0.505274268219
1.0
0.489606004038
0.505274268219
1.0
0.489542427934
0.505246186186
1.0
0.489510160232
0.50608733203
1.0
0.489602710439
0.506393592759
1.0
0.489510492329
0.506860396552
1.0
0.489481923658
0.507587244899
1.0
0.489377319519
0.508169987201
1.0
0.489259380976
0.509068409626
1.0
0.488954194412
0.510335264752
1.0
0.488954194412
0.510335264752
1.0
0.4889770938
0.510455569805
1.0
0.488551114885
0.511556763217
1.0
0.488530983172
0.512022871723
1.0
0.488609508901
0.512811395653
1.0
0.488273710936
0.51306899665
1.0
0.488279470307
0.513825636959
1.0
0.488421080505
0.514338192372
1.0
0.488366465706
0.515046459732
1.0
0.488566182178
0.515615810601
1.0
0.488566182178
0.515615810601
1.0
0.488641199697
0.516365524784
1.0
0.488495457225
0.516771295751
1.0
0.488625298644
0.517526899848
1.0
0.488666778188
0.517644783621
1.0
0.488698072156
0.518385564827
1.0
0.488576101772
0.518388524803
1.0
0.488353088889
0.518944070197
1.0
0.488536466281
0.519124337488
1.0
0.488536466281
0.519124337488
1.0
0.48879781998
0.519104074561
1.0
0.488632246622
0.519258494041
1.0
0.488498576928
0.519516107139
1.0
0.488407008207
0.519651588537
1.0
0.488536171974
0.519454518427
1.0
0.488808752891
0.51914032689
1.0
0.488808752891
0.51914032689
1.0
0.488936549352
0.519502632807
1.0
0.489077325674
0.519484179927
1.0
0.489102977274
0.519526027867
1.0
0.489186051062
0.519651313617
1.0
0.489224914434
0.519215424157
1.0
0.489555249799
0.519390126304
1.0
0.489460859629
0.519529669419
1.0
0.489592960517
0.519537084388
1.0
0.489823713506
0.519217546301
1.0
0.490178044286
0.518677192483
1.0
0.490178044286
0.518677192483
1.0
0.490365978677
0.518620141818
1.0
0.493174656919
0.518183925524
1.0
0.493556041752
0.517577451362
1.0
0.496383427595
0.517972990522
1.0
0.496648241126
0.517155615158
1.0
0.498150163339
0.518234498833
1.0
0.498150163339
0.518234498833
1.0
0.499928016118
0.513031520104
1.0
0.499832175796
0.513009545963
1.0
0.503012342975
0.507505409249
1.0
0.503039406771
0.507085406242
1.0
0.504585422038
0.505126219774
1.0
0.504725458977
0.505195650942
1.0
0.504903983688
0.505075164029
1.0
0.505191697499
0.504969804116
1.0
0.505470800621
0.504475679167
1.0
0.505668871768
0.504858942795
1.0
0.505668871768
0.504858942795
1.0
0.505863190565
0.504075128382
1.0
0.505911366677
0.504665166154
1.0
0.506093349377
0.504570917543
1.0
0.506001244013
0.504536571961
1.0
0.5060875144
0.504389747391
1.0
0.506402192685
0.504743312326
1.0
0.506647653994
0.505221180901
1.0
0.506647653994
0.505221180901
1.0
0.50658183245
0.505236613722
1.0
0.506218082584
0.505750871421
1.0
0.506131892923
0.505692256434
1.0
0.506468608382
0.505489634622
1.0
0.506329138698
0.504902988529
1.0
0.506145203636
0.504729939013
1.0
0.50590991565
0.504204634838
1.0
0.50590991565
0.504204634838
1.0
0.505907320779
0.504526117182
1.0
0.505786363441
0.504210340956
1.0
0.50554256064
0.503485927758
1.0
0.5050170429
0.502891695822
1.0
0.504993515327
0.502301347666
1.0
0.505040081141
0.501998792046
1.0
0.50490199132
0.502070609536
1.0
0.50467346661
0.501997283747
1.0
0.504222309825
0.501807694517
1.0
0.504222309825
0.501807694517
1.0
0.504265633645
0.501481634294
1.0
0.504235324095
0.501444310979
1.0
0.504025024193
0.501406393374
1.0
0.504043813533
0.501290418367
1.0
0.503848322619
0.501135431754
1.0
0.503318901877
0.501873683815
1.0
0.50327626954
0.50192120125
1.0
0.50327626954
0.50192120125
1.0
0.503075501193
0.502135002037
1.0
0.503006576904
0.502114862455
1.0
0.502853528533
0.50189703957
1.0
0.502578836117
0.501847767756
1.0
0.502437048942
0.501837842918
1.0
0.50266533037
0.501477656709
1.0
0.502661866918
0.501850890377
1.0
0.502815154105
0.501556703263
1.0
0.502815154105
0.501556703263
1.0
0.502835676773
0.500834435057
1.0
0.502789036746
0.500522611303
1.0
0.502695302624
0.500207523645
1.0
0.502824103196
0.500404474648
1.0
0.502816251352
0.500478459505
1.0
0.503116617047
0.500743766456
1.0
0.503191108842
0.50047224431
1.0
0.502993422731
0.500393906949
1.0
0.503023247459
0.500554092771
1.0
0.503079532462
0.500958114993
1.0
0.503079532462
0.500958114993
1.0
0.503250184332
0.501039110321
1.0
0.503099430254
0.501359066391
1.0
0.50316925732
0.501854028044
1.0
0.50332372271
0.502179080246
1.0
0.503221691342
0.502512255492
1.0
0.503163241291
0.50293203966
1.0
0.503163241291
0.50293203966
1.0
0.503165717045
0.503921974236
1.0
0.503175899332
0.504251063567
1.0
0.502829902084
0.504675964478
1.0
0.502810656879
0.504671115825
1.0
0.503115402154
0.504847070963
1.0
0.503063837354
0.504974255881
1.0
0.50297044145
0.50575814899
1.0
0.502754245223
0.505989011291
1.0
0.502665608021
0.506522730022
1.0
0.502529340264
0.506765957771
1.0
0.502529340264
0.506765957771
1.0
0.502387360589
0.507378131735
1.0
0.502192388757
0.50771041095
1.0
0.501909315804
0.508297184177
1.0
0.501715135942
0.50863556118
1.0
0.501560640145
0.50958784249
1.0
0.501330912614
0.509690199033
1.0
0.501330912614
0.509690199033
1.0
0.501204336758
0.510104492324
1.0
0.501023125406
0.510414137364
1.0
0.500786777972
0.511137153701
1.0
0.500674337966
0.511362099601
1.0
0.500473129194
0.51220422032
1.0
0.50037031321
0.512162598514
1.0
0.500205684393
0.513090560619
1.0
0.500136095774
0.513553423208
1.0
0.500136095774
0.513553423208
1.0
0.500174286077
0.513951854623
1.0
0.499986239901
0.513493356488
1.0
0.49966461891
0.514076488324
1.0
0.49766376359
0.511539182532
1.0
0.49733071223
0.511801766312
1.0
0.496268666058
0.510675333785
1.0
0.496254263527
0.510925195041
1.0
0.496415848912
0.511941580119
1.0
0.495445486887
0.511389395922
1.0
0.495445486887
0.511389395922
1.0
0.496344519973
0.512905874376
1.0
0.49431258825
0.514160998289
1.0
0.494591341524
0.514389321298
1.0
0.494483476503
0.51477958287
1.0
0.494483918577
0.514528036089
1.0
0.495043640026
0.516224497119
1.0
0.495447823022
0.516459769214
1.0
0.495447823022
0.516459769214
1.0
0.495908956132
0.516199611424
1.0
0.496592285582
0.515992390528
1.0
0.497028429405
0.515852656586
1.0
0.497384022282
0.515648500801
1.0
0.497671591069
0.514684843474
1.0
0.498090265743
0.51463812637
1.0
0.498764173555
0.514011144208
1.0
0.49929036099
0.513740181869
1.0
0.49929036099
0.513740181869
1.0
0.49956032352
0.513244885277
1.0
0.500300649961
0.513467043182
1.0
0.500669873672
0.512882488014
1.0
0.501061354736
0.512305251337
1.0
0.501323312109
0.511720524356
1.0
0.501882512138
0.511130300214
1.0
0.502217179141
0.510361290624
1.0
0.502679536031
0.510128542708
1.0
0.503241203372
0.508796296721
1.0
0.503241203372
0.508796296721
1.0
0.503675249354
0.508219060337
1.0
0.504281162028
0.507278287371
1.0
0.504840169504
0.507079513267
1.0
0.505001500286
0.506844609439
1.0
0.505479775385
0.507206116814
1.0
0.506036593063
0.506546213688
1.0
0.50644628093
0.506146726838
1.0
0.50644628093
0.506146726838
1.0
0.506823071291
0.504904123863
1.0
0.507143357124
0.50467316698
1.0
0.507394950157
0.504186055157
1.0
0.507675488604
0.50394679276
1.0
0.50827300552
0.503248545556
1.0
0.508592754756
0.504071451855
1.0
0.508837997772
0.503685047572
1.0
0.510829723666
0.510834759003
1.0
0.510827817619
0.510044962832
1.0
0.510827817619
0.510044962832
1.0
0.512189751663
0.519765750271
1.0
0.51269981971
0.519833176464
0.99
0.514845806304
0.534317832504
0.99
0.515661786366
0.539588288811
1.0
0.51569844953
0.542617886699
1.0
0.516161254163
0.551841871516
1.0
0.515840878417
0.553974212864
1.0
0.515840878417
0.553974212864
0.99
0.517731218698
0.571682187263
0.99
0.51794505841
0.570818039972
1.0
0.517783137778
0.577980922109
1.0
0.517748855805
0.577449588616
1.0
0.518835351503
0.579703394937
1.0
0.518813346
0.579782834859
1.0
0.519340542084
0.57827346091
1.0
0.519253237538
0.578072620496
1.0
0.519253237538
0.578072620496
1.0
0.519518215203
0.576760022299
1.0
0.519412752396
0.576786916499
1.0
0.519668434128
0.576545031268
1.0
0.519687681585
0.576316305714
1.0
0.519754311922
0.575968857634
1.0
0.519637054736
0.576532883515
1.0
0.519647366412
0.576434377222
1.0
0.519517823348
0.576089351708
