0.744241444173
0.551792270049
0.462141875528
0.744241444173
0.55310142811
0.460493926084
1.0
0.550168207941
0.454448326777
1.0
0.549851165626
0.454228153859
1.0
0.550089889121
0.454572252065
1.0
0.549906710571
0.454845593231
1.0
0.549906710571
0.454845593231
1.0
0.551693447158
0.457305361919
1.0
0.551678491343
0.457731225558
1.0
0.552596937047
0.45882699486
1.0
0.552601442529
0.459739310693
1.0
0.552894889666
0.460775485464
1.0
0.552829603998
0.461503173899
1.0
0.55342941497
0.460828443342
1.0
0.553300439579
0.462158702701
1.0
0.555261079321
0.458259812025
1.0
0.555167604444
0.458598705784
1.0
0.555167604444
0.458598705784
1.0
0.555069563038
0.452973248357
1.0
0.554891174695
0.453720558958
1.0
0.554053414361
0.449466055027
1.0
0.554024390736
0.449766859041
1.0
0.554260368286
0.450083262227
1.0
0.555573000288
0.444889257786
1.0
0.555804518804
0.445938053012
1.0
0.555804518804
0.445938053012
1.0
0.557165615003
0.434636171141
1.0
0.557187964296
0.434910716003
1.0
0.557444908126
0.429038086597
1.0
0.557005440715
0.429195893442
1.0
0.556808987757
0.428208490775
1.0
0.556632169137
0.429132163753
1.0
0.555878494053
0.430622479892
1.0
0.555422962349
0.429872815531
1.0
0.555422962349
0.429872815531
1.0
0.555236569901
0.430408872385
1.0
0.555509147778
0.431687080855
1.0
0.555619180125
0.432224707061
1.0
0.555254922002
0.432735460514
1.0
0.5549848307
0.433449685938
1.0
0.55514868155
0.434473167943
1.0
0.554969894406
0.435803745542
1.0
0.554806535643
0.435626708085
1.0
0.554806535643
0.435626708085
1.0
0.554735310902
0.435642827729
1.0
0.554735559025
0.436474330068
1.0
0.554478938426
0.437739528338
1.0
0.555483385382
0.439282528988
1.0
0.554965079872
0.442109921004
1.0
0.558358030879
0.442297758777
1.0
0.558186429316
0.443303113894
1.0
0.559000934952
0.440482797856
1.0
0.559000934952
0.440482797856
1.0
0.558388378243
0.442605722183
1.0
0.558129368636
0.442833054072
1.0
0.557642691767
0.444835270774
1.0
0.557195425333
0.445856595426
1.0
0.557949731914
0.443896126061
1.0
0.558143260427
0.446027887117
1.0
0.560033742538
0.438516253102
1.0
0.559952719407
0.439537528346
1.0
0.559493878616
0.438129355675
1.0
0.559493878616
0.438129355675
1.0
0.559108597104
0.438081375149
1.0
0.558810769071
0.439907750994
1.0
0.557752708694
0.43908850299
1.0
0.557102382748
0.441818478583
1.0
0.556577387063
0.44246700557
1.0
0.556441182896
0.442609102761
1.0
0.555554473025
0.443163978163
1.0
0.555554473025
0.443163978163
1.0
0.555771259092
0.444103392101
1.0
0.555753664779
0.446420178851
1.0
0.555572890444
0.4489930782
1.0
0.554913101541
0.451558290179
1.0
0.554668084284
0.453572159591
1.0
0.554056807051
0.454844824222
1.0
0.553540963896
0.458194771933
1.0
0.552383078343
0.459068381011
1.0
0.552383078343
0.459068381011
1.0
0.552154106144
0.461715839109
1.0
0.551787544631
0.462779678262
1.0
0.551356695667
0.466304317563
1.0
0.551052416199
0.468209199898
1.0
0.55054111182
0.470929944088
0.984917984947
0.549548579998
0.473420692313
0.984917984947
0.548913069688
0.476340083275
1.0
0.548090098525
0.476914477439
1.0
0.547617745123
0.480759130508
1.0
0.547617745123
0.480759130508
1.0
0.546935796722
0.482255732168
1.0
0.546021814996
0.485582348535
1.0
0.545190956326
0.486712545535
1.0
0.544648675636
0.489559246236
0.996161044504
0.543995061804
0.491695511385
0.996161044504
0.543252544296
0.494636283278
1.0
0.541985530244
0.493804732382
1.0
0.541985530244
0.493804732382
1.0
0.541648599747
0.496346746774
0.912765627683
0.54141031961
0.498527012608
0.912765627683
0.540344730058
0.502221845537
0.915261061933
0.539478079664
0.50404770183
0.915261061933
0.538720666851
0.507603175173
0.937973534194
0.537959570367
0.50827415666
0.937973534194
0.537274554773
0.511484397591
0.937973534194
0.537274554773
0.511484397591
0.921747267547
0.53667010575
0.512135651469
0.921747267547
0.535768512266
0.515157768782
0.974749748091
0.535371104186
0.517596120469
0.974749748091
0.534513242815
0.520774250466
1.0
0.533586393356
0.522575516367
1.0
0.53280446349
0.526101725311
0.931408846155
0.531819847609
0.529255323471
0.931408846155
0.530780923445
0.532356185795
0.931408846155
0.530780923445
0.532356185795
0.995211782147
0.530246774599
0.533822066818
0.995211782147
0.5292764422
0.535597480898
1.0
0.525705830777
0.535242889358
1.0
0.52499694378
0.537478541851
1.0
0.523952188388
0.541657581069
1.0
0.523073854953
0.543933463934
0.935220718247
0.521428587672
0.543729747788
0.935220718247
0.521428587672
0.543729747788
0.935220718247
0.520560259297
0.546647118244
0.9577317448
0.519803694486
0.548319386068
0.9577317448
0.519149684141
0.550973569936
0.873428131891
0.518089046376
0.552049017957
0.873428131891
0.517178158636
0.554501620139
0.985147934085
0.514747322376
0.553108598319
0.985147934085
0.514077315224
0.554714421301
0.985147934085
0.513252194763
0.557514746691
0.985147934085
0.513252194763
0.557514746691
0.978635289879
0.512683800129
0.558378006762
0.978635289879
0.511789137418
0.560558335276
0.943892296677
0.512232293914
0.562919516666
0.943892296677
0.511232154642
0.565350275798
0.916266019148
0.510637224152
0.565688443269
0.916266019148
0.509874843205
0.568865611594
0.817959837167
0.509144805835
0.569823078504
0.817959837167
0.508170719761
0.572301966884
0.817959837167
0.508170719761
0.572301966884
0.921062345413
0.506757085988
0.571944860885
0.921062345413
0.50557884969
0.574618224603
1.0
0.505320151959
0.575511546216
1.0
0.50457655212
0.576677782148
0.934097606663
0.503745546531
0.578856076586
0.934097606663
0.5026326083
0.581329862188
0.934097606663
0.5026326083
0.581329862188
0.934097606663
0.5026326083
0.581329862188
1.0
0.502617059808
0.582935017449
0.742754648438
0.49159079795
0.523255040543
0.742754648438
0.491144266204
0.525337579337
0.742754648438
0.490193808665
0.528116510059
0.742754648438
0.489191870036
0.529846697098
0.742754648438
0.488204731252
0.532595019855
0.742754648438
0.487014852417
0.535256900801
0.742754648438
0.487014852417
0.535256900801
0.742754648438
0.486039447951
0.536114414671
0.812499674863
0.457567181538
0.552013461533
0.812499674863
0.456441134649
0.553392573132
0.789697964716
0.426406173532
0.537986422718
0.789697964716
0.425189021256
0.541738229021
0.789697964716
0.424255903333
0.54494267023
0.789697964716
0.424255903333
0.54494267023
0.789697964716
0.423491640574
0.544673663873
0.789697964716
0.423491640574
0.544673663873
0.789697964716
0.417837006812
0.55411409335
0.88042961914
0.461206301245
0.591426782783
0.88042961914
0.461206301245
0.591426782783
0.88042961914
0.461206301245
0.591426782783
0.927101393866
0.455890632261
0.606469438779
0.914280176979
0.455011324987
0.608132736058
0.99
0.45439489087
0.610808195681
0.99
0.45392124965
0.612429376658
1.0
0.451893612561
0.612681077915
1.0
0.451560074927
0.614933608817
1.0
0.450460283339
0.615750130322
1.0
0.449270846069
0.618359279719
1.0
0.449270846069
0.618359279719
1.0
0.447752272751
0.617842909647
1.0
0.447408698093
0.620699715422
1.0
0.445953543465
0.620179336727
1.0
0.445291374024
0.622271476791
1.0
0.443840501452
0.62196100008
1.0
0.443280515904
0.623627688383
1.0
0.441644403141
0.622546848055
1.0
0.441200557645
0.624142329224
1.0
0.441200557645
0.624142329224
1.0
0.438452768178
0.621817656469
1.0
0.438134941566
0.62255677042
1.0
0.436929685599
0.620965155889
1.0
0.436840243143
0.620682203941
1.0
0.436080419355
0.619428528244
1.0
0.435711066995
0.619059781501
1.0
0.434343181546
0.617956441985
1.0
0.434043219818
0.617292453716
1.0
0.43298849568
0.616259160395
1.0
0.43298849568
0.616259160395
1.0
0.432854797572
0.616686911988
1.0
0.431282455001
0.61670985183
1.0
0.431172966713
0.615637302835
1.0
0.429903881217
0.614489601492
1.0
0.429685310547
0.614923809024
1.0
0.429588528835
0.61463601443
1.0
0.42924123854
0.616310009462
1.0
0.42924123854
0.616310009462
1.0
0.428936277523
0.61543730876
1.0
0.428727601233
0.614928430175
1.0
0.428595338645
0.614640348641
1.0
0.428492218261
0.614023710938
1.0
0.427622962189
0.613807519014
1.0
0.427472395624
0.614024243187
1.0
0.427168699761
0.613354265616
1.0
0.426968559361
0.613905139022
1.0
0.426968559361
0.613905139022
1.0
0.427325348938
0.613485677433
1.0
0.427259920358
0.613329101963
1.0
0.426450308606
0.612461657405
1.0
0.426387761301
0.612695664928
1.0
0.426417882035
0.612591919275
1.0
0.426321776449
0.611447320897
1.0
0.426092021865
0.610372579735
1.0
0.426053347179
0.610005308108
1.0
0.426443960816
0.609585336298
1.0
0.426443960816
0.609585336298
1.0
0.426532472373
0.60900956685
1.0
0.426739884233
0.607355405953
1.0
0.426644598304
0.606979772658
1.0
0.426075146498
0.605938954516
1.0
0.426352330189
0.605546222349
1.0
0.425529977176
0.604591353306
1.0
0.425502869944
0.603159841627
0.970171901894
0.426952584893
0.602034618772
0.970171901894
0.426952584893
0.602034618772
0.970171901894
0.42700555461
0.601287284261
1.0
0.4262365298
0.601617590493
1.0
0.426190589837
0.601692044834
0.911172781641
0.426919317184
0.600315018215
0.911172781641
0.427217996279
0.598430995777
0.975789273454
0.426997684477
0.597859051965
0.975789273454
0.427004246426
0.596221976777
0.965774914945
0.42673766298
0.596265426283
0.965774914945
0.42673766298
0.596265426283
0.965774914945
0.426965252218
0.596667824037
1.0
0.427598282513
0.594034263894
1.0
0.427802043329
0.59275940509
1.0
0.42735577176
0.592513721467
1.0
0.427272878597
0.59022311291
1.0
0.427582874584
0.589024545747
1.0
0.427757769451
0.58688121667
1.0
0.427757769451
0.58688121667
0.975598475686
0.429466878281
0.58407953352
0.975598475686
0.429612239509
0.582624558313
1.0
0.427069528561
0.582400271389
1.0
0.427359654534
0.58018197631
1.0
0.422959011828
0.580077412827
1.0
0.423461311361
0.577385351684
1.0
0.420747149776
0.580624727075
1.0
0.420747149776
0.580624727075
1.0
0.421159660468
0.577528577223
1.0
0.420915571065
0.582826958293
1.0
0.421170322622
0.58211446122
1.0
0.421597508301
0.586801444188
1.0
0.419892806911
0.590013354394
1.0
0.4214310627
0.592617608682
1.0
0.419603226012
0.599040278765
1.0
0.42040746109
0.599022935326
1.0
0.419278613995
0.607011540078
1.0
0.420605010068
0.606252946483
1.0
0.420605010068
0.606252946483
1.0
0.420201891192
0.613109682429
1.0
0.420140066604
0.613228475316
1.0
0.420447174916
0.616685832667
1.0
0.421549829151
0.617433137344
1.0
0.422631907535
0.616919742679
0.991003812578
0.424099733538
0.61662388913
0.991003812578
0.424642637606
0.614574525273
0.991003812578
0.424642637606
0.614574525273
0.945229382764
0.425741506774
0.6150066251
0.945229382764
0.42645428044
0.613166953263
0.941282775693
0.427232611931
0.611732813426
0.941282775693
0.427774758775
0.612153589982
1.0
0.427628757435
0.613822822212
1.0
0.428245539091
0.612994655501
1.0
0.428845157579
0.613195301066
1.0
0.429128072797
0.61205195553
1.0
0.430166879929
0.612166893854
1.0
0.430166879929
0.612166893854
1.0
0.430491804126
0.61202064163
1.0
0.43019253592
0.612334079505
1.0
0.430778016299
0.610903006125
1.0
0.431632563039
0.610853645361
1.0
0.431942771424
0.610639408791
0.973245640812
0.432463503431
0.610963714277
0.973245640812
0.432869590709
0.610526920052
0.973245640812
0.432869590709
0.610526920052
1.0
0.433284039247
0.610766515411
1.0
0.433712143681
0.610347379004
0.947486856991
0.433784725941
0.61063897718
0.947486856991
0.434216714211
0.610330187011
1.0
0.434548273895
0.610313525065
1.0
0.434836181107
0.610394659936
1.0
0.43504978317
0.610257330884
1.0
0.43517507092
0.610133035171
1.0
0.43517507092
0.610133035171
0.936100815923
0.43650451191
0.608988997674
0.936100815923
0.436492961178
0.607870087449
1.0
0.435593487086
0.608076494974
1.0
0.435859114584
0.608238990625
1.0
0.435602700131
0.608759240101
1.0
0.436003441712
0.607942049512
0.854059460734
0.438076505843
0.606210664662
0.854059460734
0.437950951925
0.605751747102
0.980281596403
0.437372070487
0.606121454329
0.980281596403
0.437372070487
0.606121454329
0.980281596403
0.437493912393
0.605829870289
1.0
0.438004517369
0.605949234381
1.0
0.438322903529
0.604976333391
1.0
0.438029973346
0.604715500286
1.0
0.437990753673
0.603593500176
1.0
0.437971219737
0.60376403247
1.0
0.438218338031
0.603978827742
0.992873465967
0.439106182237
0.60330304173
0.992873465967
0.439106182237
0.60330304173
0.992873465967
0.439320301868
0.602995163235
1.0
0.439291324503
0.60330712633
1.0
0.439253562566
0.602160905931
