1.0
0.49555340153
0.401401731579
0.99
0.690269939622
0.547845746318
0.747292738471
0.614616152032
0.383765970547
0.747292738471
0.394775018362
0.504462234789
0.747292738471
0.394861279512
0.503584644517
0.747292738471
0.394861279512
0.503584644517
0.747292738471
0.313307378867
0.735167766131
0.747292738471
0.61451380386
0.41858087574
0.727040659183
0.469158110387
0.555524864949
0.747292738471
0.371243579536
0.652602519995
0.91196395412
0.353564002327
0.583910239615
0.782666839684
0.49415758076
0.417147706535
0.91196395412
0.501179917952
0.376384341876
1.0
0.50370140172
0.384010168405
0.992885761368
0.506134025414
0.389432890386
0.992885761368
0.506134025414
0.389432890386
0.949422036283
0.506583310108
0.389764598126
0.949422036283
0.525683981177
0.411322564442
0.963886547779
0.526382972019
0.416974789855
0.963886547779
0.526935068055
0.423392845969
0.963886547779
0.527532209529
0.428173118855
1.0
0.527023960532
0.434525723281
1.0
0.527445992512
0.436205263189
1.0
0.527445992512
0.436205263189
1.0
0.526622665875
0.440426179805
1.0
0.526130003965
0.443299965854
1.0
0.526154982095
0.444530255007
1.0
0.526049903556
0.44625834296
1.0
0.526490465696
0.445377264336
1.0
0.526083400172
0.446197274087
1.0
0.526336209621
0.44659599598
1.0
0.52725233702
0.447808710339
1.0
0.52725233702
0.447808710339
1.0
0.527082778204
0.449069473933
1.0
0.527267138849
0.447569404747
1.0
0.527402370415
0.447546916965
1.0
0.52687085019
0.448374891444
1.0
0.527032206414
0.448468933964
1.0
0.526927003176
0.448286840358
1.0
0.526935883998
0.447968031768
1.0
0.526753709704
0.448302810109
1.0
0.526753709704
0.448302810109
1.0
0.526748567278
0.449276457831
1.0
0.526890134217
0.449430189445
1.0
0.526827957165
0.449413450262
1.0
0.526680148858
0.44975970838
1.0
0.526603999479
0.450100637863
1.0
0.527418849853
0.451050969148
1.0
0.527669867694
0.450847713952
1.0
0.527847520005
0.450988204993
1.0
0.527847520005
0.450988204993
1.0
0.527806348848
0.451060151688
1.0
0.52765584452
0.451314217497
1.0
0.527467402032
0.45190519757
1.0
0.527936206549
0.452788374859
1.0
0.527995599834
0.453050351738
1.0
0.528612251535
0.453577569531
1.0
0.528731585939
0.453545846364
1.0
0.527959255578
0.452671426743
1.0
0.52804733379
0.452225021626
1.0
0.52804733379
0.452225021626
1.0
0.528790752787
0.45324339497
1.0
0.528722115748
0.453785673224
1.0
0.528134085834
0.453356691614
1.0
0.528150879641
0.453786817229
1.0
0.528183236507
0.454127924008
1.0
0.528240049882
0.453383505018
1.0
0.529195753664
0.455188826095
1.0
0.529195753664
0.455188826095
1.0
0.529395108122
0.455035446488
1.0
0.529122498556
0.454272114943
1.0
0.529056794514
0.454535016418
1.0
0.529219150205
0.454718938758
1.0
0.529571858471
0.454421706681
1.0
0.529687106455
0.454282295727
1.0
0.529535860728
0.454969708944
1.0
0.529024378647
0.454525916072
1.0
0.529024378647
0.454525916072
1.0
0.528966066768
0.454834052649
1.0
0.529097863992
0.454286393242
1.0
0.52932168747
0.452938786735
1.0
0.529791311175
0.452351363854
1.0
0.529765526927
0.452254233534
1.0
0.529751750488
0.453666693351
1.0
0.529657078752
0.454371940847
1.0
0.529849531566
0.453766275168
1.0
0.529849531566
0.453766275168
1.0
0.53006534044
0.453640987727
1.0
0.529575988293
0.453929779656
1.0
0.529721927771
0.452145217032
1.0
0.530063424375
0.451753820534
1.0
0.530193377956
0.452979974621
1.0
0.530106430024
0.452784801352
1.0
0.530136089933
0.452080855559
1.0
0.530031774646
0.451261033957
1.0
0.530031774646
0.451261033957
1.0
0.530222663928
0.450721657501
1.0
0.530405520651
0.450801308224
1.0
0.530757320717
0.451322135107
1.0
0.530129046045
0.451031955992
1.0
0.530220309911
0.451005885892
1.0
0.53073075505
0.451118796441
1.0
0.530745732518
0.45076077478
1.0
0.530570254263
0.450840433744
1.0
0.530740483839
0.450241609298
1.0
0.530740483839
0.450241609298
1.0
0.531388194895
0.45088602911
1.0
0.531383107779
0.450707377172
1.0
0.53163086789
0.451098017048
1.0
0.531602971359
0.451468865283
1.0
0.531044179159
0.450687808515
1.0
0.531157488931
0.450486500962
1.0
0.531550044582
0.450551808387
1.0
0.531550044582
0.450551808387
1.0
0.53193111966
0.449454349057
1.0
0.532191250253
0.449612155271
1.0
0.532165792743
0.450173443533
1.0
0.532006405598
0.450635591655
1.0
0.532000747066
0.450273708133
1.0
0.532040311143
0.450705427066
1.0
0.532173624122
0.450511110544
1.0
0.531864215652
0.449550100255
1.0
0.531864215652
0.449550100255
1.0
0.531813551512
0.449627650775
1.0
0.531473700266
0.447957556012
1.0
0.531407612956
0.447617993565
1.0
0.531095297213
0.443073499248
1.0
0.531019713125
0.443213681907
1.0
0.531355842126
0.43223835285
1.0
0.531523516226
0.432157448437
1.0
0.53154487454
0.42516426051
1.0
0.53154487454
0.42516426051
1.0
0.53150215028
0.424902682331
1.0
0.531938629917
0.424507802609
1.0
0.532031082401
0.423566585556
1.0
0.532182468337
0.424597489014
1.0
0.532974238878
0.417139961176
1.0
0.532793034304
0.417772575751
1.0
0.533408532867
0.408580162604
1.0
0.532500570331
0.406425460663
1.0
0.532500570331
0.406425460663
1.0
0.532639576992
0.400644042222
1.0
0.533653292132
0.402086346016
1.0
0.53361921786
0.400367758655
1.0
0.534057077593
0.400704097993
1.0
0.534200948292
0.401028299975
1.0
0.534322719208
0.401530530514
1.0
0.534346178863
0.401003802709
1.0
0.533980098468
0.400425566698
0.960939681123
0.533804145377
0.400741204838
0.960939681123
0.533804145377
0.400741204838
0.960939681123
0.534102998591
0.402222922018
1.0
0.534071265567
0.402586884074
1.0
0.534176606285
0.402369945893
1.0
0.534082912307
0.402034688793
1.0
0.534178640482
0.401486746779
1.0
0.534376229326
0.401944936816
1.0
0.534743754836
0.402346150813
1.0
0.534743754836
0.402346150813
1.0
0.535042820082
0.401619830515
1.0
0.534601941642
0.402763947173
1.0
0.534714051534
0.403155660605
1.0
0.53442994307
0.402683876993
1.0
0.534591672371
0.40194159709
1.0
0.534691159364
0.40197036985
1.0
0.534495190259
0.40370813778
1.0
0.534340212298
0.40319553375
1.0
0.534340212298
0.40319553375
1.0
0.534517547141
0.403328696428
1.0
0.533955024988
0.402627499852
1.0
0.533727313748
0.403012965444
1.0
0.533200618738
0.403011939206
1.0
0.533356282922
0.402976251733
1.0
0.533529919426
0.40304303173
1.0
0.533516285578
0.402850597295
1.0
0.532760477389
0.402342403384
1.0
0.532760477389
0.402342403384
1.0
0.533000586184
0.402011255563
1.0
0.532767273381
0.401413593286
1.0
0.532588180055
0.401981884716
1.0
0.532253125438
0.402322559248
0.987173026383
0.532148865379
0.402433293848
0.987173026383
0.531701448736
0.401441601065
1.0
0.531780145225
0.401383265898
1.0
0.532176822129
0.401877774862
1.0
0.532176822129
0.401877774862
1.0
0.532345565248
0.401202260942
1.0
0.532042553894
0.400290995082
1.0
0.532036745623
0.39992389285
1.0
0.532015717443
0.399455990705
1.0
0.532264235262
0.398372772951
1.0
0.530862260599
0.404256029255
1.0
0.530715863234
0.405176377463
1.0
0.530715863234
0.405176377463
1.0
0.528262568322
0.413163668737
1.0
0.528325311989
0.41293855698
1.0
0.527855448466
0.417731618167
1.0
0.52759781656
0.418291051357
1.0
0.527121787152
0.418846494155
1.0
0.52674435366
0.42104653523
1.0
0.52700091487
0.42088322529
1.0
0.525758338767
0.427109363044
1.0
0.526173748908
0.427742192794
1.0
0.526173748908
0.427742192794
1.0
0.525395311341
0.434033317449
1.0
0.525456306348
0.433364825204
1.0
0.525533715124
0.434987134084
1.0
0.525307007079
0.434404268115
0.939983771991
0.525664362314
0.435893108208
0.939983771991
0.525490698125
0.436644531881
1.0
0.525908961693
0.436891698172
1.0
0.525452070159
0.435692077847
1.0
0.525452070159
0.435692077847
1.0
0.525144649498
0.436976439327
1.0
0.525957479421
0.437939292562
0.931313753786
0.525724073584
0.43764012456
0.931313753786
0.525095574875
0.437160919496
0.981408760412
0.525208803529
0.43747372491
0.981408760412
0.525195162241
0.437870328507
0.991666315488
0.525282637304
0.438738912943
0.991666315488
0.52577950988
0.439736022878
0.991666315488
0.52577950988
0.439736022878
1.0
0.526063572807
0.438222366238
1.0
0.525637934901
0.438236494178
0.977128848725
0.525447792581
0.438281848126
0.977128848725
0.525239832115
0.438971806314
0.907370071697
0.524912993053
0.44072787583
0.907370071697
0.525316581324
0.440860870354
1.0
0.525672435526
0.440111382622
1.0
0.525647154384
0.439792626333
1.0
0.525647154384
0.439792626333
0.97109942622
0.525551706011
0.441199338592
0.97109942622
0.525221261632
0.442804631911
1.0
0.525140875609
0.443158115821
1.0
0.52621867996
0.443112542047
1.0
0.526562743184
0.442479900919
1.0
0.52598485855
0.443605630353
0.993251911526
0.525589328523
0.444372746587
0.993251911526
0.525430130688
0.444748343027
0.993251911526
0.525430130688
0.444748343027
1.0
0.525423901237
0.445361060981
1.0
0.525510004458
0.445989541648
0.972057656598
0.525272161437
0.447544869641
0.972057656598
0.525711807907
0.448282991536
1.0
0.525940514784
0.447817591773
1.0
0.526041547894
0.448237304822
0.849979893976
0.525728137632
0.448615260458
0.849979893976
0.525415967859
0.448939534593
0.849979893976
0.525415967859
0.448939534593
1.0
0.526001164992
0.448109738962
1.0
0.526317862093
0.448493763188
0.935246915294
0.526014864663
0.449645045454
0.935246915294
0.526611942716
0.450262956292
1.0
0.526784981332
0.451401274823
1.0
0.52627717542
0.452037864381
0.951056441137
0.525921572315
0.453304408883
0.951056441137
0.525921572315
0.453304408883
0.951056441137
0.527398624848
0.45418704794
1.0
0.527739047111
0.453270890212
1.0
0.526576533716
0.452550839525
0.9623962587
0.526759395912
0.452757960891
0.9623962587
0.527973695071
0.45374047661
0.957430786135
0.528026313065
0.453906092403
0.957430786135
0.527724695154
0.455658383535
0.888455607979
0.527517103012
0.454386119597
0.888455607979
0.527108941419
0.454871880268
0.888455607979
0.527108941419
0.454871880268
0.907363719536
0.527125099262
0.45556610017
0.907363719536
0.527398982876
0.454242937777
0.822076794231
0.527387430469
0.454935561893
0.822076794231
0.528113478346
0.45647483679
0.887104155017
0.528482294814
0.456080967902
0.887104155017
0.52884866324
0.456924119689
0.841410699337
0.528597770078
0.456287166972
0.841410699337
0.528540963047
0.457000009533
0.841410699337
0.528540963047
0.457000009533
0.872936226333
0.528749589004
0.4591863304
0.872936226333
0.528741448022
0.458724958901
1.0
0.52870087911
0.458622067912
1.0
0.528919468512
0.46007745
0.888585443186
0.529058194482
0.459372500631
0.888585443186
0.529576175007
0.459990748158
0.904143473759
0.529884666566
0.460773418959
0.904143473759
0.530844089309
0.460800033667
0.904143473759
0.530844089309
0.460800033667
0.828515472191
0.530797105139
0.460775809897
0.828515472191
0.529971526525
0.4617781448
0.892368842017
0.530185036638
0.462927277053
0.892368842017
0.530475433138
0.463145228176
0.807169683971
0.530520416685
0.461787307466
0.807169683971
0.529950662051
0.461234079003
0.911299492439
0.53008536482
0.463174465769
0.911299492439
0.529962381601
0.462368725023
0.911299492439
0.529962381601
0.462368725023
1.0
0.529931473063
0.461934962233
1.0
0.529831520868
0.461406514407
0.848973974687
0.530303461613
0.460115342129
0.848973974687
0.531007375293
0.461138802628
0.945082568145
0.530836123002
0.462453329711
0.945082568145
0.53017177439
0.462847516795
0.803615492688
0.530422676049
0.463941305466
0.803615492688
0.530021620977
0.464011627299
0.803615492688
0.530021620977
0.464011627299
0.812975889578
0.529914984604
0.462926879349
0.812975889578
0.529917510725
0.464156705563
0.851443683463
0.530388963103
0.471271362933
0.851443683463
0.529462534342
0.471716715176
0.865190634015
0.52959074135
0.470676094882
0.865190634015
0.530258488516
0.471612561691
1.0
0.529695333427
0.471353589365
1.0
0.529695333427
0.471353589365
1.0
0.529409199104
0.471255477051
0.803846812413
0.529099717423
0.46812617261
0.803846812413
0.528857732802
0.46959679142
0.881455954354
0.529199307872
0.471424619457
0.881455954354
0.529920567959
0.473326649409
0.872491911106
0.529679300569
0.473633439377
0.872491911106
0.528581503064
0.472416103334
0.825562384023
0.528500212596
0.473917890383
0.825562384023
0.528383884756
0.474997676909
0.825562384023
0.528383884756
0.474997676909
0.834051021525
0.52840049428
0.475874738606
0.834051021525
0.527960034572
0.476441012659
0.9519031498
0.527867951408
0.477321545429
0.9519031498
0.527941436792
0.478520306998
0.884941667635
0.527931564079
0.477460053409
0.884941667635
0.527674495711
0.479001032031
0.846216071787
0.527834905855
0.479472735144
0.846216071787
0.527834905855
0.479472735144
0.846216071787
0.526753640793
0.479322467769
0.815761066854
0.526722736478
0.478901309945
0.815761066854
0.526375832243
0.4795531753
0.795202825481
0.526056317812
0.47782135638
0.795202825481
0.524908937735
0.477719134668
0.815457927142
0.524788369803
0.478784296326
0.815457927142
0.524610623649
0.479367970986
0.815457927142
0.524610623649
0.479367970986
0.787873907688
0.524459129709
0.479558319042
0.787873907688
0.523144318872
0.479616744429
0.811990969367
0.523359389834
0.47440532844
0.811990969367
0.522850510288
0.474300593568
0.914469088545
0.52267482492
0.482122112652
0.914469088545
0.521407340659
0.482271812841
0.908952615296
0.521411380047
0.484032076375
0.908952615296
0.521427911193
0.48467518072
0.856439100367
0.521207199195
0.486874948895
0.856439100367
0.520604586868
0.485736145989
0.856439100367
0.520604586868
0.485736145989
0.802938950198
0.520295879648
0.485344153457
0.802938950198
0.520107519161
0.486154842993
0.757583247214
0.519607951349
0.485138459477
0.757583247214
0.519334178411
0.485508809221
0.793991015755
0.519228618934
0.484002037267
0.793991015755
0.519070860329
0.484290175606
0.869710587502
0.519468987899
0.486966800474
0.869710587502
0.519468987899
0.486966800474
0.869710587502
0.519058855571
0.486920754385
0.896396767218
0.519034288699
0.488347596374
0.896396767218
0.518133200269
0.487388594143
0.82901951449
0.518252644118
0.487775167878
0.82901951449
0.518803539266
0.488113642064
0.905061354842
0.519071908889
0.487858864213
0.905061354842
0.517612068243
0.487953876878
0.894049327138
0.517452127023
0.489082171677
0.894049327138
0.517452127023
0.489082171677
