0.99
0.62840014053
0.46629137869
0.99
0.643344623583
0.473258255331
0.99
0.645998527032
0.467865731442
1.0
0.650489429678
0.470329560236
0.953948979614
0.658437011743
0.451116568861
0.953948979614
0.655213008606
0.447832116847
0.966162945762
0.671486660288
0.404735261304
0.966162945762
0.668695487726
0.402178021874
0.966162945762
0.668695487726
0.402178021874
0.99
0.678186735887
0.385644638583
0.99
0.676132664833
0.383204688288
1.0
0.679147071956
0.381267792
1.0
0.678189558484
0.380157696305
1.0
0.679946230181
0.377626702886
1.0
0.679030643109
0.376415721076
1.0
0.678034086163
0.377012497501
1.0
0.678034086163
0.377012497501
1.0
0.677049064432
0.375724306841
1.0
0.675730899692
0.377120740855
1.0
0.674411920457
0.376244731152
1.0
0.67393780515
0.377674190338
1.0
0.673713913024
0.377494403543
1.0
0.673450667915
0.37762215893
1.0
0.672911274488
0.377117736007
1.0
0.672376151279
0.378394894967
1.0
0.672376151279
0.378394894967
1.0
0.67211640184
0.378958316347
1.0
0.671530786839
0.379873443643
1.0
0.671165721151
0.379745687379
1.0
0.670708264989
0.380378626599
1.0
0.670290012187
0.381070965599
1.0
0.670128027738
0.380776853927
1.0
0.66951897946
0.380831692692
1.0
0.669519896908
0.382104614745
1.0
0.669519896908
0.382104614745
1.0
0.669874705279
0.383794425754
1.0
0.669697752068
0.382579651327
1.0
0.669378461638
0.383671034163
1.0
0.669514942242
0.383433899086
1.0
0.669381554858
0.384267301411
1.0
0.669494814829
0.384266625799
1.0
0.669477237242
0.385481456488
1.0
0.669589674751
0.386023804797
1.0
0.669147584191
0.387159825422
1.0
0.669147584191
0.387159825422
1.0
0.669461134223
0.387295624428
1.0
0.669360742667
0.387892536859
1.0
0.669431433745
0.388365632065
1.0
0.668951625072
0.387699431872
1.0
0.668900008411
0.388951497545
1.0
0.668921643668
0.391504500666
1.0
0.668921643668
0.391504500666
1.0
0.669294347797
0.391000195487
1.0
0.669199130462
0.392206549441
1.0
0.669173082318
0.393410959753
1.0
0.668984252394
0.393668260747
1.0
0.669181823744
0.394453716738
1.0
0.668697863117
0.395339772343
1.0
0.668854938654
0.395177739491
1.0
0.668938474028
0.395033504556
1.0
0.669065999159
0.394935231889
1.0
0.669065999159
0.394935231889
1.0
0.668634035449
0.393616284363
1.0
0.668523732064
0.394137390931
1.0
0.668186330486
0.393497130169
1.0
0.668111334555
0.394875912401
1.0
0.667575137687
0.394913525753
1.0
0.667488915533
0.394390614431
1.0
0.667345618846
0.394532848383
1.0
0.667237238884
0.394829213582
1.0
0.666948944591
0.394170403815
1.0
0.666948944591
0.394170403815
1.0
0.666888018268
0.394695991124
1.0
0.666379091088
0.393307535532
1.0
0.666316500124
0.393718385625
1.0
0.666215352603
0.392385903302
1.0
0.66624568715
0.391945736983
1.0
0.665564799289
0.391545271934
1.0
0.665411902083
0.391445020068
1.0
0.665411902083
0.391445020068
1.0
0.661950233528
0.385858647822
1.0
0.661793276579
0.385948406412
1.0
0.65791757782
0.381072194888
1.0
0.657824738424
0.380427209184
1.0
0.655446708253
0.376382460623
1.0
0.654905820982
0.376963055155
1.0
0.654938972046
0.376243052065
1.0
0.654938972046
0.376243052065
1.0
0.653072792249
0.377157537199
1.0
0.653045061427
0.376051211382
1.0
0.649968903074
0.379503738039
1.0
0.64936217848
0.378427714271
1.0
0.646625645395
0.380346612105
1.0
0.645863358933
0.378159452341
1.0
0.645608865372
0.377532379587
1.0
0.645227574805
0.377536810718
1.0
0.6453807504
0.376655153359
1.0
0.645304300031
0.3761589518
1.0
0.645304300031
0.3761589518
1.0
0.645363561657
0.375872694416
1.0
0.645028969071
0.374939856702
1.0
0.644438297349
0.374738581005
1.0
0.643855226815
0.372787159558
1.0
0.644187380675
0.371874893614
1.0
0.644377276672
0.370615525917
1.0
0.644377276672
0.370615525917
1.0
0.643676894885
0.370813806954
1.0
0.643443542515
0.369929661632
1.0
0.643437769004
0.36878246568
1.0
0.642886782255
0.368209925547
1.0
0.64251425192
0.368251263615
1.0
0.641978467536
0.367367060463
1.0
0.641784942756
0.366997721437
1.0
0.641480904641
0.366000393977
1.0
0.640945255673
0.366337696329
1.0
0.640258103292
0.365610753365
1.0
0.640258103292
0.365610753365
1.0
0.640058190185
0.364662835782
1.0
0.63996319898
0.363020154622
1.0
0.639652435564
0.363122291843
1.0
0.638959768443
0.361440093497
1.0
0.638417528083
0.361690618704
1.0
0.637675037731
0.361259103005
1.0
0.637582442351
0.360239923671
1.0
0.637582442351
0.360239923671
1.0
0.637203439542
0.359823218141
1.0
0.636449349643
0.360655575513
1.0
0.635967170362
0.360003875371
1.0
0.635823615644
0.359636018274
1.0
0.635105169627
0.357568181699
1.0
0.634554664744
0.357906021432
1.0
0.633943900785
0.358006249742
1.0
0.633943900785
0.358006249742
1.0
0.63365290698
0.357321752542
1.0
0.633404621398
0.356940306246
1.0
0.632938899349
0.357024936299
1.0
0.632191364074
0.355437308171
1.0
0.631523426
0.355847796838
1.0
0.630827835702
0.35554277444
1.0
0.630548958041
0.355255850861
1.0
0.629630656626
0.3543648143
1.0
0.629111428526
0.35437260968
1.0
0.628714194043
0.354481075138
1.0
0.628714194043
0.354481075138
1.0
0.628222454737
0.355259753979
1.0
0.62730661106
0.355314816704
1.0
0.626778752499
0.355804032202
1.0
0.626263781704
0.355299096983
1.0
0.625779538197
0.355377793968
1.0
0.625260956552
0.354519603515
1.0
0.624866213641
0.354787176197
1.0
0.624866213641
0.354787176197
1.0
0.6239268945
0.353993589406
1.0
0.623608076159
0.354339164604
1.0
0.622796152982
0.353892607712
1.0
0.622113830271
0.354177309338
1.0
0.621568156826
0.354607061966
1.0
0.621126452615
0.355526833253
1.0
0.620119502305
0.354661640813
1.0
0.620119502305
0.354661640813
1.0
0.61976773707
0.355324328574
1.0
0.619348100716
0.356581552313
1.0
0.61888775407
0.356970260312
1.0
0.618211911499
0.357177413183
1.0
0.617481404737
0.358261678539
1.0
0.617188618373
0.35790700223
1.0
0.617009121358
0.358424666918
1.0
0.616439645591
0.359195938278
1.0
0.615916028519
0.359062673935
1.0
0.615916028519
0.359062673935
1.0
0.61500279871
0.357981703198
1.0
0.61445588907
0.359174669366
1.0
0.61376800968
0.359591693288
1.0
0.613506676455
0.360523587081
1.0
0.612992141411
0.360131222806
1.0
0.612312148425
0.361269067753
1.0
0.611602809419
0.3611383729
