1.0
0.439679577625
0.374196127552
0.996309867998
0.439569817684
0.374764701796
0.996309867998
0.439552736619
0.374992681662
1.0
0.43966664741
0.375386348476
1.0
0.440282967361
0.375815749503
1.0
0.440236077091
0.375909938883
1.0
0.439554852683
0.375911499149
0.983835209886
0.439478763022
0.37643055328
0.983835209886
0.439874276145
0.376703302286
0.983835209886
0.439874276145
0.376703302286
1.0
0.440047887563
0.376925809308
0.988695166811
0.440646532215
0.376697451488
0.988695166811
0.440690879464
0.376975619982
1.0
0.440791147833
0.377879682384
1.0
0.440889600629
0.377878717148
1.0
0.441269358514
0.378179409841
1.0
0.44112866591
0.378112626681
1.0
0.44112866591
0.378112626681
1.0
0.440735048645
0.378299199061
0.983064365998
0.440666553459
0.378292997212
0.983064365998
0.440637756924
0.378521797841
1.0
0.440681140085
0.378413889289
1.0
0.44080036614
0.377882073593
1.0
0.440858611504
0.378470560527
1.0
0.441085640173
0.379311859688
1.0
0.441116748811
0.379542656479
1.0
0.441317003595
0.379774910081
1.0
0.441317003595
0.379774910081
1.0
0.441315440744
0.379449820719
1.0
0.441275531037
0.379189915586
1.0
0.441369565059
0.379639765562
1.0
0.44146941655
0.379520954827
1.0
0.441629172363
0.379397721724
1.0
0.441721059694
0.379460833433
1.0
0.441672366176
0.379296056758
1.0
0.441672366176
0.379296056758
1.0
0.441709737753
0.379451913348
1.0
0.441536624096
0.379849020753
1.0
0.441018179372
0.379619263682
0.985216126766
0.440943537538
0.379456097864
0.985216126766
0.441357172904
0.379671428028
1.0
0.44140846678
0.380040564915
1.0
0.441488008182
0.380475706445
1.0
0.441576759493
0.380002097244
1.0
0.442063458253
0.379878464361
1.0
0.442063458253
0.379878464361
1.0
0.442128190551
0.379930133077
1.0
0.441910179762
0.380013768528
1.0
0.441955948559
0.379879350472
1.0
0.442297854289
0.380252047126
1.0
0.44234053708
0.380057646125
1.0
0.442074191943
0.380323300375
1.0
0.44225259802
0.380348330105
1.0
0.441534089303
0.379207914211
1.0
0.441534089303
0.379207914211
1.0
0.441544983306
0.37891188937
1.0
0.442266620589
0.379966830992
1.0
0.442273397842
0.380070099974
1.0
0.439204409501
0.376568650791
1.0
0.439375254383
0.376950277554
0.955217800538
0.433754067457
0.369985728937
0.955217800538
0.433754067457
0.369985728937
0.955217800538
0.433771793202
0.369651380065
0.99
0.414701750808
0.349914045953
0.99
0.41476448989
0.350085295282
1.0
0.410642221742
0.345596384828
1.0
0.410102008077
0.345986908908
0.961256821584
0.408422979831
0.345533369579
0.961256821584
0.40553943712
0.348284889665
0.983689720926
0.398679819062
0.344414245186
0.983689720926
0.393115660309
0.350382734229
0.973297832721
0.393959877181
0.350597209435
0.973297832721
0.393959877181
0.350597209435
0.973297832721
0.391557505979
0.35224341129
0.93858592327
0.390784439381
0.350919183296
0.93858592327
0.389207383543
0.352889900075
0.988875289889
0.388929817232
0.352897871855
0.988875289889
0.389498774075
0.351958670364
0.921927223061
0.39016018558
0.352809026096
0.921927223061
0.390710482544
0.351185317793
1.0
0.390830241047
0.351563596704
1.0
0.390830241047
0.351563596704
0.983344890109
0.390766942603
0.351647591301
0.983344890109
0.390120100129
0.351212435743
0.997571527458
0.390385894204
0.350928942857
0.997571527458
0.390900351768
0.351244997723
0.91864715867
0.390789151354
0.351753978467
0.91864715867
0.390987094427
0.352393545753
0.978672860148
0.390387276738
0.354010297806
0.978672860148
0.390387276738
0.354010297806
0.945485724377
0.390914985552
0.35450884604
0.928938075786
0.391080313648
0.354058054312
0.928938075786
0.391190085923
0.354454418643
0.951561248988
0.391455090913
0.35459039309
0.980132490818
0.391233065066
0.354544533424
0.912999675029
0.390725197372
0.356013991443
0.912999675029
0.391265720097
0.356861790097
0.925686725183
0.392077032269
0.355732995907
0.980950293447
0.391605626071
0.355601995147
0.980950293447
0.391605626071
0.355601995147
0.971032748434
0.391246146662
0.356448192088
0.870555074513
0.391463613784
0.356615572817
0.870555074513
0.391415504854
0.356759778471
0.838768383157
0.392748359882
0.35737652352
0.838768383157
0.39265132245
0.357663661254
0.916152556212
0.391700354116
0.357750099064
0.953573152416
0.391722841804
0.358255146721
0.953573152416
0.391722841804
0.358255146721
0.953573152416
0.39194188628
0.358524718606
0.979027429117
0.39169094162
0.358637611022
0.98136571755
0.393682345788
0.360926590718
0.98136571755
0.39353092708
0.360824117362
0.815570665535
0.410404574919
0.373222123894
0.815570665535
0.410695554807
0.373057545425
0.954463050907
0.423064689203
0.395057146859
0.954463050907
0.423558681608
0.394783748489
0.954463050907
0.423558681608
0.394783748489
0.986797672818
0.4363490345
0.412235003584
0.986797672818
0.436108848759
0.412613303251
0.99
0.445838252325
0.426477490635
0.99
0.446236883167
0.428026577636
1.0
0.450297684882
0.435351496403
0.937761829586
0.450646704629
0.437451946742
0.937761829586
0.451520297725
0.440043696425
0.99
0.45979596339
0.441932910426
0.99
0.45979596339
0.441932910426
0.99
0.459472550875
0.441931909551
0.99
0.464132388807
0.444790357224
0.99
0.464469397277
0.445315473674
1.0
0.466649418038
0.449095445752
1.0
0.46665601232
0.449799237174
1.0
0.467709301162
0.454464409336
1.0
0.467591403524
0.454115172061
1.0
0.468039742599
0.455130207081
1.0
0.468039742599
0.455130207081
1.0
0.46783832551
0.455688718593
1.0
0.467538936753
0.455809207768
1.0
0.467039669219
0.456124844843
1.0
0.466882773401
0.4563067172
1.0
0.467301282167
0.457104502003
1.0
0.467134025538
0.456877622031
1.0
0.466829296176
0.45631398093
1.0
0.466942246736
0.456969279481
1.0
0.466884666501
0.457175343646
1.0
0.466884666501
0.457175343646
1.0
0.466655199734
0.457129232242
1.0
0.4664140251
0.457188103826
1.0
0.466433789989
0.457474826674
1.0
0.466607303008
0.457428558102
1.0
0.466513408749
0.45745572913
1.0
0.466166436959
0.456980969181
1.0
0.466095063845
0.45767829624
1.0
0.466095063845
0.45767829624
1.0
0.46624352931
0.458038540129
1.0
0.466231089542
0.458009026767
1.0
0.466055227438
0.457997266101
1.0
0.465813938368
0.458710706454
1.0
0.465163223299
0.459348072361
1.0
0.465484558783
0.458960415035
1.0
0.46572501879
0.458117998451
1.0
0.465599060476
0.458018562956
1.0
0.465599060476
0.458018562956
1.0
0.465341543109
0.457447968549
1.0
0.465065945023
0.458276991099
1.0
0.46477515884
0.458766750552
1.0
0.464823700937
0.458364975795
1.0
0.464952916175
0.45855822276
1.0
0.464873608123
0.458646639003
1.0
0.465033284572
0.458793220466
1.0
0.465076733105
0.458965199461
1.0
0.465076733105
0.458965199461
1.0
0.464940208634
0.458743086242
1.0
0.464621694621
0.458943330861
1.0
0.464523163026
0.459345839053
1.0
0.464586556731
0.459255105234
1.0
0.464613731703
0.458918455907
1.0
0.464639923863
0.459314265429
1.0
0.464828195666
0.459722335571
1.0
0.464709951412
0.459895863758
1.0
0.464709951412
0.459895863758
1.0
0.464400969507
0.459887366185
1.0
0.464341419913
0.460219698876
1.0
0.464223903571
0.460280557195
1.0
0.46418712334
0.460430044142
1.0
0.464192590284
0.46071525493
1.0
0.463997905577
0.461511786416
1.0
0.463774025661
0.46146265251
1.0
0.463840167031
0.461767460956
1.0
0.463577487435
0.462166449865
1.0
0.463577487435
0.462166449865
1.0
0.46338517164
0.462215577736
1.0
0.463519785516
0.462376699014
1.0
0.463427478367
0.462941501191
1.0
0.463264980744
0.463225226139
1.0
0.46314289588
0.463835241267
1.0
0.463394658528
0.463772646147
1.0
0.463309871978
0.464060306117
1.0
0.463309871978
0.464060306117
1.0
0.463192264292
0.464377244218
1.0
0.463259368615
0.464513954428
1.0
0.463051009759
0.464214357121
1.0
0.462856929761
0.464997578407
1.0
0.463466353909
0.465709471239
1.0
0.463390990142
0.465400702714
1.0
0.471067695791
0.468197973117
1.0
0.470895342582
0.468642309567
1.0
0.470895342582
0.468642309567
0.99
0.494283475274
0.478203474209
0.99
0.494196166176
0.478596397961
0.99
0.51468630793
0.488847212074
0.99
0.514671149461
0.489771860307
0.99
0.533865039267
0.498804591601
0.99
0.53511959139
0.496842013838
0.99
0.552924089356
0.505751825162
0.99
0.55573333015
0.501399821098
0.99
0.569709920652
0.507629881479
0.99
0.569709920652
0.507629881479
0.99
0.582562962306
0.487156114734
0.99
0.587644328976
0.489125818338
0.99
0.599448827281
0.47090773201
0.99
0.599905718175
0.471244941099
0.99
0.611768285797
0.45344582321
0.99
0.611570135349
0.453629851274
0.99
0.623390982956
0.435380311368
0.99
0.623390982956
0.435380311368
0.99
0.623114829613
0.435602066543
0.824928918865
0.624481887232
0.431356276599
0.824928918865
0.624462590189
0.431798391409
0.99
0.633850797648
0.421774897454
0.99
0.633349141402
0.422030627746
1.0
0.633097915244
0.423571650955
1.0
0.633238121756
0.424597687296
1.0
0.632294329847
0.424905526076
1.0
0.632294329847
0.424905526076
1.0
0.631895726428
0.424812652976
1.0
0.632032756179
0.424138040307
1.0
0.631950683726
0.424499209825
1.0
0.632512003494
0.424317050262
1.0
0.632314876645
0.424450556694
1.0
0.632301530351
0.425115165715
1.0
0.631823317128
0.424761616264
1.0
0.63180456625
0.425280070934
1.0
0.63180456625
0.425280070934
1.0
0.631538386581
0.425576707007
1.0
0.631683722749
0.425538466554
1.0
0.631274578338
0.425845364817
1.0
0.630924929687
0.427077204618
1.0
0.630752259654
0.427147256643
1.0
0.630749239424
0.42786225867
1.0
0.630476168074
0.427779284204
1.0
0.630476168074
0.427779284204
1.0
0.630402400114
0.428683811675
1.0
0.630377534739
0.428924490687
1.0
0.630468621826
0.4288225447
1.0
0.630272533535
0.429433502452
1.0
0.630163350441
0.429985361699
1.0
0.629985212463
0.430635680467
1.0
0.629864995483
0.431456926234
1.0
0.630007843624
0.432568695539
1.0
0.630072489269
0.432364374828
1.0
0.630072489269
0.432364374828
1.0
0.629559413969
0.431550106227
1.0
0.629129325507
0.432665513987
1.0
0.62861103351
0.432834673826
1.0
0.629066574943
0.433256622087
1.0
0.62873624494
0.433385282123
1.0
0.628105806455
0.434575911859
1.0
0.62787523883
0.433932692276
1.0
0.627704740773
0.434453345705
1.0
0.627704740773
0.434453345705
1.0
0.627385005215
0.43521703623
1.0
0.626999726858
0.436200695981
1.0
0.626821467875
0.436312992243
1.0
0.627044437427
0.436383048352
1.0
0.626717728714
0.436124075012
1.0
0.626268780045
0.437317190447
1.0
0.626192459558
0.437260666753
1.0
0.626132269767
0.437360902444
1.0
0.626132269767
0.437360902444
1.0
0.626003481404
0.437918998525
1.0
0.625785239051
0.438813414642
1.0
0.625388371622
0.439287043665
1.0
0.625149911165
0.439335614617
1.0
0.62508745374
0.439490669459
1.0
0.625132505485
0.440741370336
1.0
0.624801938969
0.440283419991
1.0
0.624311492009
0.441389613107
1.0
0.624311492009
0.441389613107
1.0
0.623884824169
0.441766745577
1.0
0.623830384585
0.441511208111
1.0
0.623515189478
0.441303120374
0.993759494669
0.62338338163
0.44220853121
0.993759494669
0.622967191758
0.442433592701
1.0
0.622858886952
0.442509304138
1.0
0.622838989984
0.44253888524
1.0
0.622774016934
0.442664133194
1.0
0.622774016934
0.442664133194
1.0
0.622620052119
0.44294494592
1.0
0.622469305766
0.443724324959
1.0
0.622440745944
0.443876261814
1.0
0.622211500086
0.444104694891
1.0
0.621914400901
0.444534087168
1.0
0.621795287387
0.444844366383
1.0
0.621777352041
0.444743916604
1.0
0.621785383867
0.445330091941
1.0
0.621476219661
0.445825623313
1.0
0.621476219661
0.445825623313
1.0
0.621533818484
0.446176915782
1.0
0.621398572578
0.446169500056
1.0
0.621113949366
0.447211551104
1.0
0.620935364394
0.447482957188
1.0
0.620810724437
0.447659161561
1.0
0.620820475518
0.447440024516
1.0
0.620741643905
0.447642034788
1.0
0.620741643905
0.447642034788
1.0
0.620717234389
0.447824194743
1.0
0.620710862549
0.448071519381
1.0
0.620591177286
0.447970417605
1.0
0.620534028692
0.448434255319
1.0
0.620111632631
0.448682361888
1.0
0.620022258585
0.44919742418
1.0
0.620182916561
0.449200869218
1.0
0.620073338734
0.449607953753
1.0
0.620073338734
0.449607953753
1.0
0.61925140032
0.449197615892
1.0
0.619196504443
0.449211764162
1.0
0.611758521107
0.445167073008
1.0
0.611892974867
0.444899115026
0.99
0.597677959082
0.436312633582
0.99
0.597518101647
0.437134537846
0.99
0.579108867575
0.425972306286
0.99
0.578567340867
0.426643317171
0.99
0.578567340867
0.426643317171
0.99
0.557940742136
0.414178333202
0.99
0.554994526833
0.418122014039
0.99
0.533665998767
0.407288193014
0.806611846975
0.523644034135
0.417728464758
0.806611846975
0.506637754986
0.409855487672
0.99
0.496746628597
0.428632030182
0.92519094755
0.493433958207
0.426350332693
0.92519094755
0.493433958207
0.426350332693
0.92519094755
0.482993998866
0.442104325477
0.99
0.477702830867
0.442123287217
0.99
0.467205748952
0.460922796614
0.99
0.466686824164
0.460824721495
0.99
0.45857376975
0.477618673603
0.99
0.458308972885
0.477487095308
1.0
0.454718550928
0.483929171666
1.0
0.454615749728
0.484227661643
0.951007778851
0.453591152994
0.485650506033
0.951007778851
0.453591152994
0.485650506033
0.951007778851
0.453223452645
0.485855242421
1.0
0.453922322794
0.484998744615
1.0
0.454288598677
0.485584623382
1.0
0.454353396252
0.485131117676
1.0
0.454710770318
0.485303693592
0.945192121917
0.454614490622
0.485836295311
0.945192121917
0.453773686892
0.48616220538
1.0
0.453854919477
0.486064230169
1.0
0.453854919477
0.486064230169
1.0
0.453582343482
0.48602359031
0.892024066632
0.453426333468
0.487262741443
0.892024066632
0.45345388491
0.487824029142
0.915732444338
0.453121336419
0.489153960561
0.915732444338
0.452579504888
0.48906712289
1.0
0.452757917087
0.489760037319
1.0
0.452902233266
0.489892705038
0.948275594362
0.453226488542
0.489659547935
0.948275594362
0.453226488542
0.489659547935
0.948275594362
0.45276423956
0.489558558727
0.971688936347
0.452718212139
0.490539521339
0.971688936347
0.452838895194
0.490573152806
0.96700903001
0.453165396816
0.489946137504
0.96700903001
0.453470226581
0.49018137696
0.934674814063
0.453293022293
0.489712947347
0.934674814063
0.452837931806
0.491026289617
0.934674814063
0.452837931806
0.491026289617
1.0
0.45287830379
0.491749415558
1.0
0.453055095647
0.492315194979
0.927991231187
0.453526183049
0.491763421686
0.927991231187
0.45346671343
0.491943473037
0.91745742604
0.45308560396
0.493101879669
0.91745742604
0.452978682055
0.493091645276
0.901349460298
0.452920918916
0.493827778028
0.901349460298
0.453127033402
0.494080389578
0.875415834107
0.45274318647
0.496459554715
0.875415834107
0.45274318647
0.496459554715
0.875415834107
0.452508372948
0.496795066338
0.938992701545
0.452839670848
0.496352635301
0.938992701545
0.452980314718
0.496824482112
0.987693624424
0.453099215747
0.496736551995
0.987693624424
0.452856203041
0.496703144376
1.0
0.453067735015
0.496529803371
1.0
0.45314771747
0.497638319316
0.959760264357
0.452858812133
0.498696358883
0.959760264357
0.452858812133
0.498696358883
0.959760264357
0.452948631476
0.499246646158
0.918360959633
0.452853612902
0.499721297694
0.918360959633
0.452902728982
0.50025503284
0.960069309179
0.452544319748
0.502049375365
0.960069309179
0.452637888946
0.502194143224
0.974354433488
0.452818970899
0.501921249546
0.974354433488
0.452918454919
0.502453266845
0.903333880008
0.453111394132
0.502600942473
0.903333880008
0.453111394132
0.502600942473
0.903333880008
0.45342216492
0.502646258591
0.9812243276
0.453638736034
0.502220708996
0.9812243276
0.453182973594
0.501959721884
0.98817349453
0.453554452115
0.501659994163
0.98817349453
0.454105381048
0.501890994209
0.956680647203
0.453940229349
0.502817549922
0.956680647203
0.454108387744
0.503473342859
0.917212576163
0.454118909447
0.503542038003
0.917212576163
0.454118909447
0.503542038003
0.917212576163
0.453915356113
0.504311633235
0.963712180035
0.453967434947
0.504653667314
0.963712180035
0.454133931504
0.505132813635
0.922557621717
0.454090800887
0.505823770314
0.922557621717
0.453993323968
0.50621641146
0.903732705574
0.453723499918
0.506922688253
0.903732705574
0.453723499918
0.506922688253
0.903732705574
0.453986769056
0.506955241771
1.0
0.453979489806
0.50721078491
1.0
0.454066921
0.507639684719
0.92175581166
0.454250185408
0.507996686573
0.92175581166
0.45376810302
0.50840809903
1.0
0.453755012036
0.509237777131
1.0
0.454018448057
0.510346925672
1.0
0.454437776476
0.509805904318
1.0
0.454515863282
0.50868547516
1.0
0.454631198842
0.508403741503
1.0
0.454631198842
0.508403741503
1.0
0.454621352097
0.508722044435
0.979761237204
0.454808977188
0.508844605733
0.979761237204
0.455293283263
0.509020245646
1.0
0.455281998087
0.509177681565
1.0
0.455267647923
0.509734174638
1.0
0.455304512813
0.509791547594
1.0
0.455453302848
0.509665177089
0.98354674163
0.455267475921
0.510353520342
0.98354674163
0.455267475921
0.510353520342
0.98354674163
0.455732665964
0.510522659615
0.8999802721
0.45557083712
0.511280750824
0.8999802721
0.455451696661
0.510899264928
0.940437747589
0.455540855629
0.510933406937
0.940437747589
0.456045749071
0.512251580378
0.968112274847
0.456120186067
0.511774423131
0.968112274847
0.456912081432
0.511485829894
0.972897420286
0.45710652044
0.510713518012
0.972897420286
0.45710652044
0.510713518012
0.972897420286
0.455438461144
0.508671804252
0.952990819482
0.455504660367
0.508504096127
0.952990819482
0.450228003334
0.501385456912
0.906220067106
0.450579535188
0.501352372592
0.906220067106
0.447309659939
0.497520196124
0.898006931391
0.447658595573
0.497613349601
0.898006931391
0.448247476441
0.497923322675
1.0
0.44845325413
0.496902651249
1.0
0.44845325413
0.496902651249
1.0
0.449344010411
0.498370159376
0.92620667465
0.447721844452
0.499270398793
0.92620667465
0.44768230051
0.499789186543
0.934202962979
0.445703424895
0.501512932612
0.934202962979
0.445765177954
0.501706232948
0.931114668481
0.445331855489
0.501761957693
0.931114668481
0.445331855489
0.501761957693
0.931114668481
0.44635359653
0.503305064624
0.986565760184
0.446370788049
0.503336237335
0.986565760184
0.446762472049
0.503788983814
0.949986018633
0.446618973164
0.503911225885
0.949986018633
0.44728001474
0.504682240898
1.0
0.44769037264
0.503691066829
1.0
0.447832696616
0.505319877217
0.986926116479
0.447833847863
0.505571812994
0.986926116479
0.448338810182
0.506219508006
0.988354095021
0.448705402419
0.506350787947
0.988354095021
0.448705402419
0.506350787947
0.988354095021
0.449256317646
0.506913021519
0.964911377922
0.449127276793
0.507462498867
0.964911377922
0.450040720364
0.508653668212
0.969707765477
0.449882802258
0.509938229583
0.969707765477
0.449764600801
0.511422184862
0.949326915862
0.450135879767
0.511949299646
0.949326915862
0.451179402996
0.511257687183
0.947497624909
0.451325761686
0.510952006093
0.947497624909
0.451325761686
0.510952006093
0.947497624909
0.451946672773
0.512066858232
0.954425773327
0.451752308374
0.513085537753
0.954425773327
0.452218587927
0.513042272317
0.995227712533
0.452592989184
0.512727577163
0.995227712533
0.452587600131
0.513480596972
0.942498077128
0.452429457237
0.513499133231
0.942498077128
0.45284098323
0.514106697308
0.942498077128
0.45284098323
0.514106697308
1.0
0.45331952791
0.513722926795
1.0
0.454022526283
0.514672262731
0.963052769451
0.454028424301
0.516245632332
0.963052769451
0.454772789318
0.516477063338
0.893108144581
0.454925561616
0.517009064204
0.893108144581
0.454819410927
0.518177507971
0.960870318634
0.454840966012
0.519118360905
0.960870318634
0.457581809124
0.519730585804
0.960870318634
0.457581809124
0.519730585804
0.938957081078
0.457179690746
0.520471390196
0.938957081078
0.468154470638
0.518492185186
0.99
0.468684040642
0.519383986952
0.99
0.482678854854
0.515401823874
0.99
0.48265608263
0.515498944683
0.99
0.49240256238
0.503806848396
0.99
0.492711894155
0.503546588524
1.0
0.498111534191
0.504992882037
1.0
0.498111534191
0.504992882037
0.982293094225
0.498733324728
0.503054648413
0.982293094225
0.503325295462
0.5029503639
1.0
0.505727806963
0.492903452724
1.0
0.508737829316
0.495011926641
0.99
0.51758540808
0.465687901357
0.968970046249
0.520226883114
0.467072191132
0.968970046249
0.526548872372
0.443851430551
0.977013592606
0.527712769618
0.445835285503
0.977013592606
0.528645449627
0.442148854114
0.977013592606
0.528645449627
0.442148854114
0.988403229949
0.528972861449
0.442466689197
0.988403229949
0.529309733535
0.438999579327
0.964207919229
0.529859497174
0.440285005784
0.964207919229
0.529331189729
0.439292848367
1.0
0.529954883377
0.440985055889
1.0
0.52940394218
0.443592630109
1.0
0.527949764142
0.442935650561
1.0
0.52783781111
0.444284101008
1.0
0.52783781111
0.444284101008
0.966224748662
0.528873050218
0.446418158144
0.966224748662
0.528698034822
0.449788147026
0.988014097973
0.528294894038
0.450525608638
0.988014097973
0.528052625153
0.452437590105
0.967382291968
0.528074326172
0.457728671788
0.967382291968
0.527879375169
0.460683597476
0.967382291968
0.527879375169
0.460683597476
1.0
0.527960514385
0.463274269792
1.0
0.528250891746
0.465395081857
1.0
0.527981793497
0.467401735944
1.0
0.528401942728
0.467945344191
0.961226538317
0.527985272666
0.469374094337
0.961226538317
0.528608760931
0.469158673081
0.94638579855
0.528632558246
0.470192011461
0.94638579855
0.528804050489
0.472229538412
0.968716179512
0.528946911334
0.472146959886
0.968716179512
0.528946911334
0.472146959886
0.968716179512
0.529266528325
0.473995018174
0.917500420487
0.528689629341
0.474493969038
0.917500420487
0.528900371988
0.473985707996
0.968512525011
0.527950363169
0.473272014217
0.968512525011
0.528545918996
0.47179052927
0.968512525011
0.528641991163
0.471831874859
0.968512525011
0.528641991163
0.471831874859
1.0
0.52920722305
0.473305739144
1.0
0.529573304523
0.474032310898
0.997397724414
0.528959108278
0.474004797901
0.997397724414
0.529158249708
0.473366958826
1.0
0.528980794202
0.473309907079
1.0
0.529105843163
0.473189413067
0.945221054545
0.529159597836
0.471545121947
0.945221054545
0.529340334364
0.471236902864
0.980401176575
0.52881121866
0.47176123853
0.980401176575
0.52881121866
0.47176123853
0.980401176575
0.528795814564
0.472757785418
1.0
0.529058362561
0.473320886035
1.0
0.529420076052
0.472654412932
1.0
0.529700979123
0.473006180302
1.0
0.529620730323
0.474510825726
0.979428867998
0.529758723581
0.47520729022
0.979428867998
0.529844164966
0.475986198171
0.876724485498
0.529890488467
0.475477619692
0.876724485498
0.529890488467
0.475477619692
0.876724485498
0.530347682986
0.473979713649
0.80828766072
0.527597173836
0.472925778291
0.80828766072
0.52720437604
0.472992010264
0.99
0.509784540347
0.454098022118
0.99
0.509870048189
0.454668094946
0.99
0.486801868857
0.441381663755
0.99
0.486801868857
0.441381663755
0.99
0.486716219119
0.441721721554
0.942187668897
0.419683923954
0.379601833184
0.942187668897
0.419283203971
0.379814797647
0.942187668897
0.413270512729
0.386403992205
0.99
0.410863401346
0.41477453717
0.99
0.400904580106
0.43425259953
0.99
0.389905506573
0.454007960193
0.99
0.389905506573
0.454007960193
0.99
0.391436989409
0.456685507261
0.99
0.382665888442
0.473861033815
0.99
0.383461110685
0.475215932378
0.99
0.376625682132
0.490541271014
0.99
0.375964001477
0.490964789374
1.0
0.374735912434
0.492530789259
1.0
0.3745318408
0.492194970181
1.0
0.374278557253
0.493360768667
1.0
0.374278557253
0.493360768667
1.0
0.374053821065
0.492007081858
1.0
0.373766799074
0.493769590598
1.0
0.374140522325
0.494921190328
1.0
0.374196998936
0.495722426095
1.0
0.374723732848
0.495952925929
1.0
0.374790182658
0.496742728061
1.0
0.374420890752
0.497055736805
1.0
0.37430030111
0.499352225856
1.0
0.37430030111
0.499352225856
1.0
0.374520907821
0.49922721234
1.0
0.374659438826
0.498448942216
1.0
0.374823223424
0.498437563831
1.0
0.374983674275
0.498985452897
1.0
0.375533508085
0.498630186638
1.0
0.375293978569
0.501070589807
1.0
0.37498925403
0.500840433523
1.0
0.37504246822
0.501003471028
1.0
0.374618563388
0.499851621865
1.0
0.374618563388
0.499851621865
1.0
0.374680742397
0.499839589638
0.848810597276
0.374750524356
0.501438670844
0.848810597276
0.375123751291
0.501604590913
1.0
0.375122987164
0.499735797681
1.0
0.375201043045
0.500419009347
1.0
0.375262623572
0.501409558287
1.0
0.375201691217
0.502242155257
1.0
0.375201691217
0.502242155257
1.0
0.376492042036
0.503089937965
1.0
0.376545466832
0.50285277613
1.0
0.376342162079
0.503545857812
1.0
0.376458955099
0.504000634358
1.0
0.376391129367
0.504358248171
1.0
0.376222572933
0.505618381016
1.0
0.376285982704
0.506335710441
1.0
0.376494720092
0.505489902532
1.0
0.376494720092
0.505489902532
1.0
0.376422156777
0.505937628476
1.0
0.376557905208
0.507041859758
1.0
0.376191924572
0.506096235634
1.0
0.376205125665
0.505426184289
1.0
0.376723117468
0.50689815479
1.0
0.376802132347
0.50663338688
1.0
0.37678195715
0.505793419779
1.0
0.376752649194
0.505933317367
1.0
0.376918114745
0.505496830474
1.0
0.376918114745
0.505496830474
1.0
0.377309130412
0.504671224699
1.0
0.372932801065
0.502248941905
1.0
0.37286592548
0.503070720636
0.99
0.359376424717
0.495305720289
0.99
0.359284465638
0.496360582575
0.99
0.346019479263
0.488311480395
0.99
0.346001291004
0.488793913808
0.99
0.346001291004
0.488793913808
0.948372817744
0.335357609927
0.491072715879
0.948372817744
0.335057504877
0.491270804424
1.0
0.33323809353
0.492050171296
0.99
0.330068550853
0.498451109422
0.99
0.327194456777
0.495160204279
