0.869407997557
0.521933484501
0.309319813292
0.858410058126
0.522911065402
0.316292353619
0.858410058126
0.522911065402
0.316292353619
0.858410058126
0.522911065402
0.316292353619
0.858410058126
0.522911065402
0.316292353619
0.999974357072
0.522271437176
0.337866268708
0.999974357072
0.522271437176
0.337866268708
0.919364932677
0.511204022438
0.386726162263
0.975700223109
0.511711619121
0.39464293703
1.0
0.511594164604
0.399867087615
1.0
0.510918775068
0.405282429493
1.0
0.510918775068
0.405282429493
1.0
0.509882419987
0.406853641291
1.0
0.536852153574
0.422084586986
1.0
0.536873057438
0.422492486647
1.0
0.537171453993
0.422394529836
1.0
0.537139156809
0.423377788044
1.0
0.537297678016
0.423833866899
1.0
0.537297678016
0.423833866899
1.0
0.53726090523
0.424243493604
1.0
0.537534845936
0.424436980466
1.0
0.537324740625
0.425130620951
1.0
0.536986229691
0.42798678228
1.0
0.537112337174
0.427746883002
1.0
0.537329804576
0.427690657999
1.0
0.537575883905
0.426968284193
1.0
0.537575883905
0.426968284193
1.0
0.537750570138
0.426969018891
1.0
0.537644318769
0.42884836943
1.0
0.537811360142
0.429227597059
1.0
0.537992432859
0.429488789693
1.0
0.550059227438
0.43141535122
1.0
0.550059227438
0.43141535122
1.0
0.550357380241
0.430645970959
1.0
0.550615445789
0.430848425458
1.0
0.550675170482
0.432020503825
1.0
0.550837181231
0.431706906054
1.0
0.551782270788
0.43414942423
1.0
0.551951948492
0.434485202087
1.0
0.552489962678
0.43602525911
1.0
0.552578174211
0.436336800667
1.0
0.552578174211
0.436336800667
1.0
0.552801104956
0.437384374569
1.0
0.553082825331
0.437605535356
1.0
0.553309666324
0.439161402093
1.0
0.553526694909
0.438397228067
1.0
0.554210533531
0.439948686673
1.0
0.554406636704
0.440542831608
1.0
0.554705000014
0.442517026133
1.0
0.554748496707
0.44299115879
1.0
0.554748496707
0.44299115879
1.0
0.554795886895
0.444259166036
1.0
0.554931168623
0.444650551325
1.0
0.555104218804
0.445115884694
1.0
0.555128044565
0.445031061291
1.0
0.555992028019
0.446752779005
1.0
0.556082244639
0.447062151821
1.0
0.556183930231
0.446797274969
1.0
0.556294779338
0.447336403964
1.0
0.556294779338
0.447336403964
1.0
0.556703341384
0.448592615661
1.0
0.55678449128
0.448474620575
1.0
0.556884903929
0.448599929453
1.0
0.557024131328
0.449008397346
1.0
0.557136233569
0.450522950671
1.0
0.55721629253
0.45067574769
1.0
0.557687889341
0.452381810415
1.0
0.557687889341
0.452381810415
1.0
0.557896690062
0.452314250727
1.0
0.558394503043
0.453850881944
1.0
0.55840075329
0.453699606205
1.0
0.558069788645
0.453529033134
1.0
0.558107139449
0.453736466103
1.0
0.557918731894
0.453407349642
1.0
0.558119277566
0.453139501026
1.0
0.558585759016
0.454852488963
1.0
0.558502991169
0.455382828411
1.0
0.558502991169
0.455382828411
1.0
0.558048972955
0.455744834998
1.0
0.558065517105
0.456017330493
1.0
0.557433147379
0.455278076452
1.0
0.557546228687
0.454711271683
1.0
0.557625563587
0.454972367061
1.0
0.557659337568
0.455091651898
1.0
0.557482442704
0.455129095255
1.0
0.557508744673
0.45585042271
1.0
0.557508744673
0.45585042271
1.0
0.557911879787
0.457058938811
1.0
0.557961106771
0.457344696463
1.0
0.557484087733
0.457300373147
1.0
0.557569595528
0.457128064903
1.0
0.557704025117
0.458190572103
1.0
0.557577986488
0.458823687985
1.0
0.557804945987
0.460080111623
1.0
0.557699808451
0.461213447182
1.0
0.557699808451
0.461213447182
1.0
0.557824792411
0.463208180554
1.0
0.557862148588
0.464288817002
1.0
0.557186651916
0.463494030998
1.0
0.557237412865
0.464570146386
1.0
0.557587497801
0.465988734052
1.0
0.557575398971
0.467024559014
1.0
0.556797746926
0.467343542053
1.0
0.556753739179
0.468425086695
1.0
0.556753739179
0.468425086695
1.0
0.557045660491
0.469573642547
1.0
0.557118034561
0.470970012993
1.0
0.55709585388
0.471689046497
1.0
0.557072922274
0.47179217731
1.0
0.556891810098
0.471601219796
1.0
0.556882108734
0.472694267132
1.0
0.555922169027
0.472198429696
1.0
0.55580883763
0.472487455098
1.0
0.55580883763
0.472487455098
1.0
0.55600729436
0.472989158902
1.0
0.555829502578
0.47349458163
1.0
0.555162505846
0.473148586353
1.0
0.55505596346
0.473582512616
1.0
0.555450732213
0.475919209238
1.0
0.555341479402
0.476620490795
1.0
0.55497289918
0.476774384955
1.0
0.555083641948
0.477485733155
1.0
0.555083641948
0.477485733155
1.0
0.554958334012
0.477868473292
1.0
0.554892783434
0.478339053387
1.0
0.554459917634
0.478650276085
1.0
0.554254582539
0.47998249468
1.0
0.553627470428
0.479088187813
1.0
0.553551557122
0.479621826827
1.0
0.553044417256
0.479815222407
1.0
0.553032662036
0.480220102909
1.0
0.553032662036
0.480220102909
1.0
0.552609725232
0.479155309391
1.0
0.552596863518
0.479754218665
