1.0
0.26681340131
0.557931395281
1.0
0.266805696742
0.557947381355
1.0
0.266858850021
0.557674708312
1.0
0.266862979927
0.557616489069
1.0
0.269037402783
0.558241266262
1.0
0.269041020861
0.558204317169
1.0
0.277252260327
0.563797872003
1.0
0.277252260327
0.563797872003
1.0
0.277252780965
0.563762998437
1.0
0.280970155785
0.566920939376
1.0
0.280983466414
0.56690286506
1.0
0.279549265405
0.56832730808
1.0
0.279591434553
0.56839221474
1.0
0.280791564141
0.567018957203
1.0
0.280801803601
0.567143875066
1.0
0.280009711129
0.56669232063
1.0
0.280009711129
0.56669232063
1.0
0.280006647405
0.566706525509
1.0
0.27989647503
0.565310951755
1.0
0.279898255157
0.565265358166
1.0
0.280330508454
0.565516914854
1.0
0.280338920806
0.565454388533
1.0
0.280510356625
0.565028447979
1.0
0.280517054505
0.56501204783
1.0
0.280595582562
0.56451473857
1.0
0.280595582562
0.56451473857
1.0
0.2805922767
0.564494577356
1.0
0.281162241947
0.564574555813
1.0
0.281173993363
0.564549333336
1.0
0.280994151208
0.564076778393
1.0
0.280999359151
0.564068253261
1.0
0.280775284015
0.56429194367
1.0
0.280770833942
0.564330265013
1.0
0.282194915605
0.565049049934
1.0
0.282194915605
0.565049049934
1.0
0.282196787005
0.564987608113
1.0
0.281294499623
0.564677988778
1.0
0.281298695335
0.5646439495
1.0
0.281628074981
0.564371213792
1.0
0.281629699452
0.56440149396
1.0
0.281545123281
0.564800018181
1.0
0.281549276179
0.564779886387
1.0
0.281643956343
0.564443506799
1.0
0.281643956343
0.564443506799
1.0
0.281642417396
0.564477910696
1.0
0.281806606436
0.564756564909
1.0
0.281811591403
0.564767342566
1.0
0.280158736962
0.56440002383
1.0
0.28015689203
0.564399638001
1.0
0.282287199623
0.566574778525
1.0
0.28228921773
0.566547579573
1.0
0.28300090085
0.566122100928
1.0
0.28300090085
0.566122100928
1.0
0.282993559884
0.566159928403
1.0
0.2821142984
0.566508734566
1.0
0.282115592622
0.566540244839
1.0
0.281579653289
0.566098507849
1.0
0.281580909167
0.56606351459
1.0
0.282174179492
0.566740683967
1.0
0.28217294602
0.566759594444
1.0
0.282069983864
0.56616612132
1.0
0.282069983864
0.56616612132
1.0
0.282069581498
0.566221805206
1.0
0.28265369334
0.567574324872
1.0
0.282650417493
0.567557564962
1.0
0.280810584904
0.565646364103
1.0
0.280803324554
0.565658302109
1.0
0.282856403772
0.567423538491
1.0
0.282860602402
0.567453853593
1.0
0.282568135944
0.566838701197
1.0
0.282568135944
0.566838701197
1.0
0.282567484596
0.566842287146
1.0
0.281905184218
0.566761225464
1.0
0.281905909388
0.566747684364
1.0
0.28253416863
0.56774569974
1.0
0.282539867199
0.567736079662
1.0
0.28294629722
0.56760510497
1.0
0.282944068664
0.567665358607
1.0
0.282172460111
0.567477185275
1.0
0.282172460111
0.567477185275
1.0
0.282173217437
0.567431361278
1.0
0.281949961059
0.567935581078
1.0
0.281954020521
0.567935585816
1.0
0.281612824833
0.567977148002
1.0
0.281613923091
0.567969322751
1.0
0.283370401042
0.567714340199
1.0
0.283367344494
0.56775893902
1.0
0.283812724726
0.57007282307
1.0
0.283812724726
0.57007282307
1.0
0.283807474765
0.570070804744
1.0
0.282132341725
0.568306737487
1.0
0.282141448551
0.568293570816
1.0
0.281683685757
0.567645174091
1.0
0.281681769615
0.567666909369
1.0
0.281556563255
0.568111675921
1.0
0.281550376853
0.56810809715
1.0
0.281953511184
0.568920546458
1.0
0.281953511184
0.568920546458
1.0
0.281957891058
0.568899806961
1.0
0.28195815947
0.568146548805
1.0
0.281955213315
0.56816280842
1.0
0.282412114179
0.569332548952
1.0
0.282413180161
0.569349088829
1.0
0.282840609852
0.57080516814
1.0
0.282837363169
0.570817618885
1.0
0.283929187849
0.57079251734
1.0
0.283929187849
0.57079251734
1.0
0.283934747608
0.570766365862
1.0
0.281607710995
0.567848661331
1.0
0.281615154025
0.567839692149
1.0
0.282287215865
0.568633738679
1.0
0.282281265382
0.568617564295
1.0
0.281977159971
0.56838187693
1.0
0.281977159971
0.56838187693
1.0
0.2819792596
0.568381176801
1.0
0.282516500093
0.568887109038
1.0
0.282515313726
0.568883719341
1.0
0.281769742325
0.568564239801
1.0
0.281768573311
0.56856110669
1.0
0.282592246007
0.568350858391
1.0
0.282599980255
0.568375751123
1.0
0.28478859957
0.570196524688
1.0
0.284786253929
0.570176688773
1.0
0.282199455701
0.568531087121
1.0
0.282199455701
0.568531087121
1.0
0.282188086572
0.568586717604
1.0
0.280664963592
0.567444175362
1.0
0.280657305758
0.567409206187
1.0
0.280096705302
0.5675829823
1.0
0.28009602988
0.567592626066
1.0
0.27905009145
0.56691210956
1.0
0.279043731975
0.566928877644
1.0
0.279620205861
0.568128500479
1.0
0.279620205861
0.568128500479
1.0
0.279616287618
0.568135814441
1.0
0.27697409541
0.566792286897
1.0
0.276972456845
0.566789328095
1.0
0.27783005591
0.567417070146
1.0
0.277827208772
0.567427018021
1.0
0.275396985784
0.566670880672
1.0
0.27539267229
0.56669383532
1.0
0.27539267229
0.56669383532
1.0
0.277496432855
0.567411103888
1.0
0.277494367627
0.567387531073
1.0
0.276367823762
0.567765808783
1.0
0.276362688586
0.56778365023
1.0
0.276957394928
0.568224195627
1.0
0.276959509379
0.568224020394
1.0
0.277428240794
0.568623029424
1.0
0.277422023742
0.568607675198
1.0
0.276856669336
0.568952589171
1.0
0.276856669336
0.568952589171
1.0
0.276853275229
0.568977290154
1.0
0.276299733553
0.570240257416
1.0
0.276297030882
0.570294697977
1.0
0.274244118979
0.56931295901
1.0
0.274242596979
0.56935656338
1.0
0.273829251836
0.573057386519
1.0
0.273819341516
0.573090012271
1.0
0.273819341516
0.573090012271
1.0
0.275484392786
0.575362706775
1.0
0.275486646201
0.57531575447
1.0
0.274481811886
0.573539277721
1.0
0.274476997022
0.573554937608
1.0
0.272218341294
0.574186266545
1.0
0.272211885514
0.574247284366
1.0
0.272154810052
0.574422431433
1.0
0.272147289043
0.574471759941
1.0
0.271494132712
0.575948035706
1.0
0.271494132712
0.575948035706
1.0
0.271483132038
0.575998681125
1.0
0.268469186039
0.575845771836
1.0
0.268463311869
0.575936402469
1.0
0.268144894905
0.57795210853
1.0
0.26812881805
0.577961841662
1.0
0.269277866945
0.578413375425
1.0
0.269275455316
0.578441558233
1.0
0.269275455316
0.578441558233
1.0
0.267847801996
0.579626403149
1.0
0.267838307476
0.579698885263
1.0
0.264284792974
0.578271392076
1.0
0.264273475838
0.578278386653
1.0
0.261506930181
0.577849165231
1.0
0.261490583696
0.578001705958
1.0
0.261469349229
0.579595147102
1.0
0.261469349229
0.579595147102
1.0
0.26145898947
0.579622453429
1.0
0.261103856162
0.58079769402
1.0
0.26109673276
0.58084078477
1.0
0.258253993366
0.579980476196
1.0
0.258251421827
0.579997055588
1.0
0.257584029696
0.581533819051
1.0
0.257578492026
0.581552828191
1.0
0.255110970447
0.580354394916
1.0
0.255106334943
0.580356682193
1.0
0.25558863427
0.580565117029
1.0
0.25558863427
0.580565117029
1.0
0.255588353326
0.580591104292
1.0
0.254908160406
0.580808708564
1.0
0.254900045089
0.580859280404
1.0
0.255137618918
0.581315091332
1.0
0.255133043036
0.581328241932
1.0
0.254450986978
0.581066897181
1.0
0.254455084155
0.581064105088
1.0
0.254455084155
0.581064105088
1.0
0.254731989318
0.581965744349
1.0
0.25473470071
0.581976068049
1.0
0.255347341493
0.583127958411
1.0
0.255355124824
0.583114520994
1.0
0.254283580411
0.584794231936
1.0
0.254281638968
0.584845932351
1.0
0.256726321107
0.587810795148
1.0
0.256729053016
0.58782373637
1.0
0.254467767139
0.588188275241
1.0
0.254467767139
0.588188275241
1.0
0.254470309458
0.588239536858
1.0
0.241693661569
0.584922306147
1.0
0.241695721377
0.584963609353
1.0
0.230790691664
0.583142069379
1.0
0.230777966914
0.583161378045
1.0
0.226957772252
0.586646619523
1.0
0.226957772252
0.586646619523
1.0
0.226891187708
0.586850882407
1.0
0.228447326007
0.587840396224
1.0
0.22837337203
0.588069062297
1.0
0.228312060825
0.588435766035
1.0
0.228293535369
0.588583096922
1.0
0.228715295942
0.588711573519
1.0
0.228718200639
0.588754721061
1.0
0.230783596053
0.591604937565
1.0
0.230792675197
0.591581483361
1.0
0.230792675197
0.591581483361
1.0
0.232469637437
0.590781482736
1.0
0.232469574591
0.590818895854
1.0
0.231772834288
0.590129398116
1.0
0.231781312809
0.590123269993
1.0
0.232994789767
0.590643991178
1.0
0.233004716604
0.590635728038
1.0
0.232469329957
0.588285615552
1.0
0.232476265496
0.588264154601
1.0
0.232476265496
0.588264154601
1.0
0.234542496715
0.588169994984
1.0
0.234552992671
0.588119778487
1.0
0.234090471417
0.587817658598
1.0
0.234100387366
0.587768214171
1.0
0.235481341443
0.588527306747
1.0
0.235489963562
0.588507745936
1.0
0.235625626407
0.589886339227
1.0
0.235630226558
0.589894476743
1.0
0.235630226558
0.589894476743
1.0
0.233570527334
0.584785852486
1.0
0.233579137907
0.584746207116
1.0
0.236363285482
0.585944256604
1.0
0.236364419089
0.585919833293
1.0
0.238039869621
0.586114760114
1.0
0.238049346264
0.586069484133
1.0
0.238270618087
0.584921098687
1.0
0.238274393763
0.584904026994
1.0
0.240016497873
0.584411909282
1.0
0.240016497873
0.584411909282
1.0
0.240025213206
0.584351396569
1.0
0.240931327367
0.584263842117
1.0
0.240944990832
0.584200620385
1.0
0.241154080203
0.58342891533
1.0
0.241158885992
0.583405417594
1.0
0.241346329296
0.581919249427
1.0
0.241360541968
0.581868525862
1.0
0.241360541968
0.581868525862
1.0
0.240602090677
0.58065741689
1.0
0.240607331655
0.580604479025
1.0
0.242580196991
0.579923052661
1.0
0.24258291262
0.579913287505
1.0
0.244345647216
0.57939098001
1.0
0.244354368601
0.579347151044
1.0
0.244232335286
0.579576619938
1.0
0.244243059433
0.579511530727
1.0
0.246043129387
0.578944622694
1.0
0.246043129387
0.578944622694
1.0
0.246052840831
0.578914945875
1.0
0.247422928649
0.577736814885
1.0
0.24742409819
0.577759091458
1.0
0.248199025308
0.577433816749
1.0
0.24820665176
0.577369532777
1.0
0.247948507579
0.574920752771
1.0
0.247959336157
0.57488300837
1.0
0.247509492673
0.573788430978
1.0
0.247509492673
0.573788430978
1.0
0.247516131738
0.573718746156
1.0
0.249849983333
0.571294326503
1.0
0.249863542828
0.571220020411
1.0
0.250781595112
0.570766459844
1.0
0.250793648518
0.570686066147
1.0
0.251254390047
0.567481833257
1.0
0.251273720625
0.567343564611
1.0
0.250056629445
0.564629710576
1.0
0.250056629445
0.564629710576
1.0
0.250069561216
0.564562255301
1.0
0.251879837867
0.563689223724
1.0
0.251896184901
0.563592697664
1.0
0.251759846535
0.561941000038
1.0
0.251765736955
0.561880282731
1.0
0.2509880888
0.558618572189
1.0
0.251003035211
0.558473475097
1.0
0.251003035211
0.558473475097
1.0
0.249288431431
0.555762298121
1.0
0.249300717745
0.555680169862
1.0
0.254370459579
0.556615518969
1.0
0.254383884839
0.556539740464
1.0
0.254277225881
0.554095399883
1.0
0.254288213427
0.554030283724
1.0
0.255104463909
0.554462741819
1.0
0.255113278325
0.554421264367
1.0
0.256070229905
0.55296134748
1.0
0.256070229905
0.55296134748
1.0
0.256089136055
0.552862125733
1.0
0.256068115727
0.552046174236
