0.99
0.559156467553
0.81281376653
0.99
0.558925459476
0.813177593308
0.99
0.558382056577
0.813302480832
0.99
0.558550390176
0.814175160401
0.99
0.557838286015
0.814165716557
0.99
0.557138858807
0.809792965008
0.99
0.551776451913
0.794971315238
0.99
0.545842589729
0.774927196945
0.99
0.538689420944
0.756633572866
0.99
0.530146939246
0.736716087389
0.99
0.530146939246
0.736716087389
0.99
0.528733220031
0.728324317618
0.99
0.52314075348
0.707764564531
0.99
0.522248715473
0.700316590159
0.99
0.517635070919
0.682132066275
0.99
0.515904246602
0.672893803168
0.99
0.511891610018
0.654595049078
0.99
0.510563470552
0.646805143686
0.99
0.510563470552
0.646805143686
0.99
0.509049225488
0.631191817117
0.99
0.50811454055
0.623295804108
0.99
0.505978846825
0.605456114367
0.99
0.50549878329
0.598470942603
0.99
0.502776427017
0.582237066469
0.99
0.502462277765
0.57881271796
0.99
0.500046264396
0.563384834507
0.939211850872
0.499892535597
0.560543528215
0.939211850872
0.499892535597
0.560543528215
0.939211850872
0.49912261463
0.545390551371
0.99
0.50040404993
0.538674921314
1.0
0.499817907471
0.529330948075
1.0
0.49932875856
0.52140049577
1.0
0.499158314627
0.514560356187
1.0
0.499238109098
0.510088492375
1.0
0.499238109098
0.510088492375
0.966863278634
0.499200329002
0.506269829036
0.966863278634
0.499430180902
0.505635258053
1.0
0.500488703941
0.501923889753
1.0
0.500864825059
0.502835593359
1.0
0.501250896203
0.501396031301
1.0
0.501463423542
0.502398106853
1.0
0.501486607728
0.504623259133
1.0
0.501486607728
0.504623259133
1.0
0.501680839231
0.505462197685
1.0
0.502005472325
0.507044980019
1.0
0.502193824945
0.508012260963
1.0
0.502140144231
0.51006713625
1.0
0.502173043805
0.510904823314
1.0
0.502287141336
0.513152720434
1.0
0.502589922581
0.514134705873
1.0
0.502680509893
0.515652679006
1.0
0.502675169638
0.516328839187
1.0
0.502675169638
0.516328839187
1.0
0.502680680006
0.51858151287
1.0
0.502859610242
0.519662750831
1.0
0.503073749672
0.521439555749
1.0
0.503065336558
0.52139101715
1.0
0.50303518296
0.523459304079
1.0
0.502456277494
0.520437065099
1.0
0.502251917096
0.521980284826
0.99
0.500622017637
0.514612502898
0.99
0.500622017637
0.514612502898
0.99
0.500782087023
0.515477294017
1.0
0.500271727564
0.512787569667
1.0
0.500243156108
0.509414123845
1.0
0.499871841905
0.507802113235
1.0
0.49911003045
0.497879015412
1.0
0.498864786229
0.496449313931
1.0
0.498466728702
0.486639249287
1.0
0.498466728702
0.486639249287
1.0
0.498499144756
0.486151036187
1.0
0.497054356575
0.480219114058
1.0
0.497352354477
0.480337347642
1.0
0.4968313931
0.475813480575
1.0
0.496854143962
0.476172608262
1.0
0.496921619892
0.47548674999
1.0
0.496990461901
0.476161845292
1.0
0.496729988074
0.477446791998
1.0
0.496670474933
0.478069990932
1.0
0.496670474933
0.478069990932
1.0
0.4963563005
0.479706957433
1.0
0.496356024213
0.480213438967
1.0
0.49627341122
0.48211893358
1.0
0.49630837955
0.482666141587
1.0
0.496096588011
0.484344844849
1.0
0.496157902477
0.48486131474
1.0
0.495961533274
0.485857040548
1.0
0.495882634406
0.486224180057
1.0
0.495882634406
0.486224180057
1.0
0.495783004906
0.487497969025
1.0
0.495697041074
0.48769715386
1.0
0.495496693345
0.489079576563
1.0
0.49539839877
0.489113664894
1.0
0.49485237185
0.490524512966
1.0
0.494677804278
0.490670574581
1.0
0.494588151375
0.491213131275
1.0
0.494600304544
0.49152083933
1.0
0.494600304544
0.49152083933
1.0
0.494467948121
0.492665616397
1.0
0.494261419885
0.49279623911
1.0
0.493962367438
0.49353711167
1.0
0.493837789701
0.493762837386
1.0
0.493615100026
0.495104076126
1.0
0.493518594162
0.495429011468
1.0
0.493118739349
0.496408288482
1.0
0.492890692369
0.496625665447
1.0
0.492890692369
0.496625665447
1.0
0.492544747793
0.497731250539
1.0
0.492441058479
0.498025820269
1.0
0.492374941466
0.498958331
1.0
0.492285273626
0.499294401525
1.0
0.491882791636
0.500402862611
1.0
0.491639252954
0.500443467806
1.0
0.491294816204
0.501586070854
1.0
0.491182955477
0.501905968378
1.0
0.491182955477
0.501905968378
1.0
0.490968288249
0.502997077505
1.0
0.475663630372
0.464350097303
1.0
0.475511796526
0.465037602353
1.0
0.475168244837
0.465314992995
1.0
0.474892827441
0.466108684335
1.0
0.474680747936
0.466198306956
1.0
0.474548949385
0.466873604188
1.0
0.474127803057
0.467248405456
1.0
0.474127803057
0.467248405456
1.0
0.473775192975
0.468109574093
1.0
0.473361252782
0.46814851247
1.0
0.473243877065
0.46878936111
1.0
0.472945864909
0.469050658642
1.0
0.472679689182
0.469954262016
1.0
0.472260515579
0.470356545783
1.0
0.471999065804
0.471386657402
1.0
0.47198025415
0.471251809687
1.0
0.47198025415
0.471251809687
1.0
0.471764048329
0.472168830794
1.0
0.471621060448
0.472524291127
1.0
0.471516057863
0.473079655682
1.0
0.471200498442
0.47354281891
1.0
0.471215060759
0.473471781897
1.0
0.470954832882
0.473622729237
1.0
0.470738894235
0.474287506705
1.0
0.470744340494
0.474684103169
1.0
0.470744340494
0.474684103169
1.0
0.470727371076
0.475414415184
1.0
0.470374311239
0.475700320917
1.0
0.470235242971
0.476288152839
1.0
0.470608166691
0.477509559852
1.0
0.470489511521
0.478508237039
1.0
0.474830007121
0.483774880021
1.0
0.4746507782
0.484686344878
1.0
0.4746507782
0.484686344878
0.99
0.484785843046
0.497144899252
0.99
0.484796341444
0.497941580164
0.99
0.494249001217
0.511525354989
