1.0
0.478653954176
0.573815378325
1.0
0.473720216876
0.563993143482
1.0
0.473747562396
0.564357824682
1.0
0.468356331116
0.552267605645
1.0
0.467807816195
0.549002676733
1.0
0.462162088214
0.537640699184
1.0
0.460049320286
0.532588609065
1.0
0.458562514409
0.528982839006
1.0
0.456332478696
0.520483288304
1.0
0.456332478696
0.520483288304
1.0
0.457237959714
0.522020229647
1.0
0.454905955406
0.517020286671
1.0
0.454712813599
0.517081397964
1.0
0.45465389019
0.513435731035
1.0
0.454870916149
0.513194471307
1.0
0.454695951472
0.514286217369
1.0
0.454294332552
0.514927620498
1.0
0.454086004875
0.515296183832
1.0
0.454086004875
0.515296183832
1.0
0.454903021343
0.516553763711
1.0
0.454936960353
0.516614126489
1.0
0.455216303172
0.516610594585
1.0
0.455269737859
0.517758537808
1.0
0.455254897782
0.517855867625
1.0
0.455255685633
0.517945165966
1.0
0.455436283474
0.518236326491
1.0
0.455290505665
0.518695526697
1.0
0.455290505665
0.518695526697
1.0
0.455131546185
0.518794220019
1.0
0.455342229188
0.519858029138
1.0
0.455803645938
0.520124245138
1.0
0.455585150004
0.520253555904
1.0
0.455755773384
0.521206150668
1.0
0.455826678175
0.521210019991
1.0
0.455551271301
0.521032467477
1.0
0.455562861246
0.521744960641
1.0
0.455562861246
0.521744960641
1.0
0.45577569407
0.522211153023
1.0
0.455674269306
0.522556341244
1.0
0.456008488913
0.523318765245
1.0
0.455968284843
0.523455845219
1.0
0.456015097745
0.523698648768
1.0
0.456004447645
0.523953922009
1.0
0.456031303298
0.524380238733
1.0
0.456079772768
0.524775565321
1.0
0.456366971112
0.525091644301
1.0
0.456366971112
0.525091644301
1.0
0.456474350171
0.525699156269
1.0
0.456687737876
0.526548760961
1.0
0.45682847485
0.52646833102
1.0
0.45601249998
0.526362190204
1.0
0.455945072294
0.526804824738
1.0
0.456740053124
0.527521541267
1.0
0.456577623683
0.528118075049
1.0
0.456577623683
0.528118075049
1.0
0.456549671853
0.52827769172
1.0
0.456616067473
0.528182378934
1.0
0.456806528109
0.528030144311
1.0
0.45689446373
0.528732410876
1.0
0.457187640408
0.528867173656
1.0
0.457260447573
0.528859808228
1.0
0.457637066118
0.528688741753
1.0
0.457588445452
0.529277752063
1.0
0.457588445452
0.529277752063
1.0
0.457283071475
0.529203143697
1.0
0.457453340004
0.528709065968
1.0
0.457760627629
0.528707995664
1.0
0.457726609123
0.528116332986
1.0
0.457658296575
0.527776710336
1.0
0.457617666446
0.527392342299
1.0
0.458090455363
0.527925133815
1.0
0.458086114908
0.528609547282
1.0
0.458086114908
0.528609547282
1.0
0.457993921796
0.528980952717
1.0
0.458033724101
0.52964832932
1.0
0.458346716512
0.529711219541
1.0
0.458258942375
0.529911218123
1.0
0.455741057632
0.527764104807
1.0
0.455824976538
0.527635454973
0.99
0.441697601004
0.515176504694
0.99
0.441723254609
0.515383656345
0.99
0.441723254609
0.515383656345
0.99
0.419426374694
0.498712156371
0.99
0.418483984895
0.499720750627
0.99
0.399320932055
0.484723699747
0.99
0.381273684494
0.509106256172
0.954630610288
0.371917959273
0.501627493757
0.99
0.364283489302
0.496425143555
0.99
0.364283489302
0.496425143555
0.99
0.361748607069
0.493680613462
0.99
0.357152753492
0.500680543832
0.99
0.358022134433
0.501156053503
1.0
0.357690456307
0.502021749829
1.0
0.357916862018
0.502323284849
1.0
0.358108945257
0.502166742958
1.0
0.358225849056
0.503124881886
1.0
0.358112437384
0.503519049239
1.0
0.359542234438
0.504719787689
1.0
0.359764402007
0.504534466981
1.0
0.359764402007
0.504534466981
1.0
0.359697290614
0.503480505493
1.0
0.359685049118
0.503181080525
1.0
0.359834106179
0.503775171209
1.0
0.360089236846
0.504274869854
1.0
0.359809449864
0.504110316113
1.0
0.359991747996
0.503907895365
1.0
0.36044435715
0.504580918276
1.0
0.36044435715
0.504580918276
1.0
0.360334353759
0.505208732138
1.0
0.360421377078
0.505813436094
1.0
0.360602563629
0.505895837488
1.0
0.360459961819
0.506606324073
1.0
0.360424056453
0.506789824573
1.0
0.360765530392
0.506649645125
1.0
0.360954475974
0.506676761982
1.0
0.360810030276
0.506736259828
1.0
0.360810030276
0.506736259828
1.0
0.360871045286
0.50694717418
1.0
0.361025170838
0.507125030989
1.0
0.361147411332
0.507655121789
1.0
0.360736785261
0.507296109149
1.0
0.360736115619
0.507678613405
1.0
0.361833964311
0.508222719973
1.0
0.361909322785
0.50853035095
1.0
0.372161348484
0.515650049989
1.0
0.372161348484
0.515650049989
1.0
0.372249123818
0.515666374408
0.99
0.390981956589
0.53065901051
0.99
0.391083247035
0.530617810754
0.99
0.405220436206
0.540832880001
0.99
0.407557483009
0.537844526703
1.0
0.415978725725
0.542710816315
0.99
0.421443321387
0.536784079061
0.99
0.421443321387
0.536784079061
