0.99
0.566227721926
0.185122898077
0.800861261507
0.555156674842
0.193801657862
0.800861261507
0.553567321733
0.202196795826
0.800861261507
0.800186727035
-0.0262190840351
0.800861261507
0.800186727035
-0.0262190840351
0.800861261507
0.800186727035
-0.0262190840351
0.702593728755
0.404518358228
-0.31635513145
0.702593728755
0.196691017272
-0.126777911256
0.702593728755
0.161110367982
-0.014120828974
0.702593728755
0.161110367982
-0.014120828974
0.702593728755
0.161110367982
-0.014120828974
0.702593728755
0.161110367982
-0.014120828974
0.89755446015
0.402741596498
0.390733212747
0.89755446015
0.640437743888
0.285649040058
0.89755446015
0.700428135114
0.233813747541
0.89755446015
0.692604523892
0.245827613023
0.89755446015
0.696097693111
0.243784029544
0.89755446015
0.690320388168
0.250994918525
0.89755446015
0.690320388168
0.250994918525
0.89755446015
0.684316494353
0.252507364362
0.89755446015
0.677799940894
0.258957205751
0.89755446015
0.386316304346
0.635248329743
0.931037831801
0.386146910175
0.639206377873
0.931037831801
0.389344516833
0.670658269231
0.970776584906
0.386166204444
0.70343394213
0.99
0.387478012651
0.709772222693
0.99
0.387545262407
0.715114734241
0.99
0.387545262407
0.715114734241
1.0
0.387244990115
0.725622426382
1.0
0.385865353121
0.724336280183
1.0
0.385663437248
0.730752761341
1.0
0.383546702411
0.728713294124
1.0
0.384196227249
0.726706747771
1.0
0.383570074074
0.726468547563
1.0
0.384463281265
0.725257183811
1.0
0.382925680046
0.723806308573
1.0
0.382925680046
0.723806308573
1.0
0.38334452112
0.723319978789
1.0
0.383438697332
0.724412011702
1.0
0.383824901743
0.723511335966
1.0
0.383772226897
0.723640126097
1.0
0.384048200236
0.723537592914
1.0
0.383389242131
0.724447143988
1.0
0.383602260721
0.724302855768
1.0
0.383602260721
0.724302855768
1.0
0.383200534892
0.724221394617
1.0
0.383549875497
0.723606044637
1.0
0.383232394838
0.724803483151
1.0
0.38320012229
0.725416781681
1.0
0.382502955578
0.725722129198
1.0
0.382775544661
0.727395290723
1.0
0.383140625056
0.728323033659
1.0
0.383053664293
0.729329962339
1.0
0.383053664293
0.729329962339
1.0
0.382713946826
0.729350607123
1.0
0.38278241711
0.729500007356
1.0
0.381890313416
0.729399920241
1.0
0.381711461135
0.730882245871
1.0
0.381063339138
0.730470008276
1.0
0.380906187039
0.731960152705
1.0
0.38035824375
0.732316936776
1.0
0.380540703861
0.732573298891
1.0
0.379436818646
0.73291227983
1.0
0.379052688429
0.733065376027
1.0
0.379052688429
0.733065376027
1.0
0.378231414876
0.732848599965
1.0
0.377740765838
0.734753142995
1.0
0.377804106899
0.734515200165
1.0
0.37766016899
0.734873012687
1.0
0.375897925156
0.735229370909
1.0
0.375731198501
0.736095602068
1.0
0.375731198501
0.736095602068
1.0
0.375366405374
0.73650351715
1.0
0.375162277881
0.737074636458
1.0
0.374325374865
0.737354461147
1.0
0.374099322804
0.737080680119
1.0
0.373902218991
0.737598309947
1.0
0.373477371086
0.739635956087
1.0
0.373451592673
0.739287175719
1.0
0.372995883697
0.739914047729
1.0
0.372479572806
0.739979004241
1.0
0.372739105568
0.738527895217
1.0
0.372739105568
0.738527895217
1.0
0.372040603177
0.737963879868
1.0
0.371628569235
0.739720185515
1.0
0.371133402212
0.740159382732
1.0
0.37095457358
0.741049703033
1.0
0.371157315577
0.73761139694
1.0
0.371098471412
0.738105027369
1.0
0.36910660474
0.737874986327
1.0
0.36910660474
0.737874986327
1.0
0.369070810324
0.738810767971
1.0
0.369192863713
0.741296953718
1.0
0.369028090868
0.740919654838
1.0
0.369564084499
0.739808586991
1.0
0.369347101856
0.74036753058
1.0
0.374586845472
0.740960097238
1.0
0.374235071551
0.741789044353
1.0
0.374235071551
0.741789044353
1.0
0.376750368694
0.741065214069
1.0
0.37628539965
0.741040517401
1.0
0.372574740637
0.738911474528
1.0
0.37270422954
0.737972679159
1.0
0.370242688951
0.736883838294
1.0
0.370796044095
0.735948072971
1.0
0.369268106583
0.734149173655
1.0
0.370697907196
0.731835987401
1.0
0.369775350412
0.73100105771
1.0
0.369630397505
0.730290319022
1.0
0.369630397505
0.730290319022
1.0
0.369073295654
0.729044139498
1.0
0.368437376118
0.729915956811
1.0
0.368130581708
0.728716735961
1.0
0.367614133871
0.727048566572
1.0
0.367065585957
0.726666578474
1.0
0.36685104886
0.726344385229
1.0
0.366459517967
0.725136691077
1.0
0.366184018887
0.723794189723
1.0
0.366184018887
0.723794189723
1.0
0.365357425037
0.72190486394
1.0
0.365355226561
0.7204043039
1.0
0.365782304177
0.720000430337
1.0
0.365737400037
0.719637598543
1.0
0.365539489171
0.71905148824
1.0
0.365432116638
0.718421713517
1.0
0.365640150282
0.718430607392
1.0
0.365640150282
0.718430607392
1.0
0.365345947595
0.717902420277
1.0
0.366027835248
0.718057888909
1.0
0.366149343493
0.717009292412
1.0
0.366182437411
0.71695601207
1.0
0.366292062176
0.716708184247
1.0
0.36670190693
0.717137851698
1.0
0.366551732861
0.717488772369
1.0
0.36734160287
0.717763936045
1.0
0.367460795707
0.716987236861
1.0
0.367460795707
0.716987236861
1.0
0.367422650048
0.71806124698
1.0
0.367693630233
0.716816873139
1.0
0.367683968098
0.715872930569
1.0
0.367703293465
0.717400702793
1.0
0.368628588605
0.717642818028
1.0
0.368608872624
0.718740998937
1.0
0.368608872624
0.718740998937
1.0
0.368657191527
0.720792834178
1.0
0.368835093598
0.721457652357
1.0
0.370496377971
0.724243217009
1.0
0.37076400457
0.723481968444
1.0
0.371324059995
0.723845740647
1.0
0.371397626585
0.724305779241
1.0
0.372397523843
0.726165028225
1.0
0.372683939959
0.725915508605
1.0
0.372467541499
0.725750116441
1.0
0.37253537297
0.727562803717
1.0
0.37253537297
0.727562803717
1.0
0.373962187983
0.729826795905
1.0
0.374193527178
0.730725617312
1.0
0.374907492065
0.732608835584
1.0
0.374884645008
0.734059068751
1.0
0.376337105422
0.73539505076
1.0
0.376839297597
0.736652735301
1.0
0.376012446114
0.735677474614
1.0
0.376012446114
0.735677474614
1.0
0.376273565562
0.735895126192
1.0
0.378571970424
0.737762262041
1.0
0.378654457029
0.738909278996
1.0
0.379053746205
0.73924059768
1.0
0.379061038892
0.740326558471
1.0
0.379874920812
0.741700422915
1.0
0.380072902269
0.742590241406
1.0
0.380072902269
0.742590241406
1.0
0.38135738239
0.743311714875
1.0
0.381429993329
0.744031590658
1.0
0.381661535416
0.7433243553
1.0
0.381853358297
0.744104243909
1.0
0.382244518544
0.74511848116
1.0
0.382694982211
0.74475754993
1.0
0.384850948267
0.744771063831
1.0
0.385033639512
0.745102553264
1.0
0.385033639512
0.745102553264
1.0
0.385169223817
0.745537719511
1.0
0.38517211525
0.74648888325
1.0
0.385138562544
0.748409997359
1.0
0.385445930477
0.747913847389
1.0
0.385890545542
0.748272493774
1.0
0.385810223522
0.74952634533
1.0
0.385932762127
0.749507933768
1.0
0.386111834027
0.749979818982
1.0
0.386111834027
0.749979818982
1.0
0.386683566159
0.75134882415
1.0
0.386795385333
0.752193080633
1.0
0.387873753903
0.753335074254
1.0
0.388371690138
0.751950575267
1.0
0.387561822762
0.751066366085
1.0
0.38764331642
0.751359844416
1.0
0.388193525778
0.748045075519
1.0
0.388385722935
0.749404401205
1.0
0.388332374015
0.750734856841
1.0
0.388332374015
0.750734856841
1.0
0.388782260488
0.750625222082
1.0
0.389960556196
0.754140374281
1.0
0.390131527811
0.754610884528
1.0
0.390693777161
0.755367004426
1.0
0.390716442437
0.754006232744
1.0
0.390914895288
0.753552960078
1.0
0.391165995348
0.752559720233
1.0
0.391165995348
0.752559720233
1.0
0.39182490147
0.753828306709
1.0
0.391991612679
0.755638788261
1.0
0.392088246748
0.755836067958
1.0
0.39218066986
0.756304158464
1.0
0.391863337243
0.756696291486
1.0
0.392194919672
0.756086904005
1.0
0.393969951084
0.757103801237
1.0
0.393950737352
0.757621519827
1.0
0.393950737352
0.757621519827
1.0
0.393667974476
0.75112463761
1.0
0.393564541094
0.75275433112
0.99
0.397223622019
0.728157463747
0.99
0.397332378837
0.728293836021
0.99
0.405475190258
0.699015250656
0.99
0.405351656189
0.699149348478
0.99
0.416047664426
0.665935334639
0.99
0.416217650209
0.665575623159
0.99
0.427690652487
0.634979334665
0.99
0.431013143228
0.619714496268
0.99
0.431013143228
0.619714496268
0.99
0.444945517352
0.592239223505
0.99
0.455014278653
0.548599787778
0.99
0.467932671719
0.524248661283
0.99
0.480024033514
0.478042747079
0.99
0.48858286043
0.454463516408
0.99
0.500808850051
0.399364768536
0.99
0.500808850051
0.399364768536
0.99
0.504808496055
0.380821773172
0.99
0.517326210265
0.328289142064
0.99
0.519372135172
0.319710953314
0.99
0.531569031278
0.260100977886
0.99
0.534689992515
0.26231060096
0.99
0.540874398447
0.221842523209
0.99
0.543410923856
0.224306508478
0.99
0.547676625604
0.192960348422
0.99
0.547676625604
0.192960348422
0.99
0.549406377704
0.196069979319
1.0
0.548927984801
0.190375413492
1.0
0.549625262235
0.190760206887
1.0
0.54894422632
0.188091975747
1.0
0.549263499374
0.188933095461
1.0
0.547830526328
0.189103040839
1.0
0.548651971911
0.190989971944
1.0
0.548503702489
0.189956144346
1.0
0.54939361165
0.191516631648
1.0
0.54939361165
0.191516631648
1.0
0.549359860049
0.19163092553
1.0
0.549449478941
0.191880281147
1.0
0.549377577272
0.193185796365
1.0
0.549977314805
0.194737815263
1.0
0.549443956854
0.197254318164
1.0
0.550375574711
0.198128882306
1.0
0.549874743898
0.202621272836
1.0
0.549874743898
0.202621272836
1.0
0.550427709932
0.203380097414
1.0
0.550383667135
0.204202735458
1.0
0.550525380405
0.204730578008
1.0
0.550543518852
0.205864984185
1.0
0.551115231346
0.205604233429
1.0
0.551183049192
0.206810972979
1.0
0.551474431648
0.206780499139
1.0
0.551425014934
0.208327898373
1.0
0.551425014934
0.208327898373
1.0
0.551768001766
0.208648635912
1.0
0.55182613838
0.209438203309
1.0
0.552291599035
0.209535375855
1.0
0.552584708614
0.209689113531
1.0
0.55259611609
0.209676554474
1.0
0.552386876831
0.209863173169
1.0
0.553297612673
0.210610176263
1.0
0.553755641388
0.210864550107
1.0
0.554245189367
0.211083966758
1.0
0.554245189367
0.211083966758
1.0
0.554231878078
0.21185997698
1.0
0.554354703011
0.211730568044
1.0
0.554948023032
0.210267833426
1.0
0.555159896897
0.209654110496
1.0
0.554688752943
0.211022638554
1.0
0.555155922643
0.211478574459
1.0
0.555744102168
0.209065947751
1.0
0.556210250546
0.208790204592
1.0
0.556210250546
0.208790204592
1.0
0.556290187218
0.208836499447
1.0
0.556520308904
0.209384865631
1.0
0.556722172926
0.208506530016
1.0
0.557189765236
0.208469410621
1.0
0.557124885341
0.20903271218
1.0
0.557626671834
0.209503038876
1.0
0.557901387471
0.209199421651
1.0
0.558212090978
0.209221914514
1.0
0.5587335261
0.207050224142
1.0
0.5587335261
0.207050224142
1.0
0.559605920231
0.207412926426
1.0
0.559343296353
0.208493552404
1.0
0.559364530086
0.208204695726
1.0
0.559633274205
0.208309763366
1.0
0.559698371113
0.208310799038
1.0
0.559924121566
0.206994432965
1.0
0.559924121566
0.206994432965
1.0
0.559597172557
0.205653653128
1.0
0.559874964452
0.204062065783
1.0
0.554761228233
0.194073015239
1.0
0.554765318186
0.194791679068
1.0
0.549635539189
0.186222797417
1.0
0.549667098779
0.186540207196
1.0
0.54839682243
0.185824055754
1.0
0.548737418848
0.182489778754
1.0
0.548847058405
0.182968468204
1.0
0.548847058405
0.182968468204
1.0
0.546414333635
0.182633495504
1.0
0.546694460797
0.182868032428
1.0
0.54391428874
0.183611049959
1.0
0.543872096004
0.183645742404
0.935173018469
0.542168285986
0.182854218083
0.935173018469
0.54241665571
0.183056556129
1.0
0.541702977889
0.184017082688
1.0
0.541624465173
0.183851543224
1.0
0.541624465173
0.183851543224
1.0
0.542003310368
0.183448314173
1.0
0.541290594268
0.183072782538
1.0
0.541526696279
0.181437383905
1.0
0.541704489283
0.181292076131
1.0
0.541271503665
0.181565956911
1.0
0.540657634651
0.18158479738
1.0
0.5407200295
0.181824368381
1.0
0.540846087853
0.182144731952
1.0
0.540846087853
0.182144731952
1.0
0.54077784051
0.180888176515
1.0
0.540810379875
0.180818084513
1.0
0.540599838736
0.180371151096
1.0
0.540706847769
0.180426996944
1.0
0.540474862029
0.181452702266
1.0
0.540741553589
0.181437943575
1.0
0.540799568275
0.182428459089
1.0
0.540799568275
0.182428459089
1.0
0.540738535391
0.182635700315
1.0
0.540856678594
0.181559136024
1.0
0.541122841127
0.181931011102
1.0
0.541258663567
0.18103341311
1.0
0.541006076605
0.180468519288
1.0
0.540668025555
0.180300440458
1.0
0.540469501914
0.180207186711
1.0
0.540612638423
0.180530014581
1.0
0.540612638423
0.180530014581
1.0
0.541114599387
0.181552086793
1.0
0.540562608549
0.184738413161
1.0
0.540397140189
0.184666019936
1.0
0.540947687535
0.184755623296
1.0
0.540908563858
0.18541600246
1.0
0.540938044366
0.18470061242
1.0
0.540722647923
0.184696519461
1.0
0.540928485297
0.183839995209
1.0
0.54052403612
0.18412623319
1.0
0.54052403612
0.18412623319
1.0
0.54024844323
0.184217574803
1.0
0.539666973104
0.184244480412
1.0
0.539822450957
0.185558382861
1.0
0.539381697038
0.186245622005
1.0
0.539000975624
0.186314567214
1.0
0.538424532934
0.186201143902
1.0
0.538163911319
0.189084134334
1.0
0.538142129644
0.1898902852
1.0
0.538142129644
0.1898902852
1.0
0.538555147563
0.18788955116
1.0
0.538211427723
0.188097588486
1.0
0.538196595439
0.189293770196
1.0
0.537686875934
0.190816952486
1.0
0.537161196396
0.19215791124
1.0
0.537152257155
0.192176071692
0.997373183513
0.537150362853
0.193046474238
0.997373183513
0.536851742981
0.193451774821
0.997373183513
0.536851742981
0.193451774821
1.0
0.536639703955
0.194741036862
1.0
0.536464979747
0.194912395176
1.0
0.536054802095
0.194625517505
1.0
0.536205540364
0.195432096505
1.0
0.536297673428
0.195454480072
1.0
0.535860348462
0.195626672461
1.0
0.535402247937
0.196092090283
1.0
0.535402247937
0.196092090283
1.0
0.535151585049
0.196569345219
1.0
0.535131454551
0.198171808066
1.0
0.535064975233
0.198610510966
1.0
0.535107808709
0.199628363869
1.0
0.534910973863
0.200051182619
1.0
0.534643969426
0.200829736002
1.0
0.534523550912
0.201424081182
1.0
0.534563615326
0.202733083054
1.0
0.534563615326
0.202733083054
1.0
0.534336953824
0.202484899701
1.0
0.534332568064
0.202097394355
1.0
0.534407050194
0.202561873671
1.0
0.534106484693
0.20289253269
1.0
0.533765859946
0.20338910825
1.0
0.533104807761
0.205303503993
1.0
0.533200853052
0.205907191473
1.0
0.532986518638
0.208469341281
1.0
0.532506866814
0.207979702596
1.0
0.532506866814
0.207979702596
1.0
0.532630612989
0.208503003978
1.0
0.532848720405
0.209002902812
1.0
0.53277789593
0.207811837797
1.0
0.533004627091
0.208729092716
1.0
0.533180973768
0.20816977382
1.0
0.532806127809
0.207401648268
1.0
0.532806127809
0.207401648268
1.0
0.53238752726
0.210140078418
1.0
0.532830460108
0.210194088252
1.0
0.532759405065
0.208169563758
1.0
0.532925245972
0.208866573831
1.0
0.532887219152
0.20965445277
1.0
0.532976395454
0.209811357924
1.0
0.532921081089
0.210810846921
1.0
0.532739821111
0.211049282138
1.0
0.532802126445
0.209945061025
1.0
0.533015575574
0.209850742576
1.0
0.533015575574
0.209850742576
1.0
0.533069920421
0.210982272365
1.0
0.532988484006
0.211268947071
1.0
0.532784602152
0.211777309199
1.0
0.532805131976
0.211635936606
1.0
0.532756675337
0.21086928206
1.0
0.533110774536
0.211457348193
1.0
0.533158526942
0.210920029798
1.0
0.533349178814
0.211333684903
1.0
0.533349178814
0.211333684903
1.0
0.533200121392
0.212575137353
1.0
0.533507911708
0.212072204689
1.0
0.533486761293
0.213875336222
1.0
0.533637429893
0.214363339323
1.0
0.534011185842
0.212404152018
1.0
0.534355157377
0.212798691505
1.0
0.534682186556
0.21280968971
1.0
0.534682186556
0.21280968971
1.0
0.535073749612
0.212697031312
1.0
0.534716367504
0.212689855504
1.0
0.534970674288
0.212243533481
1.0
0.53539676069
0.210382648042
1.0
0.535598672389
0.211013533506
1.0
0.53608663419
0.210631943917
1.0
0.535915164277
0.210285582
1.0
0.53585748933
0.210930355656
1.0
0.53585748933
0.210930355656
1.0
0.536692603314
0.212713367355
1.0
0.536395760592
0.212989606755
1.0
0.536487416868
0.213317693724
1.0
0.537146399144
0.21189642118
1.0
0.537465744995
0.212715298904
1.0
0.537441815992
0.213060142786
1.0
0.537853462765
0.214699848284
1.0
0.537853462765
0.214699848284
1.0
0.537953152267
0.214842631376
1.0
0.538069418939
0.217029145104
1.0
0.53810672259
0.219720196933
1.0
0.538477466896
0.221703961742
1.0
0.538945352692
0.220522545877
1.0
0.539472177912
0.222700040066
1.0
0.539632758257
0.223902696214
1.0
0.539743073169
0.225489520067
1.0
0.540002944584
0.226888059021
1.0
0.540479029661
0.229931503462
1.0
0.540479029661
0.229931503462
1.0
0.540700727838
0.230973011499
1.0
0.540885560831
0.234507443917
1.0
0.541016860722
0.235921172113
1.0
0.541384971627
0.239068625808
1.0
0.54183284465
0.241443953406
1.0
0.541855343068
0.244135304871
1.0
0.541855343068
0.244135304871
1.0
0.542095900644
0.245087676831
1.0
0.546958342916
0.248099818829
1.0
0.547071489914
0.251220775236
0.979230153573
0.564424014271
0.267494000333
0.979230153573
0.565056598434
0.268782824887
0.979230153573
0.565531637817
0.271367815535
0.943965697736
0.567513826328
0.271354756937
0.943965697736
0.569532288647
0.268421277524
1.0
0.569618143101
0.267438002466
1.0
0.569618143101
0.267438002466
1.0
0.573697314611
0.260440949634
1.0
0.573565421373
0.258430338944
0.858162475395
0.573840603557
0.256856167769
0.858162475395
0.574062636995
0.256364050359
0.967270490967
0.57363291284
0.256743679704
0.967270490967
0.573657055985
0.254940446508
0.984844420401
0.582011955783
0.245410176011
0.984844420401
0.581138041773
0.244557550254
0.984844420401
0.581138041773
0.244557550254
0.994092869113
0.581613167149
0.241559795101
0.994092869113
0.580722041198
0.240897689194
1.0
0.580916673636
0.242610464899
1.0
0.579598840828
0.242471939344
1.0
0.579172475095
0.242060295039
1.0
0.578131800238
0.24156252462
1.0
0.577828152534
0.244101898747
1.0
0.577828152534
0.244101898747
1.0
0.577153965715
0.244656286639
1.0
0.577177213614
0.244028786501
1.0
0.576370894805
0.244034333524
1.0
0.575681639395
0.245166029385
1.0
0.574489649133
0.2445324809
1.0
0.574166772029
0.246869853254
1.0
0.573238113853
0.246656782853
1.0
0.572743003385
0.248872127783
1.0
0.571680271034
0.249029904113
1.0
0.571416711716
0.249059787331
1.0
0.571416711716
0.249059787331
1.0
0.570044601824
0.248364212088
1.0
0.569460128428
0.251957092495
1.0
0.568364418683
0.25148573681
1.0
0.567916969779
0.252432348069
1.0
0.566534223952
0.252140830038
1.0
0.566046704152
0.253131657549
1.0
0.5645532899
0.251947286376
1.0
0.5645532899
0.251947286376
1.0
0.564094572958
0.252984050844
1.0
0.562535743673
0.252275598676
1.0
0.562360844121
0.253814014441
1.0
0.561241390053
0.252624443185
1.0
0.561168859541
0.251358011263
1.0
0.559706905451
0.25043455477
1.0
0.559107907965
0.25328436081
1.0
0.557470645811
0.251394313614
1.0
0.557470645811
0.251394313614
1.0
0.556901757489
0.252613895964
1.0
0.555240121335
0.250054408919
1.0
0.554656976
0.249564866986
1.0
0.552866683709
0.247115745089
1.0
0.552573148804
0.24717303796
1.0
0.550918545836
0.244857240815
1.0
0.550190372199
0.245183652869
1.0
0.548275281133
0.243056463866
1.0
0.548275281133
0.243056463866
1.0
0.547418312499
0.243024153911
1.0
0.546128151907
0.240784200277
1.0
0.545592662356
0.240487388409
1.0
0.544418901726
0.238485370534
1.0
0.543565662488
0.239113265374
1.0
0.541995125752
0.236636703914
1.0
0.541275781067
0.237146434503
1.0
0.539979596939
0.235028781992
1.0
0.539979596939
0.235028781992
1.0
0.539575771754
0.233609184397
1.0
0.538666082381
0.231676119704
1.0
0.53820353999
0.231140495608
1.0
0.536859456908
0.229427580161
1.0
0.536420414092
0.22884276093
1.0
0.535003518426
0.226265307319
1.0
0.534079661533
0.227610363447
1.0
0.533355161161
0.225681088638
1.0
0.533355161161
0.225681088638
1.0
0.532947662027
0.223941014106
1.0
0.531903769404
0.221516399172
1.0
0.531311823415
0.221127257107
1.0
0.53027006446
0.218853625222
1.0
0.530258076476
0.218285712422
1.0
0.529302034226
0.216082567554
1.0
0.528921376458
0.216086558995
1.0
0.528187906026
0.213676401492
1.0
0.528187906026
0.213676401492
1.0
0.527825605086
0.21289655215
0.600837325604
0.523133018081
0.209496398986
0.600837325604
0.523201321894
0.206102637284
1.0
0.52636839349
0.206445958404
1.0
0.526063579964
0.206818129538
1.0
0.525478940689
0.204347189446
1.0
0.525369786787
0.203273288463
1.0
0.52525931075
0.201808550266
1.0
0.52525931075
0.201808550266
1.0
0.524727374165
0.200189635187
1.0
0.524344887327
0.198889974104
1.0
0.523900066515
0.200070111417
1.0
0.523939394305
0.198938380897
1.0
0.524019857966
0.196869940809
1.0
0.524263408256
0.195397575111
1.0
0.52402829059
0.195135481324
1.0
0.524902982157
0.196160091835
1.0
0.524902982157
0.196160091835
1.0
0.524688886335
0.193211010653
1.0
0.524474298007
0.192076752106
1.0
0.524800388723
0.189769453577
1.0
0.525505629357
0.189625016551
1.0
0.525644943356
0.189085746846
1.0
0.525507971856
0.18790038748
1.0
0.525355961157
0.185748339898
1.0
0.526049664499
0.187003850099
1.0
0.526049664499
0.187003850099
1.0
0.526570295439
0.185445519714
1.0
0.526777219622
0.184715060638
1.0
0.52700662241
0.183663019377
0.616410314941
0.522214869108
0.179935147634
0.616410314941
0.521575996324
0.17851793759
0.639744121626
0.52195675573
0.178268490256
0.639744121626
0.522784568685
0.176469980045
0.66240015772
0.522765137474
0.175949402814
0.66240015772
0.522765137474
0.175949402814
0.66240015772
0.52329071865
0.175250442528
1.0
0.529721292535
0.179851481006
1.0
0.530109223631
0.181140100329
0.627510530144
0.524834351377
0.176986652853
0.627510530144
0.524993245937
0.176308387067
0.651598085524
0.525393867917
0.176080043356
0.651598085524
0.526044552975
0.173571657171
0.662487917915
0.5260457081
0.173071383028
0.662487917915
0.526187108755
0.173683408225
0.662487917915
0.526187108755
0.173683408225
0.680315837159
0.526187936385
0.173181915269
0.680315837159
0.52673080483
0.171817293203
0.642819148378
0.526731268901
0.171314782237
0.642819148378
0.527107214106
0.169038166087
0.684305334668
0.527107318372
0.168535023766
0.684305334668
0.527620576578
0.16685517897
1.0
0.536673067283
0.173852462056
1.0
0.536673067283
0.173852462056
1.0
0.536938738622
0.173164821921
1.0
0.537225961721
0.172547599706
1.0
0.538080799172
0.171405614683
1.0
0.537999906917
0.170018433162
1.0
0.538540244959
0.167542696244
1.0
0.539495344927
0.168732343701
1.0
0.540071080608
0.166747729085
1.0
0.540295753881
0.166155677806
1.0
0.540336253359
0.165284246883
1.0
0.540336253359
0.165284246883
1.0
0.540756448131
0.166811848494
1.0
0.54103930757
0.16654956697
0.68816953399
0.536880089272
0.162552323106
0.68816953399
0.539432359971
0.154755126405
0.68816953399
0.539690261438
0.153359305751
0.69368024645
0.539774624181
0.152947093633
0.69368024645
0.539767442303
0.153053021148
0.69368024645
0.539767442303
0.153053021148
0.729987817718
0.539851874897
0.152640319859
0.729987817718
0.540372301999
0.15033905917
0.70634385851
0.540456732549
0.149926248655
0.70634385851
0.540941873448
0.149152464246
0.659302438112
0.541026335966
0.148739110502
0.659302438112
0.541203698857
0.148267184895
0.666368427671
0.541288211339
0.147853398589
0.666368427671
0.541288211339
0.147853398589
0.666368427671
0.541061969841
0.148053992673
0.606977787899
0.541146562606
0.147639833476
0.606977787899
0.541470914524
0.146980372748
0.707672686264
0.541555547433
0.146565743358
0.707672686264
0.541467673518
0.147270282891
0.675490846376
0.542006271919
0.153343638776
0.675490846376
0.542266761844
0.152514014567
0.647161290557
0.542319048618
0.151646340483
0.647161290557
0.542276460883
0.151012297829
0.647161290557
0.542276460883
0.151012297829
1.0
0.545953086632
0.15534297451
1.0
0.546327794989
0.157713416962
0.653352368586
0.54190625056
0.153629610764
0.653352368586
0.541576366753
0.152560963554
0.653352368586
0.541570792404
0.153491299088
0.642348751849
0.541646200857
0.153176647541
0.642348751849
0.541366063704
0.153654267194
0.642348751849
0.541366063704
0.153654267194
1.0
0.545028412744
0.154874220705
1.0
0.545028848229
0.15450455315
1.0
0.545051226364
0.154539343575
1.0
0.545081506922
0.154180127933
0.603947105013
0.536146547707
0.147003695002
0.603947105013
0.536105994928
0.148737359181
0.603947105013
0.536105994928
0.148737359181
0.603947105013
0.53611441492
0.149765976367
0.634692132541
0.541371899233
0.158504411776
0.634692132541
0.541554407485
0.157942163616
0.634692132541
0.541014123657
0.159613175302
0.641600075166
0.541082741108
0.159364927907
0.641600075166
0.541687038002
0.159485155266
0.641600075166
0.541687038002
0.159485155266
0.608024433385
0.541892640879
0.158741345705
0.608024433385
0.541870850766
0.158208386818
0.608024433385
0.542025221018
0.158638500591
0.608024433385
0.54169838585
0.159095966517
1.0
0.544941754633
0.16472951342
1.0
0.54509291022
0.16699178213
1.0
0.545374288481
0.164725052332
1.0
0.545374288481
0.164725052332
1.0
0.545592839732
0.164898195173
1.0
0.545828104302
0.164247966057
1.0
0.546150476502
0.164197453775
1.0
0.546133447534
0.166721585845
1.0
0.54589187456
0.166828314779
1.0
0.545528371633
0.165708686772
1.0
0.545754444061
0.164425432514
1.0
0.546367470455
0.1626402793
1.0
0.546294982301
0.162051465309
1.0
0.546294982301
0.162051465309
1.0
0.546546514043
0.160460294339
1.0
0.547041025242
0.160676515128
1.0
0.54718274501
0.160092878647
1.0
0.547296794639
0.160951582891
1.0
0.546881840775
0.162140470584
1.0
0.545780619525
0.160432899047
1.0
0.546158991197
0.158259525823
1.0
0.546158991197
0.158259525823
1.0
0.54633432929
0.15794570042
1.0
0.546736830912
0.157124117946
1.0
0.546276945172
0.156637873083
1.0
0.546650459624
0.151978226434
0.964283472669
0.546620560095
0.151676432058
0.964283472669
0.546748861932
0.150526248499
0.964283472669
0.546748861932
0.150526248499
0.955496732095
0.54631993384
0.150168999735
0.955496732095
0.546596280751
0.148914683205
0.911304381389
0.546003873903
0.146985669302
0.911304381389
0.545826026026
0.148212527135
0.948118851543
0.539257086734
0.144113134274
0.948118851543
0.539490979896
0.144177620414
0.948118851543
0.539858685519
0.14265802227
0.948118851543
0.539858685519
0.14265802227
0.948118851543
0.540074195783
0.139364368123
0.853628346247
0.537003879209
0.138644617801
0.853628346247
0.537175498123
0.138954855367
0.866981215915
0.534470266041
0.136775088592
0.866981215915
0.533622105514
0.135145639862
0.822863830738
0.532676754429
0.134384791794
0.822863830738
0.529545480788
0.137915768554
0.822863830738
0.529545480788
0.137915768554
0.848014292488
0.528173852037
0.137997456104
0.848014292488
0.525445122009
0.145672130558
0.882258766041
0.525452007218
0.148155526712
0.882258766041
0.523099440528
0.154672594109
0.870034027293
0.521713789463
0.152229876923
0.870034027293
0.522308342298
0.148504718276
0.840468360487
0.521258329954
0.14671435154
0.840468360487
0.521258329954
0.14671435154
0.840468360487
0.520915335953
0.144744867912
0.84767982971
0.521290404828
0.144711147598
0.84767982971
0.52166198221
0.143636558439
0.962174785199
0.511010400041
0.108561387028
0.962174785199
0.511017073226
0.105870784522
1.0
0.511104973153
0.106503041478
1.0
0.510991336987
0.1061660132
0.917508769646
0.509833414931
0.105730089133
0.917508769646
0.510252828778
0.103018892526
0.833801827096
0.50876558614
0.100329161985
0.833801827096
0.50876558614
0.100329161985
0.833801827096
0.508684564644
0.0990257173238
0.887796695325
0.508719119578
0.0980883673495
0.920686523806
0.508778725742
0.0980362652197
0.837168785087
0.507501388483
0.0959190587261
0.837168785087
0.507636521672
0.0920008301638
0.957257182022
0.507348617982
0.0914200877496
0.970570116297
0.507922911443
0.0910578881438
0.886200396269
0.506650299546
0.0893918457274
0.886200396269
0.506650299546
0.0893918457274
0.886200396269
0.506544918178
0.0896812980189
0.840752079452
0.505377260804
0.0889246278437
0.840752079452
0.505633568535
0.076091288582
0.959216837381
0.504842515419
0.0742971081511
0.901273928887
0.504986405392
0.0719583957518
0.901273928887
0.504986405392
0.0719583957518
0.847321430322
0.504825991908
0.0710994454101
0.88872786478
0.505043422443
0.070072363748
0.959216837381
0.503446765523
0.0718866188221
0.838905828989
0.504492452441
0.0866979014827
0.838905828989
0.504492452441
0.0866979014827
0.838905828989
0.504492452441
0.0866979014827
0.838905828989
0.504492452441
0.0866979014827
0.814797284177
0.507998319634
0.327636107489
0.814797284177
0.507726234982
0.325156300536
0.814797284177
0.506839367447
0.3284706288
0.814797284177
0.496233778737
0.40642852704
0.814797284177
0.496233778737
0.40642852704
0.814797284177
0.494996045935
0.570840833092
0.814797284177
0.485793015777
0.528391489071
0.814797284177
0.487874802837
0.605568921115
0.903454362563
0.520799161908
0.694411692822
0.835771762257
0.531479193372
0.749532164736
0.911452883043
0.521375591794
0.715483218267
0.911452883043
0.521375591794
0.715483218267
0.963240160057
0.517371396352
0.745177973743
0.933936036666
0.509673460551
0.786706918946
0.933936036666
0.507765011449
0.784330628776
1.0
0.508379035483
0.787516495323
1.0
0.508030825663
0.792242375127
1.0
0.507813073111
0.796627133787
0.876837504329
0.506591490223
0.793836205632
0.876837504329
0.506645212043
0.797733109224
0.866945570151
0.505112446378
0.793789288899
0.866945570151
0.505112446378
0.793789288899
0.866945570151
0.507114298033
0.794165177646
0.927016966342
0.505534206292
0.789227837924
0.927016966342
0.507112716776
0.786532574649
1.0
0.505386153567
0.781362067896
1.0
0.506305895
0.778449125427
1.0
0.504965844733
0.773890944304
1.0
0.505919964119
0.771625833955
1.0
0.504867027128
0.766164657976
1.0
0.505759393183
0.76352629293
1.0
0.505759393183
0.76352629293
1.0
0.506222558281
0.760727744114
1.0
0.5073772903
0.757800070606
1.0
0.505445634808
0.754554217305
1.0
0.506738856155
0.75152519363
1.0
0.506996470106
0.749476015404
1.0
0.507286878101
0.746315271949
1.0
0.506555308525
0.744470722651
1.0
0.506962031092
0.744269220322
1.0
0.506962031092
0.744269220322
1.0
0.507145032145
0.742950530441
1.0
0.508048689662
0.738800685384
1.0
0.507984708979
0.738330795578
1.0
0.508623656446
0.735129936726
1.0
0.508130836381
0.732744525022
1.0
0.507831282475
0.731476775624
1.0
0.507289601214
0.729697968381
1.0
0.507959203031
0.726192857454
1.0
0.507959203031
0.726192857454
1.0
0.508319622209
0.724779406267
1.0
0.509047532389
0.722478722234
1.0
0.5108495915
0.724763366999
1.0
0.512014462315
0.722115640287
1.0
0.511862281216
0.722743879928
1.0
0.511688741187
0.722929367309
1.0
0.513044380335
0.722729619801
1.0
0.513044380335
0.722729619801
1.0
0.513657330062
0.723373169599
1.0
0.514400217115
0.72510752676
1.0
0.515700514727
0.721914695497
1.0
0.516566183987
0.722219688362
1.0
0.515997191345
0.723912720452
1.0
0.516090066731
0.724343904233
1.0
0.516571582746
0.722261139331
1.0
0.517317700093
0.723485501965
1.0
0.517660688723
0.721025756551
1.0
0.517660688723
0.721025756551
1.0
0.517687377183
0.720767289233
0.986509885413
0.516579163453
0.722417775455
0.986509885413
0.517009301863
0.725961069861
1.0
0.517849358895
0.727323243896
1.0
0.51863039631
0.727734091719
1.0
0.518177213988
0.729738021517
1.0
0.518084094813
0.731076998283
1.0
0.518084094813
0.731076998283
1.0
0.51851748942
0.733160471324
1.0
0.518573024826
0.735059774192
1.0
0.520036812688
0.733815937999
1.0
0.520808521802
0.736610729381
1.0
0.521008125229
0.738124286766
1.0
0.521304886008
0.738863452482
1.0
0.521364520838
0.741224043564
1.0
0.521364520838
0.741224043564
1.0
0.521113126132
0.739699801808
1.0
0.519622404135
0.741010903076
1.0
0.518898012464
0.743306730353
1.0
0.518465204384
0.743549141435
1.0
0.518874243674
0.745954207238
1.0
0.519386261396
0.747745177165
1.0
0.519294478322
0.750588156879
1.0
0.519934430168
0.752131828924
1.0
0.519935310986
0.753008574642
1.0
0.519935310986
0.753008574642
1.0
0.519946019484
0.753734688629
1.0
0.520253822895
0.756126609659
1.0
0.520674583346
0.757336987479
1.0
0.521421671203
0.761108202568
1.0
0.522131266345
0.761136181777
1.0
0.52229957753
0.763205659492
1.0
0.521183283264
0.765032595906
1.0
0.520909131024
0.766543022596
1.0
0.520909131024
0.766543022596
1.0
0.520915962653
0.769160097609
1.0
0.519155165873
0.768672008421
1.0
0.519458435214
0.771297268997
1.0
0.521516277901
0.775291280164
1.0
0.521797582536
0.776419614637
1.0
0.523036725108
0.777812167814
1.0
0.52263381841
0.779443641059
1.0
0.524336503254
0.782610513438
1.0
0.524336503254
0.782610513438
1.0
0.524796644346
0.783351696949
1.0
0.524540196985
0.783813877585
1.0
0.524055692047
0.785257271641
1.0
0.525003147442
0.786209543792
1.0
0.524375136466
0.787898919213
1.0
0.524876948068
0.787613200165
1.0
0.525004115903
0.788267044687
1.0
0.525716001534
0.790378061819
1.0
0.526397259689
0.788482846382
1.0
0.526397259689
0.788482846382
1.0
0.52629936579
0.788364352229
1.0
0.526151945745
0.789522914541
1.0
0.527457480496
0.792024637253
1.0
0.527535427446
0.792910409881
1.0
0.529267502887
0.792540734915
1.0
0.529575028602
0.793902737751
1.0
0.529575028602
0.793902737751
1.0
0.530583950097
0.795131491776
1.0
0.53125876312
0.795778489698
1.0
0.531342845058
0.796278375973
1.0
0.532589566198
0.794267289785
1.0
0.532075543673
0.79393785322
1.0
0.530631915302
0.793804312454
1.0
0.529571197424
0.79036140342
1.0
0.530560016785
0.793211874811
1.0
0.530560016785
0.793211874811
1.0
0.53051079655
0.784882493844
1.0
0.531210428953
0.785994586958
0.891086452236
0.519850087694
0.727185923807
0.891086452236
0.518997300713
0.727389090841
0.99
0.518956760558
0.700695720676
0.99
0.518384694144
0.701923461274
0.911719306465
0.511659607889
0.65998109514
0.911719306465
0.511659607889
0.65998109514
0.911719306465
0.514307521564
0.651809629178
0.899668867084
0.510908881429
0.615384192689
0.899668867084
0.506606757077
0.587896999228
0.865422400626
0.501223584826
0.540655726559
0.837341161055
0.522188178706
0.435125798292
0.837341161055
0.525769911534
0.410505646732
0.837341161055
0.525579598409
0.380611549771
0.824688426973
0.532701645058
0.290502719182
0.766784174211
0.529332206438
0.257816112452
0.824688426973
0.531364506219
0.283827955787
0.824688426973
0.531364506219
0.283827955787
0.713587444637
0.543762735658
0.155000243074
0.713587444637
0.544197255841
0.155625689777
0.713587444637
0.544752221587
0.154320239368
0.831606308404
0.391792383899
0.575669284678
0.831606308404
0.392486686215
0.574873643835
0.831606308404
0.392486686215
0.574873643835
0.831606308404
0.392486686215
0.574873643835
0.831606308404
0.392486686215
0.574873643835
0.874184651312
0.40947218472
0.410896225387
0.99
0.601139191042
0.471236312135
0.836463058376
0.96388243475
0.101929262738
0.836463058376
0.963510764315
0.100168542266
0.836463058376
0.963069960935
0.098111206661
0.836463058376
0.963481307027
0.0990401400223
0.836463058376
0.963155451664
0.0980523438306
0.836463058376
0.963155451664
0.0980523438306
0.836463058376
0.963428691565
0.0979225534316
0.836463058376
0.963326268041
0.0971342403535
0.836463058376
0.962401910194
0.0932095741993
0.836463058376
0.961661028677
0.0894397131998
0.836463058376
0.961657031742
0.0885544608555
0.836463058376
0.96162220244
0.0888352428847
0.836463058376
0.961380756613
0.0873071844092
0.836463058376
0.960491898298
0.0832107579388
0.836463058376
0.960491898298
0.0832107579388
0.836463058376
0.96049969667
0.0830118316379
0.929634630269
0.659656748914
0.36426791088
0.929634630269
0.659776110619
0.364055441619
0.929634630269
0.659427472872
0.362676581999
0.929634630269
0.659426926596
0.360328033997
0.929634630269
0.658881345654
0.359291498726
0.929634630269
0.659160709842
0.358806271681
1.0
0.66296366353
0.351536796033
1.0
0.662929548334
0.350419589447
0.931772254372
0.661669893356
0.35328468286
0.931772254372
0.661669893356
0.35328468286
0.931772254372
0.66196810413
0.352959859603
1.0
0.660434085603
0.354103746563
1.0
0.660463582262
0.352135183233
1.0
0.660366953704
0.351395957612
1.0
0.660393037745
0.35149530227
0.968088193135
0.660906807548
0.350278823284
0.968088193135
0.660164458652
0.348573945859
0.968088193135
0.660164458652
0.348573945859
1.0
0.660176939472
0.3481047731
1.0
0.661200012983
0.347367395632
1.0
0.660822567841
0.348127094033
1.0
0.660372618119
0.348420051663
0.876241602687
0.659788502809
0.349966997949
0.876241602687
0.660337957687
0.351903642733
1.0
0.659659142127
0.35136427537
1.0
0.660361577956
0.352338387681
1.0
0.65883423768
0.354050619685
1.0
0.65883423768
0.354050619685
1.0
0.658760324288
0.354178506611
1.0
0.658103615196
0.35536805704
1.0
0.658939473083
0.355668623884
0.926557450526
0.6583799574
0.35557281363
0.926557450526
0.65891132316
0.355845777199
0.919655986616
0.658855455093
0.353391909198
0.919655986616
0.658855455093
0.353391909198
0.919655986616
0.658926017224
0.354801304234
0.838937845099
0.659097018093
0.354622121055
0.838937845099
0.660231434074
0.357787387346
0.902563197733
0.661465101564
0.357594496675
0.902563197733
0.661902170744
0.361753780638
0.936290779463
0.662085270018
0.361460214751
0.936290779463
0.662401217924
0.363707453997
0.873489478574
0.662894414603
0.362463203917
0.873489478574
0.662894414603
0.362463203917
0.873489478574
0.6629873502
0.367168390899
0.964099226277
0.664404645275
0.365651849803
0.964099226277
0.664955139916
0.371275326644
1.0
0.666649863425
0.367388959968
1.0
0.666252603175
0.370836637408
0.999683186578
0.667149222455
0.369347822738
0.999683186578
0.667400318077
0.370889694798
0.986545771369
0.667098124242
0.371908881458
0.986545771369
0.667988963391
0.376366492778
1.0
0.668105198922
0.375187125018
1.0
0.668105198922
0.375187125018
1.0
0.668667836888
0.378990612076
0.916070246493
0.669293322215
0.379539823709
0.916070246493
0.669172151465
0.381782614384
0.876146726254
0.669651839439
0.38479206882
0.876146726254
0.669811217331
0.389181521477
0.957235985865
0.670476545396
0.388872964678
0.957235985865
0.671216396735
0.391510296785
0.957235985865
0.671216396735
0.391510296785
1.0
0.67175566443
0.39293033074
1.0
0.671477577019
0.39503982785
1.0
0.672399135206
0.395859212449
1.0
0.673238540024
0.39999410954
0.938894574932
0.673601921476
0.400969651376
0.938894574932
0.673744277377
0.403121609328
0.865148558919
0.673232196959
0.405850014941
0.865148558919
0.673232196959
0.405850014941
0.865148558919
0.672684622209
0.402421133286
1.0
0.672092000446
0.406187111839
1.0
0.673362072287
0.410050282617
1.0
0.67450974928
0.413749874934
1.0
0.675426489769
0.415153496961
0.881089261387
0.674124637876
0.416382989716
0.881089261387
0.673756985487
0.418355268862
0.99
0.59010399385
0.5401259205
0.99
0.59010399385
0.5401259205
0.99
0.590505744654
0.541133961059
0.99
0.589787999906
0.542015638646
0.99
0.589771809621
0.54257514613
0.99
0.666478474413
0.458917608902
0.978733138756
0.665640105058
0.458800047791
0.951030466414
0.665254570433
0.457145155191
0.951030466414
0.665254570433
0.457145155191
0.951030466414
0.665168403033
0.45974515928
1.0
0.666073386088
0.460178943164
1.0
0.668363632744
0.459026670549
1.0
0.668593338117
0.460984140168
1.0
0.669416997067
0.457234763053
1.0
0.669496040184
0.457363623493
1.0
0.669138152278
0.459294337717
0.990906156596
0.668835999867
0.46081771738
0.990906156596
0.668934524192
0.459751822034
1.0
0.669207423255
0.461033325044
1.0
0.669207423255
0.461033325044
1.0
0.669715280166
0.457705072454
0.910244382776
0.670604425002
0.459028475195
0.910244382776
0.670444802364
0.460660230749
0.965513000639
0.671044317615
0.461135376986
0.959566057288
0.669277793247
0.462753149235
0.797420832267
0.669423488306
0.46384768693
0.797420832267
0.669423488306
0.46384768693
0.797420832267
0.670478609173
0.463024033377
0.906992823618
0.68291601731
0.452182125463
0.906992823618
0.683559060675
0.452916779074
0.952760260492
0.681750288512
0.455584771766
0.952760260492
0.682730177234
0.455496995507
0.874616917053
0.683576353865
0.454328460931
0.874616917053
0.685128390176
0.453594365754
0.874616917053
0.685128390176
0.453594365754
0.910048699887
0.685408050384
0.452922120988
0.910048699887
0.684699297198
0.452968988681
0.918014142544
0.684630505172
0.45343698925
0.918014142544
0.684605331325
0.453294090306
0.866401201042
0.684281287933
0.451945656847
0.866401201042
0.684232522057
0.453350929912
0.88888113796
0.683978873136
0.452055017756
0.88888113796
0.68233017836
0.453210810613
0.811229439454
0.682810853374
0.453090519147
0.811229439454
0.682810853374
0.453090519147
0.811229439454
0.682501834838
0.453815572569
0.864385849797
0.683027459593
0.454249115878
0.864385849797
0.68258679181
0.452353477142
0.806268987876
0.682812553556
0.451856790251
0.806268987876
0.683928995046
0.45032992735
0.806268987876
0.683928995046
0.45032992735
0.806268987876
0.683928995046
0.45032992735
0.881965014341
0.680503221679
0.458945982142
1.0
0.68050769043
0.460420070556
0.997173008989
0.683027895509
0.460690161939
0.932400200739
0.679230619569
0.460919759212
0.932400200739
0.679230619569
0.460919759212
1.0
0.677287218149
0.467134803825
1.0
0.680859355183
0.466927139775
1.0
0.679967723943
0.465101926854
1.0
0.677545717855
0.462453599493
1.0
0.677545717855
0.462453599493
1.0
0.676472084594
0.46158469463
1.0
0.678445210566
0.462079476148
1.0
0.675189954451
0.465498183207
0.99
0.529106448299
0.507131936846
0.99
0.528329932294
0.509270777576
0.99
0.528672803475
0.510662514564
0.99
0.528672803475
0.510662514564
0.99
0.527968810883
0.510010023762
0.99
0.52623870278
0.511765858635
0.99
0.527557188314
0.510781637616
0.919361356062
0.53178705614
0.510543279485
0.919361356062
0.530272829515
0.512460585243
0.919361356062
0.528689024811
0.514592426763
0.958249939397
0.540846475505
0.324363416897
0.958249939397
0.540846475505
0.324363416897
0.865065250985
0.540907670346
0.325854608678
0.865065250985
0.523370973903
0.325836286933
0.912775766945
0.522739003139
0.329435233045
0.912775766945
0.522715555508
0.329789390778
0.9434711224
0.520912207182
0.332239689276
0.832281905185
0.52224053734
0.332400187178
0.832281905185
0.529681318339
0.286166859531
0.958440163247
0.657988469628
0.401664790115
0.99
0.659380964988
0.404769227971
0.934506797189
0.638810680789
0.404416928794
0.934506797189
0.638810680789
0.404416928794
0.934506797189
0.638850493875
0.407083642455
0.934506797189
0.639273142082
0.407098654202
0.934506797189
0.638928521902
0.4088135728
0.934506797189
0.639182539011
0.409649739249
0.934506797189
0.639189022694
0.411774735792
0.931236659031
0.634248610329
0.426085644206
0.931236659031
0.634048887019
0.427710124925
0.931236659031
0.634048887019
0.427710124925
0.930200735451
0.635068984688
0.427257016192
0.930200735451
0.635985394024
0.427821995377
0.923075846697
0.636376334921
0.427941314505
0.923075846697
0.636976656593
0.426539997455
0.889718683432
0.636014018247
0.429367683247
0.889718683432
0.637067289955
0.428898259159
0.889718683432
0.637067289955
0.428898259159
0.889718683432
0.637067289955
0.428898259159
0.889718683432
0.637067289955
0.428898259159
0.889718683432
0.637067289955
0.428898259159
0.99
0.627771438732
0.439735023488
0.961811110577
0.628290921591
0.43921198334
0.961811110577
0.628290921591
0.43921198334
0.922868024096
0.627656528687
0.440338999031
0.964961246939
0.62696240231
0.44129797279
0.99
0.627020240118
0.442527886415
0.901563226986
0.626616179375
0.442191879929
0.875926512109
0.627052459428
0.440660025713
0.960205387796
0.627028191578
0.441708276124
0.803709652744
0.607422055137
0.409959110573
0.954880037781
0.607595830342
0.407737174808
0.954880037781
0.607595830342
0.407737174808
0.904942402622
0.603553909557
0.412073710202
0.904942402622
0.606162774567
0.412268124303
1.0
0.605658107017
0.409944956969
1.0
0.60851073843
0.411829255632
0.815821303408
0.60819056883
0.41077100992
0.815821303408
0.609066212731
0.409154709256
0.925665394934
0.609347770229
0.407838385501
0.925665394934
0.609864918402
0.404314386014
0.925665394934
0.609864918402
0.404314386014
0.925665394934
0.609864918402
0.404314386014
0.872425583378
0.619837085893
0.316311893334
0.872425583378
0.620365020961
0.316258831651
0.872425583378
0.620439073019
0.317837220448
0.872425583378
0.622239527125
0.319856320284
0.872425583378
0.609715789657
0.271708663809
0.872425583378
0.608153002047
0.269291350012
0.872425583378
0.608153002047
0.269291350012
0.872425583378
0.610738348949
0.268766118233
0.872425583378
0.611531169612
0.270136086114
0.871247062574
0.612916219968
0.267672533033
0.872425583378
0.613744411133
0.26744335924
0.872425583378
0.613769623651
0.266841629878
0.886306525958
0.61432831168
0.265395617348
0.886306525958
0.604297533489
0.236177857134
0.886306525958
0.604297533489
0.236177857134
0.99
0.530086966571
0.359746421121
0.99
0.53053174699
0.358239433715
0.99
0.530084357345
0.356945476749
0.99
0.529880016376
0.355291580726
0.99
0.528984710226
0.355662908941
0.99
0.528029715094
0.353709095724
0.99
0.528029715094
0.353709095724
1.0
0.527828892147
0.351132089602
1.0
0.52625489996
0.349996143364
0.949660457703
0.524723068407
0.354036511178
0.949660457703
0.524399077603
0.35464523604
1.0
0.525286268904
0.354642229447
1.0
0.524746804423
0.355371200723
0.863140071447
0.524087263865
0.355897928694
0.863140071447
0.524706929706
0.357021330475
0.863140071447
0.524706929706
0.357021330475
0.863140071447
0.524706929706
0.357021330475
0.863140071447
0.524706929706
0.357021330475
1.0
0.557539654323
0.30827493862
1.0
0.557877612368
0.309905272004
1.0
0.557877612368
0.309905272004
1.0
0.556040692124
0.313405625039
1.0
0.556813375272
0.316044580959
1.0
0.556813375272
0.316044580959
1.0
0.556401638826
0.320760207871
1.0
0.556401638826
0.320760207871
1.0
0.556636415985
0.325025672228
1.0
0.556751479872
0.327043419666
1.0
0.556520460748
0.330433121957
1.0
0.556520460748
0.330433121957
0.985544494793
0.488441610908
0.472550376796
0.985544494793
0.490157871466
0.472011214615
0.872958586522
0.490024248786
0.472099042592
0.814187604091
0.175660476391
0.26747911767
0.766178203226
0.165508345125
0.237771774442
0.76466260768
0.222594309189
0.289362867844
0.82696962703
0.620173756725
0.447144574511
0.724928874061
0.164726703923
0.296433537132
0.752791140786
0.164619030023
0.298375502907
0.752791140786
0.164619030023
0.298375502907
0.740722471707
0.168175399323
0.302971146599
0.985544494793
0.525529762051
0.510619494043
0.985544494793
0.524585494752
0.512040597273
0.985544494793
0.52550961448
0.513225964984
0.985544494793
0.525424450096
0.514248460481
0.985544494793
0.525266609443
0.515891941066
0.985544494793
0.525266609443
0.515891941066
0.958145610267
0.525247921026
0.533322065516
0.958145610267
0.524796084833
0.53540223788
0.958145610267
0.524231989098
0.536275431126
0.958145610267
0.524660917107
0.537761450095
0.83636191251
0.525024469236
0.535316701592
0.83636191251
0.524085835531
0.537415389216
0.868855956306
0.524177039243
0.537190664322
0.868855956306
0.524673751289
0.538663373069
0.704684506456
0.580976557428
0.435558568247
0.704684506456
0.580976557428
0.435558568247
0.704684506456
0.580209062721
0.43788274716
0.929236899249
0.660284935649
0.322157784688
0.929236899249
0.660771188075
0.325866806712
0.929236899249
0.660771188075
0.325866806712
0.935646967424
0.589523637119
0.424646040294
0.935646967424
0.590383155024
0.425733071359
0.935646967424
0.590383155024
0.425733071359
0.935646967424
0.591473239796
0.429587541089
0.934852857776
0.593680537837
0.436330069501
0.935646967424
0.595612979043
0.443553516657
0.935646967424
0.596319872138
0.448127341912
0.935646967424
0.596903653326
0.453192165512
0.935646967424
0.596274938295
0.456463936304
0.935646967424
0.596247822106
0.458788136221
0.935646967424
0.596266028854
0.461852678736
0.894398797888
0.596795105782
0.462459178257
0.894398797888
0.596795105782
0.462459178257
0.896360682892
0.596910745002
0.464696259139
0.895600190055
0.597692093361
0.4660720953
0.882275287679
0.597664808739
0.466631450046
0.865702664165
0.598358891055
0.467910203705
0.865702664165
0.598617463
0.471665463753
0.911052807754
0.595280421459
0.511292938642
0.872965505062
0.596344991889
0.510607870798
0.882457508889
0.595997859441
0.511952884926
0.882457508889
0.595997859441
0.511952884926
0.882457508889
0.597634863339
0.521825821173
0.886337964107
0.597554421885
0.524421915659
0.780219227724
0.593933962751
0.533211415584
0.780219227724
0.593853711369
0.535325657454
0.780219227724
0.593853711369
0.535325657454
0.820550945721
0.60000885694
0.540259371698
0.820550945721
0.603405688423
0.531808104028
0.726554139205
0.603923562516
0.526682629441
0.726554139205
0.603923562516
0.526682629441
0.726554139205
0.603923562516
0.526682629441
0.99
0.563107883066
0.485431181876
0.890987519003
0.742084683531
0.437778930912
0.890987519003
0.742084683531
0.437778930912
0.88850691678
0.743139859317
0.454854483083
0.787452157573
0.668430519875
0.401161061316
0.787452157573
0.668192178962
0.400697537945
0.787452157573
0.666710908942
0.401690091656
0.787452157573
0.665995498286
0.403831140059
0.787452157573
0.664229963551
0.406509275748
0.787452157573
0.664229963551
0.406509275748
0.787452157573
0.664872970213
0.404483714655
0.787452157573
0.664083736705
0.40396844871
0.787452157573
0.665202693639
0.400350258203
0.833958625883
0.647139193634
0.37788046182
0.899618572967
0.646880959791
0.376601972551
0.899618572967
0.64381244423
0.374211035853
0.939980194828
0.642189732185
0.375069047738
0.939980194828
0.642189732185
0.375069047738
0.939980194828
0.640993394798
0.369016820781
0.87466553632
0.614562813994
0.391977801313
0.87466553632
0.614076186718
0.389689062309
0.87466553632
0.614879942176
0.389231775354
0.87466553632
0.614307232603
0.389171143005
0.87466553632
0.615233280579
0.387770486503
0.783796833923
0.6170626806
0.338666442016
0.783796833923
0.618052958809
0.338597222931
0.783796833923
0.618052958809
0.338597222931
0.783796833923
0.617979000831
0.339029810021
0.783796833923
0.618142477312
0.33845092808
0.783796833923
0.618461167846
0.338338882053
0.941837649933
0.636707273916
0.362345450625
0.941837649933
0.637044969179
0.361532592342
0.941837649933
0.636797516257
0.36084465832
0.941837649933
0.636797516257
0.36084465832
0.941837649933
0.637670825035
0.35869266412
0.923155957006
0.631782628506
0.363482434601
0.923155957006
0.631909182971
0.362078190298
0.934011636103
0.629584826787
0.361659506791
0.934011636103
0.629576807264
0.359047405383
0.943888824777
0.628910144011
0.359179816473
0.943888824777
0.629062281288
0.353844382793
0.987606886769
0.627376149471
0.354073255859
0.987606886769
0.627376149471
0.354073255859
0.852824953008
0.476728061379
0.181166337988
0.852824953008
0.474799750925
0.183857315657
0.852824953008
0.474043080484
0.182641216001
0.852824953008
0.474043080484
0.182641216001
0.72875268556
0.723716418871
0.318998041177
0.72875268556
0.723426776297
0.317940394484
0.72875268556
0.722269817441
0.31712268117
0.72875268556
0.721440986134
0.315309086934
0.717034113505
0.875111558322
0.142764146658
0.717034113505
0.875111558322
0.142764146658
0.717034113505
0.871701110961
-0.0550363293629
0.818826770047
0.889307797783
-0.154292115637
0.818826770047
0.788536025364
-0.0480947018831
0.818826770047
0.788536025364
-0.0480947018831
0.818826770047
0.588960660671
0.17671581093
0.818826770047
0.588960660671
0.17671581093
0.738931867222
0.475040877706
0.20180421449
0.738931867222
0.659668738064
0.0570790318604
0.738931867222
0.659668738064
0.0570790318604
0.722251519526
0.570038897964
0.16777641661
0.738931867222
0.333673104134
0.414409205529
0.738931867222
0.333673104134
0.414409205529
0.738931867222
0.333673104134
0.414409205529
0.738931867222
0.333673104134
0.414409205529
0.738931867222
0.333673104134
0.414409205529
0.738931867222
0.333673104134
0.414409205529
0.738931867222
0.333673104134
0.414409205529
0.914757780133
0.131844508322
0.365008145852
0.79972209327
0.120743827801
0.465047521135
0.79972209327
0.120743827801
0.465047521135
0.79972209327
0.117639423104
0.463711742086
0.959779326671
0.130338836679
0.455438629223
0.949777987149
0.132282912884
0.456621223297
0.959779326671
0.13554486708
0.459585749172
0.972272014451
0.135245320238
0.46549985726
0.972272014451
0.137264677583
0.468736686581
0.869941938486
0.137193378167
0.473145300923
0.869941938486
0.137193378167
0.473145300923
0.869941938486
0.138813246918
0.474282521625
0.888759903169
0.138862858606
0.476312411214
0.888759903169
0.102602933932
0.467890047854
0.900475337343
0.102648210283
0.46762846949
0.900475337343
0.106552764527
0.469340246638
0.954036758951
0.106638777601
0.467826633892
0.954036758951
0.108508785387
0.470504601152
0.960323258109
0.108585757969
0.469071035151
0.960323258109
0.108585757969
0.469071035151
0.980874480185
0.112479077896
0.47036527827
0.973987421406
0.112571877958
0.469128806996
0.953227801395
0.116268763594
0.470642695919
0.92834133757
0.116406255292
0.468345720819
0.92834133757
0.12025158951
0.470761749373
0.892478574963
0.120262898371
0.471989005505
0.892478574963
0.123170321729
0.474072776811
0.892478574963
0.123170321729
0.474072776811
0.889241565326
0.12362515661
0.484968069756
0.889241565326
0.125840909648
0.486870081199
0.909900825885
0.125752798935
0.487021657509
0.974600529046
0.130195425109
0.490489107419
1.0
0.130309630884
0.489630806518
1.0
0.131824538138
0.487848941706
0.964218158871
0.131929492929
0.485197347432
0.964218158871
0.133255807399
0.487014913893
1.0
0.133338396325
0.484939644978
0.96245355603
0.135515152236
0.485785385953
0.96245355603
0.135515152236
0.485785385953
0.96245355603
0.135578816367
0.483460906864
1.0
0.137774914874
0.482605922589
1.0
0.137796723092
0.48171740902
0.965203598048
0.139599714245
0.482011065374
0.965203598048
0.139861177243
0.478582461438
0.964484958542
0.14142864403
0.479343682335
0.964484958542
0.141487840813
0.479258969287
0.964484958542
0.141487840813
0.479258969287
0.977847494662
0.142758617478
0.481005860392
0.977847494662
0.142803201787
0.480229473471
0.999283523303
0.143851650016
0.480018273017
0.999283523303
0.143958351106
0.479627564474
0.986123937616
0.143031807978
0.478545862105
0.986123937616
0.143107515566
0.477376442348
1.0
0.135024889186
0.471352869337
1.0
0.135024889186
0.471352869337
1.0
0.135120876416
0.469991272787
0.904318971323
0.130980879602
0.464745126795
0.904318971323
0.131157986049
0.462265905082
0.950605833642
0.131768652899
0.463976533903
0.950605833642
0.131891523965
0.462024185553
0.930274678947
0.132942701757
0.462554474702
0.930274678947
0.132586160606
0.465921150747
0.877874987207
0.133031736602
0.466023699337
0.877874987207
0.132672703865
0.46881108696
0.877874987207
0.132672703865
0.46881108696
0.940643850902
0.132454488327
0.467493310312
0.940643850902
0.132126158673
0.470719129648
0.97696728443
0.131552957214
0.471911015428
0.97696728443
0.131290199205
0.474960264635
0.933743566492
0.131804661393
0.476211804993
0.933743566492
0.131739671275
0.476653758322
0.904514509704
0.132232595272
0.477504743347
0.904514509704
0.132232595272
0.477504743347
0.904514509704
0.132152707693
0.477717265959
0.981424713239
0.133086570574
0.478994461503
0.981424713239
0.133001775526
0.480239279911
0.875840628638
0.133913908309
0.480350451228
0.875840628638
0.133899891735
0.480452352087
0.970820992677
0.135372385273
0.480329372807
0.970820992677
0.135381305175
0.48069110972
0.970820992677
0.135381305175
0.48069110972
0.820480760699
0.136646053049
0.481544482324
0.820480760699
0.136645890643
0.480930765231
0.982736631404
0.139429121401
0.482951457604
0.982736631404
0.139509049775
0.482517375405
1.0
0.140936911696
0.481975341486
1.0
0.141016011646
0.480764472494
0.942609327553
0.140029074474
0.482199188356
0.942609327553
0.14003963239
0.482889399793
0.944091934011
0.139600879777
0.480139905052
0.944091934011
0.139605538626
0.48071427267
0.944091934011
0.139605538626
0.48071427267
0.873738710316
0.140237206004
0.479745557326
0.873738710316
0.140306299529
0.479420810935
0.913108620323
0.14151205881
0.47977008878
0.913108620323
0.141524087232
0.480330122722
0.82383814431
0.141558792763
0.479015905928
0.82383814431
0.14157469725
0.479198979098
0.847545899243
0.14360866845
0.481111541229
0.847545899243
0.14360866845
0.481111541229
0.847545899243
0.143748676523
0.47925543501
0.831433044907
0.142982734619
0.479166484013
0.831433044907
0.142863574583
0.481692727277
0.810937164869
0.143750756596
0.48297209825
0.810937164869
0.143754299656
0.482922531939
0.876382109699
0.144959354007
0.484619337095
0.876382109699
0.144974923417
0.484353901576
0.99
0.1281928697
0.507808600063
0.99
0.1281928697
0.507808600063
0.99
0.128262751548
0.506085744869
1.0
0.125218248895
0.504578239762
1.0
0.12524842806
0.504279371448
1.0
0.125301154816
0.505398454607
1.0
0.125238792939
0.508022952601
1.0
0.12403325219
0.507256520852
1.0
0.123866811065
0.510512717432
1.0
0.124491556598
0.511159884497
1.0
0.124491556598
0.511159884497
1.0
0.124529223005
0.510097571629
1.0
0.125092162824
0.511366349939
1.0
0.125165656213
0.509886352571
1.0
0.122522957037
0.508939074118
0.979115893722
0.122532812819
0.509272543352
0.979115893722
0.123907035872
0.510580368723
0.987455284809
0.123899023581
0.511215577712
0.987455284809
0.123899023581
0.511215577712
0.987455284809
0.12377431688
0.511413786007
1.0
0.123746061084
0.511893672418
1.0
0.123995313101
0.513082631034
1.0
0.123914220139
0.514845680054
1.0
0.123602441137
0.513691468142
1.0
0.123621253359
0.513238350693
1.0
0.123809952946
0.515488351943
1.0
0.123833035753
0.514422068102
1.0
0.121364131701
0.513822012804
1.0
0.121364131701
0.513822012804
1.0
0.121377527515
0.513993163345
1.0
0.123538870418
0.514943003851
1.0
0.123555449384
0.514500785783
1.0
0.125505214843
0.515744111307
1.0
0.125469789233
0.517168515781
1.0
0.124922459501
0.518129843881
1.0
0.12486095762
0.519478777264
1.0
0.125877739334
0.522086809221
1.0
0.125877739334
0.522086809221
1.0
0.125876831062
0.52267718941
1.0
0.126423478984
0.522533975383
1.0
0.126449125851
0.522427542095
1.0
0.126969799485
0.5222989875
1.0
0.127001572404
0.521102096634
1.0
0.126906215823
0.521310738982
1.0
0.126957804488
0.520289129343
1.0
0.126957804488
0.520289129343
1.0
0.127960683467
0.520345156
1.0
0.127954277414
0.519869119627
1.0
0.129137194024
0.520248312443
1.0
0.1290201862
0.523768920097
1.0
0.128777939547
0.524298309917
1.0
0.128859940605
0.523527923606
1.0
0.128830560859
0.525294603459
1.0
0.128818480235
0.5255543544
1.0
0.128818480235
0.5255543544
1.0
0.128952211842
0.526350828071
1.0
0.128952903665
0.526772124915
1.0
0.13040274818
0.528347702381
1.0
0.130443599078
0.528183866024
1.0
0.131512172945
0.530043150595
1.0
0.131572262606
0.529334070257
1.0
0.133452466179
0.53002089131
1.0
0.133414418524
0.531112355399
1.0
0.133414418524
0.531112355399
1.0
0.133204169824
0.532048399016
1.0
0.133202112449
0.532387635511
1.0
0.133297568685
0.530932771836
1.0
0.13338400093
0.529195518486
1.0
0.134285282792
0.531412113529
1.0
0.134254264492
0.53245766498
1.0
0.135967053318
0.534783285589
1.0
0.135907492187
0.536232646974
1.0
0.137118775397
0.536817219059
1.0
0.137197812548
0.536500368092
1.0
0.137197812548
0.536500368092
1.0
0.138401550877
0.539099934801
1.0
0.13836739487
0.540258976022
1.0
0.139304887592
0.540883247092
1.0
0.139280848143
0.541576669625
1.0
0.13939415441
0.543934870813
1.0
0.139431683743
0.542811070293
1.0
0.139431683743
0.542811070293
1.0
0.141153702316
0.542820601395
1.0
0.141221352148
0.542031748925
1.0
0.14157738398
0.545299961977
1.0
0.141612005336
0.545898575563
1.0
0.142078999552
0.544222931765
1.0
0.142102266929
0.544276295561
1.0
0.143593946733
0.546412564817
1.0
0.143557803261
0.547988217198
1.0
0.143557803261
0.547988217198
1.0
0.145399629521
0.547020359463
1.0
0.145402300204
0.548058019869
1.0
0.145101361012
0.550272149512
1.0
0.14518018479
0.54940587658
1.0
0.145751671741
0.548139716958
1.0
0.145833956326
0.546553352841
1.0
0.145495761432
0.546824822941
1.0
0.14554829639
0.546684276251
1.0
0.146825621244
0.549083524859
1.0
0.146825621244
0.549083524859
1.0
0.146753801805
0.549872880511
1.0
0.14774266712
0.549433116419
1.0
0.147713555203
0.551400755829
1.0
0.149803097879
0.55355729448
1.0
0.149819774045
0.55395505303
1.0
0.150472146597
0.554486317882
1.0
0.150396785051
0.556832403767
1.0
0.150396785051
0.556832403767
1.0
0.152517312025
0.558730766149
1.0
0.152492369368
0.558619171105
1.0
0.151429384293
0.559236753984
1.0
0.151431846311
0.560059397975
1.0
0.151768869157
0.559665902366
1.0
0.151856175497
0.558506721857
1.0
0.153044640456
0.558110471681
1.0
0.153016258769
0.559140391541
1.0
0.15200267596
0.558409069181
1.0
0.15200267596
0.558409069181
1.0
0.152012358319
0.558435768059
1.0
0.152830700343
0.557914200497
1.0
0.152871564934
0.55809677099
1.0
0.152797572087
0.557685203035
1.0
0.152747040577
0.557600352909
1.0
0.153219659433
0.557520089565
1.0
0.15333513279
0.555896822307
1.0
0.153998273982
0.556292957055
1.0
0.154011193762
0.55569774116
1.0
0.154011193762
0.55569774116
0.988411987705
0.152665187221
0.555114918838
0.988411987705
0.152690255847
0.555109337496
1.0
0.15448282679
0.555131187845
1.0
0.154498907232
0.554502532302
1.0
0.15570094269
0.5548678208
1.0
0.155775729037
0.553427499038
1.0
0.154348407664
0.554026533136
1.0
0.154348407664
0.554026533136
1.0
0.154409926117
0.552795119055
1.0
0.154712202704
0.55252759103
1.0
0.154675027418
0.552455969288
1.0
0.155847246089
0.552969363738
1.0
0.155847064662
0.553927890498
1.0
0.154015867916
0.551165628656
1.0
0.154027066687
0.549787414856
1.0
0.156703035584
0.553556485772
1.0
0.156703035584
0.553556485772
1.0
0.156711116292
0.552920350005
1.0
0.158590208761
0.550600312417
1.0
0.158596110576
0.549156759536
1.0
0.154065528424
0.545805317385
1.0
0.154070237626
0.546064018572
1.0
0.156338972888
0.547454947022
1.0
0.156328181233
0.547509462849
1.0
0.156328181233
0.547509462849
1.0
0.157205016215
0.547497733229
1.0
0.157337507265
0.544956050488
1.0
0.157839322622
0.546319190661
1.0
0.157788196473
0.547079014683
1.0
0.158226030098
0.548331003079
1.0
0.158231398072
0.548744766079
1.0
0.152369568571
0.545388496537
1.0
0.152401096547
0.544751948892
1.0
0.152401096547
0.544751948892
0.99
0.128070746195
0.526418414548
0.99
0.128079667007
0.526810294875
0.99
0.0986757392487
0.508298676159
0.99
0.0987782730018
0.50494716095
0.904754169934
0.0969390528797
0.499775459434
0.904754169934
0.0969231281536
0.50009553085
0.99
0.0307555202556
0.479409798371
0.99
0.0310697579923
0.481309653359
0.99
-0.00205597707856
0.439413506569
0.99
-0.00205597707856
0.439413506569
0.99
-0.00240673329588
0.447489815353
0.879452190039
-0.00088507769413
0.438881646332
0.879452190039
-0.00295290096313
0.491643583988
0.985677774587
1.82460653091
0.593499078737
0.985677774587
1.82460653091
0.593499078737
0.985677774587
1.82460653091
0.593499078737
0.99
0.00230838307906
0.370161861168
0.99
0.00230838307906
0.370161861168
0.99
0.0106882944549
0.371289167122
0.99
0.0369813900059
0.369635190094
0.77287269191
0.0756559121631
0.34677435116
0.768578909377
0.153343087814
0.376995564825
0.768578909377
0.153343087814
0.376995564825
0.979904208625
0.285401803691
0.4337523084
0.989495809274
0.324838675811
0.439218401038
1.0
0.380336335121
0.452741392392
0.969938358019
0.453486777859
0.470512812129
1.0
0.525564447296
0.488349283771
1.0
0.525564447296
0.488349283771
0.978121493793
0.510064082278
0.484486782541
0.988692584829
0.457574224247
0.471752066006
1.0
0.394967271757
0.456777119794
1.0
0.394967271757
0.456777119794
1.0
0.334521397955
0.442475940666
1.0
0.287063426171
0.432071322985
1.0
0.242315436699
0.421309003808
1.0
0.218062275106
0.415078889809
1.0
0.218062275106
0.415078889809
1.0
0.184544735742
0.408749033853
1.0
0.170531609322
0.40581244002
1.0
0.150896144093
0.401225136918
1.0
0.135273782978
0.398933573481
1.0
0.135273782978
0.398933573481
1.0
0.114873619447
0.396653435171
1.0
0.100917467551
0.394502581933
1.0
0.0897328659715
0.393334583382
1.0
0.0837502295338
0.393885251159
1.0
0.0837502295338
0.393885251159
1.0
0.0690989039577
0.391095229457
1.0
0.0608347863491
0.390924130314
1.0
0.0517371628758
0.389528116542
1.0
0.043005101739
0.390252602322
1.0
0.043005101739
0.390252602322
0.960949074511
0.537188384078
0.485446805589
0.960949074511
0.553662703776
0.484141879823
0.960949074511
0.571002031017
0.482860144614
0.960949074511
0.581316688982
0.482096212216
0.960949074511
0.593915843442
0.481300654526
0.960949074511
0.604588598612
0.480751161089
0.960949074511
0.617327294852
0.48009147423
0.960949074511
0.63232891455
0.479090156754
0.960949074511
0.63232891455
0.479090156754
1.0
0.45786512632
0.491131979883
1.0
0.470900351975
0.490085216589
1.0
0.546174720572
0.485515061579
0.999913178733
0.560217936071
0.484811517599
0.999913178733
0.384392006408
0.492974408418
1.0
0.393588292739
0.492611459387
0.928706291837
0.333613593089
0.495025300748
0.928706291837
0.34100602805
0.494429028073
0.928706291837
0.34100602805
0.494429028073
0.893674704515
0.211388362039
0.502727869126
0.893674704515
0.21518850883
0.502231224742
1.0
0.145637689142
0.50751965511
1.0
0.1484670693
0.506945804816
0.992334056759
0.0798264880854
0.514361749965
0.992334056759
0.0807912081103
0.512976936106
1.0
0.075463776548
0.511826609851
1.0
0.0767963094504
0.511882085821
1.0
0.0767963094504
0.511882085821
1.0
0.0631504574536
0.512699521181
1.0
0.0646122368296
0.512148416464
0.95713459075
0.0690936919655
0.512315058075
0.95713459075
0.0703005568173
0.510760761853
1.0
0.0450707912782
0.511564543993
1.0
0.0457237490888
0.512670332964
1.0
0.0358784768874
0.515562030844
1.0
0.0365655590648
0.514510069953
1.0
0.0365655590648
0.514510069953
0.996388822692
0.061619573316
0.510496858705
0.996388822692
0.0622153662289
0.510713733344
1.0
0.0447669298399
0.51753827942
1.0
0.0453195317193
0.51621066905
1.0
0.0392239270934
0.514664311469
1.0
0.0396434890523
0.515725966042
1.0
0.0855547205035
0.509566865132
1.0
0.0865148480792
0.50896026439
0.951497285107
0.0712481289996
0.513296571744
0.951497285107
0.0712481289996
0.513296571744
0.94787520563
0.0711569412295
0.513204056391
0.94787520563
0.0571305492131
0.515013733137
1.0
0.0575235363652
0.513997090045
0.998362214053
0.0440713446836
0.517046662551
0.998362214053
0.0443782499973
0.518048436327
0.969161919644
0.0586822822569
0.517252828474
0.969161919644
0.0589404818963
0.519271932224
0.969161919644
0.0589404818963
0.519271932224
0.994354405426
0.0499397132231
0.520830834438
0.955776225949
0.0500037123093
0.520398761321
0.955776225949
0.0547607252356
0.51950639997
1.0
0.0545578614579
0.519804198334
1.0
0.296248301709
0.496318037272
0.935953385778
0.297744939303
0.495568294681
0.935953385778
0.297744939303
0.495568294681
0.935953385778
0.297744939303
0.495568294681
0.935953385778
0.00890151587994
0.404306691186
1.0
0.00844220306557
0.40574155254
1.0
0.00844220306557
0.40574155254
0.968043649233
0.00840832560956
0.404921483561
1.0
0.00658627127138
0.407782886561
0.98186133459
0.0085139060582
0.399561900101
1.0
0.00684900303491
0.401748136834
1.0
0.00684900303491
0.401748136834
1.0
0.00537032314039
0.401212893479
0.929940630097
0.00461626108523
0.403087036281
0.911988940476
0.00406135700126
0.401679240869
1.0
0.00412597671977
0.402011118303
1.0
0.00412597671977
0.402011118303
1.0
0.00398578924074
0.40133025444
0.930688097886
0.00350210122773
0.401355445967
0.934945177404
0.00299723468145
0.40142367427
0.94112858475
0.00296479222869
0.402317679114
0.94112858475
0.00296479222869
0.402317679114
0.930648796533
0.00212921676966
0.401098847503
0.946239260517
0.0020111516574
0.400229265078
0.9678184124
0.00205753779865
0.400974894316
0.9678184124
0.00205753779865
0.400974894316
0.956911662721
1.11487739099
0.4733391906
0.944719282573
1.11001206083
0.473643392136
0.945331475134
1.09924287489
0.473013766086
0.931279523949
1.07220077774
0.472459273659
0.960863003453
1.06181109689
0.470303885669
0.960863003453
1.03893309042
0.469634994641
0.960863003453
1.01354390275
0.468251900036
0.960863003453
0.985904029407
0.468442361023
0.99
0.00628668389982
0.584272121805
0.99
0.00628668389982
0.584272121805
0.99
0.00648982741305
0.584646735108
0.981248131666
0.0924252149608
0.605703323548
0.981248131666
0.0924180378339
0.60610754638
0.981248131666
0.0923002364355
0.609877182107
0.843939372518
0.105024805771
0.620529998733
0.786951553178
0.10555304444
0.604870557888
0.786951553178
0.10555304444
0.604870557888
0.786951553178
0.10555304444
0.604870557888
0.786951553178
0.10555304444
0.604870557888
0.786951553178
0.10555304444
0.604870557888
0.786951553178
0.10555304444
0.604870557888
0.786951553178
0.126482439847
0.54575036385
0.797830729602
0.105636753808
0.500404971004
0.923143454687
0.481734974226
0.608025741723
0.923143454687
0.822804808021
0.423262357368
0.923143454687
0.670160301199
0.409908035034
0.923143454687
0.670160301199
0.409908035034
0.744991552418
0.438496016471
0.701548670538
0.844091647165
0.403306693578
0.701955663765
0.825133353747
0.400767378216
0.704077808128
0.922340107865
0.398758822689
0.706734108758
0.923143454687
0.615700833319
-0.0638217436184
0.896572865894
0.61883330833
-0.0598072251696
0.896572865894
0.61883330833
-0.0598072251696
0.896572865894
0.61883330833
-0.0598072251696
0.945996350613
0.427842024651
-0.150100395364
0.912506493947
0.45833470806
0.484842766545
0.947658045618
0.45727610292
0.486160377295
0.947658045618
0.455565253166
0.486414139599
0.771701916417
0.495604445434
0.411498657967
0.771701916417
0.490691580792
0.407682896705
0.771701916417
0.490691580792
0.407682896705
0.771701916417
0.487089468023
0.402079723417
0.771701916417
0.482781167111
0.398060829766
0.771701916417
0.480548534201
0.394943622511
0.771701916417
0.477119881463
0.390690320088
0.771701916417
0.474939905003
0.386726986239
0.773439770797
0.480569983189
0.315394932314
0.773439770797
0.480569983189
0.315394932314
0.773439770797
0.477659923905
0.313355931704
0.819175608819
0.346193298424
0.660631047298
1.0
0.470153914296
0.364896161139
0.99
0.476422695378
0.3564920576
0.99
0.482014423339
0.318009240862
0.99
0.482014423339
0.318009240862
0.99
0.689400712152
0.30954415355
0.99
0.688934549536
0.306929781681
0.99
0.688934549536
0.306929781681
0.99
0.688934549536
0.306929781681
0.99
0.688934549536
0.306929781681
