0.99
0.479508237807
0.404769431295
0.99
0.478456315176
0.388285381253
0.99
0.479019480936
0.378289154071
1.0
0.479069190072
0.369121975859
0.99
0.479305889557
0.34751206229
0.99
0.479589143028
0.342581175373
0.99
0.478939963727
0.327534407495
0.99
0.478939963727
0.327534407495
0.99
0.479553308863
0.325651475071
0.99
0.477941744149
0.311192777708
0.99
0.477890473604
0.309983635136
0.99
0.477681458824
0.297750255687
0.99
0.478068193749
0.298521571272
1.0
0.478239103913
0.292117552558
1.0
0.477982072903
0.292358410889
1.0
0.477640837833
0.290012115405
1.0
0.477763352736
0.290190803726
1.0
0.477763352736
0.290190803726
