0.930923736425
0.430931842763
0.558083323116
0.930923736425
0.431335014366
0.557392838399
0.930923736425
0.431120694562
0.558317211992
0.926101778223
0.431665028887
0.559013978557
0.926101778223
0.431925492359
0.558068417589
0.926101778223
0.431880983693
0.558642131333
0.926101778223
0.431783144093
0.559087274107
0.926101778223
0.431783144093
0.559087274107
0.951855461368
0.433037198358
0.559473095302
0.951855461368
0.432842502776
0.559956495119
0.931260501182
0.432433317254
0.559825424417
0.931260501182
0.432440538792
0.559283633043
0.96476415675
0.432125951714
0.559282338778
0.948683042351
0.432097185291
0.559190163033
0.948683042351
0.432283633317
0.559009097797
0.948683042351
0.4320373158
0.559601578005
0.907632302515
0.432090019773
0.559633366417
0.907632302515
0.431932993677
0.56030152243
0.907632302515
0.432022462178
0.559720852612
0.953964980185
0.43185804931
0.560449590024
0.936873923195
0.431187377093
0.560889530713
0.936873923195
0.431115210382
0.561967265435
0.936873923195
0.43112008605
0.562222856089
0.936873923195
0.431011350991
0.562078503363
0.936873923195
0.431123081452
0.56310113649
0.936873923195
0.431123081452
0.56310113649
0.964990537929
0.431212904957
0.563632837316
0.964990537929
0.431212904957
0.563632837316
0.964990537929
0.43107278328
0.564510967834
0.971521756844
0.43154536187
0.5648929596
0.971521756844
0.432082117148
0.564420827964
0.99
0.450803911435
0.579920834232
0.9114002347
0.451310291457
0.582628282013
0.99
0.468297630966
0.564531859674
0.99
0.468297630966
0.564531859674
0.99
0.468297630966
0.564531859674
0.99
0.472898458407
0.567608469423
0.95906307654
0.476868644125
0.570398596055
0.95906307654
0.477352194208
0.570091765214
0.95906307654
0.477085334481
0.569226771073
1.0
0.478520703197
0.570842146235
1.0
0.47835731637
0.57140338869
1.0
0.47835731637
0.57140338869
1.0
0.478341588135
0.571769001613
1.0
0.480429638141
0.573603320793
1.0
0.480418498218
0.57392255804
1.0
0.480338509934
0.574396668566
1.0
0.480574791588
0.574728354373
1.0
0.480453358462
0.575057123305
1.0
0.48047290214
0.575936047431
1.0
0.480287288409
0.576308213394
1.0
0.480131146976
0.576931753675
1.0
0.4801129637
0.577237832687
1.0
0.479891424943
0.577200358633
1.0
0.479810481507
0.577014705532
1.0
0.479810481507
0.577014705532
1.0
0.479806507821
0.577288952108
1.0
0.479854503807
0.577095853825
1.0
0.479826065966
0.577222983683
1.0
0.479924532501
0.577318043723
1.0
0.479924756753
0.577414814541
1.0
0.479852164166
0.577435489281
1.0
0.479772011959
0.57808786782
1.0
0.479782704621
0.578354137169
1.0
0.480329934697
0.578230814687
1.0
0.480329934697
0.578230814687
1.0
0.483322918955
0.572570633343
1.0
0.488278809799
0.574592023333
1.0
0.494879557329
0.576928476828
1.0
0.494879557329
0.576928476828
0.99
0.504392764415
0.561689571356
0.99
0.511156904547
0.564629184451
0.99
0.511156904547
0.564629184451
0.99
0.516676687446
0.567055681954
1.0
0.519252177419
0.563425640296
1.0
0.519252177419
0.563425640296
1.0
0.521789880461
0.564107151392
1.0
0.520524771432
0.563791617115
1.0
0.520417196177
0.56370710086
1.0
0.520417196177
0.56370710086
1.0
0.519967114307
0.564148878616
1.0
0.519538084155
0.565012215384
1.0
0.519179727865
0.565056993104
1.0
0.518731267835
0.565782242397
1.0
0.518537245568
0.566818901243
1.0
0.518407511783
0.567239516615
1.0
0.518243834535
0.5671271204
1.0
0.518065693336
0.566987670718
1.0
0.518065693336
0.566987670718
1.0
0.519231002616
0.564920222723
0.99
0.536354455602
0.570751554912
0.99
0.567191901259
0.522636431321
0.99
0.595622742535
0.534461826905
0.99
0.600344620472
0.536101672987
1.0
0.604003779097
0.530239383474
1.0
0.604003779097
0.530239383474
1.0
0.607821784966
0.531765990134
1.0
0.609104572112
0.532537504949
1.0
0.606956267815
0.532570605679
1.0
0.606956267815
0.532570605679
1.0
0.607478126594
0.532514977962
1.0
0.606980000119
0.532200201761
1.0
0.606740779533
0.532292579406
1.0
0.60631259725
0.533123080152
1.0
0.606109779873
0.532973442501
1.0
0.606163545444
0.53332047221
1.0
0.606163545444
0.53332047221
1.0
0.606003426412
0.533191019616
1.0
0.605918549408
0.533572019082
1.0
0.60565860962
0.533840905769
1.0
0.605530141708
0.533810256554
1.0
0.605577317369
0.534193956862
1.0
0.605343814692
0.53421749512
1.0
0.605459216196
0.534689042542
1.0
0.60511238147
0.53576275381
1.0
0.605109827746
0.535805253321
1.0
0.605041440955
0.536225810146
1.0
0.605053528271
0.53633248638
1.0
0.604783287924
0.536088655579
1.0
0.604807040127
0.536312206084
1.0
0.604807040127
0.536312206084
1.0
0.604756905736
0.536750002586
1.0
0.604706764358
0.537444990388
1.0
0.604557182202
0.537494769137
1.0
0.604710460517
0.53774193017
1.0
0.604646332719
0.538334082565
1.0
0.6045511535
0.538773527368
1.0
0.604576620759
0.538958261074
1.0
0.604380252168
0.539864003835
1.0
0.604502415577
0.540111522608
1.0
0.604245519944
0.540060059342
1.0
0.604245519944
0.540060059342
1.0
0.604069357306
0.540171735228
1.0
0.603382595219
0.538925562566
1.0
0.602979320121
0.537961930309
1.0
0.599834805481
0.540531359931
1.0
0.595991313696
0.538087789709
1.0
0.59274390502
0.542098637482
1.0
0.589688108389
0.540690756041
1.0
0.58584482875
0.54518223222
1.0
0.582828304153
0.549504120102
1.0
0.582828304153
0.549504120102
0.969480801544
0.580037611889
0.548564796371
0.969480801544
0.579847828109
0.549569322292
0.942234942355
0.579631859712
0.548766770671
0.942234942355
0.579678972784
0.549135064462
0.942234942355
0.579968867975
0.549077311259
0.976702717829
0.579814956405
0.548729629004
0.976702717829
0.580122545194
0.548540958215
0.976702717829
0.580179366965
0.548359060659
0.987557677653
0.580883776924
0.548164344875
0.987557677653
0.580948964369
0.548413597537
0.987557677653
0.580948964369
0.548413597537
0.987557677653
0.581042531418
0.547835441167
1.0
0.580947299478
0.547228159352
1.0
0.580989661931
0.547728037666
1.0
0.580954526904
0.547966766763
1.0
0.580878162145
0.547560123306
1.0
0.58095853423
0.547167598969
1.0
0.58189769677
0.546897473913
1.0
0.581958943414
0.547381065409
1.0
0.581678382259
0.547530130092
1.0
0.581678382259
0.547530130092
1.0
0.581678382259
0.547530130092
1.0
0.580832307888
0.549368283486
0.966401071114
0.581600124711
0.549295660481
0.845127580201
0.570349577334
0.561770806696
0.713822868035
0.581650985999
0.539655689218
0.713822868035
0.581650985999
0.539655689218
0.713822868035
0.581650985999
0.539655689218
0.713822868035
0.581650985999
0.539655689218
0.713822868035
0.534344438479
0.599219438472
0.763537130157
0.432217022242
0.575446294996
0.720799771939
0.441263572653
0.59901451165
0.720799771939
0.441263572653
0.59901451165
0.921555616144
0.433488870527
0.576786545535
0.921555616144
0.434520343392
0.584908448669
0.99
0.434742061448
0.581718687775
0.99
0.434742061448
0.581718687775
1.0
0.432672692726
0.581330716611
