1.0
0.577250194843
0.727681523788
1.0
0.577302191626
0.728264119279
1.0
0.578552777625
0.729478625704
1.0
0.578590904428
0.729912324886
1.0
0.579018051417
0.730749750179
1.0
0.578807233721
0.731557597983
1.0
0.579131537537
0.730207619643
1.0
0.579520698905
0.730117440394
1.0
0.5796229941
0.729960128618
1.0
0.579539550081
0.72982454432
1.0
0.579115279998
0.728667510006
1.0
0.579115279998
0.728667510006
1.0
0.57912376334
0.727899655569
1.0
0.57898474244
0.726217393159
1.0
0.579120979149
0.725687808366
1.0
0.578444966221
0.724279910207
1.0
0.578410515446
0.723018278331
1.0
0.577914592672
0.721209767384
1.0
0.577914592672
0.721209767384
1.0
0.577822511442
0.719424770828
1.0
0.577299837369
0.715961155629
1.0
0.577343315896
0.713750972954
1.0
0.576860233524
0.711238167533
1.0
0.576882072615
0.709514567695
1.0
0.576714195729
0.70663524038
1.0
0.576869695218
0.703955748878
1.0
0.576166547662
0.698124559599
1.0
0.576305437632
0.695821956287
1.0
0.576305437632
0.695821956287
1.0
0.576561182067
0.692833074741
1.0
0.576407032507
0.688534513371
1.0
0.576587320703
0.686130760351
1.0
0.576692598271
0.684583695091
1.0
0.577181829251
0.681869963844
1.0
0.57677050826
0.679567999323
1.0
0.577123222744
0.676690747346
1.0
0.577102462698
0.674645329351
1.0
0.577102462698
0.674645329351
1.0
0.577557248424
0.672114472049
1.0
0.577093054604
0.671955256185
1.0
0.5772537709
0.669694864523
1.0
0.572348881561
0.671191817495
1.0
0.572510352385
0.669320005175
1.0
0.567950919852
0.671669733044
1.0
0.566191957539
0.673648812154
1.0
0.566191957539
0.673648812154
1.0
0.565009030125
0.676697034099
1.0
0.561186762279
0.684260736464
1.0
0.562186742672
0.683181336367
1.0
0.561364312936
0.68739348759
1.0
0.56142539123
0.685000706156
1.0
0.562732735277
0.685082348833
1.0
0.562818467276
0.68421536932
1.0
0.563674899416
0.682334775656
1.0
0.563674899416
0.682334775656
1.0
0.564012502126
0.681594395685
1.0
0.564147567296
0.680279789789
1.0
0.564536113899
0.681052586996
1.0
0.564568397224
0.679921964574
1.0
0.564644741178
0.680039114257
1.0
0.564950410709
0.679283234902
1.0
0.565614540438
0.67984856562
1.0
0.565735413498
0.679520807911
1.0
0.566119569606
0.680057428273
1.0
0.56624446909
0.679807240153
1.0
0.56624446909
0.679807240153
1.0
0.566814148122
0.679613504356
1.0
0.567099955525
0.679168713326
1.0
0.567260437413
0.67927896503
1.0
0.567365316694
0.679506689595
1.0
0.568210263434
0.679635098206
1.0
0.56848177676
0.679753674869
1.0
0.56848177676
0.679753674869
1.0
0.56903597666
0.68028414026
1.0
0.569149371149
0.680856089977
1.0
0.570007471628
0.683345702605
1.0
0.570261168553
0.684260260188
1.0
0.571024878535
0.685216475249
1.0
0.57142638818
0.685794419288
1.0
0.571672690458
0.68616965975
1.0
0.572033077659
0.686970246331
1.0
0.572706844894
0.688636360462
1.0
0.572933233018
0.689237989178
1.0
0.572933233018
0.689237989178
1.0
0.573727288186
0.691258918832
1.0
0.574059623307
0.692074875619
1.0
0.574779685584
0.692905775337
1.0
0.57488761117
0.694380757273
1.0
0.575710086224
0.696103350132
1.0
0.57597174826
0.697545880154
1.0
0.576940205863
0.699180619696
1.0
0.576940205863
0.699180619696
1.0
0.577276378273
0.700128485936
1.0
0.577650884329
0.701862778064
1.0
0.577860437758
0.703624914332
1.0
0.578562748724
0.706243520121
1.0
0.578619210491
0.707921375321
1.0
0.579249000136
0.710894330563
1.0
0.579572199158
0.71249012549
1.0
0.579572199158
0.71249012549
1.0
0.579817664652
0.713422600577
1.0
0.57981749189
0.715111337529
1.0
0.580572335641
0.717331697966
1.0
0.580900165407
0.719055437564
1.0
0.581054804346
0.720219313497
1.0
0.581454555154
0.721557941745
1.0
0.582088304337
0.722502163801
1.0
0.582528113581
0.723528365047
1.0
0.58369494451
0.725266209698
1.0
0.58372681972
0.726066730403
1.0
0.58372681972
0.726066730403
1.0
0.58492032682
0.727202402221
1.0
0.585008920642
0.728228799977
1.0
0.585982308835
0.729011461669
1.0
0.586585424735
0.729395502641
1.0
0.587924801981
0.731248380653
1.0
0.58851682924
0.731322399878
1.0
0.58851682924
0.731322399878
1.0
0.589774128894
0.731911096095
1.0
0.590193478091
0.732617201854
1.0
0.590825881214
0.733867821579
1.0
0.591502814011
0.733516045693
1.0
0.593114781259
0.734854693108
1.0
0.593807124265
0.7352765593
1.0
0.594968165875
0.736729154075
1.0
0.595443797856
0.73657783538
1.0
0.595443797856
0.73657783538
1.0
0.596697116201
0.737150850482
1.0
0.597555873156
0.736876020233
1.0
0.598518588297
0.737514038612
1.0
0.599258465211
0.737323855408
1.0
0.600492879814
0.738186397994
1.0
0.601255013686
0.737444326434
1.0
0.602688165104
0.73774947029
1.0
0.603595197738
0.737496380201
1.0
0.603595197738
0.737496380201
1.0
0.604607155759
0.738229089464
1.0
0.605334844364
0.737800917645
1.0
0.606556387286
0.738259066222
1.0
0.607397050839
0.737643163309
1.0
0.608563655631
0.738736196267
1.0
0.609263935948
0.738145796019
1.0
0.610287283979
0.738711658031
1.0
0.611023783028
0.738290552265
1.0
0.611023783028
0.738290552265
1.0
0.612295024178
0.738865221006
1.0
0.613063487636
0.738439936937
1.0
0.613780497685
0.738410695039
1.0
0.614400258171
0.737771038654
1.0
0.615382307713
0.738333207407
1.0
0.616298280769
0.73785707331
1.0
0.617078281938
0.73871346451
1.0
0.617727601258
0.738254454017
1.0
0.618955329189
0.739538103754
1.0
0.619535650974
0.739436873618
1.0
0.619535650974
0.739436873618
1.0
0.620252460119
0.739378169742
1.0
0.620915752101
0.739256566819
1.0
0.6218454034
0.740103954701
1.0
0.62249601763
0.739894512651
1.0
0.623507215054
0.740996075796
1.0
0.650450863319
0.715166436887
1.0
0.650450863319
0.715166436887
1.0
0.651073868966
0.714914891479
1.0
0.651597807756
0.71451016738
1.0
0.652480532077
0.715290794374
1.0
0.653458909238
0.714964527559
1.0
0.6541906963
0.715458858649
1.0
0.655034481191
0.715112012312
1.0
0.656003804132
0.71566837604
1.0
0.657256740277
0.7146161351
1.0
0.657256740277
0.7146161351
1.0
0.658036067513
0.716351586702
1.0
0.658848529453
0.716853444662
1.0
0.659379901443
0.718396255655
1.0
0.660104024389
0.718617586932
1.0
0.661347180102
0.720420021963
1.0
0.662216538792
0.720144956871
1.0
0.663328525816
0.721863633889
1.0
0.664381830442
0.722182911038
1.0
0.665224101618
0.723864818675
1.0
0.665224101618
0.723864818675
1.0
0.666256701341
0.724142191836
1.0
0.667157010229
0.725275777218
1.0
0.668257016747
0.725541220705
1.0
0.669271317014
0.72780740287
1.0
0.670175425324
0.727854909115
1.0
0.67099920448
0.731038491928
1.0
0.671991853512
0.731835257401
1.0
0.671991853512
0.731835257401
1.0
0.672897227657
0.73358266007
1.0
0.673529791072
0.734447288234
1.0
0.67445836929
0.736143987773
1.0
0.675321610056
0.737035971759
1.0
0.676011943846
0.739483151485
1.0
0.67667036769
0.740631048987
1.0
0.677574659427
0.741584448765
1.0
0.678412064341
0.742367055327
1.0
0.678412064341
0.742367055327
1.0
0.679385538208
0.743244890889
1.0
0.680101350385
0.744389472585
1.0
0.680877318329
0.74763859949
1.0
0.681954610697
0.747504667163
1.0
0.682301042887
0.746981435895
1.0
0.683268323456
0.74766276778
1.0
0.683758534167
0.74873126979
1.0
0.684304328298
0.750905595243
1.0
0.684789789482
0.752326451262
1.0
0.684789789482
0.752326451262
1.0
0.685174245692
0.752970517904
1.0
0.685393546067
0.754358041464
1.0
0.68574443901
0.755696766565
1.0
0.686038383304
0.756024643144
1.0
0.686954725774
0.756394988785
1.0
0.686949011377
0.75601000888
1.0
0.687446751616
0.756584124482
1.0
0.687446751616
0.756584124482
1.0
0.687334759706
0.757655047893
1.0
0.687576041386
0.757898208921
1.0
0.688223069131
0.759882679605
1.0
0.688521615498
0.759650702864
1.0
0.688652669378
0.758464103348
1.0
0.689162522755
0.759511558661
1.0
0.688740434091
0.760572584237
1.0
0.688909432854
0.761702021789
1.0
0.689583193183
0.761816927201
1.0
0.689583193183
0.761816927201
1.0
0.689859683833
0.760173918428
1.0
0.690006094619
0.760697396975
1.0
0.689425965446
0.762308968987
1.0
0.689413205045
0.762476356557
1.0
0.690208419764
0.762818612192
1.0
0.690441387977
0.762593554731
1.0
0.690648779359
0.76274633223
1.0
0.690648779359
0.76274633223
1.0
0.690719762184
0.762600551485
1.0
0.690679311479
0.763188515242
1.0
0.690550111558
0.764286258747
1.0
0.690823431494
0.765249714044
1.0
0.69107974621
0.765427673981
1.0
0.691162043159
0.766292434651
1.0
0.691566613653
0.767176099051
1.0
0.691818864305
0.767034659209
1.0
0.691818864305
0.767034659209
1.0
0.691932161197
0.767834914515
1.0
0.691686222029
0.769087735624
1.0
0.691728037972
0.769289635521
1.0
0.692382270506
0.770443407547
1.0
0.692636991722
0.77141098779
1.0
0.692801291706
0.771880661377
1.0
0.692969462234
0.772680516089
1.0
0.693472742871
0.77299676858
1.0
0.693472742871
0.77299676858
1.0
0.693575627828
0.773696941431
1.0
0.693768598223
0.774772060815
1.0
0.694058914841
0.777074106482
1.0
0.694362858258
0.777223309471
1.0
0.694854316124
0.778020879707
1.0
0.695353019957
0.779158410518
1.0
0.695260272035
0.780640617298
1.0
0.695145112768
0.781443603657
1.0
0.695145112768
0.781443603657
1.0
0.695097753323
0.781934106821
1.0
0.695079934045
0.782667625301
1.0
0.695255621122
0.782992208636
1.0
0.694905262875
0.784615167552
1.0
0.694993921026
0.785628286225
1.0
0.695333419154
0.787001507193
1.0
0.695345106899
0.787323096032
1.0
0.695714944106
0.787652109465
1.0
0.695714944106
0.787652109465
1.0
0.695506210581
0.787732582026
1.0
0.69525267466
0.788832097771
1.0
0.694995178107
0.789103970717
1.0
0.694993500476
0.789295605635
1.0
0.694499273321
0.789838005599
1.0
0.694253010705
0.790955497298
1.0
0.693893005897
0.790917262868
1.0
0.693736052897
0.791078388862
1.0
0.693736052897
0.791078388862
1.0
0.693457295291
0.791075053397
1.0
0.692692687903
0.791365650399
1.0
0.692534679098
0.790286736681
1.0
0.692654633733
0.789888701868
1.0
0.692206346447
0.789559420986
1.0
0.691971640637
0.78962653879
1.0
0.692034833556
0.793146766128
1.0
0.692118761474
0.79225320905
1.0
0.692118761474
0.79225320905
1.0
0.691368987405
0.80193605649
1.0
0.69124046371
0.801647184626
1.0
0.689444426096
0.810440506102
1.0
0.688117827957
0.81545044941
1.0
0.688073929815
0.823471738602
1.0
0.684463206416
0.834802602668
1.0
0.684762788882
0.83996112097
1.0
0.683231222748
0.850883759686
1.0
0.683231222748
0.850883759686
1.0
0.683574812641
0.852912154547
1.0
0.684729382245
0.862055576612
1.0
0.68453749353
0.860563421713
1.0
0.685956372088
0.862544286866
1.0
0.685823062129
0.861304776967
1.0
0.685961787918
0.859812526053
1.0
0.685565166376
0.859806739352
1.0
0.68506470823
0.858479394033
1.0
0.68506470823
0.858479394033
1.0
0.684672108439
0.858515428654
1.0
0.684507633465
0.858162524604
1.0
0.684064875529
0.858063608879
1.0
0.683735585718
0.858077277521
1.0
0.683628675649
0.858365747466
1.0
0.683350694901
0.858439775683
1.0
0.683118605519
0.859178647241
1.0
0.682974338409
0.859160641621
1.0
0.682974338409
0.859160641621
1.0
0.68283460677
0.85937826659
1.0
0.682102065525
0.860049570419
1.0
0.681908196263
0.860130040079
1.0
0.681708021849
0.860105755017
1.0
0.681523648038
0.861325547193
1.0
0.680796791544
0.862136109209
1.0
0.680697148477
0.863166800506
1.0
0.680311892813
0.863523869872
1.0
0.680311892813
0.863523869872
1.0
0.680249215818
0.863710600174
1.0
0.679879612858
0.864444288773
1.0
0.679713324954
0.864726824918
1.0
0.679514289516
0.865289399082
1.0
0.679088033176
0.865253178892
1.0
0.67866272253
0.865181819227
1.0
0.677869173875
0.864619214921
1.0
0.677169975756
0.864978417162
1.0
0.677169975756
0.864978417162
1.0
0.676468734841
0.864328054424
1.0
0.676101762789
0.86382705071
1.0
0.675473004867
0.862757779357
1.0
0.674753085292
0.862358489936
1.0
0.676918452415
0.864529273721
1.0
0.67596038417
0.864209336041
0.99
0.685415108151
0.875340920062
0.99
0.684933822152
0.874109660529
0.99
0.684933822152
0.874109660529
1.0
0.690198149908
0.877601632628
1.0
0.692281531306
0.879811910267
1.0
0.694271991612
0.883340144747
0.99
0.702816274038
0.887561027586
0.99
0.701380770513
0.885609412012
1.0
0.706090961315
0.884137470884
1.0
0.704112425257
0.880370730574
1.0
0.708299621508
0.87891421236
1.0
0.708299621508
0.87891421236
1.0
0.706810835206
0.875531472511
1.0
0.706069682237
0.873490928884
1.0
0.704389100217
0.870223385725
1.0
0.702798861756
0.866930154044
1.0
0.700936634748
0.862881907257
1.0
0.699101243501
0.86002384214
1.0
0.697280648881
0.856747801599
1.0
0.696167539512
0.854354690845
1.0
0.696167539512
0.854354690845
1.0
0.694219849694
0.850446441591
1.0
0.693132725997
0.847523474304
1.0
0.691034170084
0.843466322084
1.0
0.689977384671
0.840203281798
1.0
0.687919920431
0.836105923803
1.0
0.686537340906
0.833328081789
1.0
0.684255127172
0.828556897604
1.0
0.683631798453
0.825622620992
1.0
0.683631798453
0.825622620992
1.0
0.680998324744
0.821161874019
1.0
0.680028570333
0.81874128559
1.0
0.677386652976
0.814432214503
1.0
0.67604127182
0.812535476264
1.0
0.67262479347
0.808695213554
1.0
0.671381377484
0.80644797086
1.0
0.66873203608
0.802945383281
1.0
0.667537134602
0.802794054543
1.0
0.667537134602
0.802794054543
1.0
0.664478597644
0.798529093277
1.0
0.662696746273
0.797738630133
1.0
0.65968188993
0.794075159079
1.0
0.657322941286
0.793741516939
1.0
0.655024857706
0.791350403005
1.0
0.653238701834
0.790146056156
1.0
0.650879572939
0.786758640595
1.0
0.649112567176
0.786116719638
1.0
0.649112567176
0.786116719638
1.0
0.647257269168
0.784037285916
1.0
0.644889298271
0.784521141864
1.0
0.643227983284
0.783293868104
1.0
0.641559860813
0.782108742213
1.0
0.64060321931
0.78099926163
1.0
0.639599158044
0.780660930039
1.0
0.638909318668
0.780475239972
1.0
0.637704387841
0.780593213398
1.0
0.637704387841
0.780593213398
1.0
0.637191560838
0.779985525014
1.0
0.636819254678
0.779821858617
1.0
0.637022469578
0.779974408639
1.0
0.636937095011
0.780001700368
1.0
0.637428510581
0.781350214011
1.0
0.636859423034
0.78083124823
1.0
0.63746073909
0.78195222855
1.0
0.638099149851
0.781580881615
1.0
0.638099149851
0.781580881615
1.0
0.639152105647
0.783114271652
1.0
0.639597816936
0.783026953251
1.0
0.640571266283
0.783967131911
1.0
0.641460629706
0.783810190267
1.0
0.642562591824
0.787153028883
1.0
0.643144486973
0.787928012828
1.0
0.645416695254
0.793813083763
1.0
0.646339582364
0.793361866542
1.0
0.646339582364
0.793361866542
1.0
0.647766175052
0.79633721116
1.0
0.648804793844
0.799095431413
1.0
0.650249218879
0.802729135452
1.0
0.651179023404
0.806084948415
1.0
0.651624575482
0.804429777804
1.0
0.652622807561
0.80650717819
1.0
0.650220620833
0.795590109495
1.0
0.651129016694
0.797263964977
1.0
0.651129016694
0.797263964977
0.99
0.644226410405
0.778354962533
0.99
0.64544949497
0.773300648657
0.99
0.638316343218
0.75693801842
0.99
0.638177930387
0.736373794176
0.99
0.634908503548
0.727068586441
0.99
0.632554812964
0.708501325523
0.99
0.631030803985
0.701977771818
0.99
0.631030803985
0.701977771818
1.0
0.628343729283
0.690352131973
1.0
0.629576844573
0.69143089253
1.0
0.627960980091
0.682090359227
1.0
0.63069939919
0.68851108164
1.0
0.627689396945
0.6860710535
1.0
0.629760331945
0.690024057401
1.0
0.628364398983
0.695602699745
1.0
0.63058802033
0.701276695001
1.0
0.631548510039
0.70619776044
1.0
0.631548510039
0.70619776044
1.0
0.633383290885
0.710942159
1.0
0.633393801814
0.713782929335
1.0
0.635393343036
0.71734228332
1.0
0.636324335842
0.721386060563
1.0
0.637745681145
0.724190770579
1.0
0.638341958786
0.726658215523
1.0
0.639909576902
0.730562464089
1.0
0.640488296392
0.733240825357
1.0
0.640488296392
0.733240825357
1.0
0.641561260138
0.735476328147
1.0
0.642332971152
0.737547543158
1.0
0.643097512713
0.740175147568
1.0
0.643970647049
0.742118609153
1.0
0.634965077393
0.745950931184
1.0
0.634998653912
0.747928449901
1.0
0.635621234196
0.749520260118
1.0
0.636051244979
0.750960769165
1.0
0.636051244979
0.750960769165
1.0
0.636477406595
0.751445723581
1.0
0.636477809773
0.751896963761
1.0
0.636264022427
0.751942314874
1.0
0.636079722614
0.752445836478
1.0
0.635881398642
0.75198435929
1.0
0.636142257305
0.751657735658
1.0
0.63570469109
0.751396124371
1.0
0.635418831811
0.751973394793
1.0
0.635418831811
0.751973394793
1.0
0.635357519382
0.751959610835
1.0
0.635089860225
0.751625377834
1.0
0.634865280691
0.750094036208
1.0
0.634836719731
0.748830635048
1.0
0.634623808956
0.747783799306
1.0
0.634290284102
0.747537768468
1.0
0.63396896662
0.746492155614
1.0
0.63396896662
0.746492155614
1.0
0.633821854669
0.7450886533
1.0
0.633301833226
0.742780148409
1.0
0.63287425181
0.742443897097
1.0
0.632730157597
0.740894337148
1.0
0.632293171645
0.739882513221
1.0
0.631598915829
0.738372762348
1.0
0.631484843223
0.736126349478
1.0
0.631153752839
0.734713342848
1.0
0.631112999735
0.734164898756
1.0
0.631112999735
0.734164898756
1.0
0.630742891308
0.73237559011
1.0
0.630187422189
0.730907986774
1.0
0.630055043976
0.729351506457
1.0
0.629793874605
0.7291168972
1.0
0.629616407916
0.727373880558
1.0
0.629638406824
0.726182232743
1.0
0.629062293499
0.723510359733
1.0
0.629048163771
0.722143149199
1.0
0.629048163771
0.722143149199
1.0
0.628511268038
0.719177489917
1.0
0.628147699798
0.717404388946
1.0
0.62728304569
0.713938543542
1.0
0.627018789101
0.712440902442
1.0
0.626518115545
0.709345016059
1.0
0.626312185167
0.707102339018
1.0
0.625502542789
0.704394413733
1.0
0.625502542789
0.704394413733
1.0
0.625262620084
0.702096235183
1.0
0.624661982967
0.699113799173
1.0
0.624633728714
0.696442274018
1.0
0.623987791058
0.693074977307
1.0
0.623352333032
0.691753533212
1.0
0.622730291112
0.689136346294
1.0
0.622790659173
0.685976144373
1.0
0.622043048385
0.682902984995
1.0
0.621635100568
0.681115781444
1.0
0.621635100568
0.681115781444
1.0
0.621404357105
0.678574437414
1.0
0.620878964439
0.677207272788
1.0
0.620194424492
0.674522351419
1.0
0.620185739158
0.67175024694
1.0
0.62028144927
0.670240820048
1.0
0.620136313998
0.668200550623
1.0
0.620066441443
0.666563066288
1.0
0.619811568298
0.664100623247
1.0
0.619811568298
0.664100623247
1.0
0.620390388198
0.662628364841
1.0
0.620802783999
0.659827214086
1.0
0.620914280123
0.657540130337
1.0
0.621015634321
0.655615562657
1.0
0.621097777226
0.652527518422
1.0
0.62167358342
0.64934956655
1.0
0.62167358342
0.64934956655
1.0
0.621958447392
0.646787865255
1.0
0.622291259805
0.644066949585
1.0
0.622709813119
0.642160314167
1.0
0.623036414352
0.639445997608
1.0
0.623131514462
0.636980624525
1.0
0.622859490335
0.634623112646
1.0
0.623462269518
0.632802114102
1.0
0.624217965764
0.629705895637
1.0
0.624953029844
0.627383785901
1.0
0.624911245855
0.624559279311
1.0
0.624911245855
0.624559279311
1.0
0.62544479083
0.622497096477
1.0
0.626237018823
0.619500637719
1.0
0.627191104098
0.619465100374
1.0
0.627678144687
0.6170637237
1.0
0.628712815251
0.617333449474
1.0
0.629185465004
0.615147665497
1.0
0.629910892493
0.613787701628
1.0
0.63030003558
0.61482328447
1.0
0.63030003558
0.61482328447
1.0
0.631055056468
0.615049164876
1.0
0.631547603277
0.61361900742
1.0
0.632159983872
0.614889722799
1.0
0.632190461224
0.614438784343
1.0
0.632604179237
0.61524733577
1.0
0.632879080257
0.615860057458
1.0
0.633596953899
0.617759760716
1.0
0.633745646162
0.61749698784
1.0
0.633745646162
0.61749698784
1.0
0.634739283936
0.618612684629
1.0
0.634768016737
0.618856735264
1.0
0.635233207443
0.619394015643
1.0
0.635399265898
0.619960762246
1.0
0.635902364545
0.622005316378
1.0
0.636168801976
0.622014761273
1.0
0.636798043518
0.62222515191
1.0
0.637087433613
0.621939684495
1.0
0.637087433613
0.621939684495
1.0
0.638026713037
0.623508459805
1.0
0.637773224264
0.625167185425
1.0
0.638296620856
0.625867992685
1.0
0.638650086961
0.625162519961
1.0
0.639240489143
0.626652078413
1.0
0.639218551493
0.627485469863
1.0
0.640029401882
0.629773371916
1.0
0.640625948852
0.630429462516
1.0
0.640625948852
0.630429462516
1.0
0.641011873111
0.631799457382
1.0
0.6404222955
0.63382021574
1.0
0.640491416638
0.634937434297
1.0
0.640800699299
0.635376462342
1.0
0.640817336915
0.63580986282
1.0
0.640883777135
0.637481826251
1.0
0.640366913032
0.637244382622
1.0
0.640126883616
0.638381039388
1.0
0.640126883616
0.638381039388
1.0
0.639000781291
0.642222727857
1.0
0.638518230928
0.642454544298
1.0
0.635589532541
0.651171264591
1.0
0.635079450513
0.651490338043
1.0
0.629632629184
0.65539218269
1.0
0.627762423136
0.662961512223
1.0
0.627762423136
0.662961512223
1.0
0.625203589292
0.666062162317
1.0
0.622298141487
0.678518601426
1.0
0.623077003489
0.679569846592
1.0
0.620613357632
0.689727938203
1.0
0.62245009793
0.693097438717
1.0
0.623678405446
0.696198245509
1.0
0.626231723889
0.698520214013
1.0
0.627133540877
0.698377939094
1.0
0.629998312606
0.704113424637
1.0
0.629998312606
0.704113424637
1.0
0.630866442709
0.704999696292
1.0
0.634105235354
0.711072727231
1.0
0.636127488607
0.709475903733
1.0
0.635620529036
0.711526426859
1.0
0.637990972025
0.712982588402
1.0
0.636024461714
0.708947398156
1.0
0.638491544812
0.709781150737
1.0
0.637203323561
0.701836340269
1.0
0.637827890603
0.701543608892
1.0
0.637827890603
0.701543608892
1.0
0.636695497967
0.693430218871
1.0
0.635556456491
0.689009700344
1.0
0.633660450007
0.681805008158
1.0
0.632769959494
0.674449131298
1.0
0.630820208426
0.66667573424
1.0
0.630574777671
0.65852866062
1.0
0.62843272897
0.651384438191
1.0
0.627916854334
0.644240433942
1.0
0.627916854334
0.644240433942
1.0
0.626707316655
0.63796043456
1.0
0.626139000493
0.630412225729
1.0
0.624979917194
0.622890378243
1.0
0.624473817685
0.616133897515
1.0
0.623220821127
0.609182864188
1.0
0.62333123318
0.60189260151
1.0
0.622677947888
0.59568464904
1.0
0.622701082014
0.588646022483
1.0
0.622701082014
0.588646022483
1.0
0.622141859977
0.582809787077
1.0
0.622279915505
0.575335340408
1.0
0.621484810319
0.568674599234
1.0
0.622116050229
0.561476167237
1.0
0.621726675277
0.555436339156
1.0
0.622193994005
0.548548066446
1.0
0.621606193699
0.543264443053
1.0
0.622189463964
0.536371192944
1.0
0.622189463964
0.536371192944
1.0
0.621802645181
0.531200439931
1.0
0.622005993398
0.526266749696
1.0
0.621092882292
0.522276006387
1.0
0.621593362194
0.517946565594
1.0
0.620855073143
0.512668706577
1.0
0.620724551365
0.509111379279
1.0
0.619203455956
0.504170928749
1.0
0.619203455956
0.504170928749
1.0
0.619077747261
0.500123897795
1.0
0.618011667712
0.495250659684
1.0
0.617635214719
0.490937005001
1.0
0.616334195279
0.486865345119
1.0
0.616064792423
0.48466856363
1.0
0.61451954768
0.480102941571
1.0
0.614560122832
0.476249913876
1.0
0.612272165829
0.472388587569
1.0
0.611714647598
0.47035715559
1.0
0.611714647598
0.47035715559
1.0
0.609464539327
0.464862565251
1.0
0.609092218859
0.46176259633
1.0
0.60709570882
0.456447323081
1.0
0.606814643739
0.454011158348
1.0
0.605502565573
0.44924223308
1.0
0.604278142635
0.447340314721
1.0
0.602184509763
0.441725513275
1.0
0.601380646047
0.437312715454
1.0
0.601380646047
0.437312715454
1.0
0.598425082875
0.429772105809
1.0
0.598429061156
0.424820130372
1.0
0.597489783431
0.420561756009
1.0
0.596767972864
0.415491073495
1.0
0.596680372107
0.413269579859
1.0
0.595786960362
0.408480316334
1.0
0.595786960362
0.408480316334
1.0
0.594603170472
0.403825871837
1.0
0.594513886086
0.401593742371
1.0
0.594509622596
0.399853320323
1.0
0.595272157634
0.394306053139
1.0
0.59580807487
0.392517649817
1.0
0.596355878253
0.389772458066
1.0
0.595858323617
0.388004110815
1.0
0.596990830968
0.391302241279
1.0
0.602469865058
0.397179047441
1.0
0.602469865058
0.397179047441
1.0
0.603867558101
0.402110764842
1.0
0.606123677495
0.409327024416
1.0
0.608725652253
0.418676447919
1.0
0.611043865324
0.429906755442
1.0
0.61364183735
0.443641978046
1.0
0.615848955034
0.447775715022
1.0
0.615848955034
0.447775715022
1.0
0.618064840956
0.45953851736
0.97589355788
0.619591575929
0.462320461779
0.97589355788
0.619591575929
0.462320461779
0.97589355788
0.619591575929
0.462320461779
0.97589355788
0.619591575929
0.462320461779
0.714871645419
0.345887043004
0.169543314484
0.714871645419
0.346723958399
0.192552756435
0.714871645419
0.34519985649
0.204849835452
0.714871645419
0.337366283332
0.246401442547
0.714871645419
0.328972769543
0.290198162174
0.714871645419
0.322084512033
0.328936020663
0.714871645419
0.322084512033
0.328936020663
0.714871645419
0.316778290659
0.35839358609
0.714871645419
0.312511820971
0.38097678584
0.714871645419
0.308628051174
0.40135625345
0.714871645419
0.305777947852
0.409495032344
0.714871645419
0.305777947852
0.409495032344
0.714871645419
0.284906131944
0.54849783146
0.714871645419
0.284906131944
0.54849783146
0.714871645419
0.284906131944
0.54849783146
0.714871645419
0.284906131944
0.54849783146
0.764709534733
0.286988717547
0.53390729805
0.791290978315
0.291009466148
0.532254853157
0.776120814272
0.290432679688
0.537057905946
0.776120814272
0.290432679688
0.537057905946
0.713630297212
0.513701847272
0.642749925919
0.713630297212
0.513916967434
0.649725139007
0.713630297212
0.514440395247
0.647213370601
0.713630297212
0.514183725483
0.650149268622
0.713630297212
0.515500545755
0.654071225978
0.713630297212
0.518993282344
0.6401106354
0.713630297212
0.520267881383
0.636713767897
0.713630297212
0.521704501138
0.635629729258
0.713630297212
0.521704501138
0.635629729258
0.847630778134
0.316995820005
0.657047347913
0.872769186844
0.317650821735
0.654293169581
0.941067241472
0.318272394241
0.65250988734
0.937511023471
0.32531160929
0.647156502018
0.937511023471
0.327902654807
0.649228800088
