1.0
0.573733568047
0.480306517898
1.0
0.573225269308
0.480479520294
1.0
0.572991930434
0.480798633056
1.0
0.572828758871
0.480663843269
1.0
0.572660098977
0.481323805117
1.0
0.572469480532
0.481762453021
1.0
0.572456512498
0.482025669746
1.0
0.572509119876
0.482234302408
1.0
0.572509119876
0.482234302408
1.0
0.572358061283
0.482751698864
1.0
0.572011596525
0.482811789083
1.0
0.571823179575
0.483143359107
1.0
0.571505039145
0.48350523219
1.0
0.571373820695
0.48413313674
1.0
0.57138764936
0.484469466443
1.0
0.57138764936
0.484469466443
1.0
0.571320349298
0.484772568476
1.0
0.571384622431
0.485082330932
1.0
0.571418019729
0.485561760589
1.0
0.571092852995
0.486061617791
1.0
0.57106744847
0.486523643231
1.0
0.571010421474
0.487029914741
1.0
0.570957040174
0.487232619082
1.0
0.570708798799
0.487143539773
1.0
0.570651794506
0.487619130524
1.0
0.570718852089
0.488465460782
1.0
0.570718852089
0.488465460782
1.0
0.57059920422
0.488952528448
1.0
0.570486799427
0.48931749747
1.0
0.570516581326
0.489809255508
1.0
0.569923987174
0.490204184909
1.0
0.569775861505
0.491483954132
1.0
0.569653309546
0.491951703505
1.0
0.569406605413
0.492103256366
1.0
0.569012337624
0.492261254203
1.0
0.569012337624
0.492261254203
1.0
0.568963883271
0.492836105136
1.0
0.568498498861
0.493092792689
1.0
0.568428724129
0.493458742991
1.0
0.568599051245
0.494340884267
1.0
0.56861630899
0.494976559268
1.0
0.568258876767
0.495180608785
1.0
0.568159578864
0.495674750584
1.0
0.568159578864
0.495674750584
1.0
0.567798212896
0.495638483926
1.0
0.567673554834
0.496126649381
1.0
0.567440604959
0.496536624094
1.0
0.567342259717
0.497098668987
1.0
0.566850685152
0.497092663547
1.0
0.566669339645
0.498138803473
1.0
0.566423180515
0.498631452237
1.0
0.566364733456
0.498991191473
1.0
0.566139161698
0.499063393943
1.0
0.566139161698
0.499063393943
1.0
0.566047688497
0.499595036864
1.0
0.565580864509
0.49945009269
1.0
0.565364931368
0.50006645035
1.0
0.56411051502
0.497785000397
1.0
0.564085981176
0.497856476355
1.0
0.556619766023
0.488269727555
1.0
0.556544104048
0.488491795041
1.0
0.549535508259
0.479240229981
1.0
0.549535508259
0.479240229981
1.0
0.549319114057
0.479304546306
1.0
0.544747089426
0.47402105214
1.0
0.542480888642
0.472201501499
1.0
0.542424711156
0.4721070642
1.0
0.539626060037
0.471703232506
1.0
0.53980224686
0.472321203873
1.0
0.537121264647
0.473701413824
1.0
0.537110836549
0.473764579751
1.0
0.537110836549
0.473764579751
1.0
0.536684948025
0.473849461538
1.0
0.536574484056
0.47437165397
1.0
0.536712193192
0.474620935623
1.0
0.536256010143
0.475508513027
1.0
0.536333779287
0.475650982005
1.0
0.536618583155
0.475532031857
1.0
0.53649476788
0.476137435609
1.0
0.5363688456
0.476338170728
1.0
0.5363688456
0.476338170728
1.0
0.536311333426
0.476645087448
1.0
0.536190985688
0.477039098287
1.0
0.536044326187
0.477398280829
1.0
0.535783908199
0.477749076226
1.0
0.535763084506
0.478729345456
1.0
0.535492708841
0.479069387218
1.0
0.535447193895
0.479474130479
1.0
0.535104312218
0.480082951626
1.0
0.535104312218
0.480082951626
1.0
0.535102551304
0.480203800061
1.0
0.536669830996
0.482240384872
1.0
0.536562129944
0.483098863784
1.0
0.542125451388
0.489794390925
1.0
0.542069440229
0.490018955258
0.99
0.562927024933
0.520074097841
0.99
0.562907112809
0.520902910628
0.99
0.579757077289
0.55036848978
0.99
0.579757077289
0.55036848978
0.99
0.582433900712
0.550632710143
0.99
0.597635449119
0.578255346212
0.99
0.603164981566
0.582778017652
0.99
0.609566939028
0.591240891476
0.99
0.616207120718
0.599829145251
0.99
0.618774147701
0.602583519854
0.99
0.625610424311
0.612172450603
0.99
0.624898884024
0.610561470035
0.99
0.624898884024
0.610561470035
0.888407730522
0.625173002723
0.611110984055
0.888407730522
0.62418525362
0.609853328539
0.9367627712
0.624239660625
0.60952124429
0.9367627712
0.623750931243
0.609819557969
0.972784707189
0.623478380114
0.61061912275
0.972784707189
0.622472616179
0.609534484578
0.93064280286
0.622359768178
0.608636059278
0.93064280286
0.622167949337
0.608546952921
0.93064280286
0.622167949337
0.608546952921
0.940691353327
0.622790900273
0.608115533581
0.940691353327
0.622714364854
0.609014302697
0.965011474208
0.623102262363
0.609371052554
0.965011474208
0.623260812332
0.610033341007
0.928284999896
0.623406170985
0.609599950676
0.928284999896
0.623322225776
0.610015602617
0.966582605167
0.623333282828
0.609259931592
0.966582605167
0.622840702902
0.609274558946
0.966582605167
0.622840702902
0.609274558946
1.0
0.623000130662
0.608591044531
1.0
0.62298526172
0.609382292922
0.886855458629
0.622750013426
0.608935713595
0.886855458629
0.623058030463
0.60932763501
0.940258499217
0.622900696231
0.611059803452
0.940258499217
0.622536447618
0.611723264853
0.937375464402
0.62352509894
0.612387883565
0.937375464402
0.61882488557
0.610602532328
0.937375464402
0.61882488557
0.610602532328
0.901561494397
0.61811713071
0.610384475553
0.901561494397
0.6020390379
0.601624761959
0.960384212792
0.602484882524
0.601925503468
0.960384212792
0.577783223856
0.586515930045
0.862073823947
0.576468300789
0.58632036511
0.862073823947
0.546685809452
0.568507133967
0.99
0.543668817453
0.584789184345
0.99
0.543668817453
0.584789184345
0.99
0.51244117312
0.563712740993
0.99
0.500320515444
0.579074831498
0.99
0.475650787233
0.562404427086
0.99
0.463618960876
0.576204986787
0.99
0.456608946726
0.571768843389
0.99
0.446789849016
0.584972138873
0.99
0.447210065713
0.586794451032
