1.0
0.624493981377
0.537727718697
1.0
0.624516102196
0.538517585997
1.0
0.624501835953
0.538718504348
1.0
0.624646638732
0.540388380784
1.0
0.624686674321
0.541455073411
1.0
0.624726933067
0.542271436716
1.0
0.624761755607
0.54289364438
1.0
0.624612388591
0.544093479599
1.0
0.624593203408
0.545294079175
1.0
0.624593203408
0.545294079175
1.0
0.624251123225
0.546568002957
1.0
0.624419863335
0.547404389808
1.0
0.624129603061
0.548808965098
1.0
0.623976305922
0.54925262796
1.0
0.62407088761
0.550311055138
1.0
0.624310865348
0.550436175488
1.0
0.624310865348
0.550436175488
1.0
0.62431081485
0.551764690792
1.0
0.62415147038
0.552979523226
1.0
0.624010436099
0.554237795106
1.0
0.623610808092
0.55603469726
1.0
0.623118752411
0.557393763464
1.0
0.622998146545
0.559018302191
1.0
0.622759170409
0.560453920162
1.0
0.622323975349
0.561988277403
1.0
0.622291751137
0.563520389836
1.0
0.622070824158
0.564654713601
1.0
0.622070824158
0.564654713601
1.0
0.622081953342
0.565502113252
1.0
0.621940415396
0.566438734097
1.0
0.621783191745
0.568122309429
1.0
0.621497538095
0.570046925225
1.0
0.621653867822
0.570891678556
1.0
0.621501969171
0.571785402903
1.0
0.621501969171
0.571785402903
1.0
0.621262888794
0.572641298526
1.0
0.621032351424
0.574109851726
1.0
0.621048199653
0.575058858151
1.0
0.620925048104
0.575165282577
1.0
0.621097611633
0.576016026318
1.0
0.620719373559
0.578043498386
1.0
0.620601638574
0.578072904113
1.0
0.620655846869
0.578437563323
1.0
0.620784819913
0.578310235306
1.0
0.620837187591
0.578970210865
1.0
0.620837187591
0.578970210865
1.0
0.62100571861
0.57929314594
1.0
0.62076893205
0.579815475628
1.0
0.620066810794
0.580202764319
1.0
0.620032621973
0.581099709095
1.0
0.620275368484
0.580997334133
1.0
0.620175845712
0.58086255923
1.0
0.620061465925
0.580463885618
1.0
0.620207214965
0.580421368132
1.0
0.620207214965
0.580421368132
1.0
0.6201766907
0.580341595711
1.0
0.619785978469
0.580883474077
1.0
0.619239468271
0.580832668493
1.0
0.619254688928
0.580503663512
1.0
0.618954295655
0.580336948696
1.0
0.61870981567
0.581071988943
1.0
0.61870981567
0.581071988943
1.0
0.618835556747
0.580448761824
1.0
0.618901926588
0.580249521589
1.0
0.619020371079
0.58017579324
1.0
0.618811980206
0.580164454895
1.0
0.618133548863
0.580423832579
1.0
0.617820319523
0.580895286107
1.0
0.61803374964
0.580352537127
1.0
0.618027676189
0.580343284259
1.0
0.618090770352
0.580389796319
1.0
0.617804909698
0.580487666983
1.0
0.617804909698
0.580487666983
1.0
0.617481326039
0.580127704453
1.0
0.617479009474
0.580075999618
1.0
0.617315836076
0.579602720789
1.0
0.617101900794
0.579591024511
1.0
0.617339831252
0.579970240944
1.0
0.617190243608
0.580304495842
1.0
0.617190243608
0.580304495842
1.0
0.616896209058
0.580337248958
1.0
0.616779844999
0.580800059839
1.0
0.616784919376
0.580803755558
1.0
0.61678276158
0.581227507534
1.0
0.61595956712
0.581251390416
1.0
0.615864106411
0.581407284623
1.0
0.615823828313
0.581393795238
1.0
0.615548134775
0.581530233199
1.0
0.615546646549
0.581995863399
1.0
0.615546646549
0.581995863399
1.0
0.61533026164
0.582277696481
1.0
0.615116103029
0.582092924307
1.0
0.61484573193
0.582671411229
1.0
0.614631166875
0.582406709901
1.0
0.614336785277
0.582759481206
1.0
0.614161452413
0.582927942849
1.0
0.614034710008
0.583071984875
1.0
0.61362210365
0.582865716027
1.0
0.613346172072
0.583205019909
1.0
0.613346172072
0.583205019909
1.0
0.613030007473
0.583226588709
1.0
0.612825466889
0.583611422705
1.0
0.61206096469
0.583456460495
1.0
0.611785411716
0.583796665984
1.0
0.611790797827
0.584061114031
1.0
0.611519526381
0.584596769602
1.0
0.611013054111
0.58462234944
1.0
0.611013054111
0.58462234944
1.0
0.610754378163
0.584973562535
1.0
0.610690828713
0.584667244249
1.0
0.610501649119
0.584913539491
1.0
0.610520375692
0.584275341437
1.0
0.610349316098
0.58439078671
1.0
0.610203530074
0.584371365475
1.0
0.610279055396
0.58421739506
1.0
0.610172866743
0.583689082499
1.0
0.610276743702
0.583765839055
1.0
0.610276743702
0.583765839055
1.0
0.610500124097
0.583870629689
1.0
0.60994235353
0.584314835939
1.0
0.609625691604
0.584392390438
1.0
0.609951198563
0.583316130784
1.0
0.610344542444
0.583222258148
1.0
0.610296562373
0.583194879807
1.0
0.610402083699
0.583711575796
1.0
0.610435319779
0.583499429632
1.0
0.610435319779
0.583499429632
1.0
0.610605964718
0.584396953072
1.0
0.610669158881
0.5844095883
1.0
0.610985915823
0.585280259535
1.0
0.611149804487
0.585691636707
1.0
0.611105889862
0.586441712194
1.0
0.610995023538
0.586635877558
1.0
0.611066311607
0.587584680443
1.0
0.611288291737
0.587785528034
1.0
0.611288291737
0.587785528034
1.0
0.61110863745
0.588604345858
1.0
0.611028180512
0.588993817485
1.0
0.61064438169
0.589895105111
1.0
0.610656772319
0.590557709443
1.0
0.611007013674
0.591150066073
1.0
0.61081565336
0.592595476649
1.0
0.61081565336
0.592595476649
1.0
0.610606210121
0.593019934329
1.0
0.611006523319
0.593502388199
1.0
0.610779090212
0.59434827039
1.0
0.610275103093
0.59518288593
1.0
0.610041833109
0.595936019368
1.0
0.609969290291
0.596419455008
1.0
0.609660012138
0.597874780177
1.0
0.609432548235
0.598503916875
1.0
0.609432548235
0.598503916875
1.0
0.608873616722
0.599382183407
1.0
0.608529979136
0.600528225316
1.0
0.60787725781
0.600927066691
1.0
0.6076958458
0.602165107031
1.0
0.607113757501
0.603114315363
1.0
0.60705715895
0.604064318005
1.0
0.606944927941
0.605196572619
1.0
0.606433050297
0.607158309881
1.0
0.606096180644
0.608962997037
1.0
0.606096180644
0.608962997037
1.0
0.605650388072
0.610398256151
1.0
0.605342319097
0.611890988118
1.0
0.605007422002
0.612979193174
1.0
0.604638654117
0.614523414364
1.0
0.604391894043
0.616253867106
1.0
0.604415272429
0.617789956049
1.0
0.604365031551
0.619681048644
1.0
0.604511631543
0.622100302517
1.0
0.6044918954
0.623132889827
1.0
0.6044918954
0.623132889827
1.0
0.604638047944
0.625106312043
1.0
0.60433480634
0.62676113868
1.0
0.60400654617
0.628360427072
1.0
0.604165468785
0.630431133353
1.0
0.604415993627
0.632955340322
1.0
0.604340604265
0.634908804294
1.0
0.604340604265
0.634908804294
1.0
0.604141547241
0.637380308956
1.0
0.604331819613
0.638857992787
1.0
0.604517501763
0.640836594277
1.0
0.604504864788
0.642759721155
1.0
0.604485327227
0.644949033734
1.0
0.604748768152
0.646628631791
1.0
0.604814885388
0.649137059964
1.0
0.604873754038
0.65098788243
1.0
0.605513283076
0.653117612294
1.0
0.605600276594
0.654608251354
1.0
0.605600276594
0.654608251354
1.0
0.605383226024
0.656203454684
1.0
0.605439925806
0.658459598332
1.0
0.605447454811
0.659994710903
1.0
0.605524604818
0.66171481388
1.0
0.605473815478
0.663530332015
1.0
0.605845632763
0.665010558585
1.0
0.60611922714
0.666813482436
1.0
0.60611922714
0.666813482436
1.0
0.605866520039
0.668886974408
1.0
0.605653680012
0.67044383438
1.0
0.606204947296
0.671652567788
