0.965052496043
0.389878188644
0.339729557573
0.965052496043
0.385375120419
0.358089620288
0.965052496043
0.385375120419
0.358089620288
0.99
0.382480161603
0.358609707211
0.99
0.378055019962
0.376935503017
0.842013771325
0.380618854153
0.377843876684
0.842013771325
0.376095229134
0.397676876458
0.857790016577
0.377968199626
0.399496164096
0.857790016577
0.374536553623
0.414065488397
0.99
0.37358097108
0.413343090273
1.0
0.372032101458
0.419772346976
1.0
0.372032101458
0.419772346976
0.894785771099
0.372864455651
0.420784245319
0.894785771099
0.372115703105
0.423875550799
1.0
0.371982426722
0.423797895381
1.0
0.372196036374
0.423549015872
1.0
0.371143582248
0.423458987944
1.0
0.371091193479
0.423325094751
0.765313882239
0.378470545822
0.419444339797
0.765313882239
0.37849625521
0.41970429211
0.765313882239
0.37849625521
0.41970429211
0.99
0.372153479532
0.424279017002
0.99
0.372165023444
0.424647721685
0.845414903183
0.37327215227
0.424557712394
0.845414903183
0.373311752371
0.424688060217
0.990890094265
0.371872136554
0.424959921638
0.990890094265
0.371966561416
0.425156058799
1.0
0.37122223793
0.425694396334
1.0
0.371218344007
0.426297265764
1.0
0.371218344007
0.426297265764
0.969083875144
0.372005025317
0.426343673858
0.969083875144
0.372039098095
0.426494432296
0.984550900172
0.372075950823
0.426940927379
0.984550900172
0.372099479674
0.42670189597
1.0
0.371439986935
0.427209845748
1.0
0.371501395373
0.427589949248
0.873488995789
0.372143395964
0.428775335576
0.873488995789
0.37218253406
0.429004709542
0.873488995789
0.37218253406
0.429004709542
0.904226340624
0.37277206875
0.427819789166
0.904226340624
0.372726227385
0.427512882445
0.974944308129
0.372439202483
0.428459544821
0.974944308129
0.372496013856
0.428755082452
0.960822112684
0.372764342634
0.429257585884
0.960822112684
0.372740611973
0.429313966214
1.0
0.372708323738
0.429242029867
1.0
0.372708323738
0.429242029867
1.0
0.372783332436
0.428992281157
0.866736229107
0.374635649445
0.42951191631
0.866736229107
0.374707723827
0.429902834936
0.999413581274
0.374085481608
0.431880184475
0.999413581274
0.374184526137
0.432144532709
1.0
0.372975936969
0.431119822142
1.0
0.373004266645
0.43073544073
0.959257220785
0.375089175642
0.431713890153
0.959257220785
0.375141348762
0.432081225176
0.959257220785
0.375141348762
0.432081225176
0.958235341963
0.375264927207
0.433016494483
0.958235341963
0.375334572381
0.43313502813
0.958235341963
0.375348126454
0.433213352124
1.0
0.374450781296
0.433634811217
1.0
0.374351924649
0.434263974992
1.0
0.374704240025
0.435039273159
1.0
0.374774843193
0.434898547955
1.0
0.374774843193
0.434898547955
0.862493461158
0.376879357378
0.434732554237
0.862493461158
0.376847726069
0.435409074288
0.884801365524
0.376416366653
0.435909363972
0.884801365524
0.376421397159
0.436429187404
1.0
0.374674784118
0.437677919182
1.0
0.374590509368
0.438070518809
1.0
0.376074993409
0.438637683907
1.0
0.376117418326
0.438865447804
0.914641182741
0.377325747064
0.439509994185
0.914641182741
0.377325747064
0.439509994185
0.914641182741
0.377306737311
0.44028400247
0.933694489201
0.376882094039
0.44099229546
0.933694489201
0.376823122525
0.44171074624
0.773230439298
0.377759090885
0.442110195353
0.773230439298
0.377795643357
0.442667302164
0.99
0.376056232993
0.443295341701
0.99
0.376001908417
0.444073819347
0.907788113337
0.377188076526
0.445255179567
0.907788113337
0.377188076526
0.445255179567
0.907788113337
0.377086837998
0.445544025144
1.0
0.377076312662
0.445828512299
1.0
0.377139724686
0.446010833416
0.952848837891
0.377323078484
0.447213464255
0.952848837891
0.377287344628
0.447607033444
0.770428888367
0.380340526719
0.448495549875
0.770428888367
0.380340526719
0.448495549875
0.770428888367
0.380407622129
0.448588627094
0.770428888367
0.380451005427
0.448905157717
0.94125916107
0.380332624492
0.449352539016
0.94125916107
0.380389304946
0.449878938222
0.94125916107
0.380329275302
0.449415321638
0.726278141904
0.38137542081
0.449302330004
0.726278141904
0.381415110014
0.449899823342
0.790783165102
0.381735545025
0.449607069279
0.790783165102
0.381735545025
0.449607069279
0.790783165102
0.381782009885
0.449973279372
0.833199931553
0.380789365875
0.451004337684
0.833199931553
0.380895197175
0.450922167189
1.0
0.379687083701
0.451881895645
1.0
0.379661872334
0.451884952422
1.0
0.379619623414
0.45256840891
1.0
0.379723765813
0.452987956335
1.0
0.380447760899
0.453316756551
1.0
0.380447760899
0.453316756551
1.0
0.380424966986
0.453182222803
0.890837617059
0.379689945162
0.454274673728
0.890837617059
0.379700476114
0.454733603462
1.0
0.379247010228
0.452738775947
1.0
0.379346645445
0.452283646217
0.783246356071
0.386262124491
0.448686910037
0.783246356071
0.38628814662
0.449270408463
0.70772233088
0.384762532238
0.452011574331
0.70772233088
0.384762532238
0.452011574331
0.70772233088
0.384780304141
0.451956902775
0.768758950955
0.388313191875
0.449914820569
0.768758950955
0.388420833385
0.449838666208
0.99
0.381246667008
0.454979029938
0.99
0.381210520642
0.455009810705
0.99
0.381247328694
0.454968674311
0.99
0.381247328694
0.454968674311
0.871557057994
0.382375030939
0.457037559329
0.871557057994
0.382403242387
0.457525966649
0.908150725665
0.382575212473
0.456888252966
0.908150725665
0.38258851421
0.456841848823
1.0
0.382215329733
0.458472987796
1.0
0.382179507024
0.458539191069
1.0
0.382179507024
0.458539191069
0.793961880728
0.387189512186
0.454346602757
0.793961880728
0.387197683096
0.454752752695
0.784605026909
0.389723265682
0.454859093438
0.784605026909
0.389748071646
0.454803281744
0.747893452244
0.386996331376
0.457895290026
0.747893452244
0.386898073526
0.458476870886
0.99
0.383602346107
0.459525932383
0.99
0.383685400092
0.460175240724
1.0
0.383884748376
0.456350564408
1.0
0.383936905141
0.456840966809
1.0
0.383936905141
0.456840966809
0.906302732853
0.383021615784
0.451657574037
0.906302732853
0.383012139272
0.451930527536
1.0
0.382616280118
0.451829442397
1.0
0.382686184671
0.451400215144
1.0
0.383002301058
0.45241293683
1.0
0.38341825336
0.448720377181
0.944729425585
0.38622778376
0.450338842004
0.944729425585
0.386532488135
0.445284034007
0.944729425585
0.386532488135
0.445284034007
1.0
0.385618480417
0.445699703724
1.0
0.385741924127
0.443718500055
0.827135893417
0.38786219076
0.443410146607
0.827135893417
0.387879151429
0.443382548687
0.856781556782
0.38797844339
0.444903474971
0.856781556782
0.387970708224
0.445538323523
1.0
0.387525429102
0.44648729997
1.0
0.387753006701
0.446303402049
1.0
0.387753006701
0.446303402049
0.861839035818
0.389824644352
0.448376149554
0.861839035818
0.389993727005
0.448009855435
0.836497991723
0.389751926431
0.44977937145
0.836497991723
0.389924479801
0.449859742184
1.0
0.389908490157
0.44895859915
1.0
0.390022681538
0.449171029421
0.901853031517
0.391979441631
0.448519139632
0.901853031517
0.392056363277
0.448963399916
0.901853031517
0.392056363277
0.448963399916
0.881628078938
0.392506136976
0.451933318205
0.881628078938
0.392721466419
0.452111694189
1.0
0.39237023295
0.45185901365
1.0
0.392413968862
0.452190516398
0.911616887021
0.394030390127
0.452417108456
0.911616887021
0.39404056433
0.452096214803
1.0
0.394756351522
0.453049767887
1.0
0.394756351522
0.453049767887
1.0
0.39490228135
0.453078903181
1.0
0.396014691879
0.454601717008
1.0
0.396320287722
0.454620762719
1.0
0.396890849788
0.45523083113
1.0
0.397034385631
0.455457007576
1.0
0.398389811858
0.456186527087
1.0
0.398559597986
0.456337422889
0.992100291205
0.399390970585
0.455842600516
0.992100291205
0.399585781353
0.455486413329
0.992100291205
0.399585781353
0.455486413329
0.986950819756
0.401231391439
0.457167329983
0.986950819756
0.401618152906
0.45685117509
1.0
0.402921273424
0.457500915683
1.0
0.402997413836
0.457415817604
1.0
0.403923764644
0.457859291508
1.0
0.404349980955
0.458165994219
1.0
0.405287600055
0.458529202599
1.0
0.405287600055
0.458529202599
1.0
0.40556122693
0.457870678311
1.0
0.407161293985
0.459924799831
1.0
0.407523931395
0.458925214017
1.0
0.408101164391
0.458685429755
1.0
0.408431458946
0.458403429844
1.0
0.409636370917
0.4586348946
1.0
0.409923881711
0.457852671398
1.0
0.410712167096
0.459275734178
1.0
0.410712167096
0.459275734178
1.0
0.411041167288
0.458539140515
1.0
0.412552840098
0.459167173751
1.0
0.413027604058
0.458154315859
1.0
0.414586830437
0.458584151249
1.0
0.414837648226
0.45821119514
1.0
0.415470109007
0.458640017763
1.0
0.415736422325
0.458196895747
1.0
0.416426738807
0.45940020457
0.973829647265
0.417042812357
0.45865178958
0.973829647265
0.417042812357
0.45865178958
0.973829647265
0.417752230526
0.459231055151
1.0
0.417823264801
0.458492512746
1.0
0.419579995066
0.459499669949
1.0
0.419919165432
0.459104913757
1.0
0.420774677801
0.459759615815
1.0
0.42102587088
0.459462194869
1.0
0.42102587088
0.459462194869
1.0
0.421611051883
0.459611792229
1.0
0.421855541627
0.459023315012
1.0
0.423162030855
0.459223358284
1.0
0.423530271095
0.45935651777
1.0
0.423704967257
0.459933237945
1.0
0.423958344446
0.459140920785
1.0
0.425443094481
0.459220448232
1.0
0.425664048112
0.458895106238
1.0
0.42606695003
0.459264214582
1.0
0.42626947661
0.458389860114
1.0
0.42626947661
0.458389860114
1.0
0.426932162928
0.458931725406
1.0
0.427273966284
0.458423815313
1.0
0.427396395963
0.458276514049
1.0
0.427487276373
0.457872531936
1.0
0.427593109791
0.459163021773
1.0
0.427720801646
0.459383562863
1.0
0.428375259459
0.458104910579
1.0
0.428801883532
0.457289862574
1.0
0.428801883532
0.457289862574
1.0
0.428735949186
0.457789769685
1.0
0.428776170592
0.457546980527
0.997220438649
0.429344282501
0.458077042739
0.997220438649
0.429421812779
0.458328621081
1.0
0.428921138373
0.458622693729
1.0
0.429051978037
0.458262733917
1.0
0.429415842225
0.458376085496
1.0
0.429415842225
0.458376085496
1.0
0.429440822772
0.458479639087
1.0
0.42900679209
0.458892801663
1.0
0.429112443186
0.458882781436
1.0
0.428786962933
0.458561190171
1.0
0.428765990346
0.458571643358
1.0
0.428695173216
0.459053729189
1.0
0.428687449162
0.459003733217
0.984570157342
0.428483373131
0.457740698529
0.984570157342
0.428410767235
0.457877453677
0.984570157342
0.428410767235
0.457877453677
1.0
0.428215973553
0.458230127794
1.0
0.428207757688
0.458849316539
1.0
0.42802883862
0.459399163789
1.0
0.427942822848
0.459294646528
1.0
0.436672745853
0.461407029559
1.0
0.436544750389
0.461608470388
0.99
0.454475134171
0.464454535828
0.99
0.454475134171
0.464454535828
0.99
0.454326108829
0.46515165628
0.99
0.470633023922
0.465450249434
