1.0
0.573889158328
0.574478353507
0.980521192899
0.57615114074
0.572220281619
0.980521192899
0.57615114074
0.572220281619
0.980521192899
0.543421746209
0.560309279206
0.896615608171
0.55172235804
0.558495230496
0.896615608171
0.55172235804
0.558495230496
0.92149902342
0.558897240532
0.560090388445
0.959497198241
0.560262443451
0.559654221366
0.680023810661
0.57600132307
0.566518497601
0.680023810661
0.576394507174
0.565311914794
0.680023810661
0.576547430437
0.565394875636
0.680023810661
0.576753584076
0.565541683158
0.680023810661
0.577121305196
0.564092912864
0.680023810661
0.577121305196
0.564092912864
0.680023810661
0.576792157038
0.563773042268
0.680023810661
0.576186341488
0.563343763223
0.680023810661
0.576710179043
0.563844966481
0.680023810661
0.576462584277
0.564337174867
0.620769105622
0.575406664885
0.564302244651
0.620769105622
0.575258430128
0.563859280448
0.675352205873
0.576723940574
0.565700905749
0.675352205873
0.576723940574
0.565700905749
0.675352205873
0.577270450286
0.566209507147
0.675352205873
0.577483591532
0.566722831375
0.674468166156
0.577692711277
0.563338173318
0.674468166156
0.577317639515
0.563376636599
0.674468166156
0.577790445062
0.562971403644
0.674468166156
0.57721013075
0.563677002608
0.661345228982
0.576230843284
0.5636249183
0.661345228982
0.576624483713
0.563287069793
0.661345228982
0.576624483713
0.563287069793
0.631060915957
0.575642059017
0.563236148636
0.631060915957
0.574804938616
0.562712958166
0.642281077089
0.57767638861
0.564717165154
0.642281077089
0.578093035207
0.565145288014
0.715074487769
0.576836825709
0.564952603216
0.715074487769
0.576659875722
0.564548156613
0.613357211844
0.575719180886
0.56452663655
0.613357211844
0.576077146643
0.564591130602
0.613357211844
0.576077146643
0.564591130602
0.603458763794
0.578987558368
0.566622708773
0.603458763794
0.579052803364
0.56675295727
0.646577890677
0.577839603913
0.566590240161
0.646577890677
0.577385800855
0.566788331713
0.779837139843
0.578853576109
0.563440749326
0.779837139843
0.578669159604
0.564261054941
0.779837139843
0.5799163606
0.563404267997
0.753471561291
0.579060206627
0.563363823558
0.753471561291
0.579060206627
0.563363823558
0.753471561291
0.578452948503
0.562990870937
0.714193991124
0.577593744481
0.562951410628
0.714193991124
0.57684369925
0.563151189966
0.64192021867
0.575981347362
0.563112953441
0.64192021867
0.57704198516
0.562864478848
0.651784620961
0.580031395094
0.564884995376
0.651784620961
0.579541578202
0.5647290096
0.685091073643
0.578407609563
0.564548617759
0.685091073643
0.578550976674
0.564143753402
0.685091073643
0.578550976674
0.564143753402
0.624096241739
0.577733368601
0.564134749203
0.624096241739
0.577652018078
0.562910909556
0.606277069929
0.580341326974
0.559294023301
0.606277069929
0.58108044107
0.558702714172
0.911816026883
0.580014879346
0.558942080714
0.911816026883
0.579269000898
0.559303852505
0.859108923014
0.578490955895
0.559246430148
0.859108923014
0.578490955895
0.559246430148
0.859108923014
0.577935599148
0.558979785932
0.771576695332
0.577155056241
0.558923202403
0.771576695332
0.577012369129
0.559332295556
0.63118790763
0.576229563867
0.559276826155
0.63118790763
0.576088850476
0.559179627527
0.63052986646
0.578833329219
0.55549852783
0.63052986646
0.579129046208
0.554148864805
0.894283679607
0.580698124195
0.556063476367
0.894283679607
0.580698124195
0.556063476367
0.953894738589
0.580513898158
0.554717131852
0.953894738589
0.580522462843
0.554307419386
0.935141850969
0.580462818859
0.553131296213
0.935141850969
0.580232974559
0.552797848551
0.958084657238
0.580713216986
0.551553303125
0.958084657238
0.580786035779
0.550828753048
0.973767249336
0.580138964825
0.551456562302
0.973767249336
0.580138964825
0.551456562302
0.973767249336
0.579206955217
0.548973195544
0.968804376477
0.578756411458
0.549315938737
0.94017037052
0.578324121815
0.548448159161
0.989671994719
0.577912789017
0.548062094881
0.986898660413
0.57875408922
0.546846345811
0.986898660413
0.578513243941
0.546391818684
0.979021633252
0.577913672681
0.545464860914
0.979021633252
0.577913672681
0.545464860914
0.979021633252
0.578036338997
0.545462261749
0.983605620018
0.577877529186
0.544790823445
0.983605620018
0.577717836582
0.544627372004
0.963927321322
0.578542252723
0.542437810645
0.963927321322
0.578520284237
0.542190518683
0.942008668766
0.578040274355
0.542648841787
0.942008668766
0.578040274355
0.542648841787
0.942008668766
0.577936923536
0.542869001355
0.90576187373
0.577555537215
0.543714890472
0.90576187373
0.577555537215
0.543714890472
0.90576187373
0.568811934127
0.535791898075
0.984551755826
0.568534587793
0.53858280251
0.984551755826
0.568534587793
0.53858280251
0.922878244842
0.569769293762
0.535413224759
0.910026484254
0.570148570679
0.534557772778
0.963615029965
0.570259938327
0.532959156788
0.902421940634
0.569835624816
0.531478574823
0.902421940634
0.569835624816
0.531478574823
0.928159917218
0.570095129791
0.532682618892
0.997779720128
0.570359901038
0.534497732788
0.9632650615
0.569409726926
0.53627496641
0.9094033025
0.57058774227
0.537195044838
0.9094033025
0.57058774227
0.537195044838
0.956615276479
0.571053054541
0.539290832814
0.889782450072
0.572590606826
0.540937072024
0.999424683859
0.571809439305
0.538634506431
1.0
0.571720898993
0.539844255677
1.0
0.571720898993
0.539844255677
0.958460882377
0.572664567385
0.541199476516
0.897384451644
0.573774917427
0.541751692716
0.935635524804
0.573597541604
0.544266113164
0.952357853382
0.57213502105
0.543591396487
0.952357853382
0.57213502105
0.543591396487
0.920129389237
0.572890672783
0.546534413188
0.933613056734
0.573890244973
0.547696158732
0.922849399054
0.575533002021
0.550074321455
0.662372595629
0.579308708637
0.546922141889
0.995196715303
0.579320391616
0.550159659575
0.995196715303
0.579320391616
0.550159659575
0.934424873733
0.578813700755
0.550107196405
0.998215209482
0.577731966057
0.550163351572
0.977751893107
0.577980044085
0.550639799689
0.937025069188
0.596795855679
0.555019255522
0.989457835165
0.596675599138
0.555852758644
0.944450256086
0.596922971255
0.556714837325
0.944450256086
0.596922971255
0.556714837325
0.970412951427
0.597841516046
0.557494526235
0.953917729003
0.598205661641
0.557860562283
0.962500891766
0.598362126691
0.559811675337
0.916260046435
0.599019070653
0.561843250357
0.898681324471
0.599044088244
0.561949863646
0.898681324471
0.598760925521
0.562379557494
0.934676385425
0.599283493902
0.562842204967
0.934676385425
0.59988197711
0.563595601391
0.934676385425
0.59988197711
0.563595601391
0.939632930411
0.600129505996
0.564020560994
0.919461314321
0.60000174599
0.564421247611
0.966906075005
0.599783670742
0.565218661458
0.966906075005
0.599721015704
0.565250644439
0.881665440285
0.600333312819
0.565433675395
0.881665440285
0.600580956306
0.56565577438
0.969309810824
0.599562500082
0.566344191437
0.969309810824
0.599305379136
0.566420214937
0.969309810824
0.599305379136
0.566420214937
0.941199559118
0.599900842547
0.567308897517
0.941199559118
0.599521051811
0.566455275597
0.94660014237
0.59890547092
0.566952822733
0.961752217253
0.599285681902
0.567095468964
0.961752217253
0.599285681902
0.567095468964
0.961752217253
0.59976088854
0.57098742574
0.934720348252
0.599661573548
0.571670878848
0.934720348252
0.599661573548
0.571670878848
0.935027979048
0.598730705064
0.571239197555
0.948666746445
0.599198899346
0.571162187771
0.991732402106
0.599347324164
0.570847866315
0.953933024574
0.599380206548
0.572903671412
0.956815005167
0.599653565547
0.573397862648
0.937120264187
0.59960373205
0.573522237619
0.875568527109
0.598883882186
0.573744388213
0.875568527109
0.598883882186
0.573744388213
0.875568527109
0.599637981631
0.57478594918
0.900616466818
0.600355592446
0.574343451732
0.900616466818
0.600355592446
0.574343451732
0.883378897748
0.600152926069
0.57484711299
0.945392893704
0.600451079167
0.57484065783
0.892862595159
0.600462379116
0.576054956547
0.89186029328
0.600153213909
0.577011057736
0.968420866046
0.599705032766
0.577148732597
0.93316092426
0.599584838113
0.577125521112
0.981411917332
0.600341547712
0.577789420801
0.981411917332
0.60025571295
0.577598833361
0.981411917332
0.60025571295
0.577598833361
0.836224966306
0.59959388666
0.578312827907
0.836224966306
0.599564958084
0.578277172955
0.892303645879
0.600552391482
0.577906654563
0.957730650663
0.600103762659
0.578154591157
0.957730650663
0.60019471532
0.578242584633
0.989376495734
0.600035331035
0.578274579
0.989376495734
0.599412091628
0.577870333884
0.935343903547
0.599424457176
0.577971155228
1.0
0.599463241629
0.578391574091
1.0
0.599463241629
0.578391574091
0.888863262274
0.600060924658
0.577053899824
0.888863262274
0.599771312014
0.577288880079
1.0
0.59953173576
0.578175474003
1.0
0.599614115483
0.577764364588
0.949318802495
0.599491521322
0.577809014795
0.946718897025
0.599111533034
0.577675157713
0.946718897025
0.599439879679
0.577700017674
0.946718897025
0.599439879679
0.577700017674
0.957308163393
0.599701973556
0.577258283936
0.957308163393
0.599592061956
0.577263366583
0.966682020011
0.599301462644
0.578143808333
0.966682020011
0.599237034597
0.577930693534
0.93810678172
0.598796752136
0.577820142928
0.93810678172
0.59842192498
0.577691551563
0.929605668855
0.599325630978
0.57694929575
0.968725208801
0.599098696968
0.576398377417
0.968725208801
0.599098696968
0.576398377417
0.968725208801
0.599233499324
0.576462996975
0.962148324328
0.599281146217
0.576001912997
0.930012270291
0.599499729488
0.576734049297
0.930012270291
0.599337561502
0.576926545316
0.930012270291
0.599337561502
0.576926545316
0.985783918115
0.599170513314
0.578526843537
0.993102214496
0.598491550441
0.578609100419
