1.0
0.601839174427
0.666109074752
1.0
0.602091113815
0.66570238011
1.0
0.603333818285
0.658728009802
1.0
0.60397405589
0.660558591783
1.0
0.60397405589
0.660558591783
1.0
0.603067575054
0.659531996893
1.0
0.601497003584
0.660636007605
1.0
0.601287504969
0.656777126456
1.0
0.601287504969
0.656777126456
1.0
0.602424028327
0.654271164131
1.0
0.600908987448
0.653838158687
1.0
0.602129600354
0.651453594533
1.0
0.598764624523
0.651842509617
1.0
0.598764624523
0.651842509617
1.0
0.600799446644
0.652164943575
0.977348135516
0.599758669874
0.651802539544
1.0
0.60051615707
0.6548212427
1.0
0.598303561882
0.65201159608
1.0
0.598303561882
0.65201159608
1.0
0.598330469309
0.648862634014
1.0
0.598185749726
0.655433521557
0.971033326316
0.598970692978
0.654464663712
0.977255108509
0.597841750006
0.655668058559
0.977255108509
0.597841750006
0.655668058559
0.977255108509
0.597841750006
0.655668058559
0.95154961827
0.597695389702
0.660872211984
0.95154961827
0.597695389702
0.660872211984
0.95154961827
0.597695389702
0.660872211984
0.948561697437
0.599528184851
0.662559278495
0.948561697437
0.599528184851
0.662559278495
0.948561697437
0.599528184851
0.662559278495
0.948561697437
0.599528184851
0.662559278495
0.948561697437
0.599528184851
0.662559278495
0.949192395487
0.598511999574
0.66333552579
0.949192395487
0.598511999574
0.66333552579
0.938357261419
0.598103376012
0.660276962215
0.938357261419
0.598103376012
0.660276962215
0.938357261419
0.598103376012
0.660276962215
0.938357261419
0.598103376012
0.660276962215
0.938357261419
0.598103376012
0.660276962215
0.938357261419
0.598103376012
0.660276962215
0.938357261419
0.598103376012
0.660276962215
0.938357261419
0.598103376012
0.660276962215
0.947737600666
0.597892780107
0.661969712119
0.947737600666
0.597892780107
0.661969712119
1.0
0.597239249281
0.697834876175
0.930328638294
0.595089245087
0.664880580478
0.894648987522
0.595405726805
0.671783200826
0.841697030909
0.594079837123
0.677063329207
0.831757478321
0.598234045252
0.659924105462
