0.99
0.435953113866
0.574178322431
0.99
0.434119471339
0.55387419354
0.99
0.434119471339
0.55387419354
0.99
0.423411953173
0.549415751839
0.99
0.423411953173
0.549415751839
0.99
0.423411953173
0.549415751839
0.99
0.423411953173
0.549415751839
0.878659836086
0.432636465662
0.559615002567
0.878659836086
0.431552883091
0.559510776477
0.878659836086
0.431552883091
0.559510776477
0.878659836086
0.431415337053
0.560539747984
0.878659836086
0.430624631699
0.561237762952
0.878659836086
0.431148062205
0.560773344974
0.878659836086
0.495194740682
0.521217497179
0.878659836086
0.495194740682
0.521217497179
0.99
0.503723749372
0.519334361238
1.0
0.506161904502
0.520160614585
1.0
0.506736622549
0.523285429759
1.0
0.506736622549
0.523285429759
1.0
0.506288121431
0.524429171132
1.0
0.506202957509
0.526379628982
1.0
0.506202957509
0.526379628982
1.0
0.506202957509
0.526379628982
0.785175699372
0.436941599252
0.541612850251
0.785175699372
0.436941599252
0.541612850251
0.785175699372
0.437367498003
0.541815722349
0.785175699372
0.438055118217
0.541382678402
0.785175699372
0.438469638323
0.54219753778
0.785175699372
0.438916724953
0.541385511904
0.785175699372
0.439790688145
0.540191165378
0.99
0.509091309163
0.528696077767
0.99
0.509091309163
0.528696077767
0.99
0.509091309163
0.528696077767
1.0
0.508559746517
0.526654247576
1.0
0.507710135159
0.524772306266
1.0
0.510031406652
0.52265149209
0.980371445494
0.518981313192
0.52485163339
0.980371445494
0.518981313192
0.52485163339
0.980371445494
0.538558503257
0.516726554426
0.980371445494
0.538558503257
0.516726554426
0.980371445494
0.538558503257
0.516726554426
0.99
0.540091862998
0.517746149632
0.99
0.540091862998
0.517746149632
0.99
0.543882683317
0.519428591148
0.99
0.543606339887
0.521189114044
0.99
0.544344473306
0.521661482766
0.99
0.544229313355
0.52308060436
0.99
0.544387799403
0.521905518279
0.99
0.542916252243
0.521920088685
0.840878789834
0.477245298532
0.582299939347
0.840878789834
0.450943498382
0.598327621505
0.945640650479
0.435902031725
0.631255574955
0.945640650479
0.43651318157
0.632863302424
0.900965927316
0.436264720001
0.636071122993
0.900965927316
0.436334730302
0.635751374515
0.900965927316
0.436334730302
0.635751374515
0.895160041994
0.437203146183
0.634811194322
0.895160041994
0.437773649283
0.645920065331
0.920481977387
0.438180714386
0.643989738152
0.93230027072
0.438163315993
0.644935648814
0.93230027072
0.438163315993
0.644935648814
0.93230027072
0.438163315993
0.644935648814
0.93230027072
0.43755339201
0.644162852081
0.949907510246
0.436387069531
0.64423154484
0.904862225237
0.435770864689
0.646260123471
0.967046752749
0.434789719202
0.647225389764
0.967046752749
0.434789719202
0.647225389764
0.967046752749
0.434789719202
0.647225389764
0.967046752749
0.434789719202
0.647225389764
0.967046752749
0.431094118386
0.623785708688
0.969512960771
0.429560149564
0.624638396906
0.965609692744
0.429174960397
0.622714873264
0.99
0.466563101277
0.5650091405
0.99
0.466563101277
0.5650091405
0.99
0.466563101277
0.5650091405
0.99
0.466563101277
0.5650091405
0.99
0.466563101277
0.5650091405
0.99
0.466563101277
0.5650091405
0.99
0.466729851788
0.472785617375
0.99
0.517244891705
0.414208919582
1.0
0.517104149306
0.421528787114
1.0
0.519552597994
0.423501940158
1.0
0.521659292375
0.425821129762
1.0
0.521659292375
0.425821129762
1.0
0.522739829882
0.426512689288
1.0
0.522739829882
0.426512689288
1.0
0.524091841344
0.426768700016
1.0
0.524091841344
0.426768700016
1.0
0.525120184983
0.424818528575
1.0
0.526826615168
0.422728997945
1.0
0.526826615168
0.422728997945
1.0
0.526826615168
0.422728997945
1.0
0.527865790041
0.42297351944
1.0
0.529336395486
0.424583584454
0.99
0.527312636831
0.534171333983
0.99
0.52837354707
0.534078895827
0.99
0.528111344861
0.535315776114
0.99
0.528755302841
0.53579257457
0.99
0.528755302841
0.53579257457
0.99
0.528755302841
0.53579257457
0.99
0.528838782438
0.537357994868
0.99
0.527824594282
0.540381503338
0.99
0.528339950859
0.544002703893
0.99
0.528089666561
0.548318057169
0.99
0.527142811588
0.554489035931
0.99
0.527142811588
0.554489035931
0.99
0.527142811588
0.554489035931
0.99
0.524959985313
0.559853102607
0.99
0.521059220056
0.563289478357
0.99
0.521059220056
0.563289478357
0.99
0.521059220056
0.563289478357
0.99
0.555521006376
0.626667393533
0.99
0.553065012233
0.62772338074
0.99
0.547860206816
0.631412538657
0.980988153453
0.545192522829
0.63063865064
0.99
0.542266012336
0.631632106817
0.912782770888
0.508768789098
0.659641242556
0.944955753536
0.504607091674
0.662070024134
0.944955753536
0.504607091674
0.662070024134
0.99
0.501439071442
0.662110456327
0.914308356402
0.500543418786
0.659103870151
0.914308356402
0.497160413667
0.660368859305
0.914308356402
0.497160413667
0.660368859305
0.919011595137
0.495412318956
0.658804487847
0.944876567048
0.493454562355
0.658784868681
0.944876567048
0.493454562355
0.658784868681
0.944876567048
0.493454562355
0.658784868681
0.944876567048
0.493454562355
0.658784868681
0.944876567048
0.493454562355
0.658784868681
0.944876567048
0.493454562355
0.658784868681
0.944876567048
0.493454562355
0.658784868681
0.944876567048
0.493454562355
0.658784868681
0.944876567048
0.493454562355
0.658784868681
0.944876567048
0.493454562355
0.658784868681
0.980743920879
0.671901877177
0.64181103471
0.87020005001
0.551570438428
0.603315202254
0.99
0.520702621122
0.591203501743
0.918880142141
0.408736489166
0.555005525878
0.918880142141
0.408064509131
0.543152889419
0.918880142141
0.408064509131
0.543152889419
0.918880142141
0.408031465859
0.543844640561
0.918880142141
0.4085141208
0.549902880688
0.918880142141
0.407859879896
0.54022495162
0.918880142141
0.407859879896
0.54022495162
0.918880142141
0.40962007788
0.546876228757
0.918880142141
0.410396229317
0.548250523097
0.9506700772
0.410874518089
0.548245795638
0.9506700772
0.410874518089
0.548245795638
0.9506700772
0.411445899705
0.549499234211
0.959318899374
0.410650649
0.549310703002
