1.0
0.547989468147
0.517769459742
1.0
0.547777945905
0.518954113866
0.99
0.539113927901
0.503450821511
0.99
0.539036641334
0.503334227709
0.967042642647
0.531447862922
0.494606267055
0.967042642647
0.531130647514
0.491287493608
0.967042642647
0.527544749258
0.484526100358
1.0
0.523425296308
0.480101379296
0.911026825962
0.520432696683
0.479288472686
0.911026825962
0.520432696683
0.479288472686
0.911026825962
0.519677981337
0.479434761141
0.99
0.512945847154
0.480548420746
0.99
0.513194388066
0.480840657732
1.0
0.512121477818
0.484279878884
1.0
0.512028815855
0.484404619541
1.0
0.512331152766
0.485020093488
1.0
0.512359933879
0.485238232661
1.0
0.512568568405
0.485383773021
1.0
0.512568568405
0.485383773021
1.0
0.512805502898
0.485934512116
1.0
0.512790420241
0.486190534867
1.0
0.512637572491
0.486054895172
1.0
0.512640678849
0.485886053797
1.0
0.51288145543
0.486381744262
1.0
0.512884424294
0.486761650457
1.0
0.512884424294
0.486761650457
1.0
0.512673440958
0.487349622682
1.0
0.512775167317
0.487293282577
1.0
0.512773372377
0.487018062617
1.0
0.512641962165
0.487128614551
1.0
0.512579818292
0.487837778125
1.0
0.512594853546
0.48825823754
1.0
0.512484897042
0.488278113713
1.0
0.51244536923
0.488743399736
1.0
0.512199171945
0.48868275318
1.0
0.511927297725
0.4891598199
1.0
0.511927297725
0.4891598199
1.0
0.512263414664
0.489462964532
1.0
0.512362488274
0.489643113214
1.0
0.512430087382
0.489598361957
1.0
0.512588737392
0.490255144588
1.0
0.512261987801
0.49017423612
1.0
0.512039804456
0.490732103499
1.0
0.511913045928
0.491018822366
1.0
0.511913045928
0.491018822366
1.0
0.511965906788
0.490823940228
1.0
0.512152952448
0.491177766074
1.0
0.512189902113
0.490639017758
1.0
0.512057979643
0.490752207059
1.0
0.511994258146
0.491318575662
1.0
0.511803201751
0.491325517153
1.0
0.511952846183
0.491768299413
1.0
0.512226876864
0.492056167792
1.0
0.511953495328
0.492652420604
1.0
0.511953495328
0.492652420604
1.0
0.511877754193
0.492881115223
1.0
0.511981734475
0.492893218262
1.0
0.511676551474
0.49312458549
1.0
0.511587123486
0.493208291249
1.0
0.512168126642
0.493665246615
1.0
0.512232840578
0.494153904569
1.0
0.512045244758
0.493811067162
1.0
0.511874012945
0.493696791285
1.0
0.511874012945
0.493696791285
1.0
0.511757396651
0.493816930588
1.0
0.511446195321
0.494792549319
1.0
0.511763048122
0.495211661321
1.0
0.51177691115
0.495271500047
1.0
0.511763916125
0.495612167207
1.0
0.511785645138
0.496386191352
1.0
0.511785645138
0.496386191352
1.0
0.511756607557
0.496081598507
1.0
0.511272694222
0.496591207781
1.0
0.511179169126
0.496728742026
1.0
0.511363000605
0.49641944994
1.0
0.510762911803
0.497296271623
1.0
0.510822151772
0.497391499229
1.0
0.511704232971
0.497157190056
1.0
0.511470690723
0.497186917775
1.0
0.515981589278
0.49347167969
1.0
0.515950364787
0.494161482987
1.0
0.515950364787
0.494161482987
0.99
0.525878326542
0.487399423391
0.99
0.525658942354
0.487045568709
0.99
0.535639279941
0.486993452924
0.99
0.538286932595
0.479214244245
1.0
0.542360435572
0.479497365526
0.99
0.550318794914
0.455821099097
0.99
0.551294701302
0.457588014145
0.99
0.551294701302
0.457588014145
0.86573966133
0.554567106487
0.449015900609
0.86573966133
0.554111479106
0.449111990605
0.868441703273
0.555357445506
0.44574639767
0.868441703273
0.554793247154
0.446370121721
0.844440076406
0.55480581419
0.446722768552
0.844440076406
0.554549121423
0.446846873406
0.974263777232
0.554172300474
0.447829286411
0.974263777232
0.55477546633
0.44858357173
0.974263777232
0.55477546633
0.44858357173
0.875391293009
0.555963130902
0.446514165073
0.875391293009
0.553798040241
0.447589853416
1.0
0.55606624614
0.443234166037
0.99
0.548301524078
0.44813056485
0.99
0.549228920439
0.445509493198
0.99
0.538195491311
0.453347753243
0.99
0.537133142234
0.455511375575
0.99
0.525360076572
0.462555959165
0.99
0.521668872136
0.472571333323
0.99
0.521668872136
0.472571333323
0.948134699125
0.513945890108
0.470520970602
0.948134699125
0.503779508742
0.503124172823
0.948134699125
0.496231857273
0.526671238127
0.934356794784
0.493301697234
0.526446900233
0.934356794784
0.487240329695
0.541031503084
0.980203204321
0.486673224639
0.540603309037
0.980203204321
0.484094192697
0.547469946788
0.993365422669
0.482921367911
0.547544204376
0.993365422669
0.482921367911
0.547544204376
0.993365422669
0.482361264179
0.549497607361
1.0
0.481973378767
0.549481807662
1.0
0.482491061889
0.548723966269
1.0
0.480682000638
0.549895761926
1.0
0.480715490587
0.549721743999
1.0
0.480055285335
0.551322074969
1.0
0.480444952664
0.550561393063
1.0
0.480444952664
0.550561393063
1.0
0.480440352248
0.550267392424
1.0
0.480577717647
0.550010761309
1.0
0.480900444106
0.550397675492
1.0
0.48093876793
0.54990657002
1.0
0.481141789206
0.550042722275
1.0
0.4812031099
0.550389259808
1.0
0.481240516048
0.550627628507
1.0
0.481349722975
0.550162225906
1.0
0.481409157732
0.550231648025
1.0
0.481409157732
0.550231648025
1.0
0.481383564622
0.55070943445
1.0
0.481292398385
0.550923084243
1.0
0.481335069079
0.551078853268
1.0
0.481578358227
0.550761515834
1.0
0.481539661558
0.550368792232
1.0
0.4815355395
0.550186175995
1.0
0.4815355395
0.550186175995
1.0
0.481574558415
0.550279540657
1.0
0.48172416698
0.550397070573
1.0
0.481769491344
0.550183866494
1.0
0.481630887927
0.549939492586
1.0
0.481660127289
0.550328506317
1.0
0.481626805253
0.550441698443
1.0
0.481650565281
0.549854488421
1.0
0.481949508251
0.5498292005
1.0
0.481792031998
0.549928380144
1.0
0.481406778236
0.549625303514
1.0
0.481406778236
0.549625303514
1.0
0.481518908832
0.549831478019
1.0
0.481632337175
0.549970813071
1.0
0.481707965369
0.550142132658
1.0
0.481805561785
0.549842775585
1.0
0.481941702913
0.54915061639
1.0
0.482168330565
0.549235812589
1.0
0.482207382337
0.549437330075
1.0
0.482207382337
0.549437330075
1.0
0.48233228661
0.54931978666
1.0
0.482413866028
0.548939675907
1.0
0.482546801474
0.549118674032
1.0
0.48264549432
0.548559509601
1.0
0.482723750409
0.548694108994
1.0
0.482802470806
0.548616352826
1.0
0.482932974389
0.548491316906
1.0
0.483065529489
0.548811906241
1.0
0.483153165375
0.548657365714
1.0
0.483153165375
0.548657365714
1.0
0.483178413559
0.548521276664
1.0
0.48330973988
0.548214581229
1.0
0.483353743473
0.547334897115
1.0
0.483929798616
0.546943982379
1.0
0.484270856793
0.546601613072
1.0
0.484336475438
0.546321890392
1.0
0.484041035301
0.546127757626
1.0
0.484855798772
0.547294633411
1.0
0.484855798772
0.547294633411
1.0
0.485184563207
0.546222685078
1.0
0.485447557272
0.546468761677
1.0
0.485216970506
0.546541869792
1.0
0.48582811454
0.547159656822
1.0
0.485633758626
0.54727603843
1.0
0.486472784824
0.548715663207
1.0
0.486472784824
0.548715663207
1.0
0.486323343853
0.548993555244
1.0
0.487103479774
0.550683441923
1.0
0.486974046197
0.550965017567
1.0
0.488264937659
0.552541617413
1.0
0.487711197413
0.553648749102
1.0
0.489535495346
0.554751671556
1.0
0.489046968207
0.555996409138
1.0
0.49025655428
0.556971260181
1.0
0.489256991498
0.557970397099
1.0
0.487620800896
0.558379404061
1.0
0.487620800896
0.558379404061
1.0
0.486683702818
0.558306681445
0.954182569735
0.484128114121
0.561184341381
0.954182569735
0.482888996987
0.562478833818
0.905880070346
0.46829534279
0.530972962887
0.905880070346
0.46558152089
0.536235163298
0.915501407209
0.45852266316
0.528000649613
0.915501407209
0.45852266316
0.528000649613
0.915501407209
0.45562042572
0.532116604959
0.903941481446
0.44615004507
0.524019934052
0.844457463006
0.447892864043
0.491119297231
0.844457463006
0.875274319913
0.579155472836
0.837534881365
0.873513631091
0.571301407138
0.837534881365
0.43132027437
0.467035366253
0.930808258698
0.426982622563
0.468420923564
0.930808258698
0.426982622563
0.468420923564
0.930808258698
0.425418555064
0.470628706674
0.849230717439
0.409088505201
0.551318713346
0.849230717439
0.409112529907
0.548011022329
0.849230717439
0.434212375946
0.591546759703
0.852485491093
0.436949168834
0.583016105242
0.852485491093
0.440439162929
0.584092933743
