0.83382352534
0.580006091249
0.926270241491
0.83382352534
0.580006091249
0.926270241491
1.0
0.582216403986
0.921321664979
1.0
0.582603536696
0.923288301139
1.0
0.583171140506
0.924044506334
1.0
0.583432358049
0.925523359005
1.0
0.583432358049
0.925523359005
1.0
0.583641599102
0.92645744868
1.0
0.584410109707
0.929117535203
1.0
0.584673431231
0.930689515786
1.0
0.584673431231
0.930689515786
0.99
0.572643260709
0.973197104735
0.99
0.558652060403
1.04209101001
0.99
0.560876846972
1.06751889746
1.0
0.563107756767
1.07764427967
1.0
0.563107756767
1.07764427967
1.0
0.566845388774
1.08288154582
1.0
0.568186582306
1.08501232903
1.0
0.568186582306
1.08501232903
1.0
0.569998595064
1.08543484971
1.0
0.570884555937
1.08488991273
1.0
0.572127927138
1.08524130715
1.0
0.57343847767
1.08489614313
1.0
0.57343847767
1.08489614313
1.0
0.575780753528
1.08616373207
1.0
0.576152905794
1.08681207355
1.0
0.577127371709
1.08659972879
1.0
0.577917491506
1.08694974034
1.0
0.577917491506
1.08694974034
1.0
0.580057361456
1.08930259579
1.0
0.580656380845
1.09029403635
1.0
0.582052253911
1.09348856896
1.0
0.58314141268
1.09434972104
1.0
0.58314141268
1.09434972104
1.0
0.583665183695
1.09746762282
1.0
0.58371168369
1.09863250729
1.0
0.584081200249
1.0993914336
1.0
0.584587335386
1.10176990916
1.0
0.584880919232
1.10304211832
1.0
0.584880919232
1.10304211832
1.0
0.585134225581
1.10402230784
1.0
0.585550194234
1.1051276394
1.0
0.585550194234
1.1051276394
1.0
0.586105067153
1.10628456272
1.0
0.585728754048
1.10445647933
1.0
0.581333088929
1.09107996182
0.99
0.576772448154
1.04581304516
0.99
0.576772448154
1.04581304516
0.99
0.582917588226
1.0010242328
0.99
0.589118071835
0.949074016247
0.99
0.590840418076
0.897103787431
0.99
0.589505741871
0.851398082864
0.99
0.582686204766
0.805850805188
0.99
0.582686204766
0.805850805188
0.99
0.577798521393
0.771043816021
0.99
0.570161396687
0.736534950723
1.0
0.591197521474
0.901643146917
0.99
0.56101379036
0.686967191577
1.0
0.565215304653
0.677116439859
0.888539946877
0.524818058595
0.627831062849
0.888539946877
0.524818058595
0.627831062849
0.99
0.5246502401
0.625697233133
0.99
0.52409646154
0.624771825882
0.99
0.523958899459
0.624685260496
0.99
0.523787135172
0.625527913922
0.99
0.523546314568
0.626529746604
0.99
0.523546314568
0.626529746604
0.99
0.523408244568
0.627192452385
0.99
0.523316638436
0.628091081907
0.99
0.523325229313
0.628678013606
1.0
0.523180808987
0.628771308087
1.0
0.523007932296
0.629552229253
1.0
0.523007164206
0.62948423418
1.0
0.522835737965
0.630073431393
1.0
0.522731031084
0.630652896745
1.0
0.522731031084
0.630652896745
1.0
0.523113043223
0.631203820189
1.0
0.523063922546
0.631485297294
1.0
0.523438394141
0.631755821695
1.0
0.523203126292
0.632269961874
1.0
0.523666850815
0.632973638418
1.0
0.523651585933
0.633178951166
1.0
0.523651585933
0.633178951166
1.0
0.523797834261
0.633486944339
1.0
0.523821514557
0.633575054835
1.0
0.524296615725
0.633865710545
1.0
0.524225693241
0.633893194885
1.0
0.524168440342
0.63423087315
1.0
0.524107673864
0.634571609829
1.0
0.523959051591
0.634819329134
