1.0
0.722082454684
0.627401716844
1.0
0.722143368644
0.627488854024
1.0
0.722440608973
0.627075195781
1.0
0.722440608973
0.627075195781
1.0
0.723030477136
0.627942063017
1.0
0.723260429325
0.627849444232
1.0
0.723402851581
0.628706105082
1.0
0.723582767405
0.628978150601
1.0
0.723909825084
0.627782344331
1.0
0.72363607344
0.627614557096
1.0
0.724541516825
0.626219152469
1.0
0.724691879668
0.626289703326
1.0
0.728630021326
0.621157152773
1.0
0.728630021326
0.621157152773
1.0
0.728847553765
0.62098549048
1.0
0.731315487759
0.618828367713
1.0
0.731553848336
0.617835263989
1.0
0.732269898911
0.617134618705
1.0
0.735111238275
0.611307235707
1.0
0.735086658277
0.612027999735
1.0
0.738278836938
0.605520117264
1.0
0.737997277042
0.604452168117
1.0
0.738602594247
0.601590929723
1.0
0.738602594247
0.601590929723
1.0
0.738928886763
0.601459668391
1.0
0.738416930975
0.600994369443
1.0
0.73848574024
0.601434355993
1.0
0.738488545014
0.601395282506
1.0
0.738586100769
0.60138468524
1.0
0.738765443218
0.602477229838
1.0
0.738624366643
0.602371322883
1.0
0.738624366643
0.602371322883
1.0
0.738392079739
0.602085481736
1.0
0.738312829658
0.602037578866
1.0
0.738373741127
0.601829432748
1.0
0.738172981683
0.602089735428
1.0
0.737992772284
0.602564592173
1.0
0.73754583588
0.602227427167
1.0
0.737710475767
0.601625245394
1.0
0.737184652254
0.60144825474
1.0
0.737184652254
0.60144825474
1.0
0.736858985886
0.601309371065
1.0
0.736831890332
0.601649577497
1.0
0.736609556491
0.602163434938
1.0
0.736216498955
0.601053046898
1.0
0.735630705796
0.601543239956
1.0
0.735633318872
0.601802993395
1.0
0.735478542656
0.602169586666
1.0
0.735478542656
0.602169586666
1.0
0.735141554162
0.601789280889
1.0
0.734817802958
0.602614226203
1.0
0.734632165364
0.602747435281
1.0
0.734506334919
0.601686249843
1.0
0.734397311692
0.601337266969
1.0
0.73447836061
0.601080103455
1.0
0.734701086745
0.601604643408
1.0
0.734414429444
0.602291420794
1.0
0.733951561421
0.601928148227
1.0
0.733692252948
0.601791466376
1.0
0.733692252948
0.601791466376
1.0
0.733929501062
0.601458751528
1.0
0.734076059154
0.600918436631
1.0
0.734079215245
0.601477846952
1.0
0.733736016393
0.602555369044
1.0
0.73384201192
0.602798887677
1.0
0.733905173554
0.602463263281
1.0
0.733928461367
0.602593141579
1.0
0.733928461367
0.602593141579
1.0
0.734001359002
0.601913441853
1.0
0.734029737614
0.601874061684
1.0
0.733866802049
0.602390646948
1.0
0.734004109032
0.603041656509
1.0
0.734320247331
0.603110470033
1.0
0.734397273203
0.602858174811
1.0
0.734204646772
0.603758957603
1.0
0.733954294426
0.603736984838
1.0
0.733954294426
0.603736984838
1.0
0.734183423985
0.602664856419
1.0
0.73423258766
0.602726465421
1.0
0.734044176597
0.602783443155
1.0
0.734160950068
0.602390517843
1.0
0.733696063484
0.60334165115
1.0
0.733654395425
0.603794200627
1.0
0.734066460062
0.602317032696
1.0
0.733899394965
0.60211719386
1.0
0.733899394965
0.60211719386
1.0
0.734055362769
0.602389082973
1.0
0.730727923835
0.598677191763
1.0
0.730009170801
0.599899756545
1.0
0.723852563196
0.591867884772
1.0
0.723852717315
0.592028150996
1.0
0.719780907923
0.58839331801
1.0
0.718872584991
0.587184084074
1.0
0.716094485796
0.584617725506
1.0
0.716094485796
0.584617725506
1.0
0.711987431053
0.58544101608
1.0
0.711639138839
0.585611146946
1.0
0.708074842714
0.585639743778
1.0
0.708490776807
0.585405974292
1.0
0.705489790624
0.588211540721
1.0
0.705531151669
0.587976887497
1.0
0.705175259765
0.588244669979
1.0
0.705175259765
0.588244669979
1.0
0.70510772476
0.588202522376
1.0
0.705656660608
0.587760165757
1.0
0.705810605678
0.587843080083
1.0
0.705750717682
0.58784842564
1.0
0.705744546525
0.587944371999
1.0
0.70580463043
0.588128797648
1.0
0.705917754242
0.588593040065
1.0
0.706133402656
0.588001774989
1.0
0.706678910401
0.587737576734
1.0
0.706898113716
0.587273093779
1.0
0.706898113716
0.587273093779
1.0
0.707348962927
0.588264583985
1.0
0.707464430788
0.588728387515
1.0
0.707710684076
0.588697966064
1.0
0.707753816749
0.588609948376
1.0
0.708274925785
0.588681678226
1.0
0.708618779133
0.588006419793
1.0
0.709160891467
0.588542757301
1.0
0.709160891467
0.588542757301
1.0
0.709082817824
0.588662033252
1.0
0.709585945208
0.589162695789
1.0
0.709850545816
0.58995717868
1.0
0.710244255434
0.590274589897
1.0
0.710559670079
0.589605199138
1.0
0.711052272765
0.59082908626
1.0
0.71121008357
0.590933383413
1.0
0.71157118806
0.591954318077
1.0
0.711669347003
0.59327677041
1.0
0.711669347003
0.59327677041
1.0
0.712150476768
0.594333247018
1.0
0.712346818445
0.594590869929
1.0
0.712506524097
0.595097788156
1.0
0.712714176896
0.595099088934
1.0
0.712688950851
0.595916928332
1.0
0.7129658304
0.595800091069
1.0
0.712872286148
0.596763345075
1.0
0.712872286148
0.596763345075
1.0
0.713044146688
0.59780553749
1.0
0.712619780487
0.598480149049
1.0
0.712638252459
0.599029029922
1.0
0.712445077452
0.599577012243
1.0
0.712063223386
0.60098128949
1.0
0.711673972624
0.601722012523
1.0
0.711483821272
0.60233961837
1.0
0.711483821272
0.60233961837
1.0
0.711033751908
0.602287238678
1.0
0.71095038738
0.6025379379
1.0
0.710425959153
0.602542509326
1.0
0.710180461727
0.603523896319
1.0
0.709546123323
0.603384064848
1.0
0.709235543204
0.604307620192
1.0
0.709228981381
0.60474501931
1.0
0.708809677971
0.605518910066
1.0
0.708637292568
0.605488410655
1.0
0.708625781428
0.605743411657
1.0
0.708625781428
0.605743411657
1.0
0.7086789657
0.606197330975
1.0
0.708477924151
0.606577210008
1.0
0.708815207102
0.606889104226
1.0
0.70858314701
0.607268846122
1.0
0.709157732394
0.608259895496
1.0
0.709122838265
0.608208593895
1.0
0.709607291661
0.608642422246
1.0
0.709607291661
0.608642422246
1.0
0.709781999545
0.608338674584
1.0
0.710503149952
0.609539063499
1.0
0.710687806965
0.609679659956
1.0
0.710958091438
0.610683157265
1.0
0.711431255908
0.611461381595
1.0
0.711974324677
0.612987383845
1.0
0.712121472704
0.613180536161
1.0
0.71279677836
0.614871024693
1.0
0.71279677836
0.614871024693
1.0
0.713321719089
0.614833693226
1.0
0.713794410246
0.616252054843
1.0
0.713752240716
0.617674447058
1.0
0.714286069649
0.619074318373
1.0
0.714845307517
0.620339349448
1.0
0.715690905578
0.62328063828
1.0
0.715843561084
0.624474557176
1.0
0.720121593384
0.631333660605
1.0
0.720121593384
0.631333660605
1.0
0.720943990357
0.631897418039
0.99
0.732787337873
0.656069462155
0.99
0.733360922934
0.656955486937
0.99
0.73508104053
0.659576973054
1.0
0.736043161311
0.665861163319
1.0
0.739722688063
0.667692744227
1.0
0.739722688063
0.667692744227
1.0
0.739522435557
0.669787665016
0.956576461919
0.741518081521
0.671353216168
0.956576461919
0.741283832062
0.673606489425
0.99
0.745099412774
0.682363109446
0.99
0.74501291529
0.684635643238
1.0
0.744924941462
0.68649831894
1.0
0.744417525198
0.688873393813
1.0
0.745197720009
0.690993246695
1.0
0.74430836021
0.692806273005
1.0
0.744875246662
0.694632748471
1.0
0.744875246662
0.694632748471
1.0
0.745023186327
0.698523941399
1.0
0.745605459277
0.700439142975
1.0
0.745136302096
0.702822231047
1.0
0.744622787773
0.706203731083
1.0
0.744119389996
0.708084273498
1.0
0.744002139793
0.71052541725
1.0
0.744002139793
0.71052541725
1.0
0.743340068901
0.712115137354
1.0
0.743169812902
0.713817630295
1.0
0.74234472811
0.715393930121
1.0
0.742220856411
0.717012076207
1.0
0.7416748521
0.718420474505
1.0
0.741499377221
0.720444886338
1.0
0.740938902713
0.721600135948
1.0
0.740388007257
0.72314045307
1.0
0.740388007257
0.72314045307
1.0
0.739893726188
0.724794308756
1.0
0.739574577506
0.726949531866
1.0
0.73917478975
0.727359245241
1.0
0.738346041545
0.728437429883
1.0
0.737394848747
0.728540186693
1.0
0.738195685917
0.729900831263
1.0
0.737920981912
0.730813143328
1.0
0.737529709217
0.732415764976
1.0
0.737167271872
0.732935248615
1.0
0.737167271872
0.732935248615
1.0
0.736856334452
0.733628659428
1.0
0.73658598843
0.734183544232
1.0
0.736521589334
0.735145337881
1.0
0.736207735464
0.735383284277
1.0
0.735967355778
0.736276821481
1.0
0.735870398726
0.736741416729
1.0
0.736035473022
0.73741774619
1.0
0.736035473022
0.73741774619
1.0
0.735973742904
0.737273569272
1.0
0.735862019426
0.737426569321
1.0
0.735862011988
0.737048855296
1.0
0.735903666766
0.737737533054
1.0
0.736154035006
0.738210240054
1.0
0.736730332374
0.738150829977
1.0
0.736633980412
0.738090520831
1.0
0.736482951817
0.738058527816
1.0
0.736482951817
0.738058527816
1.0
0.736882241684
0.736500541205
1.0
0.736998571783
0.736262426967
1.0
0.737274564444
0.735293256589
1.0
0.737537864768
0.735440486421
1.0
0.73770511568
0.734777087239
1.0
0.738147827007
0.734007565199
1.0
0.738466845571
0.732856629743
1.0
0.739304021967
0.731238994102
1.0
0.739914351977
0.730204393904
1.0
0.739914351977
0.730204393904
1.0
0.740432137228
0.729794745398
1.0
0.74083213583
0.729109049284
1.0
0.741286413316
0.727599405899
1.0
0.74157696415
0.727022777207
1.0
0.741751369383
0.726800693439
1.0
0.742415402353
0.726355293621
1.0
0.742783535939
0.725108323182
1.0
0.742783535939
0.725108323182
1.0
0.742996132487
0.725334323804
1.0
0.74348093976
0.724335398742
1.0
0.743751168246
0.723607852869
1.0
0.744233481643
0.723320479943
1.0
0.74488200545
0.721789893468
1.0
0.745423824037
0.720582225587
1.0
0.745704689028
0.719734232029
1.0
0.746299273389
0.719423071725
1.0
0.746619656089
0.718390864063
1.0
0.746619656089
0.718390864063
1.0
0.7469950529
0.717227396801
1.0
0.747081794719
0.716002887988
1.0
0.747339911919
0.715115248044
1.0
0.747564829082
0.713668773478
1.0
0.748011218211
0.712888774222
1.0
0.748312065707
0.712040870382
1.0
0.748403286638
0.711050835414
1.0
0.748403286638
0.711050835414
1.0
0.748616048923
0.7098014383
1.0
0.748853898439
0.708799531381
1.0
0.748907322553
0.707217122898
1.0
0.74958314583
0.70573711294
1.0
0.74960207635
0.703939179335
1.0
0.749579032445
0.703066949002
1.0
0.74953781328
0.701747276419
1.0
0.749506143908
0.70045858887
1.0
0.749506143908
0.70045858887
1.0
0.74957128781
0.698984644964
1.0
0.750043105543
0.698191777697
1.0
0.750093651149
0.696796530523
1.0
0.75007628664
0.695449201306
1.0
0.749691449368
0.693893768659
1.0
0.749875035371
0.692810749497
1.0
0.749495728997
0.691651748513
1.0
0.749448173262
0.689777104032
1.0
0.749012721573
0.68800070155
1.0
0.749012721573
0.68800070155
1.0
0.749089712832
0.686674280061
1.0
0.748650154185
0.686111683133
1.0
0.747596499762
0.686089151526
1.0
0.747398819663
0.686620271035
1.0
0.746888088374
0.685848125945
1.0
0.747217160925
0.686480400447
1.0
0.746718054074
0.686614853921
1.0
0.746718054074
0.686614853921
1.0
0.747127832843
0.687622468586
1.0
0.745714444776
0.687351991556
1.0
0.746934146453
0.68911071819
1.0
0.744996586535
0.689483915557
1.0
0.745068242153
0.691449572545
1.0
0.742398765124
0.692806655164
0.95807934257
0.737384960095
0.691365205474
0.95807934257
0.734419363194
0.692678733452
0.95807934257
0.734419363194
0.692678733452
0.99
0.853772207586
0.455267741452
0.99
0.849916220131
0.457005514053
0.99
0.84150495269
0.466650477828
0.857132211304
2.83508053907
2.65252625321
0.857132211304
1.7868919051
1.62525667012
0.857132211304
1.7868919051
1.62525667012
0.99
0.134928288877
0.0528041086417
0.99
0.135977387137
0.0753344404701
0.99
0.135977387137
0.0753344404701
0.817973923134
0.153933405692
0.0528609545015
0.817973923134
0.474437966493
0.208677403865
0.817973923134
0.467665483955
0.20313676508
0.817973923134
0.467148600228
0.20039508347
0.748624719699
0.575188693005
0.515332048792
0.748624719699
0.575188693005
0.515332048792
0.817973923134
0.614059063038
0.577028909413
0.794096243609
0.615788744408
0.580073099342
0.794096243609
0.615788744408
0.580073099342
0.99
0.621322064017
0.610656014906
0.947912323344
0.622511454302
0.611374074484
0.817196302848
0.62344155945
0.609693429213
0.932527807449
0.623436150963
0.60813781962
0.932527807449
0.623004158232
0.60648335825
0.884678693644
0.62317120231
0.605433076446
0.884678693644
0.622545221017
0.604361497228
0.953565415826
0.623233272073
0.60205923031
0.953565415826
0.623233272073
0.60205923031
0.953565415826
0.622930563784
0.600849962677
0.936734748117
0.623352631385
0.598609957486
0.936734748117
0.623028065645
0.597620341956
0.874000468563
0.623129002733
0.595880680742
0.874000468563
0.622947186886
0.594487854702
0.970110509959
0.62362732505
0.592149868483
0.970110509959
0.623452977594
0.591458308212
0.859617427774
0.623923369706
0.589707923901
0.859617427774
0.623923369706
0.589707923901
0.859617427774
0.623443120434
0.589263741785
0.916955034726
0.624074999766
0.58782256696
0.916955034726
0.623806084907
0.586595791622
0.948147958141
0.624047479152
0.585775841321
0.948147958141
0.62379918053
0.585364374033
1.0
0.623658252658
0.585481377752
1.0
0.62356011466
0.584609353838
0.885571096523
0.624025891957
0.582406389259
0.885571096523
0.624025891957
0.582406389259
0.885571096523
0.623458831913
0.581021198285
0.996252997315
0.623532220665
0.579828055444
0.996252997315
0.622954309542
0.578294509233
0.869778218195
0.622721113005
0.576666817042
0.869778218195
0.62209586137
0.57530074675
0.955941751839
0.622390684473
0.574809309146
0.955941751839
0.622199675314
0.574120505015
0.869635306554
0.621979727007
0.57372284878
0.869635306554
0.621979727007
0.57372284878
0.869635306554
0.620960724915
0.571933719213
0.951740386041
0.620985364237
0.571124952177
0.951740386041
0.620638189563
0.568302121372
0.853486093452
0.620829285925
0.566187745902
0.853486093452
0.620076798889
0.563914962448
0.929589697238
0.620098985053
0.562048790351
0.929589697238
0.619874196312
0.560134178927
0.987437857205
0.620051834239
0.557185817169
0.987437857205
0.620051834239
0.557185817169
0.987437857205
0.621713788763
0.5559795465
