1.0
0.5336964745
0.656566945259
1.0
0.534375477104
0.65721949618
1.0
0.534430519242
0.656916555238
1.0
0.534578813775
0.657237437255
1.0
0.534892136975
0.657369865211
1.0
0.535556643028
0.657186813331
1.0
0.536094214537
0.657951972219
1.0
0.536608164412
0.657879028196
1.0
0.536608164412
0.657879028196
1.0
0.536841085497
0.657980503759
1.0
0.537040736539
0.657889813383
1.0
0.537586946977
0.658476556741
1.0
0.538079911781
0.658969896826
1.0
0.538318183807
0.659518563285
1.0
0.538675871405
0.659463969953
1.0
0.539135913582
0.659905174009
1.0
0.539527819128
0.659866868824
1.0
0.539792468049
0.660302783459
1.0
0.539792468049
0.660302783459
1.0
0.540388633787
0.660245467714
1.0
0.540641651626
0.660022705822
1.0
0.540937840485
0.660297387334
1.0
0.541382714989
0.661947532457
1.0
0.541764062674
0.662179544513
1.0
0.542289599795
0.662870049301
1.0
0.542645184445
0.662913078248
1.0
0.543382591437
0.663561510055
1.0
0.543382591437
0.663561510055
1.0
0.543624337149
0.663208325234
1.0
0.544155301565
0.664865378524
1.0
0.544251593562
0.665303637586
1.0
0.544859579546
0.666113163459
1.0
0.545653664785
0.666305035559
1.0
0.546160506376
0.667337069392
1.0
0.5468247826
0.668844326373
1.0
0.547826652562
0.670054097703
1.0
0.547826652562
0.670054097703
1.0
0.548744153603
0.670925560282
1.0
0.549595204666
0.671785675913
1.0
0.550078431397
0.672447777277
1.0
0.550958204917
0.674118453574
1.0
0.551637488493
0.675000904776
1.0
0.552478002062
0.676365533816
1.0
0.553078771496
0.677240682404
1.0
0.553347605917
0.678206207652
1.0
0.553347605917
0.678206207652
1.0
0.554050110188
0.679384869404
1.0
0.554566941107
0.680774025222
1.0
0.555364005503
0.681283614147
1.0
0.555284250506
0.682092116191
1.0
0.555519925108
0.683640060385
1.0
0.555152701667
0.686287483385
1.0
0.555368888103
0.687921001906
1.0
0.55506713841
0.690111129947
1.0
0.55506713841
0.690111129947
1.0
0.555148291215
0.692094513462
1.0
0.555000279086
0.69423038361
1.0
0.555297945556
0.697146184466
1.0
0.55496646994
0.698912226978
1.0
0.55469083225
0.70126705035
1.0
0.554363787179
0.703854321393
1.0
0.55433820188
0.706856365609
1.0
0.554222428108
0.707975403747
1.0
0.554222428108
0.707975403747
1.0
0.554105694623
0.710165986324
1.0
0.55381849268
0.711430980499
1.0
0.553686774807
0.713641834189
1.0
0.554278718071
0.715597875732
1.0
0.55399601912
0.717812662875
1.0
0.554381336668
0.720371356486
1.0
0.554633114801
0.721987425847
1.0
0.554834908961
0.723402110576
1.0
0.554834908961
0.723402110576
1.0
0.554900251104
0.725736282274
1.0
0.555282600337
0.726302277908
1.0
0.555481528358
0.727404221991
1.0
0.556194215385
0.72976053743
1.0
0.556418719473
0.730881195303
1.0
0.557186192659
0.731500690217
1.0
0.557517637503
0.732922561801
1.0
0.558082603896
0.735151422749
1.0
0.558082603896
0.735151422749
1.0
0.558557210601
0.736081858679
1.0
0.559391292235
0.73752619263
1.0
0.559948126772
0.738263546871
1.0
0.561088204834
0.739351927391
1.0
0.561651084621
0.740187394245
1.0
0.56498739376
0.744742210591
1.0
0.565371756059
0.74546864249
1.0
0.569154769222
0.751680902602
1.0
0.569154769222
0.751680902602
1.0
0.56961054014
0.75258671752
1.0
0.57197604207
0.760137897016
1.0
0.574536767876
0.763714318805
1.0
0.575322077343
0.765614408393
1.0
0.578385063608
0.768318506486
1.0
0.578568846911
0.76746954517
1.0
0.580078785431
0.772318833502
1.0
0.580779427802
0.773564395431
1.0
0.580779427802
0.773564395431
1.0
0.581626062605
0.77425794189
1.0
0.582223160635
0.774855731857
1.0
0.582050072586
0.774691520301
1.0
0.581967266459
0.774130928118
1.0
0.582150717475
0.774133448106
1.0
0.582372867485
0.773946068955
1.0
0.583014025795
0.773364974139
1.0
0.583762007479
0.77467306792
1.0
0.583762007479
0.77467306792
1.0
0.583921721226
0.774077136522
1.0
0.584159125417
0.774525162169
1.0
0.584450907233
0.773626966996
1.0
0.584739363787
0.773151179568
1.0
0.584992832089
0.773267167655
1.0
0.585326365209
0.77393987178
1.0
0.585408714531
0.774033309254
1.0
0.585587224233
0.773629746148
1.0
0.585587224233
0.773629746148
1.0
0.585824612934
0.773366866824
1.0
0.586229479846
0.773443812117
1.0
0.586572686523
0.7737862851
1.0
0.586557952965
0.774097737009
1.0
0.586467773792
0.773797659425
1.0
0.58637154505
0.773765141145
1.0
0.586673959036
0.77345663284
1.0
0.586565893308
0.773907713266
1.0
0.586565893308
0.773907713266
1.0
0.58671010442
0.774344083601
1.0
0.586787395227
0.774974651393
1.0
0.587139516855
0.775380111658
1.0
0.586831884306
0.774678531445
1.0
0.58694662503
0.774851761976
1.0
0.586835132395
0.774885317088
1.0
0.586608586398
0.775341323743
1.0
0.586537741337
0.775540244807
1.0
0.586537741337
0.775540244807
1.0
0.586410703208
0.776385107262
1.0
0.586342912303
0.776187107837
1.0
0.586387621853
0.77660671731
1.0
0.586369356769
0.776468321577
1.0
0.586048920007
0.777459154935
1.0
0.586080462571
0.778090485757
1.0
0.586264060597
0.778653073552
1.0
0.586109714436
0.778632517595
1.0
0.586109714436
0.778632517595
1.0
0.585790989267
0.779237744581
1.0
0.585719781072
0.779190944291
1.0
0.58572169767
0.779907652469
1.0
0.585623313701
0.780204718215
1.0
0.585517508121
0.780533796045
1.0
0.585553023608
0.781123253435
1.0
0.585551400002
0.781690991717
1.0
0.58518647344
0.78112853701
1.0
0.58518647344
0.78112853701
1.0
0.584715594732
0.781164668321
1.0
0.584889729048
0.781910724803
1.0
0.585087526198
0.782122369516
1.0
0.585034174185
0.78281515402
1.0
0.584820397726
0.782650676811
1.0
0.585044469096
0.783011101251
1.0
0.584912741871
0.783125827967
1.0
0.584866581708
0.782736626713
1.0
0.584866581708
0.782736626713
1.0
0.584934045049
0.783521396411
1.0
0.585346137569
0.784527183734
1.0
0.585427364949
0.784843254101
1.0
0.58563510447
0.785132523489
1.0
0.58546346091
0.785195352041
1.0
0.585848791674
0.785707878883
1.0
0.586899672284
0.783118996157
1.0
0.587357036944
0.783209689779
1.0
0.587357036944
0.783209689779
1.0
0.587274947055
0.784283938683
1.0
0.587728270575
0.784401633022
1.0
0.588020224617
0.784708958423
1.0
0.588460835257
0.784150966747
1.0
0.589010388625
0.784703325353
1.0
0.589368279082
0.784321059406
1.0
0.589733325076
0.783355699712
1.0
0.590225441833
0.783334951559
1.0
0.590225441833
0.783334951559
1.0
0.590633750255
0.782631680422
1.0
0.590707832182
0.78210990229
1.0
0.590694494746
0.782189869768
1.0
0.590920364049
0.781294637497
1.0
0.591238426156
0.780684864091
1.0
0.59110428925
0.779435060279
1.0
0.591303236787
0.77838318632
1.0
0.591143291263
0.777579995821
1.0
0.591143291263
0.777579995821
1.0
0.59116373879
0.775931846588
1.0
0.591152922495
0.774677506618
1.0
0.591176533708
0.773602432221
1.0
0.591154694388
0.772633831594
1.0
0.591008588243
0.771310259319
1.0
0.59068258674
0.769978091863
1.0
0.59068258674
0.769978091863
1.0
0.590776469301
0.768863255411
1.0
0.590432673713
0.767292618093
1.0
0.590209001576
0.766222255613
1.0
0.589570898489
0.764874038198
1.0
0.589435117638
0.762810726667
1.0
0.589225588539
0.762564861301
1.0
0.588852495127
0.76139858988
1.0
0.588163149187
0.769574430328
1.0
0.587943467751
0.768358467905
1.0
0.584910618669
0.776492842668
1.0
0.584910618669
0.776492842668
1.0
0.583852476065
0.778209949148
1.0
0.583146153216
0.786416162273
1.0
0.581394196311
0.796694241565
1.0
0.582902050811
0.80169061178
1.0
0.580354204628
0.810528538495
1.0
0.579186926799
0.807912163423
1.0
0.580112269903
0.813520920343
1.0
0.578628912436
0.810261960471
1.0
0.578628912436
0.810261960471
1.0
0.579139474418
0.811821323488
1.0
0.57824567679
0.80958375697
1.0
0.577860290249
0.810620426862
1.0
0.576681032871
0.808906086191
1.0
0.575538190408
0.810508500185
1.0
0.574725327076
0.809128393188
1.0
0.574725327076
0.809128393188
1.0
0.573975802665
0.807578438387
1.0
0.572491050324
0.803718976105
1.0
0.571700688545
0.802996798815
1.0
0.569803705898
0.799869547978
1.0
0.569048236978
0.798433807958
1.0
0.567957854477
0.795815465945
1.0
0.567176070684
0.792372194081
1.0
0.565522314721
0.789931757941
1.0
0.564685461849
0.787865275786
1.0
0.56292167499
0.784814784485
1.0
0.56292167499
0.784814784485
1.0
0.5617012704
0.783316355331
1.0
0.559927906538
0.779879052226
1.0
0.558757367094
0.778207565914
1.0
0.556432496154
0.774928753879
1.0
0.555209482999
0.772305833199
1.0
0.553533755145
0.76945957648
1.0
0.552643426427
0.766962137223
1.0
0.550620818964
0.763287314387
1.0
0.550620818964
0.763287314387
1.0
0.549347095633
0.76202843479
1.0
0.547629077621
0.758435339892
1.0
0.546541372588
0.756250446601
1.0
0.544528406909
0.75222780919
1.0
0.543506737367
0.749841614515
1.0
0.541521720695
0.746190766721
1.0
0.540526093883
0.743860578756
1.0
0.538372552893
0.740010096384
1.0
0.538372552893
0.740010096384
1.0
0.536982442083
0.737251810081
1.0
0.534988947909
0.732995062268
1.0
0.533941415144
0.730143489957
1.0
0.531803849151
0.725505061648
1.0
0.530876454997
0.722710356603
1.0
0.52882944202
0.718390783348
1.0
0.527258185225
0.715508505341
1.0
0.524945198998
0.710785923476
1.0
0.524945198998
0.710785923476
1.0
0.523807508925
0.708416520382
1.0
0.521940218105
0.704248126054
1.0
0.520882366476
0.701883584797
1.0
0.518832346593
0.697084928114
1.0
0.51791709985
0.693396779711
1.0
0.515955333968
0.688841312607
1.0
0.514764674761
0.687096432885
1.0
0.512563413856
0.68291121822
1.0
0.512563413856
0.68291121822
1.0
0.511503425053
0.679795651065
1.0
0.509549095151
0.675435426693
1.0
0.508957784304
0.672585971544
1.0
0.507626201774
0.669106637098
1.0
0.506763351208
0.666729387713
1.0
0.50560604693
0.663183173056
1.0
0.504775165267
0.66093590121
1.0
0.503029970251
0.657558835346
1.0
0.503029970251
0.657558835346
1.0
0.502274471539
0.654968410854
1.0
0.501202179905
0.651818177683
1.0
0.500530169304
0.649557672032
1.0
0.499653472513
0.646917813845
1.0
0.498741663711
0.644658615921
1.0
0.497615644962
0.641758881533
1.0
0.497145331
0.639445127243
1.0
0.496034245779
0.63674488304
1.0
0.496034245779
0.63674488304
1.0
0.495594026785
0.63474337779
1.0
0.494870496728
0.632207489979
1.0
0.49412296429
0.630524052112
1.0
0.492774010584
0.62766974479
1.0
0.492331097562
0.62561069807
1.0
0.491082207152
0.62315740602
1.0
0.491082207152
0.62315740602
1.0
0.490854670449
0.621342298465
1.0
0.49002016637
0.619670128957
1.0
0.48953958976
0.617821163385
1.0
0.489226663669
0.616326592155
1.0
0.488815624633
0.614958977784
1.0
0.488766947758
0.612639055715
1.0
0.488463507413
0.611534920923
1.0
0.488188664091
0.610757077692
1.0
0.487995602785
0.608968161205
1.0
0.48778548982
0.607589750114
1.0
0.48778548982
0.607589750114
1.0
0.487611978891
0.606530504409
1.0
0.487222047653
0.605258340372
1.0
0.487129634504
0.604228000067
1.0
0.487304878783
0.602351215579
1.0
0.487153709692
0.600960081001
1.0
0.487033145127
0.60103066137
1.0
0.487033145127
0.60103066137
1.0
0.487154339585
0.599697966011
1.0
0.486666167747
0.59858429427
1.0
0.486628357641
0.598117727125
1.0
0.486721892014
0.597156715955
1.0
0.486715057572
0.596179945208
1.0
0.48642803134
0.594989441891
1.0
0.486275674918
0.593519636188
1.0
0.486223444746
0.592099297211
1.0
0.486542570015
0.59077520414
1.0
0.485900012696
0.590246682459
1.0
0.485900012696
0.590246682459
1.0
0.485778733437
0.589215011699
1.0
0.485688489235
0.587866764755
1.0
0.485717036132
0.586870151568
1.0
0.485721528617
0.586479275015
1.0
0.485706561084
0.585385354333
1.0
0.486293905708
0.584953602995
1.0
0.486216629611
0.583976921677
1.0
0.486822128075
0.582770391171
1.0
0.486822128075
0.582770391171
1.0
0.486808139311
0.581324759648
1.0
0.490228320237
0.580044047525
1.0
0.490585632385
0.577986674805
0.816891002691
0.492498342231
0.565912190656
0.816891002691
0.492974592015
0.562565039743
0.816891002691
0.496669829725
0.55544499209
0.723519124886
0.496309113941
0.554751119738
0.723519124886
0.496309113941
0.554751119738
0.723519124886
0.499171612111
0.547545055128
1.0
0.503652558085
0.555302753416
1.0
0.505167641898
0.549742172191
1.0
0.505529031666
0.546975295069
1.0
0.505034894246
0.546438613091
1.0
0.504193735552
0.543528718517
1.0
0.504165611803
0.542587546002
1.0
0.504009571255
0.542067397311
1.0
0.503705254207
0.540154416774
1.0
0.503705254207
0.540154416774
1.0
0.503942261182
0.538361269967
1.0
0.50379682056
0.537881346999
1.0
0.502709044525
0.535454645858
1.0
0.502708348207
0.534217639579
1.0
0.501989827719
0.532060244276
1.0
0.501641994594
0.530452913644
1.0
0.501713236796
0.528446610351
1.0
0.501244701736
0.5276121442
1.0
0.501244701736
0.5276121442
1.0
0.500410076059
0.525687497356
1.0
0.500344925471
0.524260517504
1.0
0.498679837449
0.522016601186
1.0
0.498277389649
0.520384501505
1.0
0.497591293496
0.518214734203
1.0
0.497173788528
0.516829878742
1.0
0.497173788528
0.516829878742
1.0
0.496371795135
0.514482763206
1.0
0.49594162654
0.512846429499
1.0
0.494538616791
0.509940808668
1.0
0.494359816341
0.508328874439
1.0
0.493387628236
0.505164656973
1.0
0.492845108136
0.503028212658
1.0
0.49212699836
0.500215549069
1.0
0.491589120478
0.498585944605
1.0
0.490399219661
0.494731798282
1.0
0.489950712917
0.49212859676
1.0
0.489950712917
0.49212859676
0.972049720583
0.488606994483
0.488008266646
0.972049720583
0.487993675303
0.485736422043
1.0
0.486977757429
0.48072112435
1.0
0.486598920681
0.478325645097
0.99
0.495638258726
0.489287162517
0.99
0.494751016194
0.486203394686
0.99
0.494751016194
0.486203394686
0.99
0.510336515953
0.513245488619
0.99
0.511580870853
0.512434477185
0.942346585998
0.538379148711
0.566839773641
0.942346585998
0.544301924265
0.576495555513
0.942346585998
0.55279561281
0.585105909164
0.780247756312
0.587324760868
0.598911404999
0.780247756312
0.595070176355
0.609522962825
0.780247756312
0.601576849529
0.620068483605
0.99
0.599532589693
0.637164087351
0.99
0.606080579363
0.646007465035
0.99
0.606080579363
0.646007465035
0.880709442259
0.617814518719
0.652646178927
0.880709442259
0.62509175364
0.659287511964
0.876338489955
0.627222581072
0.661657019984
0.876338489955
0.634200371296
0.666500415023
0.858681507988
0.635829469874
0.668755298917
0.858681507988
0.639143177072
0.667657583812
0.969245077806
0.639154779883
0.667286858645
0.969245077806
0.642954235613
0.666228638755
0.969245077806
0.642954235613
0.666228638755
0.867324584378
0.641000460471
0.664598864984
0.867324584378
0.643366305851
0.665025334941
0.876361212461
0.641778278346
0.663301043859
0.876361212461
0.643012323499
0.663463483294
0.876361212461
0.643012323499
0.663463483294
1.0
0.62187547824
0.67662886186
1.0
0.621580337945
0.67447477185
1.0
0.618976871755
0.674674142517
1.0
0.616584436174
0.675025027756
1.0
0.614965959607
0.674373425142
1.0
0.613011548731
0.675377480905
1.0
0.611686097019
0.676642449914
1.0
0.609655473653
0.678214076719
1.0
0.608434635704
0.680590651592
1.0
0.608434635704
0.680590651592
1.0
0.606927952775
0.682590691737
1.0
0.605691286569
0.685650550197
1.0
0.604813624624
0.688661756028
1.0
0.603740146944
0.692898140296
1.0
0.603318197768
0.696437558378
1.0
0.60266702068
0.700996629038
1.0
0.601898714711
0.704687796912
1.0
0.600853805772
0.710376049331
1.0
0.600853805772
0.710376049331
1.0
0.600561365259
0.715269866675
1.0
0.600026710286
0.721183494221
1.0
0.600882663196
0.72424734999
1.0
0.600306128025
0.730538201981
0.961033014292
0.600345907167
0.734671028025
0.961033014292
0.600178969028
0.741335493522
0.961033014292
0.600178969028
0.741335493522
0.967323311272
0.596904032004
0.740485314385
0.967323311272
0.596688218336
0.747582452514
0.943274999769
0.499974619253
0.694576715061
0.943274999769
0.499414037554
0.700482317891
0.943274999769
0.499414037554
0.700482317891
0.943274999769
0.494429102911
0.702608801214
0.943274999769
0.486324705493
0.702495663422
0.943274999769
0.482394858202
0.701310445063
0.943274999769
0.475770448538
0.69312339302
0.943274999769
0.475770448538
0.69312339302
0.99
0.468635253749
0.678840132536
1.0
0.467331509754
0.662773159142
1.0
0.467331509754
0.662773159142
0.99
0.459078063504
0.625434577451
0.866994926249
0.539047524287
0.554172533093
0.866994926249
0.540004579581
0.535459589845
0.866994926249
0.543977952511
0.514329696796
0.866994926249
0.54785367296
0.496079887998
0.866994926249
0.549008663
0.487089097066
0.866994926249
0.548340066439
0.483023988739
0.866994926249
0.552543371506
0.459139217265
0.866994926249
0.552543371506
0.459139217265
0.866994926249
0.553917202898
0.449021761901
0.924480331032
0.546208209483
0.449954451492
0.924480331032
0.548076931708
0.440443450427
0.965137099492
0.547284890411
0.436708787473
0.965137099492
0.548178106947
0.430024170295
0.969008860654
0.546707377475
0.428074433365
0.969008860654
0.546707377475
0.428074433365
0.969008860654
0.547697448424
0.422210979628
0.943319908063
0.545667190856
0.420577549156
0.943319908063
0.545022160054
0.419034002888
0.980420480933
0.543189608756
0.41912967683
0.980420480933
0.542079899354
0.420107793899
1.0
0.542593896378
0.423468756299
1.0
0.541217604663
0.427497735132
1.0
0.543742359435
0.435772700633
1.0
0.542664200111
0.44324749922
1.0
0.544550171727
0.453307434674
1.0
0.544550171727
0.453307434674
1.0
0.544539195622
0.461085012732
0.633710572395
0.550344936992
0.485010107323
0.633710572395
0.550520495876
0.489989220449
0.633710572395
0.551166159951
0.495755515605
0.621082799235
0.551217779289
0.500710075431
0.621082799235
0.55254094444
0.51610651076
0.648608164412
0.558146880264
0.535006034514
0.648608164412
0.558146880264
0.535006034514
0.648608164412
0.558646757227
0.541334375064
0.648608164412
0.559281361423
0.547161873833
0.602266927323
0.564648322944
0.566161148126
0.602266927323
0.565351852738
0.572526766271
0.602266927323
0.565757738291
0.578165943982
0.61650319833
0.570733558249
0.591517515341
0.61650319833
0.571333554093
0.595869780854
0.61650319833
0.571960722659
0.600184835767
0.61650319833
0.571960722659
0.600184835767
0.972605336364
0.548855990392
0.586020760778
1.0
0.549654069553
0.593490491368
1.0
0.549720449399
0.597247060777
0.99
0.54434360112
0.611201253331
0.99
0.541306610215
0.614740351005
0.99
0.531347944284
0.624883615943
1.0
0.52799346422
0.630482705944
1.0
0.52799346422
0.630482705944
1.0
0.530459931134
0.630476536928
1.0
0.530823539926
0.634244151861
1.0
0.53357245091
0.635368468733
1.0
0.535019738957
0.63408120451
1.0
0.538477874249
0.635265571462
1.0
0.539292657521
0.633239886782
1.0
0.539292657521
0.633239886782
1.0
0.541807205294
0.63291646607
1.0
0.543449142693
0.630005013278
1.0
0.546408466794
0.628323001097
1.0
0.548325376066
0.623640328311
1.0
0.551077875071
0.62182061168
1.0
0.552542635789
0.615579629831
1.0
0.555211755281
0.613175485042
1.0
0.556886026732
0.605924339824
0.838887414376
0.559201706765
0.589570558785
0.838887414376
0.559201706765
0.589570558785
0.838887414376
0.56077652872
0.581988694452
0.838887414376
0.562674220513
0.572225353742
0.710452675338
0.56648667486
0.568092458056
0.710452675338
0.568321803827
0.558421552957
0.777654496306
0.571801318418
0.554109326996
0.777654496306
0.573807874609
0.54402303901
0.777654496306
0.573807874609
0.54402303901
0.760690318586
0.573169125266
0.537500854052
0.760690318586
0.575135837357
0.525315881779
0.640033736189
0.57895774303
0.521147601563
0.640033736189
0.580463112201
0.509713773408
0.624938277719
0.582898418419
0.492602870841
0.624938277719
0.58488771842
0.479671171972
0.624938277719
0.586574728976
0.466709144204
0.624938277719
0.586574728976
0.466709144204
0.99
0.592479613569
0.463306762716
0.99
0.594539470553
0.449750198355
0.966599324903
0.595521537614
0.449294531007
0.966599324903
0.597128718213
0.436049070314
0.99
0.597724123027
0.410661044502
0.99
0.599255430929
0.401616599949
0.99
0.600026670448
0.38348728505
0.99
0.603304745233
0.358977542634
0.99
0.603085782366
0.354469684349
0.968843751525
0.606205288985
0.330348478961
0.968843751525
0.606205288985
0.330348478961
0.968843751525
0.61271241153
0.305987371581
0.880420591872
0.617158104478
0.282252040795
0.852514487013
0.619650653153
0.266927920341
0.852514487013
0.619650653153
0.266927920341
0.799395354484
0.620542623546
0.256562219314
0.799395354484
0.620715192606
0.254801631052
0.758519840569
0.621871251566
0.24111902321
0.758519840569
0.622650997841
0.237063854855
0.754936750498
0.62445729228
0.224008533385
0.754936750498
0.625444366378
0.219852967659
0.754936750498
0.625444366378
0.219852967659
0.754936750498
0.625444366378
0.219852967659
0.754936750498
0.625444366378
0.219852967659
0.754936750498
0.625444366378
0.219852967659
0.754936750498
0.625444366378
0.219852967659
0.754936750498
0.625444366378
0.219852967659
0.754936750498
0.625444366378
0.219852967659
0.754936750498
0.625444366378
0.219852967659
0.754936750498
0.625444366378
0.219852967659
0.972380580353
0.62166827059
0.280992887294
0.799030820084
0.340540964283
0.0988331968452
0.870816999676
0.561014398219
0.28764221252
0.870816999676
0.566868808148
0.316830328951
0.870816999676
0.567123820042
0.321210629614
0.870816999676
0.568147682878
0.328203518511
0.870816999676
0.51951633021
0.300312250396
0.870816999676
0.51951633021
0.300312250396
0.735398227554
0.829824550791
-0.00418354880329
0.735398227554
0.825339954358
-0.00524565200074
0.735398227554
0.826702708042
0.00024271545754
0.735398227554
0.826489774558
0.00206647268544
0.931954169197
0.47339795984
0.391368443078
0.931954169197
0.473106714741
0.394904588675
0.931954169197
0.473106714741
0.394904588675
0.931954169197
0.475096682015
0.407416525539
1.0
0.475209807227
0.411982158907
1.0
0.474947231708
0.420066394091
1.0
0.474232776789
0.4247389378
1.0
0.473969179573
0.431783981632
1.0
0.473693555533
0.437218431476
1.0
0.473693555533
0.437218431476
1.0
0.473694057351
0.443834658401
1.0
0.474596187508
0.449721315329
1.0
0.474498089931
0.455550110111
1.0
0.474194056311
0.459931678338
1.0
0.47426464855
0.464995462196
1.0
0.474202187671
0.468662396556
1.0
0.474067426482
0.47255324819
1.0
0.474067426482
0.47255324819
1.0
0.474619614366
0.477553266114
1.0
0.474440197692
0.481425767128
1.0
0.474015064048
0.484259500664
1.0
0.473830778123
0.487233785099
1.0
0.473060634421
0.489097534055
1.0
0.472842622916
0.491695732513
1.0
0.472364398709
0.493028219003
1.0
0.472103850306
0.495145172934
1.0
0.472103850306
0.495145172934
1.0
0.471158382149
0.497895380576
1.0
0.470970431575
0.500322857145
1.0
0.471554906256
0.5032979919
1.0
0.47117849316
0.505723186285
1.0
0.470316088806
0.506922487697
1.0
0.469819707671
0.509950747557
1.0
0.469931714591
0.512812061522
1.0
0.46972960986
0.515575063525
1.0
0.469011577152
0.518664039698
1.0
0.469011577152
0.518664039698
1.0
0.468765429176
0.522350317142
1.0
0.468815943619
0.525958754473
1.0
0.468649957925
0.52957771699
1.0
0.467794954967
0.532149329829
1.0
0.467496430845
0.536582062569
1.0
0.464599508235
0.537115809376
1.0
0.464333035418
0.540780177262
1.0
0.464333035418
0.540780177262
0.99
0.453620194273
0.532572956509
0.99
0.452749378241
0.537086521029
0.841131259508
0.452295114713
0.54006673991
0.841131259508
0.448422082048
0.545806443322
0.99
0.426778934153
0.527280300386
0.99
0.418092143896
0.536111644529
0.99
0.416687410649
0.537920331242
0.99
0.409888081326
0.550078454754
0.99
0.409956783501
0.553093717444
0.99
0.409956783501
0.553093717444
1.0
0.407475686235
0.55999379837
1.0
0.406455258636
0.561647425939
1.0
0.406131579166
0.562121418815
1.0
0.403848394278
0.563174013503
1.0
0.403453346866
0.565564181497
1.0
0.401431498275
0.567607978437
1.0
0.400524228037
0.570419737465
1.0
0.399531544617
0.572562736761
1.0
0.399531544617
0.572562736761
1.0
0.398462655141
0.575419751245
1.0
0.397428274038
0.577304986243
1.0
0.396783168637
0.580862828716
1.0
0.39531343143
0.582892716727
1.0
0.394892576186
0.586277904877
1.0
0.393456552316
0.587712095105
1.0
0.392779624161
0.59108476278
1.0
0.392779624161
0.59108476278
1.0
0.392326291095
0.594052278776
1.0
0.391626546132
0.59818216412
1.0
0.390770883296
0.601040317104
1.0
0.390241828757
0.60495237135
1.0
0.388792203247
0.60594508792
1.0
0.388344718097
0.610354132705
1.0
0.38683774115
0.612700760099
1.0
0.386403759046
0.616806464996
1.0
0.386037099188
0.62064264767
1.0
0.386037099188
0.62064264767
1.0
0.385603537234
0.623746974544
1.0
0.384276710514
0.62546606774
1.0
0.383710596741
0.630017430512
1.0
0.382393843357
0.632734833731
1.0
0.381874596963
0.63673438912
1.0
0.380000434412
0.637333973513
1.0
0.379448822857
0.641278623033
1.0
0.379448822857
0.641278623033
1.0
0.378113191775
0.643134827616
1.0
0.377478554067
0.647226718378
1.0
0.377021925879
0.650285257385
1.0
0.376346712185
0.653748810404
1.0
0.374273244477
0.654408495913
1.0
0.37362246157
0.658411024631
1.0
0.372700396902
0.660154119311
1.0
0.372121971702
0.663609460906
1.0
0.372121971702
0.663609460906
1.0
0.375734729524
0.668169434546
1.0
0.375163244098
0.671397724165
0.99
0.394778468951
0.686028600253
0.99
0.394381590682
0.689146344789
0.99
0.418403235056
0.710177746895
0.99
0.420582620806
0.711388714596
0.99
0.441215701435
0.727289203305
0.99
0.451004582471
0.726708264036
0.99
0.467199291894
0.738610319937
0.99
0.467199291894
0.738610319937
0.99
0.479036707665
0.734998017215
0.99
0.491097003181
0.743230165611
0.99
0.504869481937
0.739131760299
0.99
0.509707879551
0.743761783984
0.99
0.520591676644
0.738496138369
0.99
0.518996098323
0.740366512781
0.99
0.528056970307
0.736946657373
0.99
0.528056970307
0.736946657373
0.99
0.526805535145
0.737691413396
1.0
0.529665542206
0.736817202866
1.0
0.528494125749
0.737452753127
1.0
0.527970902601
0.739507209295
1.0
0.526449811499
0.741104331524
1.0
0.525830668407
0.744221577936
1.0
0.523994237676
0.744969800288
1.0
0.523178210059
0.747566806798
1.0
0.521631241644
0.748375199277
1.0
0.521631241644
0.748375199277
1.0
0.520779031281
0.751594750955
1.0
0.518932994853
0.752720451736
1.0
0.517799670256
0.755265316416
1.0
0.516453522458
0.755607945708
1.0
0.515492679598
0.757753959153
1.0
0.513832407351
0.756879454524
1.0
0.512964343799
0.759180700307
1.0
0.512964343799
0.759180700307
1.0
0.511903943531
0.758428456219
1.0
0.511116329956
0.759848269229
1.0
0.509775406352
0.759253193539
1.0
0.509118765747
0.760613854464
1.0
0.508105407751
0.759739623408
1.0
0.507685681597
0.760289399582
1.0
0.506800666178
0.759122114823
1.0
0.506396724265
0.758945738851
1.0
0.506396724265
0.758945738851
1.0
0.505715220173
0.758110882872
