0.99
0.456345175062
0.681646196492
0.99
0.451335070349
0.637221184341
0.99
0.44969754656
0.58919589558
0.99
0.451632394643
0.568479769426
0.99
0.451632394643
0.568479769426
0.99
0.453865158567
0.565490193395
0.993710910158
0.455968022735
0.564083693257
0.993710910158
0.454634817314
0.564279299363
0.993710910158
0.454634817314
0.564279299363
1.0
0.455190440529
0.565771349096
1.0
0.455136156961
0.565511001619
1.0
0.453640102534
0.567388359327
0.979632587984
0.453702605887
0.566593633982
1.0
0.453356474055
0.567400122891
1.0
0.453356474055
0.567400122891
1.0
0.452374613255
0.568395775945
1.0
0.452374613255
0.568395775945
1.0
0.452239379226
0.566247648963
1.0
0.452225445319
0.567897621541
1.0
0.451050169058
0.568923771922
1.0
0.450712402202
0.569376733312
1.0
0.451088669317
0.568306353782
1.0
0.451357190312
0.568447898699
1.0
0.451357190312
0.568447898699
1.0
0.450965231713
0.568587215336
1.0
0.451654385939
0.568227471386
0.975277667863
0.450851267495
0.567874615906
0.975277667863
0.44932228137
0.567698348622
1.0
0.450026371988
0.568760836029
1.0
0.450026371988
0.568760836029
1.0
0.449753031337
0.569012132016
1.0
0.450285536624
0.571335562453
0.988251285976
0.450353360298
0.569994804162
0.988251285976
0.451020630016
0.571675322359
0.822145251406
0.836955955626
0.832364163397
0.822145251406
0.836955955626
0.832364163397
0.822145251406
0.836955955626
0.832364163397
0.822145251406
0.836990990882
0.832235902118
0.822145251406
0.837023114177
0.832134650129
0.822145251406
0.837177504139
0.831834408718
0.822145251406
0.84217157085
0.820730428578
0.822145251406
0.841567619011
0.82243271597
0.822145251406
0.841567619011
0.82243271597
0.85888094656
0.840473399629
0.822554418361
0.99
0.56985789634
0.627211953645
0.99
0.56985789634
0.627211953645
0.99
0.574929017694
0.624929102995
0.99
0.574929017694
0.624929102995
0.99
0.574929017694
0.624929102995
1.0
0.578203085033
0.624685813367
0.99
0.594330327623
0.616093838885
1.0
0.59323280915
0.618032453056
1.0
0.591933315635
0.620218137847
1.0
0.591011179166
0.622406326675
1.0
0.59009043887
0.624060526231
1.0
0.58939516409
0.625236415018
1.0
0.58939516409
0.625236415018
1.0
0.588812141099
0.624566411234
1.0
0.587798341781
0.623398234432
1.0
0.58690220269
0.619653912556
1.0
0.587172021119
0.620013440623
1.0
0.587172021119
0.620013440623
1.0
0.587172021119
0.620013440623
1.0
0.587863209511
0.618825583845
1.0
0.5885535781
0.618287235304
1.0
0.589343897784
0.617484858023
1.0
0.588135063375
0.615991643623
1.0
0.587748951121
0.61746775286
1.0
0.587748951121
0.61746775286
1.0
0.587748951121
0.61746775286
1.0
0.528810916718
0.520108980909
1.0
0.528810916718
0.520108980909
1.0
0.578597492621
0.605008827062
1.0
0.577496795464
0.605878654897
1.0
0.576792563356
0.606458812141
1.0
0.576551280733
0.607299983758
1.0
0.576211794258
0.608208476884
1.0
0.575948557806
0.607928949181
1.0
0.575720715463
0.607955114525
1.0
0.575876300867
0.60899065494
1.0
0.574989752735
0.610253229476
1.0
0.574989752735
0.610253229476
1.0
0.573991490508
0.61198318079
1.0
0.573409568276
0.613082939116
1.0
0.572219297645
0.616119917628
1.0
0.570796185111
0.616650295957
1.0
0.570796185111
0.616650295957
1.0
0.57064354726
0.618057223131
1.0
0.56949304017
0.619376996283
1.0
0.56949304017
0.619376996283
1.0
0.569640544133
0.619342438506
1.0
0.568976516762
0.620785259957
1.0
0.569123633054
0.621283807154
1.0
0.569092073082
0.620565851804
1.0
0.569092073082
0.620565851804
1.0
0.568297271961
0.6206926355
1.0
0.568492408376
0.621329353866
1.0
0.567344685107
0.622586175719
1.0
0.567344685107
0.622586175719
1.0
0.567010116772
0.622671316459
1.0
0.566663381494
0.622764763999
1.0
0.566794179693
0.623348439957
1.0
0.566643151306
0.623424113712
1.0
0.566643151306
0.623424113712
1.0
0.567164525375
0.62322476672
1.0
0.567350876723
0.622318489293
1.0
0.567536698791
0.62210381001
1.0
0.567972097977
0.621697071946
1.0
0.567972097977
0.621697071946
1.0
0.568275401524
0.622887591432
1.0
0.568205566701
0.623338065289
1.0
0.568118270296
0.624358321595
1.0
0.567882032387
0.625231996627
1.0
0.567882032387
0.625231996627
1.0
0.567543169988
0.625140393641
1.0
0.567543169988
0.625140393641
1.0
0.567543169988
0.625140393641
1.0
0.511945926513
0.536944793055
1.0
0.511945926513
0.536944793055
1.0
0.511945926513
0.536944793055
1.0
0.565803422325
0.607732655417
1.0
0.565827141369
0.608423146185
1.0
0.565927949434
0.608335149816
1.0
0.566323821701
0.607924968577
1.0
0.566414661651
0.599648189584
1.0
0.566467399404
0.593966575305
1.0
0.566560883576
0.593558459279
1.0
0.566560883576
0.593558459279
1.0
0.566305930479
0.593763062549
1.0
0.565942383698
0.595635901637
1.0
0.565372791945
0.599794598613
1.0
0.565062697617
0.602921314197
0.993399778243
0.564955339056
0.606184715676
0.993399778243
0.564955339056
0.606184715676
0.993399778243
0.564486529599
0.608503748941
0.99
0.564075669724
0.620443290269
0.99
0.563716417286
0.62147644114
0.99
0.563716417286
0.62147644114
0.99
0.562997581435
0.622730318527
0.99
0.562061709967
0.624294245891
0.99
0.561377675054
0.62752331774
0.99
0.561377675054
0.62752331774
0.99
0.561377675054
0.62752331774
1.0
0.504000326831
0.534284787744
1.0
0.504000326831
0.534284787744
1.0
0.503295853209
0.535029414997
1.0
0.501811529173
0.540812650181
1.0
0.501270540899
0.546430992986
1.0
0.501270540899
0.546430992986
1.0
0.499082448153
0.555611060559
1.0
0.497464742779
0.561832033694
1.0
0.497464742779
0.561832033694
1.0
0.492103028377
0.56281723847
1.0
0.488334249213
0.563529313198
1.0
0.487060014511
0.562454623007
1.0
0.487060014511
0.562454623007
1.0
0.549699976948
0.647776313696
0.99
100.0
100.0
0.99
100.0
100.0
0.99
100.0
100.0
0.99
100.0
100.0
0.99
100.0
100.0
0.99
100.0
100.0
0.99
100.0
100.0
0.99
100.0
100.0
0.99
100.0
100.0
0.99
100.0
100.0
0.941836483488
100.0
100.0
0.941836483488
100.0
100.0
0.941836483488
100.0
100.0
0.941836483488
100.0
100.0
0.941836483488
100.0
100.0
0.99
0.86859615792
0.439625733984
0.99
0.868596157918
0.439625734006
0.99
0.868596157918
0.439625734006
0.894891392105
0.868596157915
0.439625734005
0.99
0.86859615788
0.439625733947
1.0
-100.0
-100.0
1.0
-100.0
-100.0
1.0
-100.0
-100.0
