0.715413543143
0.646093788078
0.386667516977
0.735290674601
0.585172664931
0.295694607951
0.735290674601
0.585172664931
0.295694607951
0.742798189548
0.586732356949
0.293764706225
0.742798189548
0.800985863908
0.459655779692
0.742798189548
0.801551260078
0.46378833742
0.773779009836
0.801274187974
0.459851280321
0.773779009836
0.801274187974
0.459851280321
0.773779009836
0.801274187974
0.459851280321
0.704338995549
0.575584840788
0.385666093428
0.704338995549
0.57863901147
0.376786152635
0.70041620801
0.559213983397
0.413887473201
0.70041620801
0.559213983397
0.413887473201
0.70041620801
0.559213983397
0.413887473201
0.70041620801
0.559213983397
0.413887473201
0.70041620801
0.559213983397
0.413887473201
0.704338995549
0.44553309021
0.541804021899
0.704299484881
0.580245209397
0.573503601827
0.704299484881
0.580245209397
0.573503601827
0.777879565933
0.591237086558
0.510244381785
0.777879565933
0.590117337681
0.508862086742
0.777879565933
0.590776192256
0.509473970909
0.777879565933
0.590610243995
0.509522500365
0.777879565933
0.587685039466
0.507596350085
0.777879565933
0.470871692565
0.493764396617
0.777879565933
0.46011536529
0.448559655533
0.777879565933
0.46011536529
0.448559655533
0.777879565933
0.373590555574
0.559465605998
0.769601060288
0.380027064209
0.552709926155
0.769601060288
0.382686466098
0.554551575721
0.769601060288
0.379619108087
0.551591436295
0.7482727329
0.380580617213
0.551557440466
0.7482727329
0.379007321239
0.551224526665
0.7482727329
0.379007321239
0.551224526665
0.716336319756
0.428228383155
0.51583287666
0.716336319756
0.42970054996
0.518639254679
0.81927708115
0.38126496559
0.549412893622
0.758229627314
0.353881598976
0.527387695842
0.758229627314
0.354519307608
0.526969601471
0.758229627314
0.354519307608
0.526969601471
0.861035649017
0.546680781365
0.721114318188
0.878676752731
0.54695002542
0.722173829153
0.887551324303
0.547062499998
0.722642130849
0.887551324303
0.544644069984
0.713108314514
0.87774147661
0.544770867898
0.712320757422
0.757915103535
0.54634025743
0.713218800169
0.757915103535
0.546729148602
0.713069816522
0.872681981772
0.547510843021
0.71471293533
0.890527600002
0.547589774427
0.714626719171
0.8786208895
0.548946494454
0.715204031887
0.8786208895
0.548946494454
0.715204031887
0.8786208895
0.549081138775
0.715848412657
0.900078978163
0.47299081421
0.432123064429
0.864189081809
0.473265378374
0.431167879097
0.864189081809
0.474491341202
0.432370455674
0.894522331262
0.474887224846
0.432439952918
0.894522331262
0.473027121235
0.429762769697
0.863214573762
0.473183729873
0.428895987653
0.863214573762
0.473183729873
0.428895987653
0.863214573762
0.472971726713
0.427322156222
0.896690418469
0.4731506748
0.428204348098
0.896690418469
0.473486259212
0.42929680717
0.87665086739
0.473712339913
0.428482475155
0.87665086739
0.473391971796
0.427764576242
0.878588993694
0.473772734493
0.427334594945
0.878588993694
0.473445682235
0.426627098062
0.917600129899
0.473488150264
0.426361563736
0.917600129899
0.474335210961
0.430303217035
0.917600129899
0.474335210961
0.430303217035
0.924384027932
0.474650942995
0.430772618009
0.88933613154
0.474570417059
0.431272920716
0.859993541708
0.474718895786
0.430106047329
0.859993541708
0.474672219233
0.430332079663
0.879278293148
0.474837988401
0.431163961779
0.879278293148
0.475023741479
0.432240398968
0.879278293148
0.475023741479
0.432240398968
0.843108806565
0.475362376248
0.437577334004
0.843108806565
0.475228995301
0.436924897576
0.861344172335
0.4755063405
0.442606369217
0.861344172335
0.476444083759
0.445947011189
0.888225971203
0.477103770924
0.450052468462
0.888225971203
0.476779792559
0.449809738539
0.914531661864
0.477571108174
0.451723839192
0.914531661864
0.478175429032
0.453163836155
0.885313361123
0.478278468486
0.45263006744
0.885313361123
0.478278468486
0.45263006744
0.885313361123
0.478244078429
0.45260071051
0.903900909792
0.477976497193
0.452541750368
0.891289719803
0.478242888688
0.452653574949
0.891289719803
0.478442692947
0.45219149427
0.898467382779
0.478470117478
0.452517911349
0.911906977937
0.478162915411
0.453019373032
0.935301354888
0.478218304201
0.452386436102
0.935301354888
0.478160997735
0.451131731867
0.935478195465
0.478321177414
0.453034109388
0.935478195465
0.478321177414
0.453034109388
0.923622737788
0.478254454937
0.453685737444
0.923622737788
0.478765690274
0.454924579159
0.930677671372
0.478835160572
0.454684361549
0.930677671372
0.47923946777
0.45632394648
0.884139752721
0.479016925255
0.455505675174
0.884139752721
0.479386308821
0.455238298793
0.884139752721
0.479386308821
0.455238298793
0.938469176898
0.479597398889
0.455920839326
0.938469176898
0.47942026395
0.456905897593
0.926982631508
0.479443692537
0.45719930683
0.926982631508
0.479691820454
0.456634153908
0.929628939021
0.479762942255
0.456023489996
0.924136005991
0.48031562991
0.457158352439
0.901706906519
0.480314614803
0.456722256263
0.901706906519
0.480446817015
0.456195509152
0.916170550535
0.480622518399
0.455883601626
0.916170550535
0.480868108246
0.455578069057
0.916170550535
0.480868108246
0.455578069057
0.917788980498
0.48078867458
0.455338967566
0.917788980498
0.480648026822
0.454428492661
0.92239676479
0.480778247045
0.454110573393
0.92239676479
0.48153080493
0.456146223367
0.919056701101
0.48151980965
0.455827859848
0.919056701101
0.481227156489
0.454768870037
0.928157973022
0.481286899721
0.454709162536
0.928157973022
0.4813187642
0.45421762863
0.928157973022
0.4813187642
0.45421762863
0.951722738578
0.481470156129
0.453038929435
0.962166838578
0.481562771265
0.45518947728
0.934519607692
0.481817499141
0.454549514599
0.934519607692
0.482777957735
0.455275788951
0.943230245562
0.482876958947
0.454542698854
0.943230245562
0.483098015641
0.455566987395
0.943230245562
0.483098015641
0.455566987395
0.910328426313
0.483130261748
0.455385413233
0.910328426313
0.483277594101
0.456930327775
0.939126987868
0.483254576541
0.456251320112
0.939126987868
0.483764931427
0.456160700179
0.919928111365
0.483806432503
0.456364463212
0.919928111365
0.483726034509
0.456109524843
0.959604071777
0.483804526573
0.455493265756
0.959604071777
0.484843765036
0.455402366388
0.959604071777
0.484843765036
0.455402366388
0.920392340972
0.48498441687
0.455797891837
0.920392340972
0.486925155241
0.455093136752
0.960698374288
0.487185470634
0.454560260029
0.960698374288
0.488268865383
0.451804881215
0.901929401281
0.48828051591
0.452046453885
0.901929401281
0.488777059016
0.449060713741
0.869701706982
0.489287808681
0.446539249568
0.869701706982
0.489375949225
0.445851652023
0.869469189741
0.491208082309
0.440490866429
0.869469189741
0.491208082309
0.440490866429
0.869469189741
0.491065568862
0.440362776904
0.871044541168
0.492815151982
0.429292355287
0.871044541168
0.492842357033
0.430230341514
0.882223195294
0.493166617901
0.427711090625
0.882223195294
0.492453720178
0.425723309654
0.897703130473
0.492118190486
0.424714696054
0.897703130473
0.491931851669
0.423554494489
0.897703130473
0.491931851669
0.423554494489
0.922757665862
0.491800997094
0.423563929534
0.922757665862
0.491758271821
0.423161949647
0.940496176629
0.49187373814
0.421483007142
0.940496176629
0.492041408136
0.422400442134
0.90707659411
0.491867559826
0.421835570934
0.90707659411
0.492068852843
0.422289426299
0.922507284664
0.492008426576
0.42217878258
0.922507284664
0.491929450593
0.421369317821
0.922507284664
0.491929450593
0.421369317821
0.926592685512
0.49171436108
0.421132335338
0.926592685512
0.490751039453
0.418301979243
0.924484329244
0.490773243378
0.417746918808
0.924484329244
0.4906861293
0.417566542579
0.961736756138
0.490674842387
0.4166835916
0.961736756138
0.490092899711
0.415871862788
0.957422546075
0.489870395919
0.4157099482
0.957422546075
0.48961986733
0.414743550766
0.957422546075
0.48961986733
0.414743550766
0.972807821362
0.489971522493
0.413608270778
0.972807821362
0.490165566666
0.412868463545
0.915871026079
0.489859815798
0.413370856664
0.915871026079
0.489884308171
0.413736998277
0.955254005371
0.489987713721
0.4133711369
0.955254005371
0.489981809598
0.414270420453
0.919939363668
0.490038637
0.413803588693
0.919939363668
0.490025153984
0.413118234424
0.910165030086
0.490075487272
0.412694793027
0.910165030086
0.490214152255
0.412567176263
0.910165030086
0.490214152255
0.412567176263
0.901224378407
0.490390602611
0.412139094412
0.901224378407
0.490019158108
0.409500226707
0.889978590116
0.490034307335
0.409345161654
0.889978590116
0.490323138724
0.410771919357
0.866381452528
0.490447985167
0.410173573582
0.866381452528
0.490445597441
0.409204046536
0.866381452528
0.490445597441
0.409204046536
0.870661788851
0.490716665305
0.408565515458
0.867503440219
0.491383490861
0.409996166918
0.867503440219
0.491369592767
0.409653306572
0.87757623772
0.491016671633
0.408374029884
0.873689501405
0.491198579299
0.408366778233
0.873689501405
0.491133401208
0.409501940673
0.897622569343
0.491406591617
0.408176453623
0.897622569343
0.492226853963
0.410320524833
0.85756161401
0.492354724323
0.410626822491
0.85756161401
0.492354724323
0.410626822491
0.85756161401
0.492281421948
0.408685802611
0.88798842849
0.492430683585
0.40916079506
0.88798842849
0.492571495166
0.409327546571
0.883798411486
0.492859730408
0.409172327606
0.883798411486
0.49307857976
0.409282683701
0.884059019685
0.493402101629
0.408399494644
0.884059019685
0.493953457302
0.408674540682
0.884059019685
0.493953457302
0.408674540682
0.856975899079
0.494251416953
0.407860505158
0.856975899079
0.493485840921
0.405898311084
0.902252315659
0.493678683307
0.404896511021
0.902252315659
0.493791326279
0.403795522955
0.829532430862
0.493913748724
0.40402341458
0.829532430862
0.494562524967
0.405312008338
0.855177502711
0.4948940922
0.404537228645
0.855177502711
0.494781971338
0.403978026962
0.842132353891
0.495040563664
0.403461543611
0.842132353891
0.495040563664
0.403461543611
0.842132353891
0.497674409686
0.408013674097
0.88719264308
0.49777575411
0.407610116497
0.932058729165
0.508797673425
0.40966113651
0.873973083028
0.509109414537
0.40887593418
0.873973083028
0.509109414537
0.40887593418
0.873973083028
0.509109414537
0.40887593418
