1.0
0.36188027653
0.585939334209
1.0
0.361875665595
0.585934478544
1.0
0.361126076331
0.586113198078
1.0
0.361120752879
0.586174617537
1.0
0.3607845366
0.586172008547
1.0
0.360791766505
0.586160187275
1.0
0.360791766505
0.586160187275
1.0
0.361153370848
0.587289797303
1.0
0.361155315068
0.587296559833
1.0
0.362175486357
0.587499774839
1.0
0.362179878196
0.587520078288
1.0
0.361779621539
0.5878266769
1.0
0.361775126115
0.587832648211
1.0
0.361433184114
0.588116959318
1.0
0.361435492358
0.588170562624
1.0
0.361435492358
0.588170562624
1.0
0.362165743116
0.588898560262
1.0
0.362166208815
0.588942320371
1.0
0.361656023303
0.588984531747
1.0
0.36165713736
0.588948201656
1.0
0.362103763399
0.58903708185
1.0
0.362097849878
0.589051959308
1.0
0.362246670174
0.587330871457
1.0
0.362246670174
0.587330871457
1.0
0.362250598157
0.587307270124
1.0
0.361757128277
0.588792985873
1.0
0.361755804234
0.588818188604
1.0
0.362434399884
0.589159642887
1.0
0.362440058284
0.589131790209
1.0
0.363209114929
0.588854514207
1.0
0.363214751624
0.588871642445
1.0
0.361825389266
0.588120460316
1.0
0.361821425382
0.588131984046
1.0
0.361821425382
0.588131984046
1.0
0.363204991751
0.588966798472
1.0
0.363213498387
0.588976906854
1.0
0.362182956912
0.588889771545
1.0
0.362173569316
0.588909154742
1.0
0.362225380638
0.589198352804
1.0
0.362226305814
0.589200613329
1.0
0.363177571379
0.588127179138
1.0
0.363189663233
0.588078637523
1.0
0.363189663233
0.588078637523
1.0
0.36282907494
0.588551665128
1.0
0.362830670032
0.588551369151
1.0
0.362816625403
0.587678536717
1.0
0.362815310669
0.58768414865
1.0
0.362676514225
0.588106934155
1.0
0.362686173192
0.588068540448
1.0
0.363082692319
0.586664880909
1.0
0.363082692319
0.586664880909
1.0
0.363078010621
0.586683668378
1.0
0.363326525453
0.586140058194
1.0
0.363334739103
0.586108146761
1.0
0.36265312734
0.585092343601
1.0
0.362645656195
0.585132958735
1.0
0.36190521216
0.584787579014
1.0
0.361914353814
0.584709818018
1.0
0.361760175988
0.58365173801
1.0
0.361767549128
0.583637322541
1.0
0.361767549128
0.583637322541
1.0
0.361039119896
0.58310405959
1.0
0.361035774731
0.583093467775
1.0
0.362072859934
0.584037501126
1.0
0.36207667401
0.583974702108
1.0
0.368346076413
0.596054146438
1.0
0.368345219859
0.596022764624
1.0
0.374037513507
0.606239332401
1.0
0.374037513507
0.606239332401
1.0
0.374028248638
0.606329143092
1.0
0.375390044297
0.614452702075
1.0
0.375403979566
0.614794512617
1.0
0.374655871787
0.617332421315
1.0
0.37466504063
0.61755076279
1.0
0.373539376621
0.615009335144
1.0
0.373511442358
0.615369608955
1.0
0.374118355792
0.614839952321
1.0
0.374093490978
0.615046354574
1.0
0.373955557403
0.614177884725
1.0
0.373955557403
0.614177884725
1.0
0.373969942733
0.614113595948
1.0
0.374057392781
0.614378924396
1.0
0.374063531176
0.614314781025
1.0
0.374352373899
0.61347589973
1.0
0.37435640589
0.61346750966
1.0
0.374160412554
0.613149739723
1.0
0.374160412554
0.613149739723
1.0
0.37416907185
0.613150486635
1.0
0.375266143261
0.612804033482
1.0
0.375276926692
0.612773429938
1.0
0.375760033192
0.612192321874
1.0
0.375759769149
0.612198584263
1.0
0.374481161063
0.612276339031
1.0
0.374495539724
0.61226118075
1.0
0.37442854051
0.611886199355
1.0
0.37442854051
0.611886199355
1.0
0.374424650329
0.611807788344
1.0
0.374388614734
0.610830803417
1.0
0.374393844316
0.610841791805
1.0
0.374043250605
0.610233896982
1.0
0.374047943819
0.610184281045
1.0
0.372927605504
0.608404960899
1.0
0.372925229423
0.608399380784
1.0
0.372604887176
0.607631514022
1.0
0.372604887176
0.607631514022
1.0
0.37260145158
0.607641525186
1.0
0.371714265449
0.607880584233
1.0
0.371712997203
0.607894814119
1.0
0.371038670984
0.60781819866
1.0
0.371029280265
0.607796602406
1.0
0.369538015284
0.608127441936
1.0
0.369547731815
0.608148320334
1.0
0.368758873371
0.608660050503
1.0
0.368758873371
0.608660050503
1.0
0.368750365994
0.608618795352
1.0
0.369205248734
0.607329303817
1.0
0.36919078189
0.607391448781
1.0
0.36805109615
0.606066939774
1.0
0.368051770514
0.606040502754
1.0
0.368087683725
0.606170386256
1.0
0.368089006411
0.606164927725
1.0
0.367799479925
0.606286015194
1.0
0.367799479925
0.606286015194
1.0
0.36779228512
0.606292738821
1.0
0.367419649061
0.605562903352
1.0
0.367416016835
0.605555482956
1.0
0.366816758606
0.606022727901
1.0
0.366805733625
0.606033262953
1.0
0.365749350999
0.604812793735
1.0
0.365760156574
0.604793107373
1.0
0.366086131698
0.606889627559
1.0
0.366070109814
0.606904170909
1.0
0.366070109814
0.606904170909
1.0
0.36469213351
0.604886481619
1.0
0.364691189362
0.604891707873
1.0
0.364057683565
0.604005943358
1.0
0.364047440519
0.603993463187
1.0
0.364258165822
0.603510646929
1.0
0.364262304254
0.60351259455
1.0
0.364342025911
0.603601421768
1.0
0.364342025911
0.603601421768
1.0
0.364328519275
0.603596575519
1.0
0.363513944674
0.603104746874
1.0
0.3635170769
0.603050205014
1.0
0.362660053105
0.602184124226
1.0
0.362671944665
0.602150405982
1.0
0.362741033078
0.601136272911
1.0
0.362736358619
0.601126742475
1.0
0.36228664376
0.600566707834
1.0
0.362288006184
0.600567481488
1.0
0.361518775484
0.598815057189
1.0
0.361518775484
0.598815057189
1.0
0.361536073111
0.598743075539
1.0
0.361480303709
0.599013519186
1.0
0.361474492063
0.599028199441
1.0
0.360887554514
0.598620838337
1.0
0.360900140771
0.598590723669
1.0
0.360294117148
0.597784993528
1.0
0.360294117148
0.597784993528
1.0
0.360302588478
0.597742429906
1.0
0.359644050474
0.596853038978
1.0
0.359659953453
0.596831494649
1.0
0.358517049954
0.596821819709
1.0
0.358517123527
0.596853277855
1.0
0.357060876241
0.595605628843
1.0
0.357060607652
0.595586997502
1.0
0.354901450552
0.593307456418
1.0
0.354901450552
0.593307456418
1.0
0.354918821329
0.593285634993
1.0
0.356427993731
0.593826165378
1.0
0.3564286913
0.59381071156
1.0
0.356234549276
0.594031701589
1.0
0.356244564287
0.593967417589
1.0
0.355298142218
0.592971868683
1.0
0.355293734988
0.592999440755
1.0
0.353303660946
0.592423636546
1.0
0.353303660946
0.592423636546
1.0
0.353286417475
0.59238644064
1.0
0.354009994591
0.592169148506
1.0
0.354007631577
0.592178333797
1.0
0.353246512379
0.592510256792
1.0
0.353238507
0.592498723332
1.0
0.353334027181
0.592946837216
1.0
0.353336146447
0.592935773624
1.0
0.352661389167
0.59305060778
1.0
0.352661389167
0.59305060778
1.0
0.35265624841
0.593063369369
1.0
0.354669577784
0.594002989212
1.0
0.354657234831
0.594009757905
1.0
0.3537720665
0.593903331843
1.0
0.353770285205
0.593947427872
1.0
0.354192437571
0.594405526703
1.0
0.354177377605
0.594400179581
1.0
0.355081895657
0.595820145189
1.0
0.355081895657
0.595820145189
1.0
0.355074345431
0.595821261684
1.0
0.3554983001
0.596974729167
1.0
0.355476875689
0.597025623134
1.0
0.355588680699
0.597712797087
1.0
0.355581446708
0.597722322342
1.0
0.355968366853
0.599504518084
1.0
0.355962681745
0.599523151154
1.0
0.354966515698
0.598238841936
1.0
0.354966515698
0.598238841936
1.0
0.354948366542
0.598311068762
1.0
0.356112128277
0.600903646362
1.0
0.356110467243
0.600897905797
1.0
0.35730864767
0.603573723641
1.0
0.357301914879
0.603664755209
1.0
0.357800637038
0.604724878174
1.0
0.357790587773
0.604698175812
1.0
0.357381471567
0.605624511466
1.0
0.357381471567
0.605624511466
1.0
0.357374262396
0.605655202196
1.0
0.357195228556
0.606707864081
1.0
0.35718802826
0.60672708856
1.0
0.358131035126
0.608769289427
1.0
0.35811754239
0.608802834727
1.0
0.359289380686
0.609797927878
1.0
0.359285017581
0.609860249717
1.0
0.361548100728
0.612987111305
1.0
0.361546511867
0.613011000033
1.0
0.361546511867
0.613011000033
1.0
0.360563064451
0.614017859497
1.0
0.360554899597
0.614144918333
1.0
0.3610849462
0.615613053004
1.0
0.361075487552
0.615689918868
1.0
0.361317079968
0.617758274479
1.0
0.361315137594
0.617775558554
1.0
0.361727699744
0.619985986962
1.0
0.361727699744
0.619985986962
1.0
0.361714044496
0.620026674333
1.0
0.361805809584
0.621013494295
1.0
0.361795417791
0.621080161274
1.0
0.36023156434
0.623196184084
1.0
0.360219628575
0.62327017086
1.0
0.360016222215
0.624016456035
1.0
0.360009961595
0.624103354014
1.0
0.359578522995
0.62614440953
1.0
0.359578522995
0.62614440953
1.0
0.359552135746
0.626254086324
1.0
0.358296087609
0.628425900001
1.0
0.358276400932
0.628495557754
1.0
0.358429528129
0.629522283996
1.0
0.35842627967
0.62958867581
1.0
0.357426930055
0.630736107956
1.0
0.357404479718
0.630814828262
1.0
0.3571433994
0.632998306464
1.0
0.3571433994
0.632998306464
1.0
0.357114974264
0.6331028242
1.0
0.356235700896
0.634412577529
1.0
0.356212401106
0.634530558178
1.0
0.355131819377
0.636166439686
1.0
0.35510573179
0.636237262455
1.0
0.352772533217
0.637145499797
1.0
0.352761292501
0.637198210531
1.0
0.351694158049
0.639294074042
1.0
0.351694158049
0.639294074042
1.0
0.351670892891
0.639386454227
1.0
0.350897592601
0.63841499439
1.0
0.350891817749
0.638458150733
1.0
0.341648242395
0.631526079467
1.0
0.341634719269
0.631588867815
1.0
0.327699735583
0.622273772464
1.0
0.327681835427
0.622296683989
1.0
0.327681835427
0.622296683989
1.0
0.324110010307
0.61850313963
1.0
0.324027929731
0.618389405593
1.0
0.324065628947
0.617907886504
1.0
0.323968731512
0.617813122637
1.0
0.325092737069
0.619287633509
1.0
0.325101723371
0.619150347091
1.0
0.323095563205
0.618556817013
1.0
0.32310173443
0.618578761685
1.0
0.325380989997
0.622384325151
1.0
0.325380989997
0.622384325151
1.0
0.325386946289
0.622403692315
1.0
0.324199047583
0.620863163493
1.0
0.324203074538
0.62090402294
1.0
0.325855213045
0.62299802457
1.0
0.325859465482
0.623036304762
1.0
0.325497295599
0.621627063693
1.0
0.325497295599
0.621627063693
1.0
0.325515102907
0.621623120924
1.0
0.326934883699
0.62243764344
1.0
0.326950269705
0.622469452466
1.0
0.326620669928
0.620723424482
1.0
0.326627586824
0.620753019408
1.0
0.327713075518
0.621455282935
1.0
0.32773354888
0.621408148266
1.0
0.328878649778
0.620010373822
1.0
0.328886024597
0.619990618317
1.0
0.327657195923
0.618740491773
1.0
0.32768838174
0.618672440332
1.0
0.32768838174
0.618672440332
1.0
0.328484519482
0.61914516959
1.0
0.328493016601
0.619079143426
1.0
0.328572880948
0.620720837265
1.0
0.328591802878
0.620742592232
1.0
0.329699975764
0.616619800646
1.0
0.329722640827
0.616561940736
1.0
0.330393424262
0.615820401465
1.0
0.330393424262
0.615820401465
1.0
0.330399571473
0.61577606715
1.0
0.330401392091
0.614887971412
1.0
0.330424191721
0.614846716253
1.0
0.331552544629
0.614241784432
1.0
0.331557893338
0.614200176853
1.0
0.329590575747
0.613338175533
1.0
0.329600720135
0.613292572228
1.0
0.329192295526
0.611410185918
1.0
0.329192295526
0.611410185918
1.0
0.329202212696
0.611407991673
1.0
0.330860209749
0.61237905854
1.0
0.33087363378
0.612301715494
1.0
0.331878148749
0.612692990456
1.0
0.331876846644
0.612686161025
1.0
0.33337773087
0.612246057547
1.0
0.333391777745
0.612219951522
1.0
0.333256829161
0.611779292272
1.0
0.333256829161
0.611779292272
1.0
0.333268995609
0.611751792263
1.0
0.333682026029
0.610986234277
1.0
0.333692307723
0.610983815224
1.0
0.334040621811
0.611310389542
1.0
0.334045157642
0.611282973628
1.0
0.333528683972
0.612066539317
1.0
0.333536809158
0.612039028764
1.0
0.333849847977
0.610334508734
1.0
0.333849847977
0.610334508734
1.0
0.333864460918
0.61030580363
1.0
0.334722030783
0.610264059749
1.0
0.334733629104
0.610243755426
1.0
0.335749536837
0.608824049308
1.0
0.335745200124
0.608817059392
1.0
0.336023280564
0.608855240654
1.0
0.336023280564
0.608855240654
1.0
0.336040927772
0.608796944184
1.0
0.335875446459
0.607880462369
1.0
0.33589021007
0.607803133182
1.0
0.335533618669
0.606854327626
1.0
0.335534241516
0.60681697469
1.0
0.336372774636
0.606237164899
1.0
0.336389326978
0.60618758733
1.0
0.336519595314
0.606668613053
1.0
0.336514137339
0.606670713983
1.0
0.337659662826
0.605575356145
1.0
0.337659662826
0.605575356145
1.0
0.337669483631
0.605536360916
1.0
0.336641141748
0.605189951616
1.0
0.33664618672
0.605181473739
1.0
0.337132737479
0.603830453625
1.0
0.337135204554
0.603788785517
1.0
0.337220536968
0.603371477112
1.0
0.33723332004
0.603369547692
1.0
0.33723332004
0.603369547692
1.0
0.337652989807
0.602710309598
1.0
0.33765263599
0.602687944377
1.0
0.33803100839
0.602537471467
1.0
0.338041109305
0.602503050496
1.0
0.338634842172
0.601817751922
1.0
0.338645294515
0.601812256433
1.0
0.338687896705
0.600767839997
1.0
0.338692116338
0.60072716477
1.0
0.340212764425
0.601165937613
1.0
0.340212764425
0.601165937613
1.0
0.340219160909
0.6011717109
1.0
0.340415128381
0.599816782396
1.0
0.34041925093
0.599808126499
1.0
0.341548319626
0.598437968165
1.0
0.341573644616
0.598314494173
1.0
0.342752672029
0.59711773538
1.0
0.342767041208
0.597052623137
1.0
0.342767041208
0.597052623137
1.0
0.343091587006
0.595823446596
1.0
0.343111599714
0.595809934977
1.0
0.344247069018
0.59526239443
1.0
0.344264300864
0.595172355172
1.0
0.344859130817
0.594581686505
1.0
0.344883087696
0.594510328656
1.0
0.34535710173
0.594047774486
1.0
0.345375275376
0.593995151975
1.0
0.347312244663
0.593929519544
1.0
0.347312244663
0.593929519544
