1.0
0.601863724892
0.513951779499
1.0
0.601025277671
0.512253308422
1.0
0.600770891841
0.511195601736
1.0
0.599538115877
0.508080823144
1.0
0.599323004409
0.507205896049
1.0
0.599323004409
0.507205896049
1.0
0.598750660969
0.507417122859
1.0
0.598389292284
0.505907958009
1.0
0.597587705111
0.505644653133
1.0
0.595992646731
0.502935503566
1.0
0.595178841617
0.504565834125
1.0
0.59487911801
0.505115767993
1.0
0.594233632403
0.505051755297
1.0
0.594020406628
0.505527268919
1.0
0.594020406628
0.505527268919
1.0
0.593684730314
0.506490285119
1.0
0.593443974738
0.507874391476
1.0
0.593443974738
0.507874391476
1.0
0.593397380252
0.50824107006
1.0
0.592631496882
0.508712960939
1.0
0.590773280843
0.514711611157
1.0
0.589640527788
0.515303173819
1.0
0.587940707059
0.515920815711
1.0
0.587940707059
0.515920815711
1.0
0.586476769237
0.520962576393
1.0
0.584207858517
0.522172157381
1.0
0.582228685854
0.525697273068
1.0
0.582228685854
0.525697273068
1.0
0.580901067837
0.529091636131
1.0
0.577827915079
0.529913426508
1.0
0.575778027833
0.533788781992
1.0
0.575778027833
0.533788781992
1.0
0.573207147315
0.533892869961
1.0
0.572682773328
0.535488368017
1.0
0.571930754127
0.537475909111
1.0
0.570441008313
0.541303313173
1.0
0.569886804323
0.542694424221
1.0
0.569500661651
0.544242580413
1.0
0.569500661651
0.544242580413
1.0
0.569321763138
0.544655503968
1.0
0.569081946831
0.546061718374
1.0
0.569081946831
0.546061718374
1.0
0.568890937114
0.545943006046
1.0
0.568629111788
0.546945181947
1.0
0.568619492852
0.54721906497
1.0
0.568592004859
0.547343216245
1.0
0.568592004859
0.547343216245
1.0
0.568423440531
0.547871007283
1.0
0.568140939619
0.54799288638
1.0
0.567616455727
0.549046896206
1.0
0.567477202005
0.549014714166
1.0
0.567477202005
0.549014714166
1.0
0.567087909268
0.548794183491
1.0
0.566949963149
0.548471274382
1.0
0.566612223795
0.550346212907
1.0
0.566612223795
0.550346212907
1.0
0.566089149693
0.550235676188
1.0
0.565555971228
0.551097953525
1.0
0.565367054885
0.551809558697
1.0
0.565379191962
0.552786103821
1.0
0.565379191962
0.552786103821
1.0
0.565358271639
0.553412703616
1.0
0.565258583986
0.555441796197
1.0
0.56516952802
0.555857636675
1.0
0.565105850504
0.556002548111
1.0
0.56531172577
0.556253554549
1.0
0.565227806191
0.556764044247
1.0
0.565774169267
0.557893855937
1.0
0.565774169267
0.557893855937
1.0
0.56566283226
0.558550522067
1.0
0.565720355921
0.559102729438
1.0
0.566036442813
0.559547177283
1.0
0.56604290827
0.559572854265
1.0
0.566403345723
0.560883270385
1.0
0.566446533813
0.562585276389
1.0
0.566446533813
0.562585276389
1.0
0.566435224555
0.563256079766
1.0
0.566296589089
0.56393288329
1.0
0.566296589089
0.56393288329
1.0
0.566296589089
0.56393288329
1.0
0.566296589089
0.56393288329
1.0
0.566296589089
0.56393288329
1.0
0.562802570362
0.574505935563
1.0
0.562802570362
0.574505935563
1.0
0.562587652284
0.576853172444
1.0
0.561636441195
0.581997123418
1.0
0.561636441195
0.581997123418
1.0
0.561636441195
0.581997123418
1.0
0.561367804994
0.587385902935
1.0
0.561015061081
0.588561253794
1.0
0.5611424001
0.594110913366
1.0
0.560472470767
0.602951874222
1.0
0.560440400045
0.604990592873
1.0
0.560440400045
0.604990592873
1.0
0.560220347215
0.609180471604
1.0
0.560117662251
0.610484553431
1.0
0.558308757629
0.608318921781
1.0
0.557903308293
0.602026575257
1.0
0.55913483878
0.595330859584
1.0
0.559031855943
0.593965219037
1.0
0.559031855943
0.593965219037
1.0
0.55965363128
0.58831546375
1.0
0.559632590962
0.586286547206
1.0
0.560998857793
0.580910252
0.983829540075
0.56119920596
0.579438614269
1.0
0.562455946162
0.576133266841
1.0
0.563274777862
0.572541224169
1.0
0.56448714258
0.571778258783
1.0
0.56448714258
0.571778258783
1.0
0.565431744883
0.568294035593
1.0
0.566606137443
0.56408267539
1.0
0.566606137443
0.56408267539
1.0
0.566606137443
0.56408267539
1.0
0.564302898229
0.556724043148
1.0
0.567731657254
0.56220201756
0.99
0.569518608757
0.527414081735
0.99
0.570187361115
0.523855305764
0.99
0.570786266948
0.522144333307
0.99
0.571103659404
0.521608716104
0.99
0.571103659404
0.521608716104
0.99
0.571438924262
0.520462609753
0.99
0.572145467155
0.5186532864
0.99
0.573119994346
0.51615842373
0.99
0.574259512767
0.513505014955
0.99
0.575561903022
0.510502540578
0.99
0.576574077406
0.507382965263
0.99
0.578072289984
0.503038488338
1.0
0.57644644959
0.5001027318
1.0
0.57644644959
0.5001027318
1.0
0.577563996049
0.496364970843
1.0
0.577563996049
0.496364970843
1.0
0.579453388392
0.493772007431
1.0
0.581068651453
0.488556702365
1.0
0.58211494622
0.485639678363
1.0
0.583142557805
0.485246976413
1.0
0.584164344362
0.48181247506
1.0
0.585605456225
0.481878594247
1.0
0.587600793661
0.477411267926
1.0
0.59102779277
0.476986047216
0.991632785059
0.59328321675
0.470743647023
0.991632785059
0.594234547794
0.470355819815
0.991632785059
0.595354804286
0.47077220005
0.991632785059
0.597792992286
0.471181746039
0.991632785059
0.597792992286
0.471181746039
0.991632785059
0.597792992286
0.471181746039
0.99840666179
0.598958051266
0.469526158388
0.99840666179
0.599697276884
0.470372349522
0.99840666179
0.602481109374
0.471132516949
0.849962632674
0.603897706413
0.467240192806
0.849962632674
0.61001922351
0.468412413883
