1.0
0.578481391219
0.706240021682
1.0
0.578484713591
0.706243261911
1.0
0.57893520649
0.70630676489
1.0
0.578925793749
0.706303726826
1.0
0.578618309297
0.706457791578
1.0
0.578638781089
0.706411063915
1.0
0.57869600858
0.706564095237
1.0
0.578689560482
0.706575757957
1.0
0.577831260215
0.705954323075
1.0
0.577819279016
0.705989053701
1.0
0.577819279016
0.705989053701
1.0
0.577760109051
0.705032151148
1.0
0.57776255101
0.705045059921
1.0
0.57860986043
0.705795800661
1.0
0.57860281134
0.705774276768
1.0
0.577644157442
0.704937148634
1.0
0.577644074391
0.704916871723
1.0
0.577945083807
0.704905702972
0.948127819633
0.577924127377
0.704833996214
0.948127819633
0.577921618486
0.704977025693
0.948127819633
0.577921618486
0.704977025693
1.0
0.577945533604
0.70503543939
1.0
0.577948289986
0.704685721595
0.938710299979
0.57793523282
0.704625526689
0.938710299979
0.577322116953
0.703629805936
1.0
0.577330625657
0.703649730558
1.0
0.577775476358
0.704440709487
1.0
0.577775476358
0.704440709487
1.0
0.577779567485
0.704484522515
1.0
0.577036536134
0.703974527191
1.0
0.57703304416
0.703951211964
1.0
0.577955422214
0.704357685546
1.0
0.577957392834
0.704348885874
1.0
0.577775020357
0.704611533113
