0.879604562165
0.492064868966
0.799547940744
0.817312581494
0.469048077683
0.33202313503
0.817312581494
0.468009523159
0.333308387989
0.817312581494
0.466991683831
0.331814640041
0.817312581494
0.466991683831
0.331814640041
0.817312581494
0.464708820819
0.335007633166
0.817312581494
0.477654607689
0.268602769229
0.817312581494
0.477654607689
0.268602769229
0.725997292114
0.482345992579
0.146793018539
0.706817583837
0.188174040346
-0.204928482246
0.725997292114
0.581412465027
0.306452705901
0.725997292114
0.571615679262
0.280370030898
0.725997292114
0.571615679262
0.280370030898
0.725997292114
0.555043508383
0.522542161107
0.808692643757
0.557929797953
0.554302080364
0.808692643757
0.557929797953
0.554302080364
0.808692643757
0.557929797953
0.554302080364
0.808692643757
0.557929797953
0.554302080364
0.843442233259
0.533167595953
0.497814094962
0.906261591512
0.529567159569
0.510637488209
0.824781578812
0.634924367573
0.592564435657
0.828679369698
0.634928338929
0.593656196969
0.828679369698
0.634928338929
0.593656196969
0.933252667363
0.634768571655
0.59400497158
0.904787670908
0.634666636581
0.59679797987
0.87385269572
0.634647642004
0.598492381413
0.843050541252
0.634556921381
0.599576816396
0.908132803187
0.634904116136
0.599363233364
0.917910322559
0.635426626736
0.599505755751
0.90401918789
0.633936581495
0.591950535645
0.855298677137
0.634592348396
0.590358615788
0.855298677137
0.634592348396
0.590358615788
0.855298677137
0.627366877034
0.584963061771
0.86527783387
0.627137393296
0.585209365131
0.913796916592
0.478956180686
0.511690775312
0.884520095381
0.47530016178
0.509231132986
0.884520095381
0.893796857139
0.769144304766
0.92435217196
0.891668135184
0.769554428008
0.900779058448
100.0
100.0
0.900779058448
100.0
100.0
0.900779058448
100.0
100.0
0.836722834773
0.567929868138
0.886431046148
0.836722834773
0.567146121918
0.885296496042
0.957224710063
0.591137898204
0.889929865624
0.957224710063
0.591231262717
0.889370063051
0.967332761985
0.597510908955
0.882856771654
0.967332761985
0.597311945857
0.883376652438
1.0
0.592665224912
0.869044161417
1.0
0.592617616134
0.869721542982
1.0
0.592617616134
0.869721542982
1.0
0.58989873224
0.858771832016
1.0
0.589805095846
0.8602342477
1.0
0.587663014344
0.852426302121
1.0
0.587547407619
0.852333061621
1.0
0.585323399037
0.839114619611
1.0
0.585270027363
0.839972433589
1.0
0.478137401499
0.729885748666
1.0
0.478137401499
0.729885748666
1.0
0.478087410693
0.72997442304
1.0
0.476339710769
0.732259566798
1.0
0.476385286245
0.73229093504
1.0
0.476159560484
0.733985637734
1.0
0.476008348784
0.734687619202
1.0
0.475495194306
0.737113250954
1.0
0.475662151506
0.737229450824
1.0
0.475733217625
0.737653888604
1.0
0.475696700274
0.738288853372
1.0
0.475696700274
0.738288853372
1.0
0.47522507697
0.737690644536
1.0
0.475245159342
0.737776791148
1.0
0.473110649071
0.738009226058
1.0
0.473110572181
0.737698760441
1.0
0.475510126109
0.736445741933
1.0
0.475576556582
0.736959156996
1.0
0.47486777592
0.738926685994
1.0
0.474825262186
0.738872242964
1.0
0.474825262186
0.738872242964
1.0
0.474931169253
0.738581400013
1.0
0.475130381574
0.735152799973
1.0
0.475122408068
0.735412676033
1.0
0.474623904589
0.733934431893
1.0
0.47460324912
0.73380815853
1.0
0.477352403125
0.735712356117
1.0
0.477385971871
0.736157202143
1.0
0.477385971871
0.736157202143
1.0
0.476770879879
0.735926809833
1.0
0.476980025309
0.734780235082
1.0
0.476495163535
0.733235802833
1.0
0.476418123696
0.73286623133
1.0
0.476785973592
0.733046965769
1.0
0.476844524013
0.732192520914
1.0
0.474946174623
0.733365604254
1.0
0.474969500147
0.733310427888
1.0
0.475455195307
0.734961524651
1.0
0.475455195307
0.734961524651
1.0
0.475531930054
0.735179918422
1.0
0.47549579582
0.735364619524
1.0
0.475345722809
0.735457888697
1.0
0.475392272329
0.73546238274
1.0
0.474685184655
0.73504623312
1.0
0.474671410891
0.735494437227
1.0
0.475652552482
0.737399167859
1.0
0.475545448145
0.738187980894
1.0
0.475545448145
0.738187980894
1.0
0.475418319614
0.739131179762
1.0
0.475785939626
0.738199315034
1.0
0.475811388097
0.738006812378
1.0
0.475718732509
0.739789804067
1.0
0.475680513856
0.740237906592
1.0
0.475031085093
0.740643218292
1.0
0.475039652426
0.740384610959
1.0
0.475074626446
0.740730092479
1.0
0.475074626446
0.740730092479
1.0
0.475758387998
0.740954744937
1.0
0.475842044697
0.740650829777
1.0
0.475842044697
0.740650829777
1.0
0.483685417211
0.718285848969
1.0
0.483685417211
0.718285848969
1.0
0.483581241205
0.716484915898
1.0
0.484336134744
0.714123329166
1.0
0.484068802534
0.715625854708
1.0
0.476082490335
0.735362039191
1.0
0.476111306679
0.734636546303
1.0
0.476145639589
0.734106261734
1.0
0.476145639589
0.734106261734
1.0
0.476158401101
0.733975663249
1.0
0.476140619398
0.73364001504
1.0
0.476201047825
0.732954877771
1.0
0.476157932978
0.732646644803
1.0
0.47613748333
0.732814007039
1.0
0.474377965236
0.732788246472
1.0
0.474353609078
0.731414829858
1.0
0.474235277801
0.732316192793
1.0
0.474235277801
0.732316192793
1.0
0.477790660659
0.725087651445
1.0
0.477790660659
0.725087651445
1.0
0.477541591991
0.725640035429
1.0
0.477644796695
0.725002153821
1.0
0.477498816007
0.725445426907
1.0
0.47765569348
0.723854433886
1.0
0.477615062303
0.724018294888
1.0
0.477585842825
0.72150108116
1.0
0.477913538326
0.720394392787
1.0
0.477965783124
0.720898909523
1.0
0.478078052335
0.719643390783
1.0
0.478078052335
0.719643390783
1.0
0.478078052335
0.719643390783
1.0
0.485667581628
0.697846089474
0.997202451275
0.4873233864
0.696740295199
1.0
0.488288199469
0.696977762628
1.0
0.489114064709
0.692966160547
1.0
0.491485503444
0.690764551217
1.0
0.491485503444
0.690764551217
1.0
0.492061620141
0.689748789313
1.0
0.493414395491
0.689580936148
1.0
0.494342482197
0.689792188287
1.0
0.494342482197
0.689792188287
1.0
0.49571574543
0.688491912555
1.0
0.501890907125
0.717990375721
1.0
0.502162710612
0.717353215377
1.0
0.502790937072
0.715209558732
1.0
0.503131510926
0.715880945252
1.0
0.50355920426
0.714256337119
1.0
0.504126924053
0.713223493073
1.0
0.504193167577
0.71379847506
1.0
0.504193167577
0.71379847506
1.0
0.50463236666
0.712536269316
1.0
0.506094812133
0.712595257287
1.0
0.506348264515
0.712645998068
1.0
0.507562970105
0.710848838829
1.0
0.507787099545
0.712668677582
1.0
0.507818523288
0.712046104807
1.0
0.508110198778
0.710798257398
1.0
0.508520579196
0.71256641854
1.0
0.508735071797
0.713074525812
1.0
0.508735071797
0.713074525812
1.0
0.509942241231
0.715020739256
1.0
0.510043488931
0.715212854907
1.0
0.51001064055
0.714175266728
1.0
0.510089779408
0.714402049147
1.0
0.510287449926
0.714841413295
1.0
0.510424001879
0.714216856884
1.0
0.50986572423
0.714344925099
1.0
0.509965126189
0.715562526348
1.0
0.509965126189
0.715562526348
1.0
0.512076813697
0.715819038369
1.0
0.512383208676
0.715981258491
1.0
0.511354218152
0.717695714962
1.0
0.511411004263
0.718237515758
1.0
0.512169081986
0.720796111158
1.0
0.512241641135
0.721732226547
1.0
0.512241641135
0.721732226547
1.0
0.511004810882
0.72205568781
1.0
0.511190752779
0.721949660385
1.0
0.512166516099
0.723327650126
1.0
0.512538085251
0.722413301932
1.0
0.511881448168
0.721718795737
1.0
0.511837414594
0.724226262786
1.0
0.512206310066
0.726253476411
1.0
0.512285734553
0.727282527479
1.0
0.511228967458
0.727587185671
1.0
0.511264622917
0.726713908922
1.0
0.511264622917
0.726713908922
1.0
0.511248066356
0.728662578594
1.0
0.511432372884
0.72860307244
1.0
0.510809626482
0.729353272519
1.0
0.510695148428
0.730806089425
1.0
0.512094572716
0.730852737425
1.0
0.512098077715
0.730027515502
1.0
0.511847681266
0.731448875126
1.0
0.51195632823
0.731492285441
1.0
0.51195632823
0.731492285441
1.0
0.510127441486
0.731218565079
1.0
0.509797113763
0.734243227901
1.0
0.510650179277
0.735551448574
1.0
0.510439677422
0.735823569102
1.0
0.509152084359
0.735567401375
1.0
0.509433750587
0.733973318163
1.0
0.509209181777
0.735952526446
1.0
0.509209181777
0.735952526446
1.0
0.509163775394
0.736637490473
1.0
0.509227249437
0.736223720151
1.0
0.509227249437
0.736223720151
1.0
0.513949108015
0.704685710719
0.970028558865
0.513697883914
0.704261518322
0.970028558865
0.513697883914
0.704261518322
1.0
0.5140077306
0.705492167775
0.99095913287
0.510649756675
0.739518875983
1.0
0.510802154632
0.739307353479
1.0
0.510809580333
0.739737269774
0.97797394683
0.510760352294
0.738861589929
1.0
0.51098740408
0.73850636647
1.0
0.511209988423
0.738049162804
0.984601085129
0.510914613483
0.74125201546
1.0
0.511006789905
0.739176079944
1.0
0.511006789905
0.739176079944
1.0
0.510155247856
0.738686950515
1.0
0.510498502853
0.737666673637
1.0
0.50932721358
0.738622302704
1.0
0.509319843562
0.738713702476
0.999240433591
0.509363413292
0.739686417345
0.999240433591
0.509363413292
0.739686417345
0.999240433591
0.513188201364
0.742929618989
1.0
0.513327714847
0.743210373428
1.0
0.513352069328
0.743309014655
1.0
0.513702567594
0.7431041532
0.992231431225
0.513671386242
0.743349582151
0.992231431225
0.513671386242
0.743349582151
1.0
0.513892273736
0.741830556332
1.0
0.513955769379
0.743197592343
1.0
0.514734511478
0.745784513815
1.0
0.514901233521
0.74604772986
1.0
0.5152205669
0.745602826278
1.0
0.5152205669
0.745602826278
1.0
0.519425896248
0.708157928467
1.0
0.519425896248
0.708157928467
1.0
0.516327394445
0.757456844268
1.0
0.516460433057
0.757566946359
1.0
0.516716211612
0.757690608367
1.0
0.51679750881
0.75912375894
0.998256719769
0.517022575483
0.759760101039
1.0
0.517154907975
0.760717330338
1.0
0.517277758935
0.761977886805
1.0
0.517351592837
0.764081724313
1.0
0.516989781326
0.766146920295
1.0
0.517351708917
0.767157397831
1.0
0.517351708917
0.767157397831
1.0
0.518022715361
0.768691390969
0.999696740082
0.518275658525
0.770477329153
0.999696740082
0.517830077536
0.772523140603
1.0
0.517976106503
0.772939659659
1.0
0.517458690362
0.778629809152
0.97712971146
0.517512658726
0.781866980503
1.0
0.517842528351
0.783381240027
1.0
0.517842528351
0.783381240027
1.0
0.517453134039
0.783639683751
1.0
0.517843178356
0.784669401419
0.997530788261
0.518589953565
0.78746774493
0.997530788261
0.518821129838
0.789978318564
1.0
0.518439957578
0.793637663512
1.0
0.518728288248
0.796296168337
1.0
0.51885733254
0.800303105112
1.0
0.519379741651
0.803132506213
1.0
0.519379741651
0.803132506213
1.0
0.519579067456
0.803584320619
1.0
0.517259272614
0.80552868476
1.0
0.517631412964
0.808252395259
1.0
0.51691718762
0.808863537895
1.0
0.517247636271
0.809100660632
1.0
0.518698738626
0.807468022244
1.0
0.51903872238
0.810516128245
1.0
0.51865131145
0.81156869639
1.0
0.51865131145
0.81156869639
1.0
0.518948866692
0.813051626495
1.0
0.518638538851
0.813135320573
1.0
0.518812845196
0.81470061319
1.0
0.518985335212
0.815586835237
1.0
0.519430997564
0.816184523866
1.0
0.519346256802
0.81646834145
1.0
0.519583519565
0.817274162807
1.0
0.520255090206
0.819270286725
1.0
0.520255090206
0.819270286725
1.0
0.520496082311
0.820266311259
1.0
0.521294188267
0.822227671984
1.0
0.521856685621
0.823573251961
1.0
0.520898222062
0.823985911636
1.0
0.521303144074
0.824976626342
1.0
0.51499034745
0.829503609268
1.0
0.515320336596
0.829215617513
1.0
0.506302293443
0.836514874755
1.0
0.506302293443
0.836514874755
1.0
0.506652649537
0.837302638705
1.0
0.499979204414
0.847634570701
1.0
0.499195757891
0.850362092185
1.0
0.497676283065
0.855095766849
1.0
0.494631081006
0.865655705928
1.0
0.494698607331
0.865216138185
1.0
0.492603449486
0.876419573057
1.0
0.492603449486
0.876419573057
1.0
0.49666104239
0.873671331274
1.0
0.497033516432
0.879465251028
1.0
0.498262422105
0.880189818854
1.0
0.498954433923
0.878789302156
1.0
0.498954433923
0.878789302156
1.0
0.499020659942
0.878698590394
1.0
0.499304665186
0.878645460412
1.0
0.500456651701
0.879212585401
1.0
0.500801564176
0.878831205483
1.0
0.501236179062
0.878818079719
1.0
0.501236179062
0.878818079719
1.0
0.50606463502
0.836584237217
1.0
0.50606463502
0.836584237217
1.0
0.507310169782
0.835960575879
1.0
0.50573697054
0.870534939462
1.0
0.505974385843
0.870377731067
1.0
0.506360981302
0.869409947421
1.0
0.506565885336
0.868191914573
1.0
0.507313678528
0.867220834458
1.0
0.507386517434
0.866759959859
1.0
0.507386517434
0.866759959859
1.0
0.507202703516
0.866501578616
1.0
0.507178914505
0.865237637819
1.0
0.507561560058
0.864354959633
1.0
0.508002974009
0.862625962336
1.0
0.508048757818
0.861055908237
1.0
0.508051473324
0.860000242968
1.0
0.508963837309
0.858674015038
1.0
0.509303775982
0.857728501004
1.0
0.509626100657
0.856112007074
1.0
0.509626100657
0.856112007074
1.0
0.514664809252
0.853429166647
1.0
0.514842919119
0.852492010695
1.0
0.515015661626
0.850434128048
1.0
0.515447824536
0.849246297739
1.0
0.515682740203
0.848099865111
1.0
0.515682740203
0.848099865111
1.0
0.515810111383
0.846184240662
1.0
0.516132165561
0.843965453842
1.0
0.516387535968
0.843204956604
1.0
0.51774861823
0.842502565294
1.0
0.518191556198
0.841427714434
1.0
0.520477586265
0.840276676187
1.0
0.520571035972
0.840032371026
1.0
0.520910534976
0.839056927551
1.0
0.521874548091
0.838090109717
1.0
0.521874548091
0.838090109717
1.0
0.522063612243
0.837283741285
1.0
0.52366137882
0.836807465452
1.0
0.523950779006
0.835285287934
1.0
0.524868592493
0.834332522881
1.0
0.52545091471
0.833234293008
1.0
0.52545091471
0.833234293008
1.0
0.531372915387
0.828962083363
1.0
0.531541910718
0.828106172567
1.0
0.531993915142
0.827505120538
1.0
0.532475962888
0.825584154452
1.0
0.532802693584
0.823650569045
1.0
0.532802693584
0.823650569045
1.0
0.532802693584
0.823650569045
1.0
0.534159301179
0.78184396038
1.0
0.535584811949
0.779675781473
1.0
0.537008957155
0.777737945887
1.0
0.546589584155
0.80964960574
1.0
0.547045462018
0.807546162413
1.0
0.547045462018
0.807546162413
1.0
0.547577168869
0.8065132119
1.0
0.547649986957
0.804445229722
1.0
0.547885260364
0.802187954015
1.0
0.548469670208
0.800450145104
1.0
0.54859912917
0.799710685735
1.0
0.549023691195
0.79792005295
1.0
0.549478989675
0.795963632301
1.0
0.549710006247
0.793881805899
1.0
0.550545433624
0.792953970298
1.0
0.550545433624
0.792953970298
1.0
0.550796886667
0.791226933014
1.0
0.55083847047
0.790128172255
1.0
0.551238980012
0.790042727361
1.0
0.552145811516
0.788242102888
1.0
0.552356200112
0.786949696598
1.0
0.553354913604
0.785805765237
1.0
0.553422999693
0.785309012873
1.0
0.554538367713
0.785768488216
1.0
0.554538367713
0.785768488216
1.0
0.554915452544
0.784695240359
1.0
0.554157627577
0.78284098671
1.0
0.554218642507
0.781599453623
1.0
0.55769152015
0.780401285931
1.0
0.557871664787
0.778412770038
1.0
0.567455672155
0.788772232486
1.0
0.56742454381
0.787774455505
1.0
0.579727785693
0.836401403539
1.0
0.579727785693
0.836401403539
1.0
0.579932707907
0.836200169869
1.0
0.581559580466
0.837512892931
1.0
0.581522920508
0.84567519043
1.0
0.585110475614
0.852895634067
1.0
0.58271800348
0.850735427153
0.99
0.588609089218
0.870540881048
0.99
0.589760494419
0.867845887499
0.99
0.589760494419
0.867845887499
1.0
0.591574353232
0.873351644949
1.0
0.591320426224
0.874944452403
1.0
0.592717462328
0.881473275984
1.0
0.592717462328
0.881473275984
1.0
0.588505374868
0.825111014571
1.0
0.590190417578
0.823380930146
1.0
0.590514395868
0.819456515064
1.0
0.590514395868
0.819456515064
1.0
0.591246591559
0.816523726216
1.0
0.594396029848
0.814915235284
1.0
0.59530419096
0.814285106621
1.0
0.596029030586
0.813294263356
0.993163892849
0.60317245811
0.876829711623
0.993163892849
0.60317245811
0.876829711623
0.993163892849
0.60287994721
0.877055098278
0.993163892849
0.602918501879
0.876752706045
0.993163892849
0.603104240318
0.876811479007
0.993163892849
0.60304480632
0.877926266111
0.993163892849
0.60300480919
0.877016246632
0.993163892849
0.602641631565
0.878612489837
0.838150706438
0.605325561361
0.875339370844
0.838150706438
0.604754471049
0.873938254506
0.838150706438
0.604754471049
0.873938254506
0.838150706438
0.604754471049
0.873938254506
0.838150706438
0.604754471049
0.873938254506
0.838150706438
0.604754471049
0.873938254506
0.756099103667
0.571491227936
0.686176586703
0.756099103667
0.569831910085
0.688380514825
0.756099103667
0.567894345341
0.686811224265
0.756099103667
0.565569729728
0.685525960133
0.756099103667
0.565569729728
0.685525960133
0.756099103667
-0.982868793106
1.6978951483
0.744724550776
0.569145534781
0.592049071689
0.744724550776
0.554838357189
0.605780616496
0.783888291885
0.549686065436
0.609731084551
0.824754466596
0.55755105717
0.575050333846
0.824754466596
0.55755105717
0.575050333846
0.824754466596
0.55755105717
0.575050333846
0.824754466596
0.593101436393
0.722416117728
0.721858185626
0.575852841755
0.850001231068
0.786092682625
0.577303950093
0.843788458142
0.786092682625
0.577098258972
0.838656901611
0.757635106016
0.579108940822
0.837468332351
0.757635106016
0.578074474733
0.838334919356
0.85419491206
0.600369088305
0.767224633323
0.85419491206
0.599544942862
0.767011066897
0.741274882757
0.578049065168
0.839598923282
0.741274882757
0.578049065168
0.839598923282
0.741274882757
0.579587585616
0.840850990035
0.797111090043
0.580721896791
0.84047234504
0.797111090043
0.593341305934
0.846853356761
0.805039023221
0.593243031629
0.84300162155
0.716039228975
0.514850484633
0.734888812345
0.716039228975
0.515775572677
0.729573067306
0.716039228975
0.515775572677
0.729573067306
0.859246484027
0.621551748803
0.867246641747
0.898869912927
0.6259005413
0.867066580731
0.946419060446
0.642124104382
0.869718088932
0.959744549239
0.653060128977
0.866898016734
0.987980086163
0.651389981498
0.862860405101
0.987980086163
0.651389981498
0.862860405101
0.982702876419
0.655241778821
0.861793737547
0.982702876419
0.653580026321
0.860132680701
1.0
0.654347562003
0.858387730665
1.0
0.654347562003
0.858387730665
1.0
0.643957246594
0.798493132372
1.0
0.641897788598
0.789808546273
1.0
0.641897788598
0.789808546273
1.0
0.640796321909
0.782566619319
1.0
0.640314401143
0.774563453841
1.0
0.641185385098
0.767932212571
1.0
0.641191667045
0.76311532617
1.0
0.641191667045
0.76311532617
1.0
0.640208535752
0.755679429813
1.0
0.639337130403
0.745991393839
1.0
0.637755575467
0.737140566092
1.0
0.637459747081
0.727584863224
1.0
0.637459747081
0.727584863224
1.0
0.636041478492
0.718676502607
1.0
0.634991193972
0.707463362132
1.0
0.632385966713
0.701161597136
1.0
0.630914423588
0.68843205867
1.0
0.630914423588
0.68843205867
1.0
0.629652244598
0.676494695884
1.0
0.626663745567
0.662690661835
0.969779727728
0.626391003118
0.672985080812
0.969779727728
0.625651243135
0.668820295654
0.969779727728
0.624345709264
0.664999660474
0.969779727728
0.623844691157
0.661152034958
0.969779727728
0.623844691157
0.661152034958
0.969779727728
0.623415125986
0.657171119608
0.969779727728
0.622954970196
0.654039060243
0.969779727728
0.622734348545
0.650402267549
0.969779727728
0.622146331972
0.647350770732
0.848642353216
0.621771633592
0.64604449117
0.848642353216
0.621499511945
0.641983230045
0.99
0.625996711187
0.608649851255
0.99
0.625593598822
0.605576860466
1.0
0.62540070298
0.60460604165
1.0
0.62540070298
0.60460604165
1.0
0.625228106262
0.601933678909
1.0
0.625585152473
0.602597897634
1.0
0.625238389774
0.599438424939
1.0
0.625663491524
0.598357946371
1.0
0.625420048681
0.596653072168
1.0
0.624869013009
0.596256607461
1.0
0.624869013009
0.596256607461
1.0
0.6245793911
0.593819834692
1.0
0.623758804473
0.591883581721
1.0
0.623417533847
0.589730870039
1.0
0.622706462866
0.588229896109
1.0
0.622031332292
0.586282007022
1.0
0.621613378329
0.58582397169
1.0
0.620613708705
0.58416211669
1.0
0.620100903633
0.581071541056
1.0
0.619529061512
0.579899697073
1.0
0.619677438955
0.580669232443
1.0
0.619677438955
0.580669232443
1.0
0.619281646803
0.579714282233
1.0
0.618798747344
0.577895076224
1.0
0.618048044328
0.577855986858
1.0
0.618364186571
0.5780865243
1.0
0.617504603383
0.577908110892
1.0
0.617709312768
0.578439202056
1.0
0.617014101234
0.577710405873
1.0
0.617014101234
0.577710405873
1.0
0.616298110131
0.577402339682
1.0
0.615752938049
0.577530246367
1.0
0.615189179229
0.57687464404
1.0
0.614283954771
0.577633019207
1.0
0.613923658973
0.57979250178
1.0
0.613462083838
0.580312145447
1.0
0.613601060009
0.579829097122
1.0
0.612940848922
0.58018517913
1.0
0.612286767251
0.580436048477
1.0
0.612286767251
0.580436048477
1.0
0.612148993608
0.581646332483
1.0
0.612251227951
0.581775858196
1.0
0.611850406831
0.582956027125
1.0
0.611093883249
0.582271281866
1.0
0.61048376019
0.583948723645
1.0
0.609531024833
0.585292467959
1.0
0.608932390763
0.586567874771
1.0
0.608932390763
0.586567874771
1.0
0.608013083667
0.585515009963
1.0
0.607354442126
0.586096605164
1.0
0.607822582809
0.587265646172
1.0
0.60709834667
0.588629368913
1.0
0.606814411859
0.589707938537
1.0
0.6059970736
0.593248688254
1.0
0.605440169311
0.594078249272
1.0
0.604945468771
0.595510114394
1.0
0.604945468771
0.595510114394
1.0
0.603585339887
0.596124105548
1.0
0.602850025252
0.598616518375
1.0
0.602730038852
0.60019950459
1.0
0.601975753059
0.602340509596
1.0
0.600766455756
0.602864130037
1.0
0.600143724858
0.605363902092
1.0
0.599183011038
0.605198053914
1.0
0.598258105
0.608542810047
1.0
0.598258105
0.608542810047
1.0
0.593887036074
0.614519521159
1.0
0.592725267194
0.617118183244
1.0
0.591863685461
0.621013205881
1.0
0.590621020092
0.625153846452
1.0
0.589644134116
0.628012870174
1.0
0.588698468998
0.631506833655
1.0
0.588698468998
0.631506833655
1.0
0.587408871425
0.631864841044
1.0
0.586193196584
0.635412596173
1.0
0.585025329346
0.636331905824
1.0
0.584205696168
0.638361692918
1.0
0.58416796989
0.642643631776
1.0
0.583129617208
0.646571729032
1.0
0.58271558323
0.649440534106
1.0
0.58271558323
0.649440534106
1.0
0.582366248039
0.651652591845
1.0
0.581725985399
0.655307575673
1.0
0.580988449129
0.65660774267
1.0
0.580252379632
0.658645962611
1.0
0.579741049513
0.660033114368
1.0
0.579272392741
0.663763725858
1.0
0.578304513845
0.665333029137
1.0
0.577478470486
0.668065678747
1.0
0.576636979379
0.670440684433
1.0
0.576636979379
0.670440684433
1.0
0.576028871713
0.674134440407
1.0
0.575521468593
0.67590708053
1.0
0.57464618354
0.678767745525
1.0
0.574165604596
0.680626465513
1.0
0.573633038118
0.683462002111
1.0
0.573439633703
0.685606823803
1.0
0.572973053214
0.688175054143
1.0
0.572973053214
0.688175054143
1.0
0.573220428887
0.689073434422
1.0
0.572662606664
0.690770516185
1.0
0.572067506247
0.691323528525
1.0
0.571576301925
0.693692036445
1.0
0.571721401839
0.695523602574
1.0
0.571628767985
0.696471676563
1.0
0.571830685292
0.697780653369
1.0
0.571436535728
0.699320755033
1.0
0.571908597788
0.700237520037
1.0
0.571861258637
0.703250101849
1.0
0.571861258637
0.703250101849
1.0
0.572106033539
0.705334884169
1.0
0.572195101411
0.706381452943
1.0
0.572920694628
0.707637521348
1.0
0.572674881176
0.710677168043
0.994031832742
0.572996620465
0.712109309274
0.994031832742
0.572946958749
0.713813506675
1.0
0.572742431721
0.716657793837
1.0
0.572742431721
0.716657793837
1.0
0.573155922977
0.717143442209
1.0
0.573726954405
0.717710818109
1.0
0.57400994854
0.718740661985
1.0
0.573675993413
0.720969117916
1.0
0.573967383155
0.72204114064
0.996381778097
0.574465184033
0.723181941957
0.996381778097
0.574418174105
0.725822939947
0.996381778097
0.574418174105
0.725822939947
1.0
0.573946735922
0.727016129759
1.0
0.573724223902
0.727879394495
1.0
0.573644558989
0.729836369743
1.0
0.573789891643
0.731882522499
1.0
0.574041238445
0.733656044598
1.0
0.574352275926
0.7355258252
1.0
0.585858319305
0.721001266876
1.0
0.585675063315
0.722891691734
1.0
0.585675063315
0.722891691734
1.0
0.58548234105
0.723926159492
1.0
0.585160259061
0.725129006555
1.0
0.585046553215
0.724140318908
1.0
0.585235018585
0.725847442349
1.0
0.585673530646
0.725551264693
1.0
0.58538660789
0.725437448682
1.0
0.585528904432
0.725230133523
1.0
0.585370165103
0.727126898978
1.0
0.585314308054
0.728029400504
1.0
0.585314308054
0.728029400504
1.0
0.584929756067
0.7296648897
1.0
0.584564645393
0.729827905203
1.0
0.584105428755
0.731408077449
1.0
0.583919440089
0.731581962861
1.0
0.583861498283
0.732422334693
1.0
0.58384502755
0.733620691565
1.0
0.583560161621
0.73462028272
1.0
0.583666176447
0.73481325966
1.0
0.583666176447
0.73481325966
1.0
0.583258985245
0.736072157651
1.0
0.583108716201
0.735924418135
1.0
0.582598979787
0.736838330592
1.0
0.582425043245
0.737798328657
1.0
0.582104514148
0.739674379289
1.0
0.581553627817
0.740848977182
1.0
0.581363506266
0.741110694263
1.0
0.581103287359
0.740599639011
1.0
0.581103287359
0.740599639011
1.0
0.581212639392
0.741204072557
1.0
0.580728760569
0.742594213046
1.0
0.580741930957
0.742978348902
1.0
0.580039497224
0.744571404591
1.0
0.580165931678
0.744849131619
1.0
0.580104282871
0.745186377334
1.0
0.579986198436
0.746092842207
1.0
0.580239033014
0.745986900329
1.0
0.580239033014
0.745986900329
1.0
0.579986370877
0.747114696306
1.0
0.579861143961
0.748214912415
1.0
0.579706813631
0.748741433102
0.999693892362
0.579364063853
0.750135622701
0.999693892362
0.579630093283
0.750866509857
1.0
0.579611077443
0.751714004506
1.0
0.58012962427
0.751952836463
1.0
0.580480857233
0.753147804806
1.0
0.580480857233
0.753147804806
1.0
0.578713170829
0.753706441632
1.0
0.579120449509
0.753385353206
1.0
0.57576391436
0.754442639932
1.0
0.576101534586
0.753970974185
1.0
0.57350285328
0.75540633721
1.0
0.572592881206
0.75790352609
1.0
0.572757126528
0.76116735668
1.0
0.566705810725
0.768116762586
1.0
0.566705810725
0.768116762586
1.0
0.566557847998
0.769992090393
1.0
0.560992966186
0.7801099266
1.0
0.561498305719
0.779594594698
1.0
0.558827434746
0.788804241632
1.0
0.559229244557
0.789882131847
1.0
0.560312306315
0.794642310963
1.0
0.560918004597
0.795191957118
1.0
0.563105686947
0.795114980323
1.0
0.563105686947
0.795114980323
1.0
0.562611314407
0.796485567103
1.0
0.562933973348
0.796701168731
1.0
0.563112895353
0.796322475312
1.0
0.563939055419
0.794494646457
1.0
0.564102927315
0.794527269881
1.0
0.564122357172
0.794149469294
1.0
0.564750520336
0.793917060559
1.0
0.565377214495
0.795284685846
1.0
0.565377214495
0.795284685846
1.0
0.565205429669
0.796639140211
1.0
0.565651102523
0.796995421052
1.0
0.566548956687
0.796989008392
1.0
0.567089999497
0.79677274227
1.0
0.567250922891
0.797024765399
1.0
0.568391525705
0.796453525582
1.0
0.568635747268
0.797195924209
1.0
0.56884489773
0.797523434018
1.0
0.56884489773
0.797523434018
1.0
0.56910044786
0.797272383348
1.0
0.570258622372
0.79573991962
1.0
0.57057147063
0.795833617066
1.0
0.570590417282
0.796496931161
1.0
0.571060122249
0.796731527544
1.0
0.571566180084
0.795853632641
1.0
0.571566180084
0.795853632641
1.0
0.571566180084
0.795853632641
1.0
0.514406235201
0.82378023189
1.0
0.51489069271
0.824594291615
1.0
0.516825151682
0.823273354154
1.0
0.516825151682
0.823273354154
