1.0
0.634650754401
0.415560440888
1.0
0.634202252885
0.450538469653
1.0
0.634112818448
0.417339766341
1.0
0.634432543185
0.450233668198
1.0
0.634342888576
0.418195043374
1.0
0.634998009326
0.42005095728
1.0
0.634457790645
0.452478816459
1.0
0.634365776197
0.421765301314
1.0
0.634365776197
0.421765301314
1.0
0.633926964271
0.451859244949
1.0
0.633831256607
0.422393646526
1.0
0.636495980936
0.446512229406
0.99
0.643842049097
0.419129474432
0.834816158686
0.6445487845
0.41505133792
1.0
0.644251593999
0.413134513334
1.0
0.644251593999
0.413134513334
0.99
0.656665687569
0.384084022437
1.0
0.65603463863
0.400162687172
1.0
0.657979642897
0.380824833736
1.0
0.657300810067
0.39842882631
1.0
0.659026578783
0.376923385587
1.0
0.658744223928
0.377135852503
1.0
0.65845642987
0.377777800034
1.0
0.657759616207
0.395607444597
1.0
0.657759616207
0.395607444597
1.0
0.657581593747
0.392531626766
1.0
0.658474295941
0.376537107526
1.0
0.657776471891
0.394409220914
1.0
0.658568472629
0.376469809623
1.0
0.657869001588
0.394750388055
1.0
0.658580633031
0.377917894333
1.0
0.65787775915
0.395830352693
1.0
0.658516791954
0.378813932585
1.0
0.658516791954
0.378813932585
1.0
0.657820825344
0.395855308388
1.0
0.661509164781
0.380608361512
1.0
0.660860791236
0.395303735719
0.747449577119
0.672979396891
0.377873817279
0.747449577119
0.672496858885
0.38190753363
0.99
0.68420464402
0.370525791455
0.99
0.684320086033
0.370879967221
0.99
0.684020928058
0.354632822549
0.99
0.684020928058
0.354632822549
0.702387226766
0.728104321905
0.4084974654
0.702387226766
0.742388166977
0.372147537501
0.826121791608
0.695895128572
0.362248871009
0.826121791608
0.695747830021
0.327347326512
0.923083595888
0.696091002072
0.364055399221
0.923083595888
0.695956583744
0.329320202328
0.923083595888
0.695956583744
0.329320202328
0.942536963748
0.695669906121
0.364595498771
0.942536963748
0.695632489868
0.365110764042
0.942536963748
0.695505160443
0.332349863325
1.0
0.695175384557
0.365967449471
1.0
0.695052681902
0.333465118993
0.925002154394
0.695265453824
0.365786793103
0.925002154394
0.695144122488
0.333080795876
0.938990802547
0.695627809088
0.36493083397
