0.99
0.547414780184
0.416356404931
1.0
0.549996341448
0.416160120098
1.0
0.552622501465
0.418368756971
1.0
0.555544475254
0.414978676468
1.0
0.555290618748
0.415161262922
1.0
0.559404546489
0.407525245722
1.0
0.559404546489
0.407525245722
1.0
0.559861155543
0.407790574166
0.85308729194
0.561267118703
0.405800757003
0.85308729194
0.561766069297
0.406543557299
0.844804047645
0.563658307633
0.404017396114
0.844804047645
0.56358850232
0.404987455899
0.861010277779
0.563816949886
0.403826824663
0.861010277779
0.56376888395
0.403154833469
0.890273790769
0.564308739607
0.402387946569
0.890273790769
0.564158186829
0.402713989893
0.890273790769
0.564158186829
0.402713989893
0.863181267424
0.564520355566
0.402046195135
0.863181267424
0.564517575911
0.402143555962
0.853755590276
0.565056900067
0.401566875403
0.853755590276
0.564917715081
0.401416999072
0.853153433512
0.565549791394
0.400651549711
0.853153433512
0.566104161074
0.401119056086
0.946544815911
0.566278492884
0.401959160326
0.946544815911
0.566278492884
0.401959160326
0.946544815911
0.56596115415
0.402731491144
0.981245480871
0.565744462997
0.404506013742
0.981245480871
0.566159211885
0.405439377885
0.877372016889
0.56690153706
0.405046330599
0.877372016889
0.566577773665
0.404228335571
0.932179543049
0.566809596854
0.405105706881
0.932179543049
0.566864052796
0.40554625177
0.921977498859
0.56693386295
0.406686520469
0.921977498859
0.56693386295
0.406686520469
0.921977498859
0.566782628963
0.407152159266
0.900596684615
0.5676584513
0.406426046982
0.900596684615
0.567401788173
0.406616587031
1.0
0.568704450795
0.404521914945
1.0
0.568556974449
0.404320576389
1.0
0.569525224741
0.401350813062
1.0
0.569307450138
0.402063481226
1.0
0.570217360287
0.399275354782
1.0
0.569649687919
0.399305803651
1.0
0.569649687919
0.399305803651
1.0
0.569528676794
0.399188140193
1.0
0.56938187128
0.399513725633
1.0
0.569519372598
0.399786659203
1.0
0.569765781763
0.400042021165
1.0
0.569854731113
0.40007858347
1.0
0.569341439997
0.400185515143
1.0
0.569181076681
0.400830010106
1.0
0.569181076681
0.400830010106
1.0
0.569015999552
0.400925279147
1.0
0.569053136213
0.401585229278
1.0
0.568839164527
0.401568110201
1.0
0.568683050645
0.402051153165
1.0
0.568541335748
0.402589793253
1.0
0.568709520666
0.403010898067
1.0
0.568743927767
0.403871737648
1.0
0.568551490306
0.404522100264
1.0
0.568551490306
0.404522100264
1.0
0.568280699155
0.404906153486
1.0
0.5681368774
0.405982646991
1.0
0.568091590977
0.406184697982
1.0
0.567979420661
0.406629966362
1.0
0.567893217686
0.407297766648
1.0
0.567686585973
0.407901178334
1.0
0.567688557209
0.40801005833
1.0
0.567725522185
0.408302170343
1.0
0.567725522185
0.408302170343
1.0
0.567639415244
0.408612164879
1.0
0.567482853284
0.409021442317
1.0
0.567335444285
0.409560521907
1.0
0.567514875819
0.410290196062
1.0
0.567516853171
0.410691893655
1.0
0.567365324968
0.411268937108
1.0
0.567544772078
0.411930862747
1.0
0.567460162889
0.412680075406
1.0
0.567460162889
0.412680075406
1.0
0.567277308921
0.413609745114
1.0
0.567180330394
0.413683336137
1.0
0.567180832767
0.413416835169
1.0
0.567076908328
0.414357739022
1.0
0.567126506372
0.41541404456
1.0
0.567098573121
0.416012083494
1.0
0.566957299257
0.415793139238
1.0
0.566787468582
0.416617677673
1.0
0.566792251882
0.417005504424
1.0
0.566792251882
0.417005504424
1.0
0.566920354762
0.417537479993
1.0
0.566629084845
0.418004484176
1.0
0.566558933693
0.418023381401
1.0
0.566706058957
0.418751107403
1.0
0.566748312916
0.4198510648
1.0
0.566387868778
0.419847796966
1.0
0.566209576226
0.420372739966
1.0
0.566209576226
0.420372739966
1.0
0.566046443884
0.421394410974
1.0
0.565985525018
0.421683084916
1.0
0.566091292693
0.422063566757
1.0
0.565827757607
0.4227635813
1.0
0.565664941821
0.423169174177
1.0
0.56571172506
0.424005852069
1.0
0.565431865498
0.424611547099
1.0
0.565431865498
0.424611547099
1.0
0.565192615363
0.425427215932
1.0
0.5650415631
0.425639267481
1.0
0.564908037276
0.426134962199
1.0
0.564966931392
0.426460425753
1.0
0.564874812181
0.426983457029
1.0
0.564593396677
0.427234808672
1.0
0.564449387804
0.428100188363
1.0
0.564060827098
0.428626415846
1.0
0.563841668993
0.429648274344
1.0
0.563841668993
0.429648274344
1.0
0.563772248983
0.430673343173
1.0
0.563646378345
0.431555890371
1.0
0.563662656101
0.432080102044
1.0
0.563730387511
0.432873369911
1.0
0.563349026036
0.4335499668
1.0
0.563190745996
0.433902404612
1.0
0.563208402137
0.434944897966
1.0
0.563208402137
0.434944897966
1.0
0.563108155419
0.436050824002
1.0
0.562749748638
0.435875827573
1.0
0.56256291896
0.43662500144
1.0
0.561991194201
0.43670006557
1.0
0.561750292725
0.437097283086
1.0
0.561584999537
0.437321112273
1.0
0.561670551559
0.437996219326
1.0
0.561153186128
0.438473599412
1.0
0.561014290946
0.439493455953
1.0
0.561014290946
0.439493455953
1.0
0.560772633567
0.439635164977
1.0
0.560605905808
0.44059662095
1.0
0.560398890285
0.441093375982
1.0
0.560076213679
0.441912636288
1.0
0.560051280772
0.442507359129
1.0
0.559866758647
0.442936233644
1.0
0.559716211318
0.443121718226
1.0
0.559134122723
0.444829578458
1.0
0.559134122723
0.444829578458
1.0
0.558761394594
0.445210994513
1.0
0.559018817233
0.444827770778
1.0
0.558683150721
0.445363757541
1.0
0.558469319734
0.446375147326
1.0
0.558563225989
0.447465843525
1.0
0.558551659393
0.448192910227
1.0
0.558406844846
0.449039236837
1.0
0.558333579002
0.450018861089
1.0
0.558333579002
0.450018861089
1.0
0.557855816782
0.449564465637
1.0
0.557439127838
0.45026943377
1.0
0.556837682764
0.449892865111
1.0
0.55666036615
0.451281376432
1.0
0.55650766695
0.451908551861
1.0
0.556573787973
0.451582112701
1.0
0.555873659804
0.451442582226
1.0
0.555573022686
0.452410819803
1.0
0.555573022686
0.452410819803
1.0
0.553445824355
0.451028378318
1.0
0.55320839441
0.45084084136
1.0
0.54887587734
0.445092359677
1.0
0.548680474717
0.446365424641
1.0
0.546340264629
0.442420511698
1.0
0.546093549113
0.44313625903
1.0
0.545941852106
0.442393186978
1.0
0.545356758153
0.443071216211
1.0
0.545356758153
0.443071216211
1.0
0.54532868455
0.444709520279
1.0
0.54389095429
0.445564853339
1.0
0.544136892756
0.446941105002
1.0
0.54215936321
0.446958732788
1.0
0.541960711811
0.447614672742
1.0
0.54139423175
0.445549605628
1.0
0.54111878755
0.446580574622
1.0
0.540954690559
0.447171084995
1.0
0.540954690559
0.447171084995
1.0
0.540586123977
0.448138576777
1.0
0.540425074741
0.449570331344
1.0
0.540439604751
0.450125829776
1.0
0.540044036778
0.451667342744
1.0
0.539869681835
0.452429884377
1.0
0.539605020277
0.454071075296
1.0
0.53956314158
0.455614638894
1.0
0.539438751622
0.457304634176
1.0
0.539438751622
0.457304634176
1.0
0.539283576909
0.458634779626
1.0
0.538927229503
0.460086487585
1.0
0.538578776941
0.461533748553
1.0
0.538196610566
0.463443713209
1.0
0.537928579986
0.464645380258
1.0
0.537525806329
0.466697499391
1.0
0.537045384873
0.466703373365
1.0
0.536826194198
0.468768804125
1.0
0.536826194198
0.468768804125
1.0
0.536533825638
0.469864069451
1.0
0.536093966662
0.472626222881
1.0
0.535886691863
0.4755457196
1.0
0.535720369932
0.477151450525
1.0
0.534840212913
0.477752503807
1.0
0.534406719496
0.479613589081
1.0
0.533715871253
0.480036200125
1.0
0.533715871253
0.480036200125
1.0
0.533469937684
0.482092256593
1.0
0.532836903809
0.483765299437
1.0
0.532304843223
0.485988728371
1.0
0.53141073104
0.486500513273
1.0
0.530959319502
0.488904094196
1.0
0.53054192536
0.49073783215
1.0
0.530294846052
0.493060687302
1.0
0.529434580412
0.493668671543
1.0
0.528800537588
0.495996561095
1.0
0.528800537588
0.495996561095
1.0
0.527229721576
0.496824750402
1.0
0.526786797912
0.498797671544
0.938802930984
0.526294464872
0.500498163064
0.938802930984
0.525552534351
0.503307008779
1.0
0.524852085013
0.504103117462
1.0
0.524199908317
0.505956292463
1.0
0.523028075559
0.506140550806
1.0
0.523028075559
0.506140550806
1.0
0.522407521433
0.50854212155
0.998516740489
0.521346248318
0.509377336612
0.998516740489
0.52075251186
0.511811253007
1.0
0.519336031243
0.511887432529
1.0
0.518696887916
0.513722236054
0.990251711183
0.517729029603
0.514003784167
0.990251711183
0.517126248587
0.516463101483
0.948091742656
0.515931281629
0.516851891691
0.948091742656
0.515435502123
0.518893384302
0.948091742656
0.515435502123
0.518893384302
0.979886093866
0.514506658837
0.519899057396
0.979886093866
0.513543656128
0.521316985858
0.92542340378
0.512552000924
0.521910805257
0.92542340378
0.511931138419
0.524190008019
0.84173459218
0.511605316323
0.527912321153
0.84173459218
0.510943655392
0.530615784247
0.826393720229
0.509576214943
0.530091321255
0.826393720229
0.509576214943
0.530091321255
0.826393720229
0.508672495268
0.532819931468
0.913427277839
0.507226303673
0.531979310281
0.913427277839
0.506467152897
0.534360566128
0.962555886591
0.504975984614
0.53372722047
0.962555886591
0.504240075676
0.535736588511
0.84859574262
0.503510345278
0.537437362952
0.84859574262
0.502526884246
0.539524151709
0.856619765937
0.500838530655
0.538849299828
0.856619765937
0.500280738027
0.541186532615
0.856619765937
0.500280738027
0.541186532615
0.900828543699
0.499526120478
0.543335497463
0.900828543699
0.49859423929
0.545875640035
0.900828543699
0.49859423929
0.545875640035
0.850101800647
0.492449987481
0.546408763681
0.850101800647
0.49194254206
0.547114606424
0.850101800647
0.491194621639
0.549537039804
0.850101800647
0.490612273926
0.55117742915
0.850101800647
0.489922726394
0.552968658841
0.889824954728
0.488900458728
0.554285410983
0.889824954728
0.488140302313
0.556750033107
0.846653561325
0.484498632243
0.555542516015
0.846653561325
0.483956314538
0.557388216346
0.846653561325
0.483956314538
0.557388216346
0.846653561325
0.483393647722
0.558488887363
0.846653561325
0.483393647722
0.558488887363
1.0
0.483866454555
0.556266016709
1.0
0.480716855514
0.557380247931
1.0
0.478817721975
0.55784494968
1.0
0.478817721975
0.55784494968
1.0
0.475019247779
0.559191370392
1.0
0.472448193004
0.562744870694
1.0
0.469513361163
0.563520630086
1.0
0.467441642067
0.564961910527
1.0
0.467441642067
0.564961910527
1.0
0.465956373124
0.565810153501
1.0
0.463246046407
0.564826651128
1.0
0.461332986408
0.566672874199
1.0
0.458605661053
0.566925800626
1.0
0.458605661053
0.566925800626
1.0
0.456410666022
0.56657736549
1.0
0.454862691849
0.567849592251
1.0
0.45288912859
0.568765224089
1.0
0.451682412336
0.569842796594
1.0
0.451682412336
0.569842796594
1.0
0.450558872352
0.570106027579
1.0
0.448772634495
0.566728170945
1.0
0.447872367849
0.567357759736
0.604697907171
0.445250833523
0.580903200136
0.604697907171
0.445250833523
0.580903200136
0.604697907171
0.445121190803
0.580611791935
0.604697907171
0.445062112036
0.579902505318
0.604697907171
0.445130546196
0.580440175677
0.604697907171
0.445047091163
0.580251510732
0.604697907171
0.444921929282
0.580702276845
0.604697907171
0.444742323314
0.580782620486
0.65254401402
0.442563421685
0.575880581433
0.65254401402
0.44261819322
0.575457857209
0.65254401402
0.44259699181
0.576053149163
0.65254401402
0.44259699181
0.576053149163
0.600516066757
0.441933668819
0.576456703713
0.600516066757
0.441729695818
0.576749163547
0.921393533021
0.453965865772
0.566775379765
0.921393533021
0.454258774674
0.566761933787
1.0
0.452885651175
0.568850405916
1.0
0.452726041954
0.569063135166
1.0
0.452043256368
0.569872856924
1.0
0.452270345814
0.569786888032
1.0
0.452417563922
0.570796632986
1.0
0.452417563922
0.570796632986
1.0
0.452202171157
0.571105577074
1.0
0.451664420554
0.569673023375
1.0
0.451709809614
0.56932974868
0.99798477242
0.451075406654
0.570104067288
0.99798477242
0.451114163612
0.570360871485
1.0
0.452132884384
0.569283575431
1.0
0.452197117221
0.569874402585
1.0
0.452007921959
0.570269370935
1.0
0.452007921959
0.570269370935
1.0
0.45202172325
0.569851539537
1.0
0.452002222751
0.569423148991
1.0
0.452027126679
0.569031162848
1.0
0.451801126128
0.56879954656
1.0
0.451925550502
0.568274024454
1.0
0.451557277407
0.568378795511
1.0
0.451455526473
0.568931180307
1.0
0.451387100631
0.567337664669
1.0
0.451387100631
0.567337664669
1.0
0.451412008701
0.567294700244
1.0
0.450953543299
0.568753476453
1.0
0.451128091084
0.568582660715
1.0
0.45108766404
0.568932617875
1.0
0.45108734786
0.568346751198
0.990082236814
0.451506257889
0.565379559443
0.990082236814
0.45150855886
0.565811720773
0.990082236814
0.45150855886
0.565811720773
1.0
0.450993695895
0.566667786004
1.0
0.451137950097
0.565531678087
1.0
0.450878949624
0.565360491278
1.0
0.4509137198
0.565137946396
1.0
0.450663808283
0.564330448385
1.0
0.450549006954
0.564470568301
0.970152575135
0.450091000475
0.564280653119
0.970152575135
0.450168517664
0.563909160817
1.0
0.449268943197
0.563782040514
1.0
0.449268943197
0.563782040514
1.0
0.449253584644
0.563702815871
1.0
0.450139797346
0.563446703105
1.0
0.450184827403
0.562667766653
1.0
0.450246323194
0.562220072654
1.0
0.450140642516
0.56195822811
0.992968325819
0.450546095083
0.561630188844
0.992968325819
0.450526611927
0.561573644654
1.0
0.449361954423
0.561354043531
1.0
0.449361954423
0.561354043531
1.0
0.449477328383
0.561107771169
1.0
0.449599206828
0.560824126665
1.0
0.449513037689
0.560508818165
1.0
0.449293697397
0.560123726534
1.0
0.449331461484
0.559873754796
1.0
0.449014256785
0.559241644709
1.0
0.449020355261
0.559156687276
1.0
0.449020355261
0.559156687276
1.0
0.449336439285
0.559154689381
1.0
0.449427340985
0.557856072856
1.0
0.450469316379
0.558030475546
1.0
0.450580696114
0.557464080336
0.966220806419
0.451225038707
0.556990911272
0.966220806419
0.451197698313
0.556364412155
0.988611412909
0.451373637103
0.555792501367
0.988611412909
0.45145112885
0.55554636363
1.0
0.451453080384
0.555559287918
1.0
0.451453080384
0.555559287918
1.0
0.451377527013
0.555097607048
1.0
0.451158769055
0.554688176202
1.0
0.451406264876
0.554456602448
1.0
0.451484790606
0.554098890716
1.0
0.451554442951
0.553457999984
1.0
0.451921608804
0.553177686442
1.0
0.452046050678
0.552959860345
1.0
0.452046050678
0.552959860345
0.995721109509
0.451763495069
0.551870431145
0.995721109509
0.452000999017
0.550789214178
1.0
0.452936648032
0.550164213972
1.0
0.452938740185
0.549478808811
1.0
0.452770939948
0.549432937115
1.0
0.452892399864
0.548742924147
1.0
0.453339375164
0.547932249569
1.0
0.453390267256
0.547173184785
1.0
0.453705722748
0.546480165383
1.0
0.453705722748
0.546480165383
1.0
0.453845617164
0.545447353301
1.0
0.453717507581
0.545368951594
1.0
0.453800297395
0.544991350027
1.0
0.454107811838
0.543582358213
1.0
0.45443881223
0.542466926144
1.0
0.453989264962
0.543271572322
1.0
0.45409315268
0.54219559913
1.0
0.454075626866
0.540834144294
1.0
0.454075626866
0.540834144294
1.0
0.454195717148
0.54014314021
1.0
0.454683399539
0.539993454373
1.0
0.454660445311
0.539159936016
1.0
0.454912168419
0.537755179396
1.0
0.45487170484
0.53652563745
1.0
0.455340443844
0.536777981039
1.0
0.455340443844
0.536777981039
1.0
0.455590146893
0.536208950857
1.0
0.455299403476
0.535922385665
1.0
0.455531237042
0.535262077525
1.0
0.455694970631
0.535432691405
1.0
0.455695073566
0.534294756309
1.0
0.456553065413
0.533723124127
1.0
0.456781132834
0.532629958709
1.0
0.457400405497
0.532642964283
1.0
0.45759352857
0.531222735734
1.0
0.457147136686
0.531230920096
1.0
0.457147136686
0.531230920096
1.0
0.457326490724
0.530373479901
1.0
0.457560418631
0.530471787109
1.0
0.457652120693
0.530076005063
1.0
0.458606776584
0.529852147606
1.0
0.458825665312
0.529336200727
0.998962932032
0.458993609783
0.528990142377
0.998962932032
0.459054867154
0.528139213649
0.998962932032
0.459054867154
0.528139213649
1.0
0.458894907802
0.528474919895
1.0
0.458894866363
0.527716226466
1.0
0.459147173816
0.527467396344
1.0
0.459633201043
0.526783726182
1.0
0.45981585521
0.526583916496
1.0
0.459732714995
0.526391185349
1.0
0.459836279656
0.526390331405
1.0
0.460170731879
0.525570211838
1.0
0.460170731879
0.525570211838
1.0
0.460350309145
0.526060783316
1.0
0.460714700322
0.525239016164
1.0
0.461049121315
0.526164309164
1.0
0.461004434189
0.526137282699
1.0
0.461789354478
0.526117445679
1.0
0.462076944007
0.526017905419
1.0
0.462081392033
0.5269633654
1.0
0.462136422662
0.526740988069
1.0
0.462217963388
0.526049165645
1.0
0.462217963388
0.526049165645
1.0
0.462192450025
0.52588500176
1.0
0.462703331305
0.526797569685
1.0
0.462787715238
0.526799836359
1.0
0.462359126078
0.527170691057
1.0
0.462580210475
0.527047062195
1.0
0.462574755745
0.526411269492
1.0
0.46261488964
0.527153590213
1.0
0.46261488964
0.527153590213
1.0
0.462889622193
0.528432484566
1.0
0.462851079869
0.528495755968
1.0
0.463154872287
0.528514302176
1.0
0.463148771195
0.528955669506
1.0
0.463324387615
0.529156055481
