0.886541758837
0.492959650561
0.768898920597
0.886541758837
0.492656340554
0.769673485224
0.886541758837
0.492586874468
0.7704906825
0.886541758837
0.493031673421
0.770283431328
0.886541758837
0.49255345215
0.77110355027
0.886541758837
0.493065951573
0.77122166545
0.88106028384
0.49299818173
0.772176844615
0.88106028384
0.49299818173
0.772176844615
0.886541758837
0.493179964375
0.771631958046
0.886541758837
0.492583995802
0.771438457531
0.886541758837
0.490479355276
0.7700520695
0.886541758837
0.473516908953
0.748732286652
0.886541758837
0.47371379332
0.753793370314
0.886541758837
0.474346791031
0.753348536373
0.886541758837
0.474031948451
0.751999794224
0.886541758837
0.474031948451
0.751999794224
0.886541758837
0.473446041817
0.751551936321
0.937560222039
0.474900872708
0.745511488026
0.937560222039
0.475123606118
0.746552959704
0.989154230353
0.478468474555
0.743987726604
0.933539388969
0.478119493472
0.743634375446
0.933539388969
0.476852092635
0.745031206978
0.991338240547
0.476863749842
0.745086727436
0.987870972076
0.474677319207
0.74887444975
0.987870972076
0.47529726913
0.749437375572
0.987870972076
0.47529726913
0.749437375572
1.0
0.47415655402
0.751433734351
0.951264023101
0.473222001888
0.74962791572
0.951264023101
0.473154863637
0.750524681029
0.959175973459
0.473643688384
0.749395546631
0.919172322866
0.472283110448
0.752873142526
0.919172322866
0.47216635367
0.752841788719
0.942051121525
0.472495502782
0.754359826794
0.942051121525
0.472549239056
0.753264980516
0.911372691747
0.472113493578
0.756191046591
0.911372691747
0.472113493578
0.756191046591
0.911372691747
0.471321260392
0.755676237796
0.944046834939
0.471131278466
0.755843280291
0.944046834939
0.47208112379
0.756543965965
0.897057980229
0.471424868462
0.760150541333
0.897057980229
0.470634012928
0.760081973231
0.907495473992
0.471649444251
0.757477575346
0.907495473992
0.471918119402
0.756823048027
0.941809532383
0.470450725914
0.758661493189
0.941809532383
0.470450725914
0.758661493189
0.941809532383
0.470564848891
0.758433095831
0.947197689741
0.470831473502
0.756957500701
0.947197689741
0.470482473639
0.756543928455
0.923740765677
0.470462508708
0.755934172312
0.923740765677
0.470728509032
0.756865980856
0.94347014431
0.470883825618
0.754992595848
0.94347014431
0.470987543228
0.754510010342
0.961059368276
0.471145024861
0.754362532658
0.961059368276
0.471145024861
0.754362532658
0.961059368276
0.470671031458
0.754674862146
0.977456951754
0.471362938504
0.752964593188
0.977456951754
0.472298495313
0.75309534381
0.958187250943
0.472568185149
0.75242166352
0.958187250943
0.472244953433
0.752874369766
1.0
0.472176308725
0.749737290389
1.0
0.472680167311
0.75036289619
1.0
0.472680167311
0.75036289619
0.989764369269
0.472860319599
0.749549505184
0.989764369269
0.472960245005
0.748400414501
0.991007505201
0.472927315063
0.746554881106
0.948449704782
0.472588336608
0.746861016502
0.94699030366
0.471662939376
0.750584536619
0.882971621868
0.473417046117
0.749455860789
0.882971621868
0.4735313966
0.749853252276
0.882971621868
0.4735313966
0.749853252276
0.707209510152
0.481329604215
0.629790042239
0.707209510152
0.48055642396
0.632311989486
0.707209510152
0.47775497214
0.640475289451
0.707209510152
0.481401528423
0.597153359394
0.707209510152
0.481401528423
0.597153359394
0.707209510152
0.481401528423
0.597153359394
0.707209510152
0.481401528423
0.597153359394
0.707209510152
0.481401528423
0.597153359394
0.707209510152
0.481401528423
0.597153359394
0.707209510152
0.481401528423
0.597153359394
0.721556215715
0.366021585278
0.631882902932
0.721556215715
0.366021585278
0.631882902932
