0.848830533519
0.470694205622
0.738887283404
0.848830533519
0.404896714717
0.543828739197
0.814984340723
0.404022042304
0.544796181349
0.865841238488
0.409491632563
0.475836491048
0.728013478849
0.445869198238
0.318948197843
0.728013478849
0.445869198238
0.318948197843
0.728013478849
0.445869198238
0.318948197843
0.728013478849
0.445869198238
0.318948197843
0.867178346354
0.450083725374
0.253707748188
0.833867019012
0.44865298781
0.24525685845
0.885832381212
0.465770407182
0.367037077513
0.885832381212
0.465770407182
0.367037077513
0.885832381212
0.465770407182
0.367037077513
0.89791049916
0.495974951078
0.427471122189
0.89791049916
0.495974951078
0.427471122189
0.89791049916
0.495974951078
0.427471122189
0.89791049916
0.474312288083
0.604407016639
0.89791049916
0.474312288083
0.604407016639
0.967257035952
0.483188939755
0.628252184659
0.952750373674
0.486150898207
0.632062333878
0.961941595281
0.492254334144
0.637726336538
1.0
0.498128687048
0.646141519838
1.0
0.498128687048
0.646141519838
0.991033890334
0.508610087095
0.655063226511
1.0
0.509684706118
0.657589510004
1.0
0.512340169747
0.661715936522
0.98807869386
0.512778474137
0.664980612316
0.98807869386
0.512778474137
0.664980612316
1.0
0.511607273637
0.668771639729
1.0
0.514935044124
0.671341891475
0.951397263212
0.51518186445
0.677519265526
1.0
0.513274271531
0.681092530106
1.0
0.513274271531
0.681092530106
0.970448891183
0.514772481005
0.681771215392
0.98134030689
0.513099486034
0.684415555887
0.970255882522
0.514432042218
0.687337024464
0.945173601803
0.514679181814
0.692713021551
0.945173601803
0.514679181814
0.692713021551
0.950316903939
0.515687966145
0.690451779639
0.993030258531
0.515526401292
0.69588972789
0.988186891139
0.516480704567
0.693248983537
0.942042852993
0.516753206335
0.697922032888
0.942042852993
0.516753206335
0.697922032888
0.925685687358
0.517087954675
0.696413442044
1.0
0.518753817338
0.697872603121
0.946438892599
0.518070721596
0.694561712208
0.950087778665
0.514893181612
0.694092309074
0.950087778665
0.514893181612
0.694092309074
1.0
0.515141647915
0.695416346296
1.0
0.514194329459
0.696414997513
0.964257510759
0.516371325543
0.701184291078
1.0
0.516577462832
0.704117112359
1.0
0.516577462832
0.704117112359
0.991858609583
0.51670505892
0.705232034594
1.0
0.51711557939
0.707692951919
0.956812329834
0.51588728023
0.708394037126
0.975242178244
0.517708025728
0.706501786859
0.975242178244
0.517708025728
0.706501786859
0.930207288568
0.517547444573
0.708222738174
0.918586405453
0.516197894421
0.70926547235
0.987794599865
0.515887857467
0.708686919322
0.9818338313
0.518663626073
0.715538088694
0.9818338313
0.518663626073
0.715538088694
1.0
0.518138524458
0.718213170181
0.973420406283
0.518116588188
0.719314186171
0.958943428988
0.518891900748
0.72072294865
0.820738549116
0.4968901417
0.763830771331
0.820738549116
0.4968901417
0.763830771331
0.820738549116
0.49833237672
0.763409609274
0.820738549116
0.499440142719
0.764014986661
0.820738549116
0.499447303614
0.765142604925
0.820738549116
0.499299414189
0.763912999863
0.820738549116
0.500065779779
0.763733020358
0.820738549116
0.499458603444
0.765291013121
0.820738549116
0.499075440996
0.766216525977
0.820738549116
0.499650648574
0.766895893981
0.820738549116
0.499626230183
0.766385577175
0.820738549116
0.499626230183
0.766385577175
0.820738549116
0.49923021438
0.766404778919
0.820738549116
0.499342702449
0.76896996482
0.820738549116
0.500274283537
0.772031551082
0.820738549116
0.500303284859
0.772325831621
0.820738549116
0.498401799917
0.771835958779
0.813857583142
0.501473687423
0.761043491561
0.813857583142
0.501510069232
0.764402081886
0.855095469297
0.501397794825
0.764084373245
0.855095469297
0.501397794825
0.764084373245
0.855095469297
0.501905551051
0.766810539764
0.84437188392
0.504012483404
0.765559173574
0.84437188392
0.506417502795
0.766561690689
0.891831272682
0.505463606449
0.766242397903
0.861163450876
0.505041504984
0.766319919115
0.861163450876
0.505183894602
0.76476616328
0.86503748742
0.503685665126
0.762629466829
0.884430818677
0.504891270428
0.760946388115
0.884430818677
0.504891270428
0.760946388115
0.882524799587
0.506555438212
0.765172203066
0.839841017094
0.508683566279
0.765707912879
0.839841017094
0.507473184632
0.766154323286
0.859251391545
0.506914122477
0.766200292857
0.859251391545
0.507408693897
0.766875552957
0.868372917913
0.506843826322
0.766996572507
0.868372917913
0.506862443241
0.765745194113
0.87879359812
0.505833676887
0.768018856847
0.87879359812
0.505833676887
0.768018856847
0.853053861753
0.504959674749
0.769785593615
0.853053861753
0.505859085944
0.76988526982
0.875985661835
0.506787782612
0.76908657672
0.836731248913
0.506744884425
0.768884667078
0.836731248913
0.504636841173
0.769167670861
0.842251422279
0.505731974976
0.767541768456
0.842251422279
0.507052006863
0.768974339491
0.885681097667
0.507821793553
0.769345028169
0.885681097667
0.507821793553
0.769345028169
0.858974540576
0.506625987937
0.768649982961
0.858974540576
0.507284038679
0.767648495056
0.851245919283
0.508673762589
0.766208841193
0.851245919283
0.508668096616
0.766317432267
0.893892721034
0.506814792152
0.768128366602
0.876420740357
0.507051650427
0.766758048923
0.855003479214
0.506482873051
0.763690110997
0.855003479214
0.506507307672
0.763264769015
0.855003479214
0.506507307672
0.763264769015
0.84178913477
0.505388762451
0.765241323872
0.84178913477
0.505941439602
0.764511778906
0.872457636789
0.508864600333
0.764214733915
0.85732067113
0.50968373087
0.763126625448
0.85732067113
0.508440600269
0.764676848311
0.890476152556
0.508479482761
0.767263151435
0.885084687928
0.509185962888
0.76864458153
0.821902914728
0.510177601325
0.772106266577
0.821902914728
0.510177601325
0.772106266577
0.821902914728
0.50906393413
0.773747032777
0.869323011096
0.509288867964
0.77212383842
0.832552394576
0.508858856819
0.77244972338
0.832552394576
0.509076871639
0.77131187035
0.869680740569
0.510247790676
0.771098452224
0.87889450819
0.509815431007
0.770328923535
0.87889450819
0.509815431007
0.770328923535
0.87889450819
0.509925308443
0.770049566376
0.925441527546
0.510289083767
0.769919661232
0.890399829562
0.509236276824
0.769417719748
0.8773438256
0.510131915103
0.767810418927
0.84553710066
0.510208696208
0.769341433248
0.84553710066
0.510532851579
0.769570552505
0.906845000508
0.510920138708
0.769103741885
0.856400389606
0.510708762936
0.768229658318
0.856400389606
0.503975617704
0.727206448902
0.843880471726
0.504788347927
0.726383689547
0.843880471726
0.504788347927
0.726383689547
0.843880471726
0.507095802825
0.734039306375
0.900356612209
0.506973249121
0.735510819024
0.900356612209
0.506236501877
0.734704996862
0.835713329128
0.506093645175
0.734787433634
0.835713329128
0.505490037703
0.737481224771
0.85710635946
0.505101475181
0.738358788841
0.85710635946
0.505364438651
0.736627353864
0.88983893221
0.505712012779
0.734717717773
0.88983893221
0.505712012779
0.734717717773
0.88983893221
0.505237722431
0.734751206164
0.911357090339
0.506622613196
0.735590121144
0.911357090339
0.5056249232
0.735081983812
0.843548577814
0.504517285538
0.736226788387
0.843548577814
0.505233814219
0.737094704458
0.813405237754
0.50668644154
0.735202257306
0.813405237754
0.506586227808
0.735348285298
0.868070029099
0.507435016582
0.735215096078
0.868070029099
0.507435016582
0.735215096078
0.868070029099
0.507536189693
0.738043312694
0.862160871427
0.507562011769
0.738357589745
0.862160871427
0.506270408519
0.738079054196
0.861781591466
0.506872898705
0.737350569268
0.861781591466
0.506551144094
0.739131080959
0.848965316109
0.505445274333
0.74155300018
0.848965316109
0.506281641794
0.741166808415
0.913120231581
0.505762730783
0.741225313906
0.913120231581
0.505762730783
0.741225313906
0.913120231581
0.506970463146
0.744827332519
0.881538367686
0.506673162613
0.74429912252
0.881538367686
0.507973823357
0.746021161168
0.951341506146
0.507385854903
0.74880628147
0.901347687527
0.503816946793
0.745504845384
0.866674798428
0.503736267548
0.745296299057
0.866674798428
0.50500572746
0.745897929483
0.866674798428
0.50500572746
0.745897929483
0.845587096063
0.50684724216
0.744739246786
0.845587096063
0.506412431814
0.742120496831
0.861867466077
0.50552827511
0.742015073644
0.861867466077
0.50511637687
0.741349375096
0.908219418732
0.505696549692
0.739686439775
0.908219418732
0.50563740657
0.738496545596
0.828689131669
0.504729421818
0.740358991909
0.828689131669
0.50558752119
0.740374019677
0.855444711304
0.507273726966
0.739710410013
0.855444711304
0.507273726966
0.739710410013
0.855444711304
0.505872236337
0.740349090875
0.934167461096
0.504492359545
0.742129358704
0.934167461096
0.507480223744
0.741975911485
0.850821533657
0.508301950732
0.742769957707
0.850821533657
0.506612205459
0.742941216527
0.893860338359
0.507343260923
0.7415964517
0.893860338359
0.50713039821
0.74036964791
0.904021907749
0.50681621306
0.740226482165
0.904021907749
0.50681621306
0.740226482165
0.891064951564
0.506264727897
0.737971587803
0.891064951564
0.505043749054
0.739204174437
0.912850655395
0.505906145799
0.737782892227
0.843460044611
0.506441864124
0.737088112411
0.843460044611
0.507594390431
0.738692208274
0.896736406585
0.507910941723
0.738070001238
0.896736406585
0.506416141672
0.737822178728
0.863602678137
0.506374639506
0.738925204921
0.863602678137
0.506374639506
0.738925204921
0.863602678137
0.506119326892
0.737360202808
0.807772949304
0.5199367286
0.714617134842
0.807772949304
0.520367028656
0.716203854072
0.807772949304
0.520619118606
0.71563440585
0.830978339743
0.519837237202
0.718562164507
0.830978339743
0.518548634236
0.716950571865
0.830978339743
0.520917136574
0.72162328822
0.830978339743
0.519307641891
0.719837365525
0.830978339743
0.519307641891
0.719837365525
0.830978339743
0.520545670191
0.719353591445
0.888604826161
0.519567647592
0.720543651686
0.888604826161
0.519306093011
0.720930259178
0.905756966458
0.518480699622
0.722095770967
0.905756966458
0.520177624478
0.726194077654
0.906290223154
0.519850121682
0.726911087614
0.906290223154
0.519850121682
0.726911087614
0.906290223154
0.520837057627
0.726775746501
0.97884430683
0.52039446251
0.727284437011
0.97884430683
0.519238343167
0.729532873644
0.91611558165
0.516817548504
0.733291261802
0.91611558165
0.51559095299
0.729985993019
0.882132514553
0.515707020952
0.731236309151
0.882132514553
0.516723474376
0.730037150701
0.915542673962
0.515826476798
0.731290941837
0.915542673962
0.516597064627
0.728795483417
0.870409861378
0.518249519214
0.729158240557
0.870409861378
0.518249519214
0.729158240557
0.870409861378
0.51802379299
0.73274397296
0.885659983837
0.517421385843
0.734141227348
0.885659983837
0.518440965277
0.734971529402
0.911718163682
0.518009862923
0.736310190381
0.911718163682
0.519011830933
0.738121094557
0.858856081441
0.520978529341
0.736678259768
0.858856081441
0.521005871865
0.74068066552
0.937492274284
0.521045516747
0.740441050862
0.937492274284
0.521045516747
0.740441050862
0.95045852109
0.521549929752
0.741224409311
0.855375246034
0.522327295776
0.741642025672
0.855375246034
0.525178938374
0.746593919014
0.88205186252
0.526244187667
0.747073291878
0.88205186252
0.524774619919
0.746668450891
0.860978940277
0.524847112024
0.748762152944
0.860978940277
0.525844203803
0.752302754293
0.874784067613
0.526369201412
0.753016922065
0.874784067613
0.526369201412
0.753016922065
0.874784067613
0.524462197464
0.752343978316
0.912329462721
0.523352001633
0.752137573943
0.912329462721
0.525265573577
0.750786032836
0.875104122813
0.525898197745
0.751792675202
0.875104122813
0.525014359749
0.752146826381
0.888787322618
0.525308661447
0.751588059648
0.888787322618
0.5271817171
0.752855883141
0.888842949375
0.52904263052
0.753724657392
0.888842949375
0.52904263052
0.753724657392
0.888842949375
0.531220865033
0.758995294198
0.868173442899
0.53128535436
0.761609118201
0.868173442899
0.530932150839
0.766179505453
0.900218348649
0.532086149803
0.765425215897
0.900218348649
0.532752128784
0.767608991223
0.884310637128
0.533748975252
0.768923302089
0.884310637128
0.535758398682
0.775949948665
0.873669963016
0.536219938346
0.777653451696
0.873669963016
0.536219938346
0.777653451696
0.873669963016
0.537171302261
0.782650710526
0.863866079321
0.54052008883
0.784326396709
0.863866079321
0.540573058997
0.787760856325
0.862710563597
0.540430134617
0.790855370336
0.862710563597
0.541898427573
0.791640784527
0.838368187084
0.544791488241
0.790695033898
0.838368187084
0.546173777151
0.797330790874
0.838368187084
0.546173777151
0.797330790874
0.830963004153
0.547642376043
0.798524950365
0.830963004153
0.548191482055
0.799962197765
0.811070473346
0.567443832544
0.778783850737
0.811070473346
0.567471269197
0.783341785045
0.811070473346
0.568999010487
0.789038645586
0.811070473346
0.569376024044
0.796194824496
0.849431373345
0.566274079407
0.803677993234
0.849431373345
0.567648203891
0.804976845127
0.849431373345
0.567648203891
0.804976845127
0.86147657164
0.570864057465
0.807161052155
0.86147657164
0.572514596509
0.811619256687
0.872462597714
0.579906913216
0.80531968666
0.872462597714
0.581097362774
0.815070597501
0.925781672711
0.584223402391
0.816479404089
0.925781672711
0.585751338368
0.820710138481
0.925781672711
0.585751338368
0.820710138481
0.925781672711
0.585751338368
0.820710138481
0.946679642183
0.595541430872
0.857350797387
0.927798104565
0.596216495492
0.866067253312
0.946679642183
0.596573784446
0.874354922807
0.911091668268
0.597029643004
0.877380693993
0.911091668268
0.597029643004
0.877380693993
0.946679642183
0.597936445186
0.880667111642
0.9138500902
0.599514646363
0.888512580781
0.86720948948
0.601161722065
0.89298708309
0.91220453706
0.603260239074
0.897680732882
0.946679642183
0.602970082752
0.901114630433
0.907794102083
0.602886051283
0.906189485849
0.946679642183
0.603438240809
0.908143273028
0.860818786443
0.605778801696
0.914636940747
0.860818786443
0.605280853462
0.915601703775
0.860818786443
0.605280853462
0.915601703775
0.950586343381
0.607641560879
0.922429306825
0.950586343381
0.608507258355
0.922975615202
0.974850334357
0.608078195165
0.929389857819
0.989764751481
0.607494007839
0.93178622676
0.941785626445
0.608005223381
0.932810241179
0.941785626445
0.61047804863
0.934168834007
0.964929551267
0.610077575737
0.936246492837
0.964929551267
0.610229944766
0.937324478646
1.0
0.610026242418
0.938479014961
1.0
0.610026242418
0.938479014961
0.99223546632
0.609974982927
0.941438785089
0.914596724391
0.609997523746
0.94506402622
0.914596724391
0.61188654518
0.945328987094
0.939729044712
0.612609605534
0.9473712238
0.939729044712
0.613847899346
0.949265405825
0.953535846985
0.613310710111
0.949980265246
0.953535846985
0.613310710111
0.949980265246
0.994820990816
0.614376150949
0.949837300011
0.994820990816
0.614128626761
0.952837635208
1.0
0.615372196784
0.953381166582
0.987076129834
0.615955444394
0.957971746183
0.977249467768
0.616890360774
0.959460704224
0.977249467768
0.615238126356
0.959966908497
0.979961990026
0.616346847422
0.960101884973
0.933286062504
0.615714675426
0.960988187736
0.933286062504
0.616308838155
0.959549630363
0.962097393767
0.61630264621
0.95861153253
0.962097393767
0.61630264621
0.95861153253
0.962097393767
0.616227431559
0.960258889552
0.885959852828
0.615699773597
0.961234738971
0.885959852828
0.617089891117
0.961333124124
0.879304788871
0.615280566288
0.963477766131
0.879304788871
0.617098354632
0.961334357399
0.859647609492
0.616559244257
0.956827495668
0.859647609492
0.619160281796
0.95315447855
0.989702574519
0.619286848564
0.955105552914
0.989702574519
0.619286848564
0.955105552914
0.989702574519
0.621117624852
0.952088264118
0.900576646108
0.620958891984
0.951623160482
0.900576646108
0.623262062467
0.947217928804
0.893252948549
0.609884186877
0.899721147374
0.893252948549
0.611876488885
0.899676515425
0.847600577988
0.614363563528
0.907359697496
0.847600577988
0.614363563528
0.907359697496
0.847600577988
0.614791592151
0.899580033398
0.809091482248
0.6148471232
0.89856165346
0.809091482248
0.619208608169
0.895150594807
0.874296346721
0.624158382927
0.920965704448
0.874296346721
0.622592945311
0.919227812569
0.757861532365
0.617735069412
0.898686849366
0.757861532365
0.62191442521
0.890527233261
0.703700700873
0.537471128398
0.857811793984
0.703700700873
0.53923203535
0.849764311665
0.703700700873
0.54241792247
0.850244653752
0.703700700873
0.54241792247
0.850244653752
0.883420103019
0.63486540728
0.89535483701
0.883420103019
0.635316717961
0.893947773495
0.880719125648
0.634421274847
0.88868019776
0.880719125648
0.638017680154
0.884471941828
0.882712256837
0.621514350363
0.828973251473
0.888637896495
0.623471510681
0.82609121469
0.888637896495
0.623471510681
0.82609121469
0.842528301347
0.624545323652
0.834730496463
0.842528301347
0.62646711518
0.831050109875
0.892792695584
0.627270533197
0.82059231317
0.934461631149
0.628267991757
0.816526815624
0.873050933352
0.625729946981
0.812446768907
0.824497715164
0.628880564097
0.804824294529
0.807648853727
0.63130146847
0.80713248927
0.807648853727
0.63130146847
0.80713248927
0.807648853727
0.634537026154
0.802490653225
0.807648853727
0.636652318872
0.798207394531
0.807103740765
0.636938739351
0.786846959739
0.807103740765
0.638351318121
0.7850511115
0.701818140188
0.721601106919
0.756717313655
0.701818140188
0.720083143612
0.757310006847
0.881489616461
0.63759154528
0.779215000916
0.881489616461
0.640504046823
0.778816072311
0.891459589428
0.639844726655
0.76784232568
0.891459589428
0.640575096643
0.768280388943
0.891459589428
0.640575096643
0.768280388943
0.88607342224
0.640435226029
0.76959931022
0.88607342224
0.639524042134
0.767479755495
0.886339325551
0.639878591125
0.758221685065
0.892125398647
0.641569136869
0.753929725872
0.892125398647
0.642741343214
0.753521082515
0.903711086717
0.643236967513
0.748763333796
0.937400356107
0.644566795833
0.750881401784
0.889494717738
0.64922347199
0.742345112947
0.889494717738
0.64922347199
0.742345112947
0.885494722274
0.651357404831
0.745226362374
0.870443946063
0.652510473027
0.739886658975
0.870443946063
0.65152986575
0.74183049664
0.887231229088
0.655555850471
0.73565367121
0.887231229088
0.656305433493
0.735691139352
0.908602492497
0.655243573347
0.732912781307
0.908602492497
0.655243573347
0.732912781307
0.908602492497
0.656436106059
0.733555445158
0.844529334884
0.658385127526
0.735236851927
0.844529334884
0.660743898753
0.741059306816
0.844529334884
0.660743898753
0.741059306816
0.844529334884
0.660743898753
0.741059306816
0.878883668395
0.710458940546
0.655602382212
0.878883668395
0.711366492451
0.657652865769
0.878883668395
0.712690896806
0.655950980692
0.878883668395
0.713982060954
0.655667237224
0.878883668395
0.713982060954
0.655667237224
0.878883668395
0.715118636947
0.657694871925
0.878883668395
0.716613051669
0.656179389808
0.878883668395
0.718470520404
0.657552031563
0.878883668395
0.719137174787
0.658930640393
0.878883668395
0.720892758501
0.659203022498
0.878883668395
0.723024852476
0.666053698434
0.878883668395
0.725987734277
0.673723495744
0.878883668395
0.725947776915
0.672209721741
0.878883668395
0.725947776915
0.672209721741
0.878883668395
0.725947776915
0.672209721741
0.716248208498
0.719931154572
0.61563268789
0.716248208498
0.720403758263
0.615220151014
0.716248208498
0.722356163129
0.61455728963
0.716248208498
0.721508872795
0.618804699703
0.716248208498
0.716633959754
0.520234409805
0.716248208498
0.716633959754
0.520234409805
0.716248208498
0.683318976668
0.719857421532
0.748048172037
0.648580154257
0.698484894923
0.748048172037
0.648580154257
0.698484894923
0.749010923058
0.695674825904
0.756639197966
0.730581887759
0.565487876508
0.805927308085
0.730581887759
0.565487876508
0.805927308085
0.730581887759
0.565487876508
0.805927308085
0.925284716395
0.537852341015
0.830597786387
0.925284716395
0.537852341015
0.830597786387
