0.954169492978
0.276294513323
1.14036595328
0.768895902959
0.271983311919
1.14440832541
0.870329351936
0.273004545437
1.14378185604
0.870329351936
0.273004545437
1.14378185604
0.954169492978
0.320426407822
1.11010900474
0.978453331061
0.31972696734
1.10738995707
0.978453331061
0.31972696734
1.10738995707
0.978453331061
0.31972696734
1.10738995707
0.978453331061
0.31972696734
1.10738995707
0.620766716399
0.374305215652
1.18695894515
0.620766716399
0.374305215652
1.18695894515
0.620766716399
0.374345632644
1.18689149302
0.620766716399
0.354993270619
1.20544178894
0.620766716399
0.332151003767
1.22028011893
0.620766716399
0.348010580225
1.2186513147
0.620766716399
0.348010580225
1.2186513147
0.620766716399
0.348010580225
1.2186513147
0.61317849565
0.347709079152
1.22593111834
0.61317849565
0.347709079152
1.22593111834
0.61317849565
0.461957036629
1.01237973511
0.61317849565
0.461957036629
1.01237973511
0.61317849565
0.461957036629
1.01237973511
0.61317849565
0.461957036629
1.01237973511
1.0
0.685755345245
0.640967933723
1.0
0.685755348801
0.640968023669
1.0
0.685755341541
0.640968036897
1.0
0.685755341541
0.640968036897
1.0
0.685755336427
0.640968094289
1.0
0.685755358139
0.640968184052
1.0
0.685755340758
0.640968221536
1.0
0.685755340758
0.640968221536
1.0
0.685755363971
0.640968186132
0.917183287014
0.685755325726
0.640968259735
1.0
0.685755263867
0.64096809432
1.0
0.685755244976
0.640968059532
1.0
0.685755244976
0.640968059532
1.0
0.685755244188
0.640968144845
1.0
0.685755244188
0.640968144845
1.0
0.685755149785
0.640968230036
1.0
0.685755000799
0.640968444993
1.0
0.685755000799
0.640968444993
0.826080523679
0.685754126484
0.640968509184
0.866768728948
0.685754086164
0.640968514994
0.86611269819
0.685753990243
0.640968247339
0.99
0.685734392517
0.640981097485
0.99
0.685734392517
0.640981097485
0.816783412998
0.685734420869
0.640981085825
0.729940016894
0.685734466322
0.640981120606
0.99
0.685779871253
0.640928429341
0.99
0.685779871253
0.640928429341
0.844189947759
0.685779723865
0.64091125927
0.877245988806
0.685779661064
0.640911497662
0.736315762233
0.685750287324
0.640976545624
0.736315762233
0.685750287324
0.640976545624
0.907080001794
0.685745298565
0.640974940715
0.944554896182
0.685745308687
0.640974919739
0.978769168959
0.685745267114
0.640975195141
0.978769168959
0.685745267114
0.640975195141
0.986800477708
0.685745241072
0.640975477831
1.0
0.685745228623
0.640975574062
1.0
0.685745228623
0.640975574062
0.883895084467
0.426522470756
0.936655320095
0.926786302236
0.426522628643
0.936655248357
0.926786302236
0.426522423863
0.936655338871
0.926786302236
0.426522423863
0.936655338871
0.904729749759
0.426522052157
0.936655517684
0.926786302236
0.426522027491
0.936655546228
0.926786302236
0.426521975741
0.936655592622
0.926786302236
0.426521891353
0.936655615793
0.926786302236
0.42652176326
0.936655658062
0.926786302236
0.42652174465
0.936655674271
0.926786302236
0.42652174465
0.936655674271
0.926786302236
0.42652194384
0.936655542058
0.754609820721
0.426542741669
0.936642275406
0.754609820721
0.534476218345
0.921132488011
0.703850474126
0.534487241986
0.921171654837
0.764318895694
0.534494079556
0.921196030183
0.764318895694
0.534494079556
0.921196030183
0.77828143972
0.534487453907
0.921175438654
0.818974865579
0.534496885467
0.921205723087
0.818974865579
0.534496885467
0.921205723087
0.818974865579
0.423751151868
0.914182487685
0.765472573508
0.42369137096
0.914188766426
0.765472573508
0.42369137096
0.914188766426
0.765472573508
0.42369137096
0.914188766426
0.736380600316
0.423770674758
0.914178628593
0.736380600316
0.421486899156
0.916054317557
0.736380600316
0.421936582531
0.915214960059
0.736380600316
0.421936582531
0.915214960059
0.736380600316
0.422286997002
0.914261574347
0.736380600316
0.42303085061
0.913132777724
0.736380600316
0.438529217645
0.954094477341
0.904095318757
0.438438898553
0.954147566054
0.904095318757
0.438438898553
0.954147566054
0.956825803718
0.444975764879
0.910479459209
0.841718833818
0.445080149207
0.910461709655
0.989327898993
0.44497647884
0.910481790212
0.99
0.44492581232
0.91117035747
0.99
0.44492581232
0.91117035747
0.992565221813
0.444925746132
0.911170331714
0.921419828174
0.444594903149
0.91230091143
0.628963972079
0.442082691964
0.91946274388
0.628963972079
0.442082759696
0.919462792183
0.628963972079
0.442082701098
0.919462818265
0.628963972079
0.442082701098
0.919462818265
0.628963972079
0.442082701098
0.919462818265
0.628963972079
0.442082701098
0.919462818265
0.628963972079
0.442082701098
0.919462818265
0.628963972079
0.442082701098
0.919462818265
1.0
0.683924420566
0.644188058355
1.0
0.683924420566
0.644188058355
0.99
0.412440450852
0.978368190207
0.99
0.41244036963
0.978368274271
0.99
0.412440576949
0.978368155132
0.887164032238
0.412440596946
0.978368180882
0.905726652392
0.412440764544
0.978368059793
0.905726652392
0.412440764544
0.978368059793
0.99
0.412440597299
0.978368142198
0.99
0.412440616071
0.978368166687
0.99
0.412440534878
0.978368161365
0.99
0.412440534878
0.978368161365
0.99
0.412440727073
0.978368042171
0.874659704863
0.412535341524
0.97831592555
0.924411209655
0.412590392445
0.97828942518
0.717443470968
0.412436502713
0.978366840818
0.708313997186
0.422445810742
0.933910179006
0.708313997186
0.422463742261
0.933907290106
0.708313997186
0.422463742261
0.933907290106
0.708313997186
0.422463742261
0.933907290106
0.708313997186
0.422463742261
0.933907290106
0.708313997186
0.422463742261
0.933907290106
0.708313997186
0.422463742261
0.933907290106
0.708313997186
0.422463742261
0.933907290106
0.980077025415
0.694004020123
0.626331302852
0.920857017981
0.694003744177
0.626332974857
0.847908222746
0.694022961605
0.626316011238
0.847908222746
0.694022961605
0.626316011238
0.97880336711
0.694022930577
0.626316612519
0.97880336711
0.694022930577
0.626316612519
1.0
0.694022791009
0.626316824889
1.0
0.694022619877
0.62631704735
0.921793268568
0.694008255583
0.626333242275
0.921793268568
0.694008255583
0.626333242275
0.850646455194
0.694021440794
0.626313988756
0.98032626124
0.694021539595
0.626314579099
0.98032626124
0.694021539595
0.626314579099
0.908164872705
0.694021636164
0.626314282721
0.99
0.694000493039
0.626339801378
0.99
0.694000493039
0.626339801378
1.0
0.694000557264
0.626340044554
