0.817410191471
0.444232589289
0.319205098303
0.755604368847
0.1357758689
-0.00993903713327
0.755604368847
0.0981720410185
0.145597388071
0.755604368847
0.0981720410185
0.145597388071
0.944880663532
0.917775028882
0.875884802946
0.944880663532
0.40109689928
0.648228458149
0.944880663532
0.399317630138
0.670514692329
0.944880663532
0.401108433361
0.689794186651
0.944880663532
0.401108433361
0.689794186651
0.944880663532
0.402069871222
0.707986156109
0.99
0.40215920476
0.712380517918
1.0
0.402570989338
0.722132651632
0.892366856043
0.400765894971
0.745956805409
0.892366856043
0.400298547588
0.753726108383
0.99
0.398008205138
0.774091289619
0.99
0.397930926427
0.776371360084
1.0
0.396412922579
0.790423058568
1.0
0.395292596623
0.786696280575
1.0
0.395292596623
0.786696280575
1.0
0.393869646838
0.800461791329
1.0
0.393140355002
0.798868330271
1.0
0.392709798099
0.803200727968
1.0
0.392017007292
0.803271078905
1.0
0.392597428125
0.800788619662
1.0
0.392398407872
0.799828439858
1.0
0.392398407872
0.799828439858
1.0
0.392890162444
0.79816660548
1.0
0.392914168982
0.797963757898
1.0
0.39336285185
0.796587053985
1.0
0.393634766529
0.796731366554
1.0
0.393989940335
0.796841010128
1.0
0.394729611251
0.797083963691
1.0
0.395147682304
0.796163161894
1.0
0.395147682304
0.796163161894
1.0
0.395965437639
0.795379634056
1.0
0.396264322994
0.794946964935
1.0
0.39590446902
0.795112527354
1.0
0.396189431274
0.794553712256
1.0
0.398401537765
0.797339538198
1.0
0.398531921965
0.797026553152
1.0
0.400356759426
0.797273605718
1.0
0.400737285304
0.796074990625
1.0
0.401386863231
0.796937662923
1.0
0.401386863231
0.796937662923
1.0
0.401725211861
0.796973431977
1.0
0.402226254752
0.796556714185
1.0
0.40250178008
0.797240460472
1.0
0.403120944758
0.796731458522
1.0
0.403493653749
0.797479912359
1.0
0.405154034259
0.798647666795
1.0
0.405520884228
0.798644035028
1.0
0.405520884228
0.798644035028
1.0
0.407002369135
0.799038555564
1.0
0.407464502743
0.798205081577
1.0
0.407979252043
0.797577725099
1.0
0.408342497797
0.797216385852
1.0
0.410720132935
0.798188907476
1.0
0.411028691756
0.797535508359
1.0
0.410725402488
0.797269740265
1.0
0.410800048228
0.797833736889
1.0
0.410800048228
0.797833736889
1.0
0.411193062031
0.798462498506
1.0
0.411570800751
0.798284717353
1.0
0.406717255183
0.803969620359
1.0
0.407316939977
0.802662830061
1.0
0.405651219957
0.808425068561
1.0
0.405927890293
0.809249203546
1.0
0.406518362446
0.811372368788
1.0
0.406911297941
0.809913772046
1.0
0.409264236722
0.81000377619
1.0
0.408239847213
0.814731199889
1.0
0.408239847213
0.814731199889
1.0
0.408994881833
0.814188827764
1.0
0.406570786022
0.823556543232
1.0
0.407356196942
0.823763265039
1.0
0.406668048367
0.82891398844
1.0
0.407670028931
0.82806614441
1.0
0.408249316548
0.827380020603
1.0
0.408249316548
0.827380020603
1.0
0.409292359246
0.827105250616
1.0
0.409824230808
0.825895401972
1.0
0.410313104251
0.825491617939
1.0
0.410719267145
0.825189409446
1.0
0.411430158584
0.825449962727
1.0
0.411759941552
0.824267663963
1.0
0.41253846764
0.824410107009
1.0
0.41267199436
0.82403039674
1.0
0.413464341192
0.824072237221
1.0
0.413464341192
0.824072237221
1.0
0.413847397317
0.823654527969
1.0
0.415080080214
0.823919187637
1.0
0.415127743193
0.823858125193
1.0
0.415928681498
0.82319642967
1.0
0.416211289051
0.822708343119
1.0
0.415710543241
0.822684976855
1.0
0.416143771386
0.822064737019
1.0
0.41780587441
0.820873566706
1.0
0.41780587441
0.820873566706
1.0
0.418157228559
0.81985847897
1.0
0.419159366816
0.820795674959
1.0
0.4194849517
0.821123334495
1.0
0.42000706624
0.82200115789
1.0
0.420180258814
0.820791831231
1.0
0.420503945146
0.81969440457
1.0
0.420831352475
0.819500734295
1.0
0.422972109796
0.820354425821
1.0
0.422972109796
0.820354425821
1.0
0.423301787717
0.819822694077
1.0
0.424300793245
0.820141409663
1.0
0.424605165091
0.81976381858
1.0
0.4248566577
0.819903596093
1.0
0.425297834062
0.818640888209
1.0
0.425849445826
0.818270362926
1.0
0.426403130579
0.817429531474
1.0
0.426977267157
0.817507856761
1.0
0.427371585898
0.817048505102
1.0
0.427371585898
0.817048505102
1.0
0.428915427853
0.818047525236
1.0
0.429109252232
0.817753032346
1.0
0.429840512313
0.819136054987
1.0
0.430331007482
0.818977941683
1.0
0.431648285404
0.818681715947
1.0
0.431723296694
0.81890726455
1.0
0.431723296694
0.81890726455
1.0
0.433392350254
0.819549253523
1.0
0.434042744918
0.81813228601
1.0
0.435022989234
0.81879232932
1.0
0.435250664358
0.819877650186
1.0
0.436291436199
0.820713142637
1.0
0.436461114419
0.822098239271
1.0
0.437591689872
0.822195392689
1.0
0.438205808197
0.821044129809
1.0
0.438205808197
0.821044129809
1.0
0.440212337942
0.821884257777
1.0
0.440577022515
0.821453292464
1.0
0.440543571374
0.822664002325
1.0
0.440855298692
0.823326980477
1.0
0.442631321587
0.823046003366
1.0
0.44308513325
0.823480128139
1.0
0.445205798787
0.824770916142
1.0
0.445642380677
0.824486327867
1.0
0.445511699675
0.824019929871
1.0
0.445511699675
0.824019929871
1.0
0.445649731598
0.824328450511
1.0
0.447877092647
0.825787995169
1.0
0.448196101285
0.82590752543
1.0
0.449271340962
0.826917309794
1.0
0.449618757242
0.827298886044
1.0
0.450009027867
0.827347516108
1.0
0.450696706252
0.82679241794
1.0
0.451364567793
0.827126251753
1.0
0.451364567793
0.827126251753
1.0
0.451799010169
0.826974301682
1.0
0.452953769506
0.827472560787
1.0
0.453154020576
0.828096370222
1.0
0.454920664048
0.830027367514
1.0
0.455405745017
0.830740115129
1.0
0.454873284725
0.828236915412
1.0
0.455075798377
0.828622528414
1.0
0.456962812757
0.830743789776
1.0
0.457079826556
0.830605086476
1.0
0.457079826556
0.830605086476
1.0
0.457678980244
0.830583706213
1.0
0.458164296572
0.830656351727
1.0
0.459073069914
0.831371545051
1.0
0.459413365296
0.831274486646
1.0
0.460501478906
0.830807344018
1.0
0.460920584996
0.831071178264
1.0
0.460920584996
0.831071178264
1.0
0.460727875424
0.831753344484
1.0
0.460972568432
0.831400287908
1.0
0.46178543035
0.831967164295
1.0
0.461937524364
0.831961611292
1.0
0.462602432001
0.831338646725
1.0
0.462588897959
0.831749499408
1.0
0.463679427333
0.832318965991
1.0
0.464185691926
0.832367889177
1.0
0.464185691926
0.832367889177
1.0
0.464216938218
0.834320590282
1.0
0.464334433002
0.833882228645
1.0
0.463313796647
0.832278592413
1.0
0.463716014941
0.832603636012
1.0
0.466203403947
0.833750803229
1.0
0.466440352123
0.833261025315
1.0
0.466790694228
0.834188477098
1.0
0.466755378722
0.834075259791
1.0
0.467638307104
0.833715142693
1.0
0.467638307104
0.833715142693
1.0
0.467726992978
0.834319715889
1.0
0.46811099066
0.83410771374
1.0
0.468495069913
0.834471360985
1.0
0.469199169799
0.835289467585
1.0
0.469380816082
0.835497094562
1.0
0.469245239826
0.835316459839
1.0
0.469299204217
0.835379198105
1.0
0.469299204217
0.835379198105
1.0
0.470424473685
0.83596375543
1.0
0.47080002615
0.835452100358
1.0
0.471122066768
0.835831217394
1.0
0.471014776799
0.835794960136
1.0
0.471195814138
0.836848396103
1.0
0.471395275447
0.837782993788
1.0
0.473411237705
0.835697298287
1.0
0.473617332925
0.836468623158
1.0
0.473617332925
0.836468623158
1.0
0.472782530452
0.838649392687
1.0
0.472986369036
0.838945857852
1.0
0.473682377477
0.839782488763
1.0
0.473723515902
0.838754532905
1.0
0.47378246739
0.838454414315
1.0
0.474202641924
0.838639126346
1.0
0.475516951419
0.83931760965
1.0
0.475545177232
0.839511154565
1.0
0.47623003509
0.840260658636
1.0
0.47623003509
0.840260658636
1.0
0.4765044639
0.840437327711
1.0
0.477246502157
0.841315031028
1.0
0.477446253619
0.841428732234
1.0
0.478018250747
0.840269908381
1.0
0.478447164982
0.841165828345
1.0
0.478205195063
0.841648621699
1.0
0.478430853978
0.841564088372
1.0
0.478430853978
0.841564088372
1.0
0.480162371374
0.84011141006
1.0
0.480143130648
0.840287427635
1.0
0.481089517824
0.840281932838
1.0
0.48130503059
0.839411603731
1.0
0.48259545794
0.842535894969
1.0
0.48287968771
0.8422824144
1.0
0.483810159733
0.843419135993
1.0
0.484371715284
0.843135062849
1.0
0.485311754566
0.843003627341
1.0
0.485311754566
0.843003627341
1.0
0.485716291443
0.843183360697
1.0
0.486614198148
0.843230251586
1.0
0.48698531694
0.843496148052
1.0
0.486970659669
0.844199898343
1.0
0.487481937048
0.843382057011
1.0
0.488845024247
0.843593200783
1.0
0.488941146001
0.843235496655
1.0
0.490124872877
0.843712933029
1.0
0.490124872877
0.843712933029
1.0
0.490614851425
0.843608744133
1.0
0.491345265268
0.844487867992
1.0
0.491423454619
0.843957806695
1.0
0.491996163097
0.844126325493
1.0
0.492921060757
0.843961577196
1.0
0.493462748786
0.836455614084
1.0
0.493558613767
0.837415816119
1.0
0.493558613767
0.837415816119
0.99
0.491778487596
0.808116962938
0.99
0.492306198703
0.808264857331
0.99
0.489196800504
0.772366623384
0.99
0.489453801731
0.771851333458
0.99
0.487208420757
0.734988683586
0.99
0.487840664876
0.732547999843
0.99
0.489912504126
0.698030165366
0.99
0.492593665039
0.678758564568
0.99
0.492593665039
0.678758564568
0.99
0.497490390684
0.648976217321
0.99
0.503975606222
0.607654140304
0.99
0.506625944347
0.582508044861
0.99
0.51347297732
0.536821406372
0.99
0.513277587913
0.517427296736
0.99
0.519371212623
0.469233947904
0.99
0.521207777039
0.452573336792
0.99
0.526268283519
0.407876479294
0.99
0.528517981333
0.401475188966
0.99
0.528517981333
0.401475188966
0.99
0.531804096487
0.365125467032
0.99
0.533936966259
0.366954285859
0.99
0.534298680545
0.342303903344
0.99
0.536833591846
0.344808515923
0.99
0.537244713158
0.323947647451
0.99
0.538659626968
0.32536162267
1.0
0.53862662713
0.315458633245
1.0
0.538872140329
0.317327096415
1.0
0.538872140329
0.317327096415
1.0
0.537805622415
0.317336250499
1.0
0.538174191123
0.318388674598
1.0
0.53726485513
0.319019200071
1.0
0.536928144794
0.320616644189
1.0
0.536622252273
0.321256158935
1.0
0.536108716944
0.321481352627
1.0
0.535561334157
0.321700391013
1.0
0.535561334157
0.321700391013
1.0
0.535008393821
0.322246694477
1.0
0.534422951925
0.324116603816
1.0
0.534265241492
0.325439430909
1.0
0.533974980589
0.326455909101
1.0
0.533309010403
0.326530539083
1.0
0.532535043402
0.327437177794
1.0
0.531809634603
0.32843045009
1.0
0.531528285319
0.33059778162
1.0
0.53111428442
0.331371202308
1.0
0.53111428442
0.331371202308
1.0
0.530505305048
0.3329690563
1.0
0.529511988568
0.33295214925
1.0
0.528648589066
0.33406850033
1.0
0.528072611753
0.334448920353
1.0
0.527701623372
0.336359804862
1.0
0.526957198187
0.337501080007
1.0
0.526561809279
0.338723118847
1.0
0.526561809279
0.338723118847
1.0
0.52545404365
0.335915388074
1.0
0.524797430137
0.337882663495
1.0
0.522283994231
0.328971147868
1.0
0.521807835853
0.330929275131
1.0
0.519877202268
0.319841768188
1.0
0.519409306606
0.321530433682
1.0
0.518511266596
0.31740284127
1.0
0.517960758497
0.318466483301
1.0
0.517960758497
0.318466483301
1.0
0.51767569749
0.317861408315
1.0
0.51739609155
0.311054854443
1.0
0.517064549857
0.309863367936
1.0
0.517292769615
0.299543238956
1.0
0.516653569664
0.299434304907
1.0
0.516422439081
0.295035896644
1.0
0.515386020887
0.294289227085
1.0
0.514297674863
0.294979993704
1.0
0.513589540213
0.294606583971
1.0
0.513589540213
0.294606583971
1.0
0.5131164543
0.295225211741
1.0
0.512978359718
0.295841998886
1.0
0.512528760346
0.296979632921
1.0
0.511909831724
0.296005411827
1.0
0.510991500858
0.297912431209
1.0
0.51054337165
0.297898709878
1.0
0.510154726752
0.298457378304
1.0
0.510154726752
0.298457378304
1.0
0.509561583694
0.298204359503
1.0
0.509467044896
0.299440933891
1.0
0.508973144407
0.299638884075
1.0
0.508501366278
0.301506184025
1.0
0.508097702011
0.301080682369
1.0
0.507716043106
0.301465272435
1.0
0.508044881151
0.302519850013
1.0
0.507593717307
0.304573580844
1.0
0.507248690798
0.304068181274
1.0
0.507248690798
0.304068181274
1.0
0.507123548956
0.304966206323
1.0
0.506552237779
0.304616491885
1.0
0.50631024242
0.303931557469
1.0
0.506163863841
0.302980422402
1.0
0.505985131643
0.303667468588
1.0
0.506279953221
0.304979928149
1.0
0.50604328282
0.304772394279
1.0
0.50604328282
0.304772394279
1.0
0.506003121836
0.304780388685
1.0
0.506257272049
0.304998700502
1.0
0.506555198755
0.303942466431
1.0
0.506481306336
0.304047845336
1.0
0.50601684261
0.303535519289
1.0
0.505528394326
0.303167800659
1.0
0.505913165198
0.302932525733
1.0
0.505967241635
0.303188920525
1.0
0.505942376871
0.303554894922
1.0
0.505942376871
0.303554894922
1.0
0.506364966554
0.303275953847
1.0
0.506500567222
0.30257592391
1.0
0.506694204899
0.301029636367
1.0
0.506624942387
0.300927443129
1.0
0.506213188649
0.301653254995
1.0
0.506930571714
0.301488203382
1.0
0.506930571714
0.301488203382
1.0
0.507614767217
0.299820025251
1.0
0.506888585685
0.299703175959
1.0
0.506469895134
0.300642494878
1.0
0.507394061657
0.301180570361
1.0
0.50735416471
0.301717691084
1.0
0.507312144897
0.302036048219
1.0
0.507404080412
0.301564366168
1.0
0.507580979148
0.301381715388
1.0
0.507593314263
0.300654008741
1.0
0.507742895959
0.300735894245
1.0
0.507742895959
0.300735894245
1.0
0.507907066438
0.301070068116
1.0
0.507945958957
0.300902092584
1.0
0.508281126441
0.300321069115
1.0
0.508934284042
0.299826855452
1.0
0.508480169188
0.300149511428
1.0
0.50841432023
0.300463589463
1.0
0.50901375101
0.299240059384
1.0
0.50901375101
0.299240059384
1.0
0.509015022076
0.299419934732
1.0
0.509273976545
0.298888488344
1.0
0.509837876097
0.299548162737
1.0
0.509525107338
0.300587681021
1.0
0.509209855515
0.300006211625
1.0
0.50925261546
0.299189567275
1.0
0.510085870858
0.299705682734
1.0
0.510163521218
0.299913971643
1.0
0.510163521218
0.299913971643
1.0
0.510399054007
0.29907864871
1.0
0.510617653959
0.297765242948
1.0
0.510351979454
0.297334083661
1.0
0.510599077349
0.297199881213
1.0
0.510630334556
0.297440673172
1.0
0.510908450337
0.297087426987
1.0
0.510516131496
0.297116284238
1.0
0.510341096464
0.296721454827
1.0
0.510341096464
0.296721454827
1.0
0.510982655651
0.29714831288
1.0
0.511241420397
0.298216522209
1.0
0.511205337536
0.297350001023
1.0
0.51128394374
0.296029588596
1.0
0.511892851584
0.297633692634
1.0
0.511896398441
0.297517186204
1.0
0.51184001404
0.298818124186
1.0
0.51184001404
0.298818124186
1.0
0.511886696641
0.299258301664
1.0
0.51272083808
0.300603447845
1.0
0.512887183233
0.300824100284
1.0
0.512982069343
0.301494271056
1.0
0.51313460198
0.301799414733
1.0
0.513594096683
0.304198172445
1.0
0.513871597104
0.305398336029
1.0
0.514064607512
0.307622794464
1.0
0.514207355872
0.30756990304
1.0
0.515138641414
0.31087980341
1.0
0.515138641414
0.31087980341
1.0
0.515206327179
0.311160807948
1.0
0.516514343494
0.315901222718
1.0
0.517289786798
0.318411290862
1.0
0.517594773588
0.321714066343
1.0
0.517761908703
0.323617845184
1.0
0.518626722977
0.325950424967
1.0
0.519059427649
0.327786395314
1.0
0.519059427649
0.327786395314
1.0
0.519880137754
0.330925600563
1.0
0.520017789987
0.334137291105
1.0
0.520549431215
0.336681132602
1.0
0.520959376487
0.339013197228
1.0
0.521985392272
0.343342761737
1.0
0.522420124037
0.345443231285
1.0
0.522668388684
0.34707630228
1.0
0.523544831748
0.34892387111
1.0
0.523544831748
0.34892387111
1.0
0.523835030802
0.351381744366
1.0
0.52400449422
0.353674413008
1.0
0.524755432358
0.355269659066
1.0
0.52502549909
0.357517773285
1.0
0.524973645614
0.35915032079
1.0
0.525248257515
0.360484937267
1.0
0.525924007144
0.36139220144
1.0
0.526674097806
0.361417284756
1.0
0.527226168195
0.362754970941
1.0
0.527226168195
0.362754970941
1.0
0.527476142464
0.363642014514
1.0
0.527211394254
0.363388547858
1.0
0.527535037606
0.364237501423
1.0
0.528465060504
0.365855626806
1.0
0.528460544997
0.366303929928
1.0
0.528878094759
0.36757007208
1.0
0.52985071417
0.366261718874
1.0
0.52985071417
0.366261718874
1.0
0.529850051675
0.366229805518
1.0
0.530016394443
0.364876960335
1.0
0.530211820402
0.365512327004
1.0
0.530438727248
0.366567711447
1.0
0.530720238296
0.367757309501
1.0
0.531121925016
0.367240717502
1.0
0.530878377551
0.367780265735
1.0
0.531303855286
0.36810797399
1.0
0.531303855286
0.36810797399
1.0
0.531659618318
0.368973426504
1.0
0.531875022873
0.36894142253
1.0
0.53182152429
0.370182768863
1.0
0.532202841154
0.369842926322
1.0
0.532616370178
0.371004290359
1.0
0.532967469828
0.371590385033
1.0
0.532710375475
0.372376312522
1.0
0.53291835778
0.373633618762
1.0
0.53291835778
0.373633618762
1.0
0.532521567056
0.374228655023
1.0
0.533188067158
0.371402606309
1.0
0.533094246889
0.371522044477
1.0
0.533173331715
0.375131607882
1.0
0.53297893211
0.375501886307
1.0
0.533215719401
0.376147386587
1.0
0.532844281028
0.376933790881
1.0
0.533066220517
0.376883046749
1.0
0.533066220517
0.376883046749
1.0
0.532796241488
0.37551367708
1.0
0.532995994428
0.375691559001
1.0
0.533498110375
0.374741222956
1.0
0.533744923545
0.374179418354
1.0
0.533696117067
0.37255987376
1.0
0.533987622737
0.372835730216
1.0
0.533898203149
0.371440390011
1.0
0.534057414894
0.370931740281
1.0
0.534057414894
0.370931740281
1.0
0.533901751969
0.370509176205
1.0
0.534596026016
0.367990202484
1.0
0.534398487734
0.366871885987
1.0
0.533705962953
0.368250127219
1.0
0.533874185562
0.366599455738
1.0
0.533937176558
0.365576684278
1.0
0.534019978113
0.364436778301
1.0
0.534328349362
0.362063931064
1.0
0.534328349362
0.362063931064
1.0
0.534695461637
0.361871704295
1.0
0.534826272047
0.361268321567
1.0
0.535058240493
0.36052270327
1.0
0.535369556098
0.358982269004
1.0
0.535642718834
0.35926548989
1.0
0.53586453955
0.358100432767
1.0
0.536600537252
0.357975148236
1.0
0.536951081727
0.356371735107
1.0
0.536951081727
0.356371735107
1.0
0.537255208036
0.356360707845
1.0
0.537366257401
0.354875170458
1.0
0.537498784462
0.354239940623
1.0
0.537919998089
0.353281258769
1.0
0.538009773787
0.352265136345
1.0
0.537991983415
0.352280635377
1.0
0.533402254473
0.343320026262
1.0
0.53382001604
0.342394072138
1.0
0.527418940834
0.333170629591
1.0
0.527418940834
0.333170629591
1.0
0.527805199811
0.332492461475
1.0
0.525578080553
0.328602122311
1.0
0.52612850123
0.32655213421
1.0
0.524868423422
0.323466766598
1.0
0.52349551994
0.322122567
1.0
0.52503642764
0.321784810771
1.0
0.522782157193
0.320053069588
1.0
0.522782157193
0.320053069588
1.0
0.522923360807
0.318451563994
1.0
0.521503232427
0.317655807472
1.0
0.522320597196
0.318291535684
1.0
0.521672156962
0.317669710297
1.0
0.522567595795
0.317408400059
1.0
0.523432858358
0.315032582487
1.0
0.524007174099
0.315503490413
1.0
0.52429792379
0.31492827706
1.0
0.52429792379
0.31492827706
1.0
0.526077255556
0.315847072927
1.0
0.526497459905
0.314231966672
1.0
0.527392398842
0.314600287222
1.0
0.527906784428
0.313286220796
1.0
0.528840953895
0.314449354074
1.0
0.529199567115
0.313363321548
1.0
0.529901055195
0.313274339624
1.0
0.529901055195
0.313274339624
1.0
0.530517724473
0.312145267306
1.0
0.531149361575
0.312244573668
1.0
0.531576754322
0.311506158747
1.0
0.532598271821
0.311587526327
1.0
0.533105296783
0.311287577987
1.0
0.534820263006
0.312709084246
1.0
0.53505197357
0.312791666737
1.0
0.536047601848
0.314202666096
1.0
0.536521965035
0.314068045138
1.0
0.536521965035
0.314068045138
1.0
0.536762835219
0.313938637456
1.0
0.537052573205
0.312822542151
1.0
0.53808203002
0.313342436411
1.0
0.53879586951
0.312119570952
1.0
0.539153835492
0.312442070784
1.0
0.539744635665
0.311819839183
1.0
0.540490287791
0.312454841142
1.0
0.54082068841
0.311480333717
1.0
0.54082068841
0.311480333717
1.0
0.541619452256
0.312176153061
1.0
0.5419753113
0.311724263024
1.0
0.542434924046
0.312124060319
1.0
0.542884743396
0.312112445975
1.0
0.543591937209
0.313123428584
1.0
0.54379815277
0.312979314911
1.0
0.544270978989
0.312629539949
1.0
0.544270978989
0.312629539949
1.0
0.544622587382
0.311634078777
1.0
0.545041189985
0.31211934648
1.0
0.545242815852
0.312467922591
1.0
0.54516371367
0.312526142475
1.0
0.545523607702
0.311360754901
1.0
0.545870187496
0.311150660176
1.0
0.546067048717
0.310681992276
1.0
0.546323576655
0.310159958381
1.0
0.546295620694
0.309931417563
1.0
0.546295620694
0.309931417563
1.0
0.546292543984
0.30954202276
1.0
0.546667556352
0.307474541442
1.0
0.546861301453
0.307667924874
1.0
0.547051847239
0.308936841412
1.0
0.546885239917
0.308313898064
1.0
0.547144225519
0.308213794907
1.0
0.547063316693
0.307196445903
1.0
0.54696056754
0.30704867128
1.0
0.547202507302
0.306681380383
1.0
0.547202507302
0.306681380383
1.0
0.547166135361
0.306531064466
1.0
0.546928281285
0.306507521643
1.0
0.547262129547
0.305368474173
1.0
0.547408878968
0.304241032787
1.0
0.547153430353
0.303762459563
1.0
0.547551718876
0.303106951399
1.0
0.54747926153
0.302004220205
1.0
0.54747926153
0.302004220205
1.0
0.547582874473
0.301483500935
1.0
0.548112605897
0.299728029011
1.0
0.548159983919
0.299497618481
1.0
0.547842148269
0.300627874286
1.0
0.548248253549
0.2998872961
1.0
0.548438758004
0.299469821489
1.0
0.548586850648
0.299409147058
1.0
0.548451613042
0.299233749633
1.0
0.548451613042
0.299233749633
1.0
0.548896252595
0.298330994202
1.0
0.548997197549
0.297363593994
1.0
0.549258499472
0.297361485425
1.0
0.549659192094
0.296374491474
1.0
0.550065251013
0.296579733657
1.0
0.549892842248
0.296557277179
1.0
0.5499855918
0.29625804122
1.0
0.550402898882
0.294933988615
1.0
0.550402898882
0.294933988615
1.0
0.551227569311
0.294504476832
1.0
0.550836486743
0.293406507842
1.0
0.550978307979
0.293812902705
1.0
0.55139176118
0.293410747926
1.0
0.552147361704
0.293604602693
1.0
0.552353540621
0.29280246086
1.0
0.552913910919
0.293652732071
1.0
0.552817252002
0.293620684116
1.0
0.552817252002
0.293620684116
1.0
0.553256841104
0.293473312795
1.0
0.553414289451
0.293365414655
1.0
0.554187608862
0.293671072094
1.0
0.554339246692
0.29347008688
1.0
0.554895177629
0.295130590059
1.0
0.555106641074
0.295317004998
1.0
0.55588086547
0.295270185863
1.0
0.55588086547
0.295270185863
1.0
0.556113543105
0.294946454674
1.0
0.55675863934
0.295805107901
1.0
0.556499336736
0.295722588694
1.0
0.557784450371
0.297308571032
1.0
0.558077536405
0.297919631753
1.0
0.55882346888
0.298388239517
1.0
0.559090412638
0.297956630944
1.0
0.560541756066
0.299375764281
1.0
0.560569960131
0.29854676716
1.0
0.560569960131
0.29854676716
1.0
0.561681154774
0.299803942703
1.0
0.561965010648
0.299203146017
1.0
0.563183143681
0.30190061097
1.0
0.563459246651
0.302120460243
1.0
0.565119426605
0.304287473879
1.0
0.565278930772
0.304649274606
1.0
0.566164508044
0.306527141775
1.0
0.566164508044
0.306527141775
1.0
0.566376226118
0.306524884017
1.0
0.568008209155
0.309119647148
1.0
0.568486814465
0.308629090139
1.0
0.566746438757
0.312278118514
1.0
0.567284144082
0.312393005048
1.0
0.564079648564
0.319352997997
1.0
0.564262141526
0.320164212693
1.0
0.564262141526
0.320164212693
1.0
0.552754100394
0.344701302904
1.0
0.552933075134
0.344582120319
1.0
0.551816721608
0.351023673756
1.0
0.548885354396
0.366883784017
1.0
0.546015499169
0.371461665092
1.0
0.546015499169
0.371461665092
1.0
0.543094556387
0.38843003557
1.0
0.543210870772
0.389206142004
1.0
0.540630540761
0.405624767797
1.0
0.540224068207
0.405645466084
1.0
0.53779891174
0.418497887205
1.0
0.537217188157
0.418335505956
1.0
0.536427755801
0.424846477994
1.0
0.535319582286
0.423947254133
1.0
0.535472334755
0.423592166514
1.0
0.535200501549
0.423214146174
1.0
0.535200501549
0.423214146174
1.0
0.535272602673
0.424232625052
1.0
0.534836160542
0.424617445635
1.0
0.534713869556
0.424959402971
1.0
0.533816896048
0.424644107254
1.0
0.533452642783
0.425924606724
1.0
0.532839516408
0.426225251384
1.0
0.53257080814
0.42688628528
1.0
0.53257080814
0.42688628528
1.0
0.531304490668
0.425986031666
1.0
0.530946613343
0.426816510809
1.0
0.529993932741
0.426518933648
1.0
0.529583200858
0.427789503432
1.0
0.529477784718
0.427595178961
1.0
0.529334236649
0.428119424177
1.0
0.528473940651
0.42823070492
1.0
0.528473940651
0.42823070492
1.0
0.527737211651
0.429777227446
1.0
0.527654775375
0.430001699791
1.0
0.527304979994
0.431030728561
1.0
0.526697907153
0.430964149247
1.0
0.526553293726
0.431698099619
1.0
0.526185381509
0.432345157145
1.0
0.525616815083
0.43346804632
1.0
0.524911453206
0.433354382698
1.0
0.524793831465
0.43407997353
1.0
0.524677338013
0.434299184157
1.0
0.524677338013
0.434299184157
1.0
0.524397645354
0.435108529258
1.0
0.523256391417
0.435185275864
1.0
0.522816008604
0.436550552214
1.0
0.522291660546
0.436215437011
1.0
0.522306672858
0.437086174752
1.0
0.521571069657
0.436268401405
1.0
0.521571069657
0.436268401405
1.0
0.520877238221
0.436954668194
1.0
0.520561408254
0.436991122498
1.0
0.520190446723
0.437266206512
1.0
0.519563432603
0.436135923197
1.0
0.519040923608
0.437490376482
1.0
0.518945477029
0.437589032456
1.0
0.518436875215
0.438117429354
1.0
0.517478111016
0.43684361936
1.0
0.517478111016
0.43684361936
1.0
0.517100109166
0.437644563373
1.0
0.516562534243
0.437161655432
1.0
0.516272702231
0.437802227786
1.0
0.515836412403
0.437547615259
1.0
0.51547139291
0.437915384258
1.0
0.513118397698
0.440465907897
1.0
0.51290744345
0.440233893709
1.0
0.511363078351
0.451097708386
1.0
0.510940852219
0.452343760761
1.0
0.509019663821
0.460502238722
1.0
0.509019663821
0.460502238722
1.0
0.508593888894
0.460638560167
1.0
0.506042943351
0.467207028439
1.0
0.504501385218
0.47073556657
1.0
0.502513660008
0.473531317323
1.0
0.500634706935
0.485406711047
1.0
0.499573258727
0.487386846026
1.0
0.499573258727
0.487386846026
1.0
0.498296758886
0.499346485342
1.0
0.497652261608
0.499090623295
1.0
0.49617551471
0.508614679638
1.0
0.495201563571
0.508642672699
1.0
0.4936557801
0.515932287099
1.0
0.493188652299
0.51519968804
1.0
0.49224066868
0.518799059711
1.0
0.492266231912
0.518613765708
1.0
0.492292009794
0.519224906092
1.0
0.49209456614
0.519864033797
1.0
0.49209456614
0.519864033797
1.0
0.49183198049
0.520365354066
1.0
0.491678431577
0.519825038653
1.0
0.491457848528
0.520346422606
1.0
0.491504664088
0.519927327583
1.0
0.491320093727
0.520284899465
1.0
0.490982343906
0.521238119368
1.0
0.490800410376
0.521292323541
1.0
0.490442355744
0.520910252558
1.0
0.490442355744
0.520910252558
1.0
0.490242422378
0.521570072638
1.0
0.490532776515
0.522604923772
1.0
0.490299302642
0.523078347803
1.0
0.491560805783
0.524360798436
1.0
0.491306494204
0.525168614038
1.0
0.492411369756
0.527292433157
1.0
0.492207584033
0.527479962412
1.0
0.492207584033
0.527479962412
0.99
0.49301870382
0.518879672448
0.99
0.49263171298
0.519590452306
0.99
0.49263171298
0.519590452306
0.99
0.49263171298
0.519590452306
0.99
0.49263171298
0.519590452306
0.787127138591
0.466303450833
0.49089642342
0.787127138591
0.465292520797
0.492303653301
0.787127138591
0.463777445182
0.49511947152
0.787127138591
0.462525834628
0.49657526491
0.787127138591
0.462793960188
0.478251919649
0.787127138591
0.454316826876
0.481422576567
0.642620555801
0.443063352038
0.495297712976
0.642620555801
0.442837116632
0.494564985546
1.0
0.450401523042
0.485136355395
0.937214992254
0.450516435385
0.48588662416
0.937214992254
0.450516435385
0.48588662416
0.937214992254
0.44919690851
0.487743600663
0.937422032667
0.449045580117
0.491688990454
0.937422032667
0.449107462134
0.492865210847
1.0
0.44834730083
0.501169651994
1.0
0.448165819765
0.502524797089
1.0
0.447630495931
0.508234358514
1.0
0.447630495931
0.508234358514
1.0
0.447061736796
0.507776401284
1.0
0.4468335542
0.510654880021
1.0
0.446423008916
0.510912713813
1.0
0.446534814797
0.512164604301
1.0
0.447062562859
0.511062503568
1.0
0.447098229088
0.510580785195
1.0
0.446464832652
0.509888946519
1.0
0.446660717923
0.509934323951
1.0
0.44627861237
0.509222079086
1.0
0.446368764396
0.508310385395
1.0
0.446368764396
0.508310385395
1.0
0.445775415391
0.507580911097
1.0
0.44567164484
0.508215760995
1.0
0.444985052346
0.506807332037
1.0
0.445161009762
0.505308446269
1.0
0.44466409558
0.504337986567
1.0
0.444722772301
0.5044311716
1.0
0.445077309899
0.504732409454
1.0
0.445077309899
0.504732409454
1.0
0.445397788604
0.503671681755
1.0
0.44426410029
0.502642214038
1.0
0.44385152582
0.503271016858
1.0
0.444954259237
0.50322827724
1.0
0.445277153505
0.502603102551
1.0
0.444322962908
0.502154487299
1.0
0.444404659139
0.501460771604
1.0
0.444615918823
0.50127573582
1.0
0.444615918823
0.50127573582
1.0
0.444786933132
0.500386815502
1.0
0.444641898031
0.499345191896
1.0
0.444873329277
0.499228552336
1.0
0.444813513825
0.499532249653
1.0
0.444743520268
0.498813222482
1.0
0.445191107624
0.499060287363
1.0
0.445313134804
0.498934235887
1.0
0.444770595972
0.499140165748
1.0
0.445025281687
0.499067932219
1.0
0.445025281687
0.499067932219
1.0
0.446014200451
0.499156692833
1.0
0.446193330302
0.498406296269
1.0
0.446012889881
0.497138640369
1.0
0.446246650756
0.496072860962
1.0
0.445258467003
0.488859396972
1.0
0.445583426822
0.488206695516
1.0
0.443654800864
0.476409197698
1.0
0.443654800864
0.476409197698
1.0
0.443666448754
0.476365638696
1.0
0.442198741213
0.46627109754
1.0
0.442386375279
0.466074597578
1.0
0.441493440038
0.461264093999
1.0
0.441860048447
0.456303457697
1.0
0.442540651435
0.456739385654
1.0
0.443422482197
0.445237063726
1.0
0.444049653747
0.445751142239
1.0
0.444049653747
0.445751142239
1.0
0.444808415973
0.435016114576
1.0
0.445272493206
0.43491099872
1.0
0.445532440956
0.42817458004
1.0
0.44611953012
0.427785037179
1.0
0.446243263114
0.426291263174
1.0
0.447347539331
0.426300735075
1.0
0.447541759545
0.42605088371
1.0
0.448452034047
0.425993924393
1.0
0.448937430559
0.424462679679
1.0
0.448937430559
0.424462679679
1.0
0.449541012176
0.424040117916
1.0
0.449755930495
0.42332498039
1.0
0.451513124036
0.423558440275
1.0
0.451968660211
0.422069969805
1.0
0.45283041769
0.420404449999
1.0
0.453412403581
0.418816083097
1.0
0.453412403581
0.418816083097
1.0
0.455920280406
0.42051967973
1.0
0.456553004162
0.418465677323
1.0
0.45795931422
0.418041282157
1.0
0.458326416943
0.416686651895
1.0
0.460202018957
0.416765613628
1.0
0.460971073372
0.414391766049
1.0
0.462754134876
0.414145164634
1.0
0.463482931292
0.411874223928
1.0
0.465061714775
0.41166444385
1.0
0.465061714775
0.41166444385
1.0
0.46575122675
0.409371383086
1.0
0.468007343578
0.409351998662
1.0
0.469039575378
0.406754765118
1.0
0.471145190364
0.406025003516
1.0
0.471948737785
0.404230581799
1.0
0.473702931703
0.404272483561
1.0
0.474481633565
0.400523653666
1.0
0.476421401909
0.399968117655
1.0
0.476421401909
0.399968117655
1.0
0.477209102003
0.397846743209
1.0
0.479417284122
0.397794057657
1.0
0.480585306231
0.394687722824
1.0
0.482269092699
0.393238629437
1.0
0.483078286796
0.390830665386
1.0
0.485350308103
0.390382390624
1.0
0.486058318646
0.386833035723
1.0
0.486058318646
0.386833035723
1.0
0.487531508694
0.385226300643
1.0
0.488632964255
0.381248320626
1.0
0.490301082061
0.380242460825
1.0
0.491384177685
0.37652357139
1.0
0.494019932505
0.37621926817
1.0
0.495138513655
0.372861492144
1.0
0.496802463563
0.372423115674
1.0
0.497854897357
0.368434937526
1.0
0.499496048985
0.367360330718
1.0
0.499496048985
0.367360330718
1.0
0.500306429741
0.363902302166
1.0
0.502236747625
0.363122913601
1.0
0.503596094491
0.358573620656
1.0
0.505493088402
0.357910910922
1.0
0.506215250318
0.354175080577
1.0
0.507716209594
0.352844159412
1.0
0.508681074052
0.349376214643
1.0
0.508681074052
0.349376214643
1.0
0.510718163474
0.348841163486
1.0
0.51170218192
0.344304638058
1.0
0.513736507792
0.343583962665
1.0
0.514875770428
0.34049040282
1.0
0.516150196401
0.339273429386
1.0
0.516885826228
0.335599032885
1.0
0.519088378612
0.336051201771
1.0
0.520160040046
0.332117931039
1.0
0.520160040046
0.332117931039
1.0
0.521846430507
0.330888644842
1.0
0.523139333646
0.326834636203
1.0
0.52511911304
0.326852414333
1.0
0.526098979521
0.323908218484
1.0
0.527114104107
0.323109341898
1.0
0.527638253836
0.320148729545
1.0
0.529917475576
0.321051240718
1.0
0.531167863299
0.316698294476
1.0
0.532697682262
0.315596978732
1.0
0.532697682262
0.315596978732
1.0
0.533478925681
0.312654311865
1.0
0.534671123777
0.313032382895
1.0
0.535680826296
0.310371241105
1.0
0.537020550608
0.309799990281
1.0
0.537799449027
0.306309980899
1.0
0.539012314937
0.305695485485
1.0
0.53973663515
0.303370962176
1.0
0.53973663515
0.303370962176
1.0
0.541818969683
0.300960223206
1.0
0.542566161143
0.29854307067
1.0
0.545670577274
0.29105646091
1.0
0.546509886879
0.289154517601
1.0
0.550093667732
0.282548506287
1.0
0.550853510325
0.279311092443
0.693079998744
0.551100339235
0.273369442664
0.693079998744
0.551817042369
0.270041553474
0.902356819481
0.552444674818
0.270067595073
0.902356819481
0.555345512906
0.255873194083
0.902356819481
0.555345512906
0.255873194083
1.0
0.559304174291
0.259383757768
1.0
0.561988426556
0.245034336022
1.0
0.562409953518
0.24553929164
1.0
0.564283418064
0.237050846688
1.0
0.564696363684
0.237877233939
1.0
0.564912552191
0.234834198041
1.0
0.564912552191
0.234834198041
1.0
0.565622649727
0.235639586129
1.0
0.565583552533
0.235309570055
1.0
0.565856998271
0.234993245628
1.0
0.566101927206
0.234137525313
1.0
0.565973272337
0.233788649063
1.0
0.56589722663
0.234439142538
1.0
0.566411127169
0.235866174673
1.0
0.566736282277
0.237624315951
1.0
0.566736282277
0.237624315951
0.744556108968
0.562515252148
0.233297207096
0.744556108968
0.562570237605
0.233250143564
1.0
0.567053494706
0.238288039657
1.0
0.566826673825
0.238167442971
1.0
0.566704424709
0.237844871226
1.0
0.566775460311
0.238756406176
0.767558912346
0.562562344121
0.234566275673
0.767558912346
0.562701931525
0.234098217275
0.767558912346
0.562701931525
0.234098217275
1.0
0.567865578996
0.240408236418
1.0
0.567796592819
0.240426295473
1.0
0.567637563197
0.240826712483
1.0
0.567526455973
0.241964089644
1.0
0.567273450671
0.241973630966
1.0
0.567192736785
0.243020750609
1.0
0.567403122005
0.244650859079
1.0
0.567818865995
0.244106022538
1.0
0.56707400599
0.244453131363
1.0
0.56707400599
0.244453131363
1.0
0.566981760347
0.246285755137
1.0
0.56664366449
0.246384801842
1.0
0.56631193717
0.248303448752
1.0
0.566113192607
0.249278224915
1.0
0.566091064714
0.250725061515
1.0
0.566674419563
0.250526914042
1.0
0.566838712655
0.251503126957
1.0
0.566838712655
0.251503126957
1.0
0.566102190065
0.253016555063
1.0
0.565681274607
0.254078019986
1.0
0.56558601529
0.254334775474
1.0
0.56550713398
0.255829762569
1.0
0.565224674528
0.257065545407
1.0
0.565077616291
0.256420683784
1.0
0.565005878249
0.256423865472
1.0
0.564644437839
0.259280011727
1.0
0.564332508462
0.259705949141
1.0
0.564332508462
0.259705949141
1.0
0.564314112136
0.26094948349
1.0
0.563749932942
0.262878338661
1.0
0.563534292098
0.263333084386
1.0
0.563458549169
0.263494395489
1.0
0.56300763189
0.266127682033
1.0
0.562679887873
0.266373850652
1.0
0.562436792085
0.268012500914
1.0
0.562430493506
0.268740926248
1.0
0.562430493506
0.268740926248
1.0
0.562216975598
0.269820934741
1.0
0.562030018597
0.270571235268
1.0
0.562192843181
0.2716745987
1.0
0.561787342071
0.272119173515
1.0
0.561757159994
0.272645131306
1.0
0.56211050305
0.273523447073
1.0
0.561785947163
0.27598521629
1.0
0.561907148043
0.277484590318
1.0
0.561907148043
0.277484590318
1.0
0.562000291936
0.27827367787
1.0
0.561733920769
0.27853911264
1.0
0.561641667119
0.279395413416
1.0
0.561888160474
0.281306643296
1.0
0.561815473341
0.281250755935
1.0
0.56161279277
0.282248117989
1.0
0.561043676493
0.28536185537
1.0
0.561043676493
0.28536185537
1.0
0.561019752033
0.286291835489
1.0
0.56095656615
0.287276459498
1.0
0.56088592524
0.288780997803
1.0
0.560716396237
0.29054820078
1.0
0.560475789614
0.291700213541
1.0
0.559995646232
0.294331755553
1.0
0.559797966987
0.295947542645
1.0
0.55993461872
0.296739683472
1.0
0.559425656746
0.297268384971
1.0
0.559425656746
0.297268384971
1.0
0.559086950445
0.299143963957
1.0
0.559147033237
0.301228855347
1.0
0.558813039578
0.303890246445
1.0
0.558533246648
0.304437765285
1.0
0.558089624187
0.306369998585
1.0
0.557819854874
0.308329813049
1.0
0.557598186061
0.310492658928
1.0
0.557598186061
0.310492658928
1.0
0.557505950919
0.311567152787
1.0
0.557452534499
0.313027890259
1.0
0.556892248096
0.313284317535
1.0
0.55677654333
0.314596371654
1.0
0.556591659425
0.316351481446
1.0
0.555957214604
0.317834159116
1.0
0.555331572122
0.317931855978
1.0
0.555106972674
0.320702046317
1.0
0.554700525043
0.32175360822
1.0
0.554700525043
0.32175360822
1.0
0.554192452719
0.324227076555
1.0
0.553494454087
0.32552792522
1.0
0.553431624166
0.326293443197
1.0
0.552940125691
0.326340671656
1.0
0.552429115599
0.328638023639
1.0
0.551856512431
0.329242175611
1.0
0.551346340113
0.331976370222
1.0
0.551346340113
0.331976370222
1.0
0.552201761912
0.329645032311
1.0
0.551965724567
0.330717654973
1.0
0.557568901012
0.325301481843
1.0
0.557196869276
0.327478872863
1.0
0.563752593121
0.323197066375
1.0
0.563373821601
0.325062260687
1.0
0.571094927775
0.324144511661
1.0
0.571384902686
0.321119218742
1.0
0.571384902686
0.321119218742
0.99
0.58352475024
0.316726871105
0.99
0.586573635671
0.30337896053
0.99
0.597199195013
0.301543818502
0.99
0.600703283861
0.28535369601
1.0
0.607084085437
0.283690876011
0.894969559658
0.609056328614
0.275545812993
0.894969559658
0.628324941806
0.276962573296
0.99
0.637621554585
0.241455595883
0.99
0.637621554585
0.241455595883
0.913798696283
0.639389249878
0.234011257265
0.913798696283
0.641080009994
0.233535293454
0.82080660545
0.641707124633
0.229969625384
0.82080660545
0.642302342029
0.229309473894
0.99
0.655351748501
0.182245529477
0.99
0.655674982437
0.182236870948
1.0
0.659135279294
0.172634709794
1.0
0.659251889212
0.171822874136
1.0
0.661491945215
0.166055463758
1.0
0.661491945215
0.166055463758
1.0
0.661238422478
0.164908833502
1.0
0.66121133156
0.16311697431
1.0
0.660987689803
0.162672888529
1.0
0.660483628946
0.164006339664
1.0
0.660315743251
0.16327651455
1.0
0.660322330253
0.162727525955
1.0
0.659358788637
0.160933173316
1.0
0.659358788637
0.160933173316
1.0
0.659164462529
0.158384414193
1.0
0.659176963089
0.156895488856
1.0
0.658912017963
0.156778016638
1.0
0.658001741268
0.154152575656
1.0
0.657825751505
0.153702924411
1.0
0.65673436556
0.152920029732
1.0
0.657058105684
0.151132400412
0.712137164986
0.653809046688
0.141045997649
0.712137164986
0.65326357126
0.143157981041
0.712137164986
0.65326357126
0.143157981041
1.0
0.655454071176
0.149489568344
1.0
0.655497812809
0.14594751125
0.760634522204
0.656434656798
0.145412252602
0.760634522204
0.656081546921
0.144567619451
1.0
0.654250538434
0.144642742738
1.0
0.653524015722
0.145633324337
1.0
0.652551869062
0.144088692514
1.0
0.652551869062
0.144088692514
1.0
0.652704750175
0.143201534985
1.0
0.652094964045
0.142876590383
1.0
0.651369065465
0.141355674189
1.0
0.650149019895
0.140667374258
1.0
0.64978234849
0.143329366754
0.804023607794
0.646451893488
0.139013155825
0.804023607794
0.646014770118
0.140201695447
0.836403868322
0.647243869582
0.140397791943
0.836403868322
0.646762473059
0.141180169237
0.836403868322
0.646762473059
0.141180169237
1.0
0.646252808386
0.147467342381
1.0
0.645761868243
0.14833413436
0.775296463731
0.642269041104
0.143474647442
0.775296463731
0.641745567606
0.145646187478
0.909170320305
0.642913277311
0.145862946798
0.909170320305
0.641955496381
0.150693651011
0.702197018299
0.638279462068
0.146324295233
0.702197018299
0.638108821701
0.146696617001
0.702197018299
0.638108821701
0.146696617001
1.0
0.640175946797
0.154986406901
1.0
0.639561856806
0.15350082353
0.792933728426
0.640243914645
0.152739747982
0.792933728426
0.639467286859
0.154993645585
0.613165620262
0.645681596411
0.17624780909
0.613165620262
0.64428528357
0.183290976272
0.613165620262
0.643414934151
0.186043435898
1.0
0.645414359732
0.19136774438
1.0
0.645414359732
0.19136774438
1.0
0.64524005365
0.194089001203
1.0
0.645600292242
0.197526819983
1.0
0.647043183992
0.20041205064
1.0
0.646696242042
0.20068451344
1.0
0.648510233525
0.201539472542
1.0
0.648206444396
0.201953296195
1.0
0.648991488766
0.204200950655
1.0
0.648502835237
0.204090741469
1.0
0.648502835237
0.204090741469
1.0
0.647917650751
0.209734230177
1.0
0.647650605719
0.210233353526
1.0
0.647422080878
0.214590948587
1.0
0.64706505639
0.214804419779
1.0
0.64683357981
0.217217919007
1.0
0.646718811408
0.218276424832
1.0
0.646194531802
0.220866504823
1.0
0.645772584091
0.221522082056
1.0
0.645772584091
0.221522082056
1.0
0.645167294731
0.223626900683
1.0
0.645279364712
0.224071855541
1.0
0.646155969385
0.224640917385
1.0
0.644192155036
0.224079229456
1.0
0.643027502803
0.225626916362
1.0
0.643779902448
0.227606438985
1.0
0.643363957777
0.22930228315
1.0
0.643363957777
0.22930228315
1.0
0.643557314849
0.229697162352
1.0
0.643552256622
0.230504935206
1.0
0.643780245269
0.231456826151
1.0
0.64346634785
0.233673178329
1.0
0.643060235608
0.233036729715
1.0
0.643176562088
0.233035835271
1.0
0.643818107177
0.233956158682
1.0
0.643836439653
0.233515627182
1.0
0.643836439653
0.233515627182
1.0
0.643866178593
0.234189509665
1.0
0.6437741192
0.236549312936
1.0
0.644326356891
0.236664620785
1.0
0.644703103143
0.238133552932
1.0
0.645023669366
0.238713084961
1.0
0.64478702889
0.238931738944
1.0
0.645447761192
0.240049890627
1.0
0.645789473638
0.239645797914
1.0
0.646180480516
0.239351600414
1.0
0.646180480516
0.239351600414
1.0
0.646440701916
0.239832827429
1.0
0.647064205458
0.240387904927
1.0
0.647266188811
0.2397108864
1.0
0.64321492142
0.236233199665
1.0
0.643425641085
0.236724256764
0.99
0.612253454544
0.211533094003
0.99
0.612253454544
0.211533094003
0.99
0.612607223787
0.211295933367
0.99
0.612737535656
0.211534095179
0.99
0.593306798091
0.197380959561
0.99
0.591337380015
0.200269557076
0.99
0.573653483423
0.183462186423
0.99
0.565596321123
0.198044577139
0.777299700077
0.542144622212
0.179270672431
0.777299700077
0.532284835201
0.197484728162
0.777299700077
0.532284835201
0.197484728162
0.777299700077
0.523088197462
0.213718269475
0.803157544059
0.527923624488
0.217185183978
0.803157544059
0.514131393676
0.239194017622
0.99
0.523792175777
0.244308732974
0.99
0.520766311978
0.242860610749
1.0
0.51924991445
0.245270512356
1.0
0.519533907353
0.24627168022
1.0
0.519533907353
0.24627168022
1.0
0.520366800755
0.242873475439
1.0
0.521221254766
0.243439491255
1.0
0.521565319671
0.242847714139
1.0
0.521803628322
0.2437028242
1.0
0.521749657016
0.24381020121
1.0
0.522261030715
0.244166959151
1.0
0.522465092118
0.242625753913
1.0
0.522879016475
0.241863411586
1.0
0.522879016475
0.241863411586
1.0
0.523374424696
0.240788581181
1.0
0.523466910562
0.241476208318
1.0
0.523694726297
0.242885446457
1.0
0.523332773867
0.244027124897
1.0
0.523738283409
0.241708296193
1.0
0.525050096719
0.242701034747
1.0
0.52512318208
0.243176761255
1.0
0.524618233596
0.249657896359
1.0
0.524812111173
0.249754647745
1.0
0.524812111173
0.249754647745
1.0
0.523174462632
0.257795778211
1.0
0.523475637347
0.257575018445
0.99
0.521962851735
0.273869967665
0.99
0.521506739515
0.275479329049
0.965638008709
0.522547806841
0.274261176982
0.965638008709
0.522074603316
0.280339085043
0.965638008709
0.522074603316
0.280339085043
0.965638008709
0.522074603316
0.280339085043
0.965638008709
0.522074603316
0.280339085043
0.965638008709
0.522074603316
0.280339085043
0.858939410514
0.519857516742
0.457415079891
0.858939410514
0.518146026508
0.46742558433
0.843882203405
0.652289263321
-0.0110247165667
0.80882723996
0.625443809591
0.403527111881
0.858939410514
0.498033964686
0.663918523987
0.858939410514
0.498033964686
0.663918523987
0.889708597998
0.491808437711
0.688140263418
0.889708597998
0.490301110664
0.722608821903
0.87879169185
0.491112959675
0.717001907432
0.87879169185
0.494213723495
0.727719816323
0.965841580332
0.498757408395
0.742245950355
0.99
0.500067147591
0.750666454282
0.99
0.49957921113
0.765869827365
0.99
0.500698662271
0.773425101609
0.99
0.500698662271
0.773425101609
1.0
0.499603508362
0.783224204318
1.0
0.499442340255
0.787399396409
1.0
0.49989391272
0.79391361434
1.0
0.498999160315
0.79539356747
1.0
0.498760988668
0.79997174991
1.0
0.4968620918
0.797330994909
1.0
0.496992830082
0.796806834296
1.0
0.495569091622
0.796186513377
1.0
0.495569091622
0.796186513377
1.0
0.495826205428
0.796039621308
1.0
0.495127263962
0.797638563111
1.0
0.495340920315
0.79779192129
1.0
0.494623644557
0.798438444603
1.0
0.494429311426
0.798976682539
1.0
0.493503292338
0.799068993468
1.0
0.493284342595
0.801619843202
1.0
0.492166530905
0.800914406974
1.0
0.492166530905
0.800914406974
1.0
0.492098177496
0.801485085281
1.0
0.491359560382
0.80301571444
1.0
0.491460504829
0.804048155158
1.0
0.490343224987
0.804298543213
1.0
0.490438316892
0.80418972683
1.0
0.489217164157
0.805089055696
1.0
0.488841301537
0.806650598534
1.0
0.488841301537
0.806650598534
1.0
0.488235189674
0.807136423598
1.0
0.487908033161
0.808420458458
1.0
0.486949815655
0.808506929939
1.0
0.486918630608
0.809794180115
1.0
0.485403084015
0.810688670581
1.0
0.485166253003
0.811605797909
1.0
0.484365168602
0.811648188297
1.0
0.484053080704
0.812759056001
1.0
0.484053080704
0.812759056001
1.0
0.483105959978
0.814175801592
1.0
0.482629970397
0.815501142318
1.0
0.481705527715
0.815991771603
1.0
0.481627491903
0.816397581808
1.0
0.478146090743
0.81884075898
1.0
0.477789963488
0.81879981122
1.0
0.47388272465
0.82623129288
1.0
0.473192952418
0.828480058212
1.0
0.471519481948
0.832111599473
1.0
0.471519481948
0.832111599473
1.0
0.471202783489
0.832978096708
1.0
0.468008739467
0.836058208984
1.0
0.466840075222
0.839032113398
1.0
0.465277278877
0.840329443955
1.0
0.462634034495
0.849862512754
1.0
0.461735142071
0.849582651265
1.0
0.459941455524
0.858035681691
1.0
0.458899201462
0.857559399764
1.0
0.458899201462
0.857559399764
1.0
0.457150885042
0.863024388348
1.0
0.45622209273
0.862457446405
1.0
0.456324542128
0.861008748827
1.0
0.456065442016
0.860417028563
1.0
0.455822522279
0.860676294398
1.0
0.454963840339
0.860673501885
1.0
0.454652648603
0.861008920291
1.0
0.452832538126
0.860880748635
