0.99
0.573783082323
0.382695374066
0.99
0.574260280567
0.383139275109
1.0
0.577834755765
0.379782247662
1.0
0.577738110697
0.380290976809
1.0
0.578908714349
0.379620280821
1.0
0.578699552476
0.379632902743
1.0
0.578320847522
0.379837802394
1.0
0.578320847522
0.379837802394
1.0
0.577939919652
0.379677996084
1.0
0.577936225078
0.37944011439
1.0
0.577632353801
0.378973769247
1.0
0.577471843104
0.379333716568
1.0
0.577262508338
0.379251249522
1.0
0.577102002427
0.379415336208
1.0
0.576313017061
0.379205843582
1.0
0.576146410058
0.380253242614
1.0
0.576124349547
0.380320449636
1.0
0.576124349547
0.380320449636
1.0
0.575932794524
0.380504959682
1.0
0.575492485256
0.380179970665
1.0
0.575336432443
0.380908015416
1.0
0.574981654452
0.381133908371
1.0
0.574704015702
0.381746787418
1.0
0.574312948654
0.381881575092
1.0
0.574047745138
0.382202909013
1.0
0.574047745138
0.382202909013
1.0
0.57315140199
0.381281523089
1.0
0.572975298726
0.381680482549
1.0
0.572170822235
0.381666542856
1.0
0.571876699901
0.382633172084
1.0
0.571029173665
0.382201272493
1.0
0.570700257223
0.383005264456
1.0
0.570142516779
0.381856810876
1.0
0.569848055547
0.382264946099
1.0
0.568763743204
0.382463505363
1.0
0.568345493298
0.383496668476
1.0
0.568345493298
0.383496668476
1.0
0.567060453925
0.382510724554
1.0
0.566136279925
0.383465055977
1.0
0.565117371249
0.382905348934
1.0
0.564574621045
0.384036614759
1.0
0.563577519647
0.38367162174
1.0
0.563014708351
0.384422500737
1.0
0.563014708351
0.384422500737
1.0
0.561540111026
0.383205434684
1.0
0.561087833986
0.383899093375
1.0
0.559652952577
0.383435028015
1.0
0.558736571786
0.384661287205
1.0
0.557119237399
0.383308098991
1.0
0.556510572368
0.384310330164
1.0
0.554904216376
0.38408407349
1.0
0.554022744953
0.385826935031
1.0
0.554022744953
0.385826935031
1.0
0.552995726879
0.384874151776
1.0
0.552013424707
0.386247656196
1.0
0.550222035661
0.385552288269
1.0
0.549363979525
0.387016793242
1.0
0.547759524466
0.38586323686
1.0
0.547327813256
0.386593614351
1.0
0.545727206875
0.385823658943
1.0
0.544578586576
0.387547206657
1.0
0.542766877294
0.386611766558
1.0
0.541827018398
0.388107038601
1.0
0.541827018398
0.388107038601
1.0
0.54025435588
0.38696133253
1.0
0.539315593694
0.388778221092
1.0
0.537143046876
0.388248686868
1.0
0.536221487188
0.389746239293
1.0
0.534593761006
0.388469997413
1.0
0.533566043615
0.39002662488
1.0
0.533566043615
0.39002662488
1.0
0.532314671492
0.389651199948
1.0
0.531154924424
0.391578967826
1.0
0.529002961354
0.390366113683
1.0
0.52795327011
0.391931268221
1.0
0.526389891063
0.391472735829
1.0
0.525339603053
0.393882425376
1.0
0.523382970066
0.393539187522
1.0
0.522229985736
0.395177064851
1.0
0.520739984406
0.394066139978
1.0
0.520739984406
0.394066139978
1.0
0.519530251574
0.396152544735
1.0
0.517664770283
0.395348413514
1.0
0.516754192
0.397073715025
1.0
0.514782407635
0.395963853464
1.0
0.513575931224
0.39929107176
1.0
0.511497819918
0.398119250975
1.0
0.51040311434
0.399493989941
1.0
0.51040311434
0.399493989941
1.0
0.508506352936
0.399027938571
1.0
0.507493187321
0.401035819671
1.0
0.505615622976
0.400534959352
1.0
0.50441808157
0.402665893625
1.0
0.5021635246
0.40138581546
1.0
0.501072571157
0.403030836656
1.0
0.499413354027
0.402329364608
1.0
0.498294874592
0.404745437613
1.0
0.498294874592
0.404745437613
1.0
0.496224250261
0.403946273478
1.0
0.495513739264
0.405146813155
1.0
0.493457370771
0.403996007289
1.0
0.492151279404
0.406868147495
1.0
0.489943503833
0.405773010329
1.0
0.489125376693
0.407562713592
1.0
0.486647321858
0.407241842265
1.0
0.485459028299
0.409472365455
1.0
0.484112423868
0.409168142607
1.0
0.482986424379
0.411367159495
1.0
0.482986424379
0.411367159495
1.0
0.48078154392
0.410846670274
1.0
0.479819417177
0.412469266641
1.0
0.477793004503
0.411774534383
1.0
0.476731645648
0.414120360417
1.0
0.475102736928
0.414258685153
1.0
0.473775749824
0.416910942766
1.0
0.472284677656
0.416100972499
1.0
0.472284677656
0.416100972499
1.0
0.471070713145
0.418331525407
1.0
0.468693139101
0.417779460211
1.0
0.467697642829
0.420361594206
1.0
0.466514060864
0.419943849901
1.0
0.46546604856
0.422292490065
1.0
0.463392065635
0.421567744851
1.0
0.462391034213
0.424015054861
1.0
0.462391034213
0.424015054861
1.0
0.46110973555
0.423554590674
1.0
0.460103669799
0.425696933769
1.0
0.459067362917
0.425133325068
1.0
0.45801151949
0.427628284034
1.0
0.456260150936
0.426981387606
1.0
0.45547186255
0.42811598527
1.0
0.454293696818
0.427524004434
1.0
0.453349710828
0.429696525308
1.0
0.452349249224
0.42948002076
1.0
0.452349249224
0.42948002076
1.0
0.451507011304
0.430981129021
1.0
0.45015433235
0.430304439865
1.0
0.449461258482
0.431955613967
1.0
0.448578602835
0.431830977876
1.0
0.448054382826
0.433329200794
1.0
0.446556677216
0.433145168955
1.0
0.445622815745
0.435087999344
1.0
0.445437288851
0.434814426474
1.0
0.445437288851
0.434814426474
1.0
0.445017702697
0.435886299344
0.984716629515
0.444544802096
0.435616317202
0.984716629515
0.444000650785
0.436536147006
1.0
0.442822938021
0.436048420619
1.0
0.442103272819
0.437073855429
1.0
0.441658844248
0.43701857687
1.0
0.441429615717
0.438169819805
1.0
0.440892668118
0.438250379466
1.0
0.440892668118
0.438250379466
1.0
0.440299207497
0.439536626057
1.0
0.440053623462
0.439616398396
0.98974003363
0.440053536046
0.440270175845
0.98974003363
0.439560836632
0.439794559915
0.970556589421
0.439136435931
0.440924006409
0.970556589421
0.438434620697
0.441200351302
1.0
0.43798883536
0.442238585081
1.0
0.437969584405
0.442119367544
1.0
0.437969584405
0.442119367544
1.0
0.43770034477
0.442881035776
1.0
0.437597963592
0.442675214064
1.0
0.437658179175
0.443019649574
0.960581153997
0.437725759184
0.442645685565
0.960581153997
0.437443395472
0.443399508168
1.0
0.437342602676
0.443673236823
1.0
0.437342602676
0.443673236823
1.0
0.437164066881
0.444068176073
1.0
0.436647919538
0.444540367997
1.0
0.436866020747
0.44492700481
1.0
0.436914523077
0.444666124319
1.0
0.436563661095
0.44535382504
1.0
0.436168147866
0.445249937315
1.0
0.436094830496
0.445408879506
1.0
0.436008289798
0.445507445106
1.0
0.435870942527
0.445930981622
1.0
0.436057159194
0.445986241412
1.0
0.436057159194
0.445986241412
1.0
0.436112545973
0.446997494045
1.0
0.437955689409
0.448745743418
1.0
0.437961016044
0.448210579035
1.0
0.437862272634
0.448631888416
1.0
0.437795255596
0.44944560773
1.0
0.437811992347
0.449392268442
1.0
0.437771104672
0.448937358259
1.0
0.437771104672
0.448937358259
1.0
0.43791199629
0.448969860234
1.0
0.438009837321
0.449042576131
1.0
0.437515830434
0.449361800615
1.0
0.437617160771
0.449885735526
1.0
0.438161849873
0.449335032053
1.0
0.438037241455
0.449338804086
1.0
0.43679190581
0.449814932591
1.0
0.436861726856
0.449347591421
1.0
0.437598123239
0.448843129169
1.0
0.437598123239
0.448843129169
1.0
0.437551514019
0.449188247318
1.0
0.437883796098
0.449756502635
1.0
0.437862373763
0.449455540705
0.990164806153
0.437801852109
0.449105178902
0.990164806153
0.437971882731
0.448798746375
1.0
0.437902876942
0.449038990456
1.0
0.437795802712
0.449830693551
1.0
0.43803223681
0.450250797244
1.0
0.43803223681
0.450250797244
1.0
0.438115944613
0.45008454369
1.0
0.438015621954
0.450238297934
1.0
0.437887553635
0.450169201986
1.0
0.437721884482
0.449743285885
1.0
0.437849153257
0.450252521477
1.0
0.437760784
0.450530433442
1.0
0.437691332591
0.450497476427
1.0
0.438353399897
0.449928479981
1.0
0.438353399897
0.449928479981
1.0
0.438357154064
0.449771864612
1.0
0.438219390734
0.449505403107
1.0
0.438378378986
0.44933786957
1.0
0.438509342704
0.44959273346
1.0
0.438453901601
0.449656682575
1.0
0.43854350042
0.448961620717
1.0
0.438502220332
0.449059555866
1.0
0.438562458733
0.449484274318
1.0
0.438562458733
0.449484274318
1.0
0.438553915033
0.449924914151
1.0
0.438529540098
0.449853117981
1.0
0.438441470015
0.448582854382
1.0
0.438958504644
0.447797794027
1.0
0.439146147973
0.447150866561
1.0
0.439184192355
0.447322409129
1.0
0.439207055499
0.447491442511
1.0
0.439528077916
0.44649074045
1.0
0.439528077916
0.44649074045
1.0
0.439786904626
0.445832436952
1.0
0.439724276781
0.446044094267
0.958641825736
0.44007647997
0.445557071966
0.958641825736
0.4405115664
0.444366610223
0.97192902304
0.440732997388
0.443421589217
1.0
0.44065718614
0.443671491587
1.0
0.440419071337
0.443461195554
1.0
0.440436432473
0.443589849819
1.0
0.440436432473
0.443589849819
1.0
0.440518803795
0.4432588901
0.924575625367
0.441200175764
0.441986936241
0.924575625367
0.441143648709
0.441755655421
1.0
0.441168667325
0.442319291358
1.0
0.441419013183
0.44080673188
1.0
0.441034260904
0.440105551376
1.0
0.44120046616
0.439492795034
1.0
0.442023111666
0.439742606856
1.0
0.442023111666
0.439742606856
1.0
0.441959486143
0.439158149146
1.0
0.442283884033
0.438840846493
1.0
0.442530868922
0.437825371162
1.0
0.44297691066
0.437468672497
1.0
0.443117162024
0.436394673447
1.0
0.443671241294
0.435751077233
1.0
0.443679338477
0.435334670636
1.0
0.444213398064
0.435150589624
1.0
0.444213398064
0.435150589624
1.0
0.444675962484
0.433856807991
1.0
0.444931124773
0.433656748507
1.0
0.444942101892
0.432610258992
1.0
0.445301347864
0.432245595029
1.0
0.445495111045
0.430889432754
1.0
0.445902665283
0.429910662394
1.0
0.446121433292
0.428921421691
1.0
0.446121433292
0.428921421691
1.0
0.446678060709
0.428452006361
1.0
0.447020246481
0.4271256329
1.0
0.447387018931
0.426761273252
1.0
0.447506267504
0.425535218441
1.0
0.447655469173
0.42515877458
1.0
0.448105132097
0.424236337637
1.0
0.448440662031
0.423900380355
1.0
0.44871840006
0.422536248989
1.0
0.448892831166
0.422016161136
1.0
0.448892831166
0.422016161136
1.0
0.449117485992
0.420428601609
1.0
0.449321455134
0.420189193051
1.0
0.449361921944
0.419313413433
1.0
0.449388831116
0.418972918532
1.0
0.449730603171
0.417837084298
1.0
0.450072008966
0.41759107822
1.0
0.450275244439
0.416536822623
1.0
0.450258374647
0.416233652851
1.0
0.450258374647
0.416233652851
1.0
0.450679687096
0.415283654103
1.0
0.450836106608
0.415048075098
1.0
0.451042433895
0.41362100578
1.0
0.451600877516
0.414329184423
1.0
0.452090599518
0.413168229277
1.0
0.45188495877
0.41306707034
1.0
0.45179644361
0.412633901982
1.0
0.451963800701
0.413134915684
1.0
0.451963800701
0.413134915684
1.0
0.452325015501
0.412398523825
1.0
0.45251817808
0.412923928903
1.0
0.452499701891
0.413357751004
1.0
0.452412198002
0.413545281335
1.0
0.45254094269
0.413915937133
1.0
0.452728901881
0.414677561959
1.0
0.452673661754
0.414821263083
1.0
0.452131387999
0.415145881817
1.0
0.452131387999
0.415145881817
1.0
0.452322526995
0.415958581962
1.0
0.452836519522
0.416813077397
1.0
0.452547980927
0.417346822879
1.0
0.452820701107
0.417890668511
1.0
0.452822248075
0.418852287711
1.0
0.453251233013
0.420168989318
1.0
0.453186125668
0.421199894495
1.0
0.453186125668
0.421199894495
1.0
0.45479510822
0.422602831192
1.0
0.454505099924
0.424083652375
1.0
0.457634703675
0.426267279424
1.0
0.457413865273
0.426981542359
0.814176737239
0.439954696218
0.373445053886
0.814176737239
0.439397799321
0.375248429665
0.814176737239
0.438922182814
0.376627016186
0.814176737239
0.438922182814
0.376627016186
0.814176737239
0.438922182814
0.376627016186
0.99
0.113519487029
0.0387399961313
0.99
0.11287664764
0.0425805747062
0.99
0.112154722649
0.0467441794947
0.742417899394
0.130110850668
-0.0465010914256
0.893132466914
1.16046182347
2.79152833471
0.893132466914
1.16046182347
2.79152833471
0.893132466914
1.16046182347
2.79152833471
0.893132466914
0.636819189145
-0.050818036845
0.706191828032
0.654676307216
-0.0103496562759
0.762345246765
0.428115128319
0.356831846169
0.865342357629
0.429960143413
0.387546424982
0.865342357629
0.429960143413
0.387546424982
0.832008841259
0.429427639926
0.388264035968
0.816286393795
0.429093346267
0.409038828198
0.629573549348
0.436624924844
0.440318864257
0.629573549348
0.436854061493
0.448133221917
0.629573549348
0.434113480197
0.460221086475
0.629573549348
0.432966156538
0.466735986419
0.861608072419
0.431346580977
0.45372583449
0.836175456529
0.429975200967
0.464846810022
0.836175456529
0.433692836531
0.469822893778
0.836175456529
0.433692836531
0.469822893778
0.897993367438
0.433466001775
0.474632812934
0.96267008609
0.436556018619
0.479141496531
0.972276326368
0.436373805334
0.482535618134
0.972276326368
0.438344065383
0.484535419866
0.981065816612
0.438374584363
0.48583703058
0.981065816612
0.438458474667
0.484934561321
1.0
0.438697714544
0.485470226137
1.0
0.438266501279
0.485568127015
1.0
0.438266501279
0.485568127015
1.0
0.438516024444
0.485292763109
1.0
0.438207012797
0.485369359604
1.0
0.438641025067
0.485204288996
1.0
0.438448188659
0.485578963602
1.0
0.438730591232
0.485253732424
1.0
0.43870850521
0.485613731088
1.0
0.438933054607
0.484942771181
1.0
0.438933054607
0.484942771181
1.0
0.438446166383
0.484162939104
1.0
0.438601847415
0.483803750199
1.0
0.438335274306
0.48305385733
1.0
0.438466076901
0.482558706113
1.0
0.438871661052
0.482224235256
1.0
0.439319089754
0.481964451111
1.0
0.438611358618
0.482104076618
1.0
0.438665827958
0.481634739595
1.0
0.438692866191
0.480826866781
1.0
0.438692866191
0.480826866781
0.996257676692
0.438888516725
0.479960042141
0.996257676692
0.439034248072
0.479934269547
1.0
0.438782776018
0.47981918306
1.0
0.438465734754
0.47974867974
1.0
0.438702889948
0.479144526449
1.0
0.439175442708
0.478984443852
1.0
0.439481351342
0.478296597005
1.0
0.439481351342
0.478296597005
1.0
0.439364206039
0.478067336921
1.0
0.43947165934
0.477641615973
1.0
0.439466787374
0.477401621086
1.0
0.439680963178
0.47669685887
1.0
0.439375514927
0.476206270693
1.0
0.439466980888
0.475570045767
1.0
0.440029107074
0.476000580832
1.0
0.440029107074
0.476000580832
1.0
0.440171584001
0.475691735584
1.0
0.440027551175
0.475215953247
1.0
0.440122592838
0.475074913167
1.0
0.44023317314
0.475663492551
1.0
0.440362371048
0.4750501267
1.0
0.440401707385
0.474911861412
1.0
0.440486421459
0.475042234313
1.0
0.440498724442
0.475020963695
1.0
0.440600728633
0.475086873375
1.0
0.440601429957
0.475260634468
1.0
0.440601429957
0.475260634468
1.0
0.440598049643
0.474877806967
1.0
0.441001334447
0.474673668374
1.0
0.441248417262
0.474454666293
1.0
0.441180332241
0.474503017643
1.0
0.441145075664
0.474497955503
1.0
0.441565310989
0.475355432534
1.0
0.441533974816
0.475665442621
1.0
0.441533974816
0.475665442621
1.0
0.441237305542
0.474678918969
0.99462744759
0.441554598709
0.474130196257
0.99462744759
0.441405156865
0.474152166822
1.0
0.441495015977
0.474041249171
1.0
0.44169076256
0.473716190355
1.0
0.441645225497
0.473658431405
1.0
0.442040970025
0.473546531568
1.0
0.442198750636
0.472984880877
1.0
0.442217631241
0.47301640009
1.0
0.442217631241
0.47301640009
1.0
0.442271818389
0.472850585638
1.0
0.441867716107
0.47275291471
1.0
0.441867274795
0.472596508996
1.0
0.441976348916
0.472376847081
1.0
0.441909754088
0.472565879601
1.0
0.442289054393
0.472976511499
1.0
0.442344258899
0.47275370346
1.0
0.442344258899
0.47275370346
1.0
0.442216724785
0.472402571284
1.0
0.44233198968
0.472140646771
1.0
0.442245446378
0.471575753393
1.0
0.442323380495
0.471322532707
1.0
0.442401895763
0.471449083493
1.0
0.442522592156
0.471315277177
1.0
0.442460788726
0.471467133773
1.0
0.442215437014
0.471313830917
1.0
0.442215437014
0.471313830917
1.0
0.442233871813
0.471072775677
0.999539630605
0.442302112651
0.470997937268
0.999539630605
0.442306041882
0.471111372323
1.0
0.442502680519
0.470434076487
1.0
0.442805080987
0.470441143913
1.0
0.442776709298
0.470447715088
1.0
0.442618398941
0.470264752937
1.0
0.442495909975
0.470659238446
1.0
0.442745400006
0.471100830484
1.0
0.442745400006
0.471100830484
1.0
0.442909521151
0.470665038004
1.0
0.442689076201
0.470652977179
1.0
0.442657601465
0.47069715828
1.0
0.443306762899
0.470988218552
1.0
0.443318854669
0.470696460421
1.0
0.442879523426
0.470496267885
1.0
0.442851563741
0.470900935547
