0.934895854917
0.53784963125
0.341414104429
0.934895854917
0.53771253697
0.340923450599
0.802938107054
0.538804076945
0.343576971098
0.802938107054
0.538752758646
0.342601192252
0.766974977379
0.561076198115
0.352332968982
0.766974977379
0.561000252804
0.353730448799
0.940059239955
0.54833935474
0.355168162353
0.940059239955
0.54833935474
0.355168162353
0.940059239955
0.54781386536
0.353509618315
0.922876758957
0.548156670864
0.351940827637
0.922876758957
0.548472929813
0.352712828984
0.927677370753
0.548251194005
0.352330399032
0.927677370753
0.548533352957
0.351089185481
0.926192672408
0.548630395961
0.350101419219
0.926192672408
0.548518265181
0.350121323786
0.920664086104
0.548435561278
0.349492936463
0.920664086104
0.548435561278
0.349492936463
0.920664086104
0.548784443855
0.351146127799
0.916661446379
0.548699564008
0.350636396187
0.916661446379
0.548172847063
0.35019137196
0.911693575774
0.547960836549
0.349724927507
0.911693575774
0.548142891486
0.348574646358
0.919736098741
0.547914132166
0.349500026086
0.919736098741
0.548027150567
0.349862474148
0.933829120684
0.548072087942
0.349265828314
0.933829120684
0.547674333416
0.348777854216
0.933829120684
0.547674333416
0.348777854216
0.933839981621
0.547701581793
0.348811598512
0.933839981621
0.547918710624
0.349143112359
0.951685348573
0.547844406207
0.349289922254
0.951685348573
0.547755172837
0.349624268306
0.921656628621
0.547922048668
0.349323153591
0.921656628621
0.548291404193
0.349080250226
0.916077672113
0.548262544101
0.348549883733
0.916077672113
0.548538190211
0.349418818302
0.916077672113
0.548538190211
0.349418818302
0.933900614926
0.548534067702
0.349460489663
0.933900614926
0.548315572227
0.348438350485
0.909238042337
0.548298652286
0.348150813932
0.909238042337
0.548397100383
0.348322319387
0.91421224981
0.548247392391
0.348462379758
0.91421224981
0.548672315391
0.348681497149
0.933524731974
0.548629135583
0.349291429684
0.933524731974
0.548629135583
0.349291429684
0.933524731974
0.549845717963
0.34971994189
0.939436930992
0.549861485988
0.349781203132
0.709797869676
0.551915308692
0.360209194091
0.709797869676
0.551860324343
0.360034578513
0.95882854842
0.556670550789
0.364512151967
0.921462610714
0.556802423748
0.364051847801
0.874855611861
0.558078314013
0.364220936107
0.874855611861
0.559324856003
0.362958597203
0.861155961183
0.559729920111
0.364787698791
0.861155961183
0.563387534564
0.361801882763
0.861155961183
0.563387534564
0.361801882763
0.92052861674
0.563400823337
0.362989024305
0.885185605903
0.569162327512
0.354128389628
0.85141156697
0.569350653837
0.354518339559
0.85141156697
0.571823537209
0.353858748243
0.828127623809
0.571697544304
0.354083746029
0.828127623809
0.571910869726
0.354453161761
0.828127623809
0.571910869726
0.354453161761
0.90261134732
0.571637107612
0.353435854115
0.887193474809
0.571382391299
0.353327889545
0.887193474809
0.571797712036
0.346352433389
0.956230952994
0.571630003359
0.346766225907
0.948319284047
0.57157435445
0.34685885965
0.948319284047
0.571966204903
0.347395009706
0.909378416929
0.571858905592
0.347593258083
0.909378416929
0.571906951258
0.347284008303
0.909378416929
0.571906951258
0.347284008303
0.944497433042
0.57179464941
0.347284673635
0.934359028357
0.57138410694
0.346607625046
0.910649577638
0.571010655346
0.346026698749
0.91029567135
0.570983996404
0.346650131451
0.91029567135
0.571491722774
0.346854438041
0.924240897028
0.571756316424
0.346862901348
0.924240897028
0.57142259423
0.34662891144
0.91223930481
0.571154706023
0.346307508894
0.91223930481
0.571154706023
0.346307508894
0.91223930481
0.571136399161
0.346759135647
0.933791856527
0.571289900592
0.347169423867
0.926078464615
0.571166254559
0.347541059304
0.926078464615
0.571115463087
0.347375042192
0.933496545145
0.571520896298
0.348049925997
0.975160584237
0.57145343587
0.347870559068
0.949192905795
0.571390768015
0.347974315477
0.949192905795
0.571390768015
0.347974315477
0.935097591104
0.571398908818
0.348512764504
0.927808635661
0.571259589991
0.348268628595
0.917210873441
0.571052173133
0.347928617896
0.917210873441
0.57108904589
0.347035415222
0.93502688334
0.571198627777
0.347722085126
0.93502688334
0.571471030098
0.348456079999
0.955946169194
0.571276614241
0.349266599612
0.955946169194
0.570776106762
0.349168705241
0.923846919287
0.570787273209
0.347935836127
0.923846919287
0.570446658345
0.346922540293
0.923846919287
0.570446658345
0.346922540293
0.942094582441
0.570274617764
0.347492821049
0.942094582441
0.570280764355
0.351646040595
0.938337756994
0.570059584943
0.352269775368
0.938337756994
0.570237949164
0.355731359759
0.933716770728
0.570114198896
0.355606841975
0.933716770728
0.570046280335
0.356596115414
0.933716770728
0.570046280335
0.356596115414
0.93351755248
0.56961922887
0.35778844636
0.93351755248
0.570432266889
0.360772471575
0.924042429647
0.569804358037
0.366531375019
0.924042429647
0.569659374162
0.368044325816
0.91844894001
0.569037818791
0.375471880684
0.91844894001
0.569358383464
0.37661194263
0.984365691861
0.569749466892
0.382638957358
0.984365691861
0.569994762031
0.383869238126
0.984365691861
0.569994762031
0.383869238126
0.986113728498
0.570480856979
0.387584581361
0.986113728498
0.57054472226
0.388517171909
1.0
0.571043902754
0.389611281205
1.0
0.571349092068
0.390406219004
1.0
0.57122805913
0.389717537614
1.0
0.571686200433
0.390225034572
1.0
0.571418707117
0.390520999149
1.0
0.571744902689
0.391935175298
1.0
0.571821017488
0.391281034126
1.0
0.571821017488
0.391281034126
1.0
0.572146937195
0.39242568741
1.0
0.57212868081
0.392345948562
1.0
0.572402586505
0.393418845671
1.0
0.572315355384
0.393174397749
1.0
0.57136928824
0.39174018869
1.0
0.57133332657
0.391574893018
1.0
0.571323968243
0.39199130797
1.0
0.571323968243
0.39199130797
1.0
0.571206973383
0.391677530862
1.0
0.571332834141
0.391124574598
1.0
0.571306973523
0.391683937282
1.0
0.571432732451
0.392703618579
1.0
0.571374812834
0.393089958757
1.0
0.571212519801
0.392540376097
1.0
0.571204254426
0.39201352025
1.0
0.571346277778
0.392342059628
1.0
0.571346277778
0.392342059628
1.0
0.57139509756
0.393047467573
1.0
0.571121444509
0.393328738034
1.0
0.570943799926
0.392334429364
1.0
0.570621785651
0.392697249893
1.0
0.570577482613
0.393111094073
1.0
0.570816346017
0.393353343685
1.0
0.570927368405
0.393489080868
1.0
0.571070373666
0.394183622831
1.0
0.571070373666
0.394183622831
1.0
0.571102930321
0.394111756429
1.0
0.571182774958
0.393480976579
1.0
0.570892006597
0.393285486618
1.0
0.570794177104
0.392249885282
1.0
0.570993091476
0.392371140467
1.0
0.571288106983
0.393122782077
1.0
0.571084165783
0.393175323373
1.0
0.570860005419
0.393146144916
1.0
0.570860005419
0.393146144916
1.0
0.571080483523
0.393626418043
1.0
0.571501907266
0.394927062776
1.0
0.571472920806
0.395178428263
1.0
0.571760614399
0.395952461953
1.0
0.572236092904
0.395652705072
1.0
0.572461888177
0.396351152536
1.0
0.572497798411
0.396692970039
1.0
0.573030731014
0.397610537158
1.0
0.573145171832
0.397871133265
1.0
0.573145171832
0.397871133265
1.0
0.573232753399
0.39790282285
1.0
0.573702787768
0.397224026177
1.0
0.573870375465
0.397256765491
1.0
0.574208856362
0.397339518729
1.0
0.574545560035
0.398869498322
1.0
0.574830832327
0.399315182076
1.0
0.574818640405
0.399330970413
1.0
0.574818640405
0.399330970413
1.0
0.57499613798
0.400564741527
1.0
0.575364441281
0.401992468985
1.0
0.575679763009
0.401620795166
1.0
0.575774133608
0.402571492852
1.0
0.576095653398
0.403949595669
1.0
0.57629554659
0.403975200924
1.0
0.576611507809
0.403909502016
1.0
0.576924614383
0.404992307203
1.0
0.576924614383
0.404992307203
1.0
0.577339341907
0.405397754609
1.0
0.577746502079
0.406174463351
1.0
0.578175513105
0.406046641815
1.0
0.578267299023
0.406401973769
1.0
0.578737091604
0.406697712098
1.0
0.579206751964
0.408166889516
1.0
0.579540434884
0.408725472781
1.0
0.579895462677
0.410421076048
1.0
0.579895462677
0.410421076048
1.0
0.580246353823
0.41074106143
1.0
0.580397950649
0.411002906544
1.0
0.580921660773
0.410984316826
1.0
0.581370657064
0.411200601352
1.0
0.581762969657
0.411662752606
1.0
0.582018442339
0.412877129677
1.0
0.582691236414
0.413220513735
1.0
0.583393046059
0.416756655116
1.0
0.583393046059
0.416756655116
1.0
0.583676186708
0.416840741219
1.0
0.583659457481
0.41794158784
1.0
0.583891677513
0.418435325982
1.0
0.584413388241
0.419733030169
1.0
0.585049429136
0.419816930388
1.0
0.585365558561
0.420534929207
1.0
0.585678188315
0.421018012708
1.0
0.585708895205
0.4216950664
1.0
0.585708895205
0.4216950664
1.0
0.586016060473
0.421801776035
1.0
0.586445702905
0.422644900124
1.0
0.586552460409
0.423602951662
1.0
0.586675373312
0.424472165613
1.0
0.586679372812
0.426050148172
1.0
0.586775267418
0.426606108895
1.0
0.587203191522
0.427122197612
1.0
0.5875044602
0.428634258549
1.0
0.5875044602
0.428634258549
1.0
0.588245545592
0.429602065142
1.0
0.588687958884
0.432058230588
1.0
0.589035231083
0.432240997648
1.0
0.588836997904
0.430535317647
1.0
0.589064515854
0.431348558281
1.0
0.589325658725
0.430348298217
1.0
0.589453894345
0.432066788512
1.0
0.589690323885
0.431484751868
1.0
0.589690323885
0.431484751868
1.0
0.590349606904
0.431989434329
1.0
0.590771468452
0.432313860153
1.0
0.591022544788
0.431364807037
1.0
0.591206452105
0.432479472894
1.0
0.591790643975
0.42820576899
1.0
0.591859824729
0.429810177632
1.0
0.592722836344
0.425942957508
1.0
0.593013727521
0.426958824271
1.0
0.593013727521
0.426958824271
1.0
0.593313125053
0.426477111433
1.0
0.593476971021
0.428870924222
1.0
0.593073804615
0.430293678531
1.0
0.59331183603
0.431755031998
1.0
0.593000089678
0.433348906719
1.0
0.593269280928
0.434557663318
1.0
0.593821451336
0.435848768913
1.0
0.593949251118
0.437429252188
1.0
0.593949251118
0.437429252188
1.0
0.593930700201
0.439961402025
1.0
0.5938578685
0.441151033924
1.0
0.593502527435
0.442997945401
1.0
0.59421757357
0.444923023458
1.0
0.594271457934
0.447303675312
1.0
0.593679991629
0.447403651434
1.0
0.593436187179
0.449957447485
1.0
0.593598803429
0.450882146868
1.0
0.593598803429
0.450882146868
1.0
0.593597772253
0.453610148577
1.0
0.593556017436
0.455089884541
1.0
0.593420369909
0.458027319101
1.0
0.593526272218
0.459649220699
1.0
0.593388727028
0.462102189594
1.0
0.593438731386
0.463358847216
1.0
0.593379941792
0.465037704584
1.0
0.593453759159
0.46651343634
1.0
0.593453759159
0.46651343634
1.0
0.592964774354
0.469326526282
1.0
0.592965195323
0.470454892979
1.0
0.592414587238
0.472239086668
1.0
0.592447315358
0.472648118065
1.0
0.592295742029
0.474288172724
1.0
0.592294275031
0.474697025585
1.0
0.591845096277
0.476937302933
1.0
0.592011858794
0.477973852845
1.0
0.592011858794
0.477973852845
1.0
0.591923771124
0.479379907826
1.0
0.591732075298
0.480123533279
1.0
0.591426032356
0.481320709077
1.0
0.591336495321
0.480879656523
1.0
0.591308396038
0.481658345352
1.0
0.591529423011
0.481925686582
1.0
0.591391279442
0.483086319731
1.0
0.59130265792
0.483123407281
1.0
0.59130265792
0.483123407281
1.0
0.591114918487
0.483272849278
1.0
0.591079030873
0.483301088268
1.0
0.591125357019
0.48405659251
1.0
0.591397139641
0.484062503129
1.0
0.591204869096
0.484619770185
1.0
0.591337623302
0.485409689551
1.0
0.590938618981
0.486415723241
1.0
0.590799854513
0.485960648297
