0.607635538467
0.523487386051
0.677032367573
0.607635538467
0.523487386051
0.677032367573
1.0
0.545707374365
0.674732526126
0.779306495253
0.789418167177
0.48306215625
0.779306495253
0.789282439777
0.48402817737
0.779306495253
0.789150371308
0.484890523027
0.779306495253
0.788695130848
0.48439324309
0.779306495253
0.787639717937
0.484052984195
0.779306495253
0.786299895733
0.48440119879
0.779306495253
0.785548587163
0.483605620609
0.779306495253
0.785548587163
0.483605620609
0.779306495253
0.784454074859
0.472063648391
0.779306495253
0.791230983659
0.406685053187
0.779306495253
0.791230983659
0.406685053187
0.818746950915
0.57934797952
0.472656578845
0.818857746622
0.495609937394
0.532909621608
0.94168187922
0.494183619159
0.513983623373
0.756505848739
0.493002745525
0.579995678788
0.756505848739
0.493002745525
0.579995678788
0.826712122834
0.492854627953
0.582640133657
0.920965281189
0.492047054065
0.56716053817
0.868346094979
0.492469990511
0.566578709953
0.949368094551
0.492828148607
0.567652811337
0.725134357338
0.491134610346
0.630396115565
0.725134357338
0.512233266306
0.590988325608
0.725703796302
0.510569935064
0.618597658615
0.725703796302
0.505795276078
0.623800340759
0.836638775135
0.506710243448
0.609767769917
0.836638775135
0.506710243448
0.609767769917
0.836638775135
0.500877024554
0.608528385835
0.864564082014
0.500997337819
0.605947202102
0.864564082014
0.503487565857
0.600802948147
0.917788353476
0.503463540551
0.60385691518
0.917788353476
0.50507926708
0.604785529937
0.89476796293
0.505035286446
0.608078342114
0.89476796293
0.503922442216
0.609194882679
0.892564796165
0.503851700066
0.608699760385
0.892564796165
0.503851700066
0.608699760385
0.892564796165
0.505187248334
0.611174668023
0.846641760398
0.505083501081
0.614591625678
0.846641760398
0.505696149922
0.618868209593
0.905114462767
0.505529185439
0.623509047528
0.905114462767
0.504268820925
0.632278648384
0.877227662833
0.50402468185
0.635933682438
0.893456227804
0.503837329797
0.638805109076
0.893456227804
0.505636593908
0.644293766312
0.893456227804
0.505636593908
0.644293766312
0.920250035623
0.505735928243
0.646420836267
0.920250035623
0.504021852168
0.646234111725
0.941067783901
0.504186609381
0.64723005077
0.941067783901
0.505426035071
0.645192557889
0.980864020973
0.505588024901
0.648156965563
0.980864020973
0.506531319827
0.649523202627
0.938062252456
0.506633617309
0.652517424935
0.938062252456
0.506633617309
0.652517424935
0.938062252456
0.506841571789
0.654486267077
0.994258409148
0.507020648916
0.656829406987
0.994258409148
0.503324377514
0.657951089828
0.977041140434
0.503209209928
0.660430700819
0.977041140434
0.503111521304
0.65962612044
0.990562094483
0.503128830646
0.661044360633
0.990562094483
0.503200062672
0.664939220867
0.97831308732
0.503253445329
0.665769798493
0.97831308732
0.501589849275
0.670122968979
0.97831308732
0.501589849275
0.670122968979
0.979743798115
0.501575454992
0.671409227857
0.979743798115
0.501575454992
0.671409227857
0.979743798115
0.524728642935
0.6776043527
1.0
0.525102698988
0.679552826108
1.0
0.524780348636
0.682392774775
1.0
0.494832263143
0.677916825041
1.0
0.494832263143
0.677916825041
1.0
0.494908054095
0.677400702324
1.0
0.494884452309
0.677549173732
1.0
0.494929971989
0.677245702212
1.0
0.494953352861
0.678410671765
1.0
0.494858717848
0.680489694807
1.0
0.494790386081
0.681747775798
1.0
0.494874304142
0.682119724456
1.0
0.496990452921
0.683218493536
1.0
0.496918533333
0.684334765609
1.0
0.496918533333
0.684334765609
1.0
0.497169374727
0.684808470359
1.0
0.497110895694
0.685956362595
1.0
0.493850828653
0.686585011994
1.0
0.493802948356
0.688054364213
1.0
0.494407613371
0.687945835271
1.0
0.494486416191
0.688426178695
1.0
0.494486416191
0.688426178695
1.0
0.491611038406
0.694588276289
1.0
0.4914845841
0.696030736287
1.0
0.486686631902
0.696765670346
1.0
0.486548305964
0.698616848666
1.0
0.486512113938
0.699364619924
1.0
0.486338223537
0.701587190876
1.0
0.486338223537
0.701587190876
1.0
0.513036240672
0.701262403004
1.0
0.513036240672
0.701262403004
1.0
0.512514932421
0.703424800543
1.0
0.511673326639
0.706051489779
1.0
0.510242681286
0.70754266874
1.0
0.508569517654
0.710957957697
1.0
0.508569517654
0.710957957697
1.0
0.507360205572
0.711812331078
1.0
0.505908326868
0.713750436491
1.0
0.503815829062
0.714669165628
1.0
0.503157990172
0.71802157215
1.0
0.503157990172
0.71802157215
1.0
0.502014132466
0.718600718181
1.0
0.50089243516
0.718592367374
1.0
0.499730244183
0.719881802651
1.0
0.498628970476
0.720722537561
1.0
0.498628970476
0.720722537561
1.0
0.497963929383
0.720029738646
1.0
0.498052510549
0.719949474807
1.0
0.497774958686
0.718656748681
1.0
0.49818368897
0.718750302917
1.0
0.49818368897
0.718750302917
1.0
0.498704123251
0.719441641008
1.0
0.499028618653
0.719172052991
1.0
0.499437025132
0.719809105131
1.0
0.500129510357
0.718902056192
1.0
0.500129510357
0.718902056192
1.0
0.500067814965
0.716706448977
1.0
0.507937308625
0.726487781554
1.0
0.508171768383
0.725960817993
1.0
0.508377701208
0.726029654939
1.0
0.508408041724
0.725752515817
1.0
0.508440511323
0.72637426147
1.0
0.508469384967
0.727269567172
1.0
0.508466881963
0.726831936526
1.0
0.508466881963
0.726831936526
1.0
0.508381703695
0.726562095077
1.0
0.522443939175
0.733932649412
1.0
0.522940911711
0.733271516511
1.0
0.526305950238
0.736067242087
0.986639805556
0.530361964736
0.723398654148
0.986639805556
0.528533866645
0.722332370468
1.0
0.530759967279
0.72095591685
1.0
0.53048399042
0.718185881337
0.955328761138
0.53191639372
0.716668829958
0.955328761138
0.53191639372
0.716668829958
0.955328761138
0.530050403875
0.713844555335
1.0
0.530807051091
0.712445722471
1.0
0.53098977869
0.713307684089
1.0
0.531332869642
0.711268155292
1.0
0.529347372413
0.712932798291
1.0
0.529463660507
0.711369190834
1.0
0.529463660507
0.711369190834
1.0
0.533258057615
0.701824213814
1.0
0.533374421907
0.700816568298
1.0
0.533490757652
0.700392407055
1.0
0.533609134542
0.700484837494
1.0
0.533524078559
0.699960767583
1.0
0.533524078559
0.699960767583
1.0
0.533520451734
0.699171557697
1.0
0.533344894598
0.69889937114
1.0
0.532556886553
0.696388071592
1.0
0.532650078696
0.695184496547
1.0
0.531888811232
0.696549775648
1.0
0.531886727779
0.695841090022
1.0
0.531886727779
0.695841090022
1.0
0.536348073915
0.695570453559
1.0
0.536363740231
0.695495348346
1.0
0.53631263176
0.695536614488
1.0
0.536374047302
0.695653445988
1.0
0.536411025257
0.694813555633
1.0
0.537455427962
0.696001222254
1.0
0.537674380331
0.695102217464
1.0
0.537812888023
0.693842643216
1.0
0.539274967625
0.695269159375
1.0
0.539274967625
0.695269159375
1.0
0.539614402203
0.693076523289
0.603378886659
0.531221265385
0.687453030818
0.603378886659
0.531336569857
0.68692195209
0.603378886659
0.53171750891
0.685152075074
0.603378886659
0.531901540717
0.684511853147
0.603378886659
0.531901540717
0.684511853147
0.603378886659
0.532085624483
0.682995390661
1.0
0.543606856252
0.692049791374
1.0
0.543913979021
0.691328596342
1.0
0.544106379052
0.691180474774
1.0
0.545121722842
0.690540918997
1.0
0.545303383718
0.690419527844
1.0
0.545303383718
0.690419527844
1.0
0.545303383718
0.690419527844
1.0
0.564787851604
0.679259247465
1.0
0.565225328883
0.678304169287
1.0
0.566106375408
0.676770254374
1.0
0.566106375408
0.676770254374
1.0
0.565958430767
0.676342466356
1.0
0.56695161179
0.675511568449
1.0
0.567173425236
0.675639266198
1.0
0.567339165932
0.674989791515
1.0
0.567339165932
0.674989791515
1.0
0.567369185616
0.676307461801
1.0
0.567328801275
0.67698758927
1.0
0.567346663229
0.678793760233
1.0
0.567636350989
0.677388776998
1.0
0.567636350989
0.677388776998
1.0
0.567876635568
0.6787407504
1.0
0.567558729678
0.680457387553
1.0
0.567522996101
0.681019147824
1.0
0.567582899158
0.679242569108
1.0
0.567582899158
0.679242569108
1.0
0.566934648643
0.681285755412
1.0
0.545276387998
0.68727261607
1.0
0.54522493519
0.686914277004
1.0
0.545378216362
0.686285718941
1.0
0.545327254565
0.686162269001
1.0
0.545176824838
0.685392725574
1.0
0.545363626579
0.684876402216
1.0
0.545363626579
0.684876402216
1.0
0.54514095951
0.684095247679
1.0
0.545100222558
0.683872879551
1.0
0.545221788184
0.685865828114
1.0
0.545178469415
0.685762725308
1.0
0.545178469415
0.685762725308
1.0
0.564906138296
0.673675289641
1.0
0.565409281246
0.675410853014
1.0
0.565302439118
0.676169026185
1.0
0.565302439118
0.676169026185
1.0
0.565595066077
0.678050390601
1.0
0.565306821663
0.680263338785
1.0
0.565604853149
0.680661186841
1.0
0.566021484448
0.682583825811
1.0
0.566021484448
0.682583825811
1.0
0.51709380025
0.711836210427
1.0
0.517194239625
0.712236602792
1.0
0.517170462124
0.714931733373
1.0
0.517263097329
0.714719907183
1.0
0.517352093663
0.715829458313
1.0
0.517357244384
0.717908858792
1.0
0.517423408222
0.718071330335
1.0
0.517298580081
0.72068388207
1.0
0.479225160722
0.72611308696
1.0
0.479225160722
0.72611308696
1.0
0.479101435221
0.728406523791
1.0
0.477281037039
0.739077404129
1.0
0.472583609023
0.73683577137
0.99
0.470075767479
0.750381326519
0.99
0.468317167217
0.74945979166
1.0
0.466970400825
0.763792609676
1.0
0.467466268773
0.764805578686
1.0
0.467466268773
0.764805578686
1.0
0.467590092839
0.768249814216
1.0
0.456866717536
0.765278049726
0.953306827757
0.457108305391
0.764533921502
1.0
0.45721077
0.764005343759
1.0
0.457075410206
0.766238289528
1.0
0.45706152289
0.765315773029
1.0
0.45706152289
0.765315773029
1.0
0.45700865848
0.766318349404
1.0
0.455044459388
0.761986973739
1.0
0.454957151019
0.76345076294
1.0
0.454093246945
0.759717270829
1.0
0.454062969411
0.759645238972
1.0
0.45475052514
0.754917935804
1.0
0.454760224432
0.755008929597
1.0
0.454576404333
0.756581705444
1.0
0.454576404333
0.756581705444
1.0
0.454434662182
0.758062691239
1.0
0.451487036924
0.755928490537
1.0
0.451460095044
0.75505699113
1.0
0.449294978425
0.755925601096
1.0
0.449302699302
0.756348386044
1.0
0.446899464096
0.754098674298
1.0
0.446846940593
0.753361100394
1.0
0.444374032754
0.753890493847
1.0
0.44428752814
0.754112410798
1.0
0.44428752814
0.754112410798
1.0
0.44171602884
0.753965072978
1.0
0.441709383958
0.753394974083
1.0
0.439656721808
0.753791643361
1.0
0.439596367868
0.753736416908
1.0
0.4415644352
0.753441998729
1.0
0.441553224105
0.753024504838
1.0
0.438455743532
0.7505658256
1.0
0.438455743532
0.7505658256
1.0
0.438447327437
0.75030337661
1.0
0.437947078992
0.747484457342
1.0
0.437937932122
0.746381868802
1.0
0.438070291428
0.74553531571
1.0
0.438167551836
0.74384290422
1.0
0.435869237498
0.741865724969
1.0
0.435809155953
0.742458636498
1.0
0.440530326579
0.737942194484
1.0
0.44062707596
0.735034143984
1.0
0.44062707596
0.735034143984
1.0
0.44152987004
0.733639534665
1.0
0.441516588414
0.732731032441
1.0
0.440792399562
0.730556731307
1.0
0.44089567869
0.728462696015
1.0
0.441966899609
0.730605417149
1.0
0.442055350136
0.729358597335
1.0
0.442055350136
0.729358597335
1.0
0.442556721686
0.71773539078
1.0
0.442584966521
0.716477258704
1.0
0.442729818361
0.713006137186
1.0
0.442848687028
0.710170991814
1.0
0.443739337861
0.70561137289
1.0
0.443782630111
0.704141983003
1.0
0.4444899996
0.704295290175
1.0
0.444552559819
0.701410517865
1.0
0.444552559819
0.701410517865
1.0
0.444552559819
0.701410517865
1.0
0.47800056574
0.707815927987
1.0
0.478395984621
0.703816739426
1.0
0.478904207065
0.700742694767
1.0
0.478904207065
0.700742694767
1.0
0.478789913921
0.697702809973
1.0
0.479491920348
0.692808540284
1.0
0.479674978458
0.688653263335
1.0
0.461638109306
0.674087528571
1.0
0.461780205075
0.671219122448
1.0
0.461780205075
0.671219122448
1.0
0.461862023275
0.669825528448
1.0
0.461998298518
0.667984278685
1.0
0.462080174031
0.666466773154
1.0
0.462306478366
0.663269427163
1.0
0.462405746869
0.661623128668
1.0
0.462693523044
0.659517754592
1.0
0.462693523044
0.659517754592
1.0
0.477590902203
0.65720732306
1.0
0.477653018669
0.656887886241
1.0
0.477911852147
0.654869411254
1.0
0.478122832428
0.652924887098
1.0
0.478324513274
0.65233056148
1.0
0.478542962514
0.65191119803
1.0
0.478751986049
0.651374923725
1.0
0.478751986049
0.651374923725
1.0
0.482138576984
0.649201064277
1.0
0.482503590463
0.646729711128
1.0
0.488127548138
0.644747909862
1.0
0.488395241687
0.642580255244
1.0
0.488625786803
0.641541059494
1.0
0.495090439929
0.639482725098
1.0
0.49525464894
0.638793954944
1.0
0.49525464894
0.638793954944
1.0
0.495755861385
0.636962069386
1.0
0.497106042653
0.637710114776
1.0
0.497373016403
0.635658101814
1.0
0.499829506276
0.634849837206
1.0
0.500144386388
0.632494094873
1.0
0.50357998507
0.633573628425
1.0
0.504066172637
0.632550743708
1.0
0.504066172637
0.632550743708
1.0
0.507957879328
0.634369515006
1.0
0.508494675966
0.632268197166
1.0
0.512213957877
0.632641133858
1.0
0.512401757209
0.631877413527
1.0
0.515497770158
0.634419123179
1.0
0.515931835782
0.632857343708
1.0
0.516828143978
0.634794451978
1.0
0.517302423535
0.632475354552
1.0
0.520036183129
0.634066008973
1.0
0.520462709512
0.6315856418
1.0
0.520462709512
0.6315856418
1.0
0.528852332223
0.63892450821
1.0
0.52940707491
0.637388758327
1.0
0.529843237402
0.636410229261
1.0
0.529843237402
0.636410229261
1.0
0.530487518562
0.634001319558
1.0
0.53101593787
0.63211225791
0.97001798003
0.531252121509
0.632010788276
0.97001798003
0.531583831447
0.631563901061
1.0
0.534366179039
0.632648641167
1.0
0.534953752972
0.631010079189
1.0
0.534863822953
0.635108524056
1.0
0.535334325891
0.632671492169
1.0
0.536146084406
0.634595904603
1.0
0.536681746375
0.632827470696
1.0
0.536681746375
0.632827470696
1.0
0.537267141854
0.63497330593
1.0
0.53755830463
0.633564126771
1.0
0.538731299261
0.635915609402
1.0
0.539071725398
0.633999808854
1.0
0.540469055697
0.63681327837
1.0
0.540833215412
0.635720559475
1.0
0.541962451162
0.634401023184
1.0
0.542682470875
0.63251011389
1.0
0.542682470875
0.63251011389
1.0
0.543935418495
0.632839667309
1.0
0.544258013091
0.632811800157
1.0
0.544351394895
0.633335479447
1.0
0.544703476048
0.630998861635
1.0
0.545887159491
0.630038714231
1.0
0.546122320419
0.628979412892
1.0
0.546122320419
0.628979412892
1.0
0.547574081743
0.630202064687
1.0
0.547856322808
0.628416235929
1.0
0.549683587671
0.631019265978
1.0
0.550088040489
0.629751069176
1.0
0.550393987962
0.625822262654
1.0
0.550511495495
0.625026765698
0.957909006455
0.550385881955
0.625278157452
0.957909006455
0.55067289562
0.623781669352
1.0
0.553173250691
0.6222531173
1.0
0.55345979367
0.621255764943
1.0
0.55345979367
0.621255764943
1.0
0.554151153399
0.622748840879
1.0
0.554296770125
0.621600703176
1.0
0.554820976929
0.619490540755
1.0
0.555074351765
0.618131035337
1.0
0.556529031874
0.618953536907
1.0
0.556661522219
0.617520542593
1.0
0.55969805846
0.61773344753
1.0
0.55969805846
0.61773344753
1.0
0.559812176143
0.616692665607
1.0
0.559217047664
0.612985477886
1.0
0.559250405456
0.611379146478
1.0
0.558409798633
0.611051122602
1.0
0.558686495928
0.610172335599
1.0
0.559550878022
0.612333028763
1.0
0.559759078484
0.611696875992
1.0
0.561580642087
0.611503355275
1.0
0.561580642087
0.611503355275
1.0
0.561710116874
0.611463239635
1.0
0.562285638172
0.60946895092
1.0
0.562274006661
0.608461212428
1.0
0.562791697685
0.606679065788
1.0
0.562780651056
0.607219454359
1.0
0.561096380626
0.606678240596
1.0
0.56127840387
0.60639322573
1.0
0.561824893649
0.610237438648
1.0
0.561824893649
0.610237438648
1.0
0.561680890599
0.611428872477
1.0
0.55986116967
0.611724693837
1.0
0.559996325444
0.612140742965
1.0
0.562208703121
0.614164594045
1.0
0.562331008536
0.614381921751
1.0
0.563027686927
0.614106946024
1.0
0.563070704047
0.614200690825
1.0
0.561602952719
0.611188026378
1.0
0.561602952719
0.611188026378
1.0
0.561697995185
0.611401105874
1.0
0.563464260345
0.614885430764
1.0
0.563504878369
0.6156534
1.0
0.564204322042
0.614824693067
1.0
0.564054939556
0.615002787873
1.0
0.562372764008
0.616523416312
1.0
0.562525012303
0.616481799552
1.0
0.566329152911
0.619015855152
1.0
0.566392239096
0.618780228088
1.0
0.566392239096
0.618780228088
1.0
0.575061919142
0.630621684956
1.0
0.575093408946
0.631564588147
1.0
0.58165360313
0.644259587473
1.0
0.581733881799
0.644191355964
1.0
0.586532418717
0.655708936788
1.0
0.588712997306
0.659684005802
1.0
0.588553354937
0.666180413047
1.0
0.588553354937
0.666180413047
0.931475898657
0.592534605471
0.680854514459
0.931475898657
0.591554085003
0.684755611586
0.99
0.594301237661
0.690705038255
0.99
0.596326873481
0.69201936297
0.974925025903
0.597206421628
0.691610513285
0.974925025903
0.595599296519
0.693456829391
1.0
0.596045525712
0.692446799892
1.0
0.596045525712
0.692446799892
1.0
0.596798635733
0.693438472215
1.0
0.596771508652
0.69253615485
1.0
0.598131143287
0.692997467729
0.999534139564
0.59810357793
0.692674789771
0.999534139564
0.599272058261
0.692769816109
1.0
0.599453945888
0.693498231713
1.0
0.600746792618
0.699654451393
1.0
0.601233507657
0.698138089891
1.0
0.601149551112
0.698509905654
1.0
0.601481651866
0.697404206363
1.0
0.601481651866
0.697404206363
0.981032522911
0.602129765686
0.697622146872
0.981032522911
0.602439652947
0.696676545383
1.0
0.602937472014
0.695911849835
1.0
0.603156170956
0.695122417492
1.0
0.602717895546
0.692139732874
1.0
0.602852299771
0.691571293282
1.0
0.602852299771
0.691571293282
1.0
0.603181728743
0.694394870212
1.0
0.603480724756
0.693958234135
1.0
0.603539450285
0.693421871174
1.0
0.603738602508
0.692448645624
1.0
0.605330064424
0.694738264504
1.0
0.605578764214
0.693802638636
1.0
0.606678338839
0.693447877675
1.0
0.606663319265
0.692650636283
1.0
0.607187512095
0.68934222367
1.0
0.607464308248
0.68812736958
1.0
0.607464308248
0.68812736958
1.0
0.607173027448
0.689760553129
1.0
0.607312410841
0.688060714113
1.0
0.607373699771
0.686460088438
1.0
0.607297843304
0.686444398301
1.0
0.607593298746
0.686881066067
1.0
0.60757825475
0.685242468325
1.0
0.606597875588
0.685513597172
1.0
0.606597875588
0.685513597172
1.0
0.606423985874
0.685193531871
1.0
0.605684036982
0.683303456469
1.0
0.605420792337
0.683436224112
1.0
0.60597435552
0.681023064293
1.0
0.605646212498
0.681653271868
1.0
0.603283162507
0.680392744304
1.0
0.603163416891
0.678990324554
1.0
0.603192741479
0.676115880535
1.0
0.603192741479
0.676115880535
1.0
0.603033627028
0.676563422286
1.0
0.602603509699
0.675672775871
1.0
0.602354643297
0.675114474692
1.0
0.601521360613
0.672846068769
1.0
0.601509684164
0.672532084824
1.0
0.601671067174
0.672729457845
1.0
0.601545936316
0.673084441313
1.0
0.600846028675
0.673630663227
1.0
0.60050789849
0.673664079159
1.0
0.60050789849
0.673664079159
1.0
0.601044667626
0.672332830943
1.0
0.601042709474
0.672465074897
1.0
0.602568052069
0.674593055995
1.0
0.602526807106
0.674420186005
1.0
0.602029579286
0.674603214244
1.0
0.601978496495
0.6745484093
1.0
0.601978496495
0.6745484093
1.0
0.602291927814
0.672591042967
1.0
0.602237962135
0.673115477673
1.0
0.602123672937
0.674317570598
1.0
0.602222711417
0.674765045721
1.0
0.602854894031
0.676047286047
1.0
0.602714756578
0.675913197808
1.0
0.601365546794
0.674540698629
1.0
0.601291040855
0.674379233884
1.0
0.600845057307
0.671216382972
1.0
0.600845057307
0.671216382972
1.0
0.600851642876
0.670893740355
1.0
0.599998270542
0.670198165356
1.0
0.600061905343
0.670829247557
1.0
0.600455409764
0.670426605828
1.0
0.600292758104
0.669524604575
1.0
0.600691855424
0.669358537128
1.0
0.60062436247
0.669615128522
1.0
0.600581900651
0.665753947909
1.0
0.600581900651
0.665753947909
1.0
0.600194762503
0.66629928462
1.0
0.600457490839
0.665932028186
1.0
0.600047142491
0.665344585477
1.0
0.599268887966
0.665840642979
1.0
0.599095195345
0.665216629869
1.0
0.599854419746
0.66343190751
1.0
0.599685775256
0.663214216739
1.0
0.60003175428
0.664264561936
1.0
0.60003175428
0.664264561936
1.0
0.599948056848
0.664008500777
1.0
0.600506685155
0.664838637606
1.0
0.600224874734
0.664523530707
1.0
0.598369092343
0.658996932914
1.0
0.598265248992
0.658587768121
1.0
0.598271847955
0.655737276573
