0.99
0.529683473375
0.430185275376
0.99
0.529683473375
0.430185275376
0.99
0.529627954582
0.42973978404
1.0
0.534797785641
0.457344597898
1.0
0.534586944348
0.458600209277
1.0
0.538376484637
0.481681772625
1.0
0.538215053095
0.484914632964
1.0
0.537890705482
0.486490429994
0.99
0.536925488566
0.506398864886
0.99
0.538188869347
0.503635111123
0.99
0.538188869347
0.503635111123
0.99
0.535794747856
0.537219121219
0.99
0.536508546907
0.539989266615
0.99
0.53449621186
0.538975320465
1.0
0.534310312125
0.540075519044
1.0
0.533437406034
0.53822172489
1.0
0.53366724946
0.537920196522
1.0
0.533604234363
0.537941664515
1.0
0.533460279725
0.538747762642
1.0
0.533460279725
0.538747762642
1.0
0.532639491718
0.537295643247
1.0
0.532519297431
0.537820784646
1.0
0.531363593871
0.537876454132
1.0
0.531300137025
0.53895444267
1.0
0.533598450104
0.540483051022
1.0
0.53345239829
0.540677695828
1.0
0.531226717032
0.538571622252
1.0
0.531226717032
0.538571622252
1.0
0.531355449476
0.536865366299
1.0
0.532257802441
0.537200924183
1.0
0.532200650208
0.537032555868
1.0
0.534553354404
0.538252018908
1.0
0.53453863128
0.538285029093
1.0
0.535199448174
0.540348751072
1.0
0.534846709125
0.540439882925
0.902544712751
0.538344745827
0.540072976325
0.902544712751
0.538344745827
0.540072976325
0.902544712751
0.538231048368
0.540465273094
0.766688639699
0.543676245458
0.5365234758
0.766688639699
0.543390841058
0.536868161085
0.766688639699
0.543390841058
0.536868161085
0.766688639699
0.543390841058
0.536868161085
0.766688639699
0.543390841058
0.536868161085
1.0
0.568024971221
0.54999335677
1.0
0.568024971221
0.54999335677
1.0
0.565868817885
0.549585844186
1.0
0.565868817885
0.549585844186
1.0
0.56223453616
0.551981583806
