0.942837304198
0.579812698834
0.55808223682
0.965866008463
0.581177402821
0.563660692249
0.965866008463
0.581177402821
0.563660692249
0.994414831515
0.581924199901
0.570903438516
0.994414831515
0.582229994898
0.575866874156
0.994414831515
0.582752348497
0.577563427486
0.994414831515
0.583155284795
0.577362235917
0.994414831515
0.583659964138
0.577941033015
0.994414831515
0.583803606537
0.579195405105
0.997160611381
0.584236347497
0.580667260875
0.997160611381
0.584532014388
0.580241942962
1.0
0.585040080117
0.581880388431
1.0
0.585040080117
0.581880388431
1.0
0.585106937323
0.582078112816
0.974357922438
0.585739071941
0.583142505415
0.974357922438
0.585992092214
0.583033383533
0.987753152361
0.586235293168
0.583485379539
0.987753152361
0.586525285435
0.582520239771
0.963378594919
0.586629177485
0.58300543668
0.963378594919
0.586819173383
0.583500885402
0.946345120873
0.586980975473
0.583921526603
0.946345120873
0.586980975473
0.583921526603
0.946345120873
0.587338633155
0.58454933436
0.969614323281
0.587716431709
0.584456686196
0.969614323281
0.587685902625
0.583812135493
1.0
0.587742620698
0.58436977893
1.0
0.588015844386
0.583936812945
1.0
0.58809312031
0.58401827628
1.0
0.588198622155
0.583643380883
1.0
0.589029988136
0.585033430086
1.0
0.589029988136
0.585033430086
1.0
0.589163681088
0.584847676287
1.0
0.589566145082
0.58582983425
1.0
0.589934485934
0.58546016389
1.0
0.589946117665
0.58381867404
1.0
0.590148021038
0.582429717058
1.0
0.589865478797
0.581491227816
1.0
0.590094163408
0.581128800457
1.0
0.590094163408
0.581128800457
0.99729861172
0.590229476301
0.580004599047
0.99729861172
0.590600714317
0.578822857665
1.0
0.590652746461
0.578977409393
1.0
0.590823623931
0.578324351983
1.0
0.59101223042
0.578136241846
1.0
0.591474758176
0.576684587788
1.0
0.591771412626
0.577252017883
1.0
0.591933482788
0.576486853625
0.994014361222
0.59213107659
0.576602164902
0.994014361222
0.592208796504
0.576576727601
0.994014361222
0.592208796504
0.576576727601
1.0
0.592291915094
0.576185721811
1.0
0.592538222215
0.575240643143
1.0
0.592462011851
0.574920425812
1.0
0.592849124858
0.57393498277
1.0
0.593050540664
0.57485113409
1.0
0.592973252549
0.575036086741
1.0
0.592973252549
0.575036086741
1.0
0.592459118329
0.575449632842
1.0
0.592634357178
0.575211547782
1.0
0.592959955436
0.576524280017
1.0
0.593115428291
0.576201323431
1.0
0.592491248418
0.575635536987
1.0
0.592515597133
0.575556886359
1.0
0.592415019868
0.575890033271
1.0
0.592621319687
0.575720898334
1.0
0.592239264154
0.575447552156
1.0
0.592239264154
0.575447552156
1.0
0.592219807528
0.575522766534
1.0
0.592349418695
0.57659921494
1.0
0.592327709581
0.576115695662
1.0
0.591839389792
0.575907887751
1.0
0.591959364821
0.575380944344
1.0
0.591715931563
0.574652934036
1.0
0.591670400912
0.57451511072
1.0
0.591218920298
0.575147119007
1.0
0.59123389926
0.574656397235
1.0
0.59123389926
0.574656397235
1.0
0.59107851591
0.574673942677
1.0
0.59111617121
0.574916000407
1.0
0.59033486759
0.574460962813
1.0
0.590328740971
0.574373334763
1.0
0.589965157525
0.573809786218
1.0
0.589965157525
0.573809786218
1.0
0.589637116515
0.573516914958
1.0
0.591419718751
0.570929524062
1.0
0.590943723068
0.571784262918
0.99
0.596102957923
0.564645934036
0.99
0.596094118079
0.564958674688
0.99
0.599393223192
0.550754407733
0.99
0.599081241083
0.551709352577
1.0
0.599322207148
0.544719842236
1.0
0.599585865078
0.54275755679
1.0
0.599585865078
0.54275755679
1.0
0.598583931544
0.534147948077
1.0
0.602187595452
0.521313819438
1.0
0.601542720776
0.51619202934
0.99
0.606699050384
0.49282243934
0.99
0.606336080578
0.490421661925
0.99
0.608657907977
0.471743944123
0.99
0.60804408527
0.470086345351
1.0
0.606884553806
0.461652405849
1.0
0.606534846358
0.46115938134
1.0
0.606534846358
0.46115938134
1.0
0.605352126687
0.455434758203
1.0
0.60453991523
0.454770477043
1.0
0.603989376946
0.453103211208
1.0
0.603668140528
0.453588780153
1.0
0.603115624353
0.453992770054
1.0
0.602974040519
0.454636516096
1.0
0.602800542017
0.455285029952
1.0
0.602800542017
0.455285029952
1.0
0.602480554278
0.454778641617
1.0
0.60206758325
0.456555486741
1.0
0.601611979129
0.457053630601
1.0
0.601567455098
0.458228667862
1.0
0.601348044755
0.457669674263
1.0
0.600784400972
0.459448050667
1.0
0.600251899143
0.459486365346
1.0
0.59994089293
0.460155279495
1.0
0.599470467744
0.460156945839
1.0
0.599470467744
0.460156945839
1.0
0.599462039689
0.460913787139
1.0
0.599257992339
0.460810836687
1.0
0.598846058989
0.461892923286
