0.755659839536
0.421145302361
0.280969248694
0.99
0.129336425484
-0.023324077281
0.99
0.128050688876
-0.0233341942066
0.99
0.122767056369
-0.0214678664984
0.99
0.122767056369
-0.0214678664984
0.908219318515
0.148797299476
-0.0199873053383
0.908219318515
0.148797299476
-0.0199873053383
0.908219318515
0.148797299476
-0.0199873053383
0.908219318515
0.148797299476
-0.0199873053383
0.863429764857
0.478359622674
0.584591801635
0.863429764857
0.472125862291
0.63035751462
0.863429764857
0.72603516836
0.534554456776
0.732891760067
0.545341383395
0.751403676006
0.732891760067
0.542371732635
0.747585179414
0.732891760067
0.543678494353
0.749192515952
0.732891760067
0.54432646662
0.749166659444
0.851459020888
0.473035156542
0.881739881854
0.851459020888
0.473035156542
0.881739881854
0.851459020888
0.473938827883
0.881010273581
1.0
0.474661822474
0.883515874792
0.708566283564
0.466826850842
0.869488648765
0.708566283564
0.467700611374
0.869633287098
0.708566283564
0.468337182188
0.871969597199
0.708566283564
0.468337182188
0.871969597199
0.99
0.474030105085
0.862449007696
0.99
0.475496944523
0.862297904028
0.99
0.476103904371
0.861035966263
0.99
0.477226861906
0.860440551338
1.0
0.477539377896
0.860580860252
0.919423339438
0.478298943842
0.861179370822
0.919423339438
0.478939837773
0.861958472971
0.919423339438
0.478939837773
0.861958472971
1.0
0.479354306869
0.862014574937
1.0
0.479760897534
0.861789966691
0.893380033944
0.481002745304
0.860853055117
0.893380033944
0.481577763937
0.860747177759
0.945074413772
0.483083941431
0.857377323086
0.945074413772
0.48291779653
0.857184230055
0.945074413772
0.48291779653
0.857184230055
1.0
0.484762674253
0.852276855084
1.0
0.485771018086
0.852057741097
1.0
0.486965011323
0.850204336623
1.0
0.487369889348
0.849475065163
1.0
0.489048267138
0.845925401564
1.0
0.489023750986
0.84666893024
1.0
0.489623093595
0.846083780464
1.0
0.49000918798
0.846020620593
1.0
0.490667629881
0.844583508347
1.0
0.490763981878
0.844370466203
1.0
0.490763981878
0.844370466203
1.0
0.490975200776
0.844206906103
1.0
0.491527778588
0.844303821374
1.0
0.491976968285
0.844238568338
1.0
0.492316669126
0.844140480785
1.0
0.49305182286
0.843400685122
1.0
0.492671568389
0.843605716564
1.0
0.492883529676
0.843266443687
1.0
0.492883529676
0.843266443687
1.0
0.494037647393
0.843435356925
1.0
0.494535137952
0.842890526725
1.0
0.494629480382
0.842943534925
1.0
0.494781212105
0.842793517147
1.0
0.495672462716
0.843758741974
1.0
0.495943498747
0.844032024849
1.0
0.495762485728
0.843018292953
1.0
0.495762485728
0.843018292953
1.0
0.496105554951
0.842712203886
1.0
0.499804173342
0.845018661894
1.0
0.500161995142
0.845056939411
1.0
0.506391377785
0.849546732366
1.0
0.507133998143
0.848723750284
1.0
0.508428019645
0.851798217236
1.0
0.508490844765
0.852086799333
1.0
0.508594291093
0.852544652063
1.0
0.509145216518
0.85170720467
1.0
0.509438197842
0.851172761515
1.0
0.509438197842
0.851172761515
1.0
0.511695290996
0.85123824957
1.0
0.512929845855
0.85166426098
1.0
0.514307504107
0.85330302468
1.0
0.514960466028
0.854427389294
1.0
0.515103117296
0.856287261718
1.0
0.516044889485
0.856639314364
1.0
0.516408990958
0.856939090998
1.0
0.517004711826
0.856497879102
1.0
0.517004711826
0.856497879102
1.0
0.517245011599
0.856046785877
1.0
0.518755912104
0.858667450478
1.0
0.519301633841
0.858412098982
1.0
0.518404798114
0.85632368674
1.0
0.518884322323
0.857185594559
1.0
0.520298297117
0.858024631587
1.0
0.520298297117
0.858024631587
1.0
0.520813701101
0.85812369081
1.0
0.52171838352
0.858876813317
1.0
0.522395837185
0.858591456938
1.0
0.522527566563
0.85829447965
1.0
0.523023647185
0.857769969531
1.0
0.523114649902
0.857892403301
1.0
0.523518470626
0.857701862401
1.0
0.524643294597
0.857561547206
1.0
0.524510948984
0.859088163928
1.0
0.525043728295
0.859700302812
1.0
0.525043728295
0.859700302812
1.0
0.525738287486
0.85851902083
1.0
0.526716306203
0.858660345395
1.0
0.526843533449
0.858252949442
1.0
0.526411898682
0.857891447401
1.0
0.526915155492
0.857103999694
1.0
0.527917825695
0.859041926295
1.0
0.527917825695
0.859041926295
1.0
0.528112463942
0.859363442774
1.0
0.528936376155
0.858359411662
1.0
0.529250809638
0.857839598077
1.0
0.531054140764
0.858584567646
1.0
0.531165408611
0.859017449233
1.0
0.531891014231
0.858936249173
1.0
0.532226503656
0.858054038065
1.0
0.53259129655
0.857983406547
1.0
0.533010472706
0.857683851322
1.0
0.533127182845
0.857749226078
1.0
0.533127182845
0.857749226078
1.0
0.533568689398
0.857613335326
1.0
0.53352922082
0.85860738553
1.0
0.533926147639
0.859286449236
1.0
0.534556841457
0.859766668179
1.0
0.534993491096
0.859500333914
1.0
0.535166820963
0.85901804777
1.0
0.535528854166
0.858994646291
1.0
0.535783749917
0.859727713593
1.0
0.535783749917
0.859727713593
1.0
0.535769348741
0.859713398543
1.0
0.535299451813
0.85929423655
1.0
0.535778051473
0.860303455456
1.0
0.536124614272
0.860988274806
1.0
0.535923866012
0.861128962327
1.0
0.535578887346
0.860789515982
1.0
0.535578887346
0.860789515982
1.0
0.535823978908
0.861416506972
1.0
0.535629734999
0.862708467587
1.0
0.535668627228
0.862304465258
1.0
0.535311167556
0.862338371805
1.0
0.53519940824
0.86303043286
1.0
0.534975416907
0.862719626238
1.0
0.534728194966
0.862464054393
1.0
0.534957490784
0.862450847715
1.0
0.534723192676
0.86316742078
1.0
0.534723192676
0.86316742078
1.0
0.534002459065
0.86291025516
1.0
0.534293178444
0.863734849037
1.0
0.533431242975
0.86419821691
1.0
0.532933724159
0.864818285406
1.0
0.532694999701
0.864361373016
1.0
0.532558667371
0.865385029575
1.0
0.532333440899
0.864631204017
1.0
0.531949846072
0.864650161731
1.0
0.531949846072
0.864650161731
1.0
0.532340553693
0.86509589958
1.0
0.532305667761
0.865112667033
1.0
0.532634698329
0.865804655182
1.0
0.532540924402
0.865625067753
1.0
0.532348084107
0.864872884633
1.0
0.532128634652
0.865435538033
1.0
0.532230325446
0.866778498678
1.0
0.532230325446
0.866778498678
1.0
0.531948200214
0.86680767807
1.0
0.531921492553
0.865508306359
1.0
0.532091243355
0.865468929599
1.0
0.532227708044
0.865347480876
1.0
0.531964378971
0.865645629582
1.0
0.532549850362
0.865454659996
1.0
0.53278861314
0.866206547189
1.0
0.532972644174
0.865883006349
1.0
0.533063144171
0.865946768187
1.0
0.533696744023
0.866210780048
1.0
0.533696744023
0.866210780048
1.0
0.533869999027
0.86630958116
1.0
0.533751240256
0.867648373249
1.0
0.533869681993
0.867586557187
1.0
0.534942328299
0.86614144913
1.0
0.534747500579
0.865697384136
1.0
0.535148461876
0.867263828642
1.0
0.535568642146
0.86764096345
1.0
0.535568642146
0.86764096345
1.0
0.535902119202
0.867917296169
1.0
0.535971315158
0.867029537143
1.0
0.536268913814
0.867357024236
1.0
0.53668685211
0.867581762465
1.0
0.537168982475
0.867486901383
1.0
0.537152410132
0.868511913864
1.0
0.537709480456
0.869338058626
1.0
0.538282324369
0.86970276227
1.0
0.537796576096
0.868951090059
1.0
0.537796576096
0.868951090059
1.0
0.53798460853
0.869981365047
1.0
0.538519949675
0.870657570497
1.0
0.538713518681
0.870734336507
1.0
0.540121094717
0.872164090341
1.0
0.540260964817
0.872770825735
1.0
0.538677671718
0.871264049621
1.0
0.539363878779
0.870448617678
1.0
0.539363878779
0.870448617678
1.0
0.540335738647
0.871328864574
1.0
0.540556159855
0.871045988812
1.0
0.541228790245
0.870017415638
1.0
0.541259620037
0.872608691918
1.0
0.541417175447
0.873301237752
1.0
0.541947141944
0.872626915324
1.0
0.542809144655
0.87365077244
1.0
0.542809144655
0.87365077244
1.0
0.542823270905
0.873379174191
1.0
0.542982194332
0.874002149276
1.0
0.543248782263
0.872621616518
1.0
0.543077827529
0.871429842937
1.0
0.543496456888
0.872346965779
1.0
0.541388018911
0.862961886442
1.0
0.541525460813
0.863467103365
0.99
0.530519737239
0.836972757159
0.99
0.530519737239
0.836972757159
0.99
0.530798347886
0.83646190368
0.99
0.519570749881
0.808249996145
0.99
0.519433522371
0.808176687036
0.99
0.488103417719
0.728999405057
0.99
0.488689526958
0.724292554825
0.99
0.488153497379
0.706363943931
0.99
0.473038754085
0.664015664049
0.99
0.472888506007
0.637575787215
0.99
0.462128587673
0.598776467381
0.99
0.462128587673
0.598776467381
0.99
0.462796854256
0.566207392851
0.99
0.454081426906
0.534967721311
0.99
0.453788748759
0.500243186087
0.99
0.446476363065
0.473063609539
0.99
0.445482367105
0.437670166587
0.99
0.440560446881
0.415928839449
0.99
0.440118428658
0.385460903553
0.99
0.435662008367
0.36263315373
0.99
0.434550799569
0.336444045039
0.99
0.434550799569
0.336444045039
0.933570764129
0.432707487445
0.325998446065
0.933570764129
0.430653340209
0.30678599567
0.882248688178
0.432507768966
0.303355087661
0.882248688178
0.431033076252
0.287664992789
0.843707927001
0.432197062207
0.285125127747
0.843707927001
0.430591409848
0.27046365142
0.968440052571
0.431939751953
0.271383109614
0.968440052571
0.431939751953
0.271383109614
0.968440052571
0.43163166391
0.255701676485
0.878611624872
0.43212195932
0.255465260921
0.878611624872
0.432297003075
0.246109656143
0.980757794224
0.433144140155
0.247654365268
0.980757794224
0.432249757663
0.240397674071
0.971340858845
0.433176398359
0.241952667086
0.971340858845
0.433176398359
0.241952667086
1.0
0.434918595896
0.240689483238
1.0
0.434314959634
0.239989212123
1.0
0.433636117075
0.241857770585
1.0
0.433364788127
0.243353197528
0.9831283786
0.434791191126
0.246042534409
0.9831283786
0.434819564769
0.247238958339
0.915792749908
0.434499558591
0.24789973327
0.915792749908
0.434499558591
0.24789973327
0.915792749908
0.434647454615
0.24748179862
1.0
0.435195013741
0.248026231903
1.0
0.434828154506
0.249697871889
0.998656422891
0.434778273606
0.250476151805
0.998656422891
0.434904978689
0.251395743819
0.979466505583
0.434260440332
0.251654628843
0.979466505583
0.433857526805
0.254024196303
0.979466505583
0.433857526805
0.254024196303
0.936873431785
0.434181680182
0.254422334778
0.936873431785
0.434484643579
0.254968679944
1.0
0.433488067782
0.254205965693
1.0
0.433605692567
0.254976090458
1.0
0.432446979794
0.256133603352
1.0
0.432116315674
0.258447608258
0.987653240894
0.431494806046
0.25849811983
0.987653240894
0.431494806046
0.25849811983
0.987653240894
0.431532126248
0.260879970886
1.0
0.431602579648
0.262745844345
1.0
0.431701891164
0.263886757865
1.0
0.432270887531
0.267686179805
1.0
0.43174018469
0.27288422735
1.0
0.431128657093
0.274227082182
1.0
0.431175234026
0.274570935527
1.0
0.431256734015
0.278872371103
1.0
0.431181239798
0.28222555412
1.0
0.431360238241
0.285774838316
1.0
0.431360238241
0.285774838316
1.0
0.431427585152
0.288991930013
1.0
0.432158633097
0.293519228942
1.0
0.432019652723
0.297400893625
1.0
0.432530607382
0.303803992322
1.0
0.43270395651
0.306896150887
1.0
0.43329560185
0.310310165825
1.0
0.433284650462
0.314506812537
1.0
0.433284650462
0.314506812537
1.0
0.433365992425
0.319757628313
1.0
0.43353324829
0.322740013516
1.0
0.43445878625
0.32880611225
1.0
0.435100491997
0.331346888297
1.0
0.435801757298
0.334996176733
1.0
0.435869985209
0.338850989677
1.0
0.436531454131
0.342933723837
1.0
0.436407639821
0.347945607221
1.0
0.436407639821
0.347945607221
1.0
0.437899667908
0.351175579404
1.0
0.438625559358
0.353186753197
1.0
0.440027510499
0.357228150987
1.0
0.44041450521
0.359677025272
1.0
0.440713748425
0.362275347267
1.0
0.441232186728
0.364870808473
1.0
0.443145168633
0.367548088671
1.0
0.443145168633
0.367548088671
1.0
0.443514490902
0.36893141968
0.994295646923
0.443778976039
0.370997187288
0.994295646923
0.444651284158
0.371221304444
1.0
0.445507427696
0.372021594281
1.0
0.445861975386
0.372574105729
1.0
0.44723585872
0.375351763841
1.0
0.448097389764
0.375007349759
1.0
0.448507816202
0.376989901125
1.0
0.44886209147
0.379132137032
1.0
0.44886209147
0.379132137032
1.0
0.450461628742
0.380896314976
1.0
0.451046586689
0.381491547581
1.0
0.451576620574
0.382496289329
1.0
0.452009888667
0.382395129848
1.0
0.453338645819
0.384668332855
1.0
0.454238575099
0.384209327703
1.0
0.455467125269
0.385985761701
1.0
0.456124141869
0.385408915654
1.0
0.457722455298
0.387809436667
1.0
0.457722455298
0.387809436667
1.0
0.45850809933
0.387849461269
1.0
0.459853541739
0.390549029577
1.0
0.460390788698
0.391321134532
1.0
0.46170799517
0.393435474446
1.0
0.462539728274
0.392028025654
1.0
0.463800576245
0.39315009206
1.0
0.465138526089
0.392550614631
1.0
0.465138526089
0.392550614631
1.0
0.467506633542
0.39548578296
1.0
0.467917366643
0.396015135686
1.0
0.469195663098
0.396793704833
1.0
0.470031694941
0.397368719652
1.0
0.471904947805
0.399660450306
1.0
0.472615071961
0.398967902902
1.0
0.474399257185
0.400597592804
1.0
0.474399257185
0.400597592804
1.0
0.475154425369
0.400857481912
1.0
0.477058507175
0.40198242971
1.0
0.478040718901
0.401911699979
1.0
0.479326293069
0.402751060679
1.0
0.48051282545
0.400150295968
1.0
0.482942025222
0.4016138812
1.0
0.484007720346
0.399575318251
1.0
0.485732706115
0.400773721307
1.0
0.486782315302
0.398731957407
1.0
0.486782315302
0.398731957407
1.0
0.487915428304
0.398729882712
1.0
0.488653780553
0.397515959264
1.0
0.490436424438
0.397168863425
1.0
0.491417803491
0.394607861069
1.0
0.492701114069
0.394654519937
1.0
0.493732914333
0.391863562818
1.0
0.495847473787
0.392306980444
1.0
0.496553409112
0.390418099026
1.0
0.496553409112
0.390418099026
1.0
0.497749555005
0.389530471637
1.0
0.498650795803
0.38733830702
1.0
0.499643913559
0.386469418939
1.0
0.500223272748
0.384961241479
1.0
0.501327607233
0.38471572003
1.0
0.501991162726
0.382981885123
1.0
0.502826842238
0.382428548383
1.0
0.503454138194
0.379647167641
1.0
0.50499444348
0.379592685807
1.0
0.50499444348
0.379592685807
1.0
0.505790919252
0.377304044024
1.0
0.506733726457
0.376274134448
1.0
0.507280268403
0.375073770469
1.0
0.508368403274
0.374935852959
1.0
0.509137709988
0.372647546815
1.0
0.509640663691
0.372094155349
1.0
0.510088892254
0.370914434959
1.0
0.510088892254
0.370914434959
1.0
0.511130545511
0.371316185821
1.0
0.51142332722
0.369314871965
1.0
0.512273717124
0.369829457044
1.0
0.51269481802
0.368176711842
1.0
0.513156907054
0.367603444297
1.0
0.513469723504
0.366313292872
1.0
0.514347364927
0.366253518073
1.0
0.514897145067
0.364909129833
1.0
0.514897145067
0.364909129833
1.0
0.515377318084
0.364877619783
1.0
0.515444773348
0.364543244536
1.0
0.51602613257
0.364826264782
1.0
0.516657435966
0.36376193685
1.0
0.516862515452
0.363155204659
1.0
0.516462596216
0.362944894545
1.0
0.516900600636
0.363873907384
1.0
0.517678377626
0.362547522537
1.0
0.517678377626
0.362547522537
1.0
0.518510212923
0.36267929137
1.0
0.51855046308
0.362774913346
1.0
0.519217574098
0.364212211151
1.0
0.519388009804
0.363215482249
1.0
0.519894159486
0.363842514301
1.0
0.520032421112
0.364017645476
1.0
0.520666037027
0.365255544797
1.0
0.520666037027
0.365255544797
1.0
0.520880513369
0.365384718647
1.0
0.521515149337
0.365352475018
1.0
0.521407243644
0.365479995759
1.0
0.521656994638
0.366276942719
1.0
0.521803926333
0.367194969165
1.0
0.522844459674
0.368057025169
1.0
0.52269631097
0.367703530819
1.0
0.524169280176
0.369465806243
1.0
0.524169280176
0.369465806243
1.0
0.524510157755
0.36930816679
1.0
0.525139641835
0.369507741517
1.0
0.525240983184
0.370499266466
1.0
0.525964869766
0.37440860006
1.0
0.526031252108
0.37486064971
1.0
0.526340398863
0.38604284181
1.0
0.526443736861
0.386743630863
0.99
0.528236884326
0.403356773975
0.99
0.528236884326
0.403356773975
0.99
0.528510214932
0.403498455534
0.99
0.529002357553
0.414752166054
0.99
0.528668154737
0.417996020092
0.99
0.528668154737
0.417996020092
0.764931594185
0.645886313657
0.449705902699
0.764931594185
0.643847435575
0.461298212813
0.764931594185
0.642680855088
0.474111016904
0.764931594185
0.638559853833
0.493661285933
0.764931594185
0.636496127877
0.509115668087
0.764931594185
0.643462369434
0.51080345528
0.764931594185
0.643462369434
0.51080345528
0.879304079846
0.530376740456
0.626528095651
0.9002305414
0.513437159794
0.748063946998
0.883206447352
0.539642934745
0.80659535854
0.883206447352
0.539642934745
0.80659535854
0.9002305414
0.541779807213
0.808420630723
0.9002305414
0.54334741684
0.815762645887
0.968020140755
0.54678678162
0.83013478505
0.968020140755
0.552292048262
0.840937644377
0.99
0.549339632169
0.887179175923
0.99
0.552119011616
0.891235352523
0.99
0.552119011616
0.891235352523
0.99
0.551828379582
0.888864987833
1.0
0.551364468743
0.898601949968
1.0
0.552390429418
0.898063411793
1.0
0.554002309023
0.902962188774
1.0
0.553688700836
0.90256052379
1.0
0.555608176675
0.906929207437
1.0
0.556427807149
0.906623875947
1.0
0.557920387284
0.908257793926
1.0
0.557920387284
0.908257793926
1.0
0.558170607516
0.908828047165
1.0
0.558469888499
0.909808376866
1.0
0.558922122985
0.909289750501
1.0
0.560603169815
0.909118299416
1.0
0.561327560176
0.909897544428
1.0
0.56213702631
0.909603483988
1.0
0.56213702631
0.909603483988
1.0
0.562955919206
0.909479418111
1.0
0.563480495519
0.90971092193
1.0
0.562899222978
0.909835124876
1.0
0.563906860989
0.91037849946
1.0
0.564516199821
0.910480811483
1.0
0.56547021577
0.909964719337
1.0
0.566165032323
0.909671222518
1.0
0.566976718849
0.909704267886
1.0
0.566976718849
0.909704267886
1.0
0.567126392161
0.91067044047
1.0
0.567487129174
0.910736777772
1.0
0.566409830687
0.910966838155
1.0
0.566434646223
0.910463514707
1.0
0.568008110962
0.910198188195
1.0
0.568316152985
0.911053728909
1.0
0.567958936878
0.911702511361
1.0
0.568283466758
0.911878269748
1.0
0.568283466758
0.911878269748
1.0
0.569218714023
0.91203041068
1.0
0.569422079235
0.912650485306
1.0
0.569051090724
0.912440285543
1.0
0.569276909974
0.912266014112
1.0
0.569278751766
0.912266027774
1.0
0.569551482612
0.912604249391
1.0
0.569639291302
0.912870359632
1.0
0.569695473033
0.912989583547
1.0
0.569695473033
0.912989583547
1.0
0.569945577789
0.912500138719
1.0
0.570283485531
0.912311879701
1.0
0.570253352645
0.913293708804
1.0
0.570830578823
0.913053451137
1.0
0.571671401897
0.913029549009
1.0
0.571334240262
0.913615255188
1.0
0.571000067463
0.913910407675
1.0
0.571478762899
0.913315706609
1.0
0.571478762899
0.913315706609
1.0
0.571827043449
0.913397219721
1.0
0.571461642064
0.914668769198
1.0
0.571564142178
0.915803888674
1.0
0.571798296051
0.915797721739
1.0
0.572075398674
0.916843772538
1.0
0.571978382763
0.917260583214
1.0
0.571466615557
0.917194915737
1.0
0.571466615557
0.917194915737
1.0
0.571809152781
0.918231265482
1.0
0.572408027452
0.917951946115
1.0
0.57272070135
0.917947400144
1.0
0.573132931833
0.91858047665
1.0
0.57282830209
0.918694240486
1.0
0.572551150674
0.919724273075
1.0
0.57294826702
0.91954441551
1.0
0.573274742038
0.919554025277
1.0
0.573393055629
0.920660589397
1.0
0.572742194743
0.921604152423
1.0
0.572742194743
0.921604152423
1.0
0.572388229304
0.921687029648
1.0
0.573049260616
0.921573214377
1.0
0.573103140854
0.922133568174
1.0
0.573342347535
0.922157208731
1.0
0.573583461874
0.921916467206
1.0
0.573811934574
0.923229023999
1.0
0.57450920137
0.923068927941
1.0
0.57450920137
0.923068927941
1.0
0.573966256843
0.92311351909
1.0
0.573511273873
0.92367509055
1.0
0.573841232608
0.924299613341
1.0
0.573532515487
0.92454679941
1.0
0.573522710645
0.924290316421
1.0
0.573525990575
0.925080470916
1.0
0.573609293855
0.925605910672
1.0
0.573609293855
0.925605910672
1.0
0.573638474774
0.924261942599
1.0
0.574288191841
0.925248656455
1.0
0.574098892414
0.926594525106
1.0
0.573403685825
0.926366097061
1.0
0.573814291091
0.927505612586
1.0
0.574064832402
0.928033552224
1.0
0.573945709049
0.92712245823
1.0
0.573404261003
0.927096214661
1.0
0.573404261003
0.927096214661
1.0
0.573295011357
0.929298505174
1.0
0.573496685241
0.927933335816
1.0
0.573547948364
0.927465753711
1.0
0.573754706229
0.928846076732
1.0
0.574189969223
0.929340934658
1.0
0.574448634428
0.931514742679
1.0
0.573995760748
0.932504794886
1.0
0.573242943453
0.932590631819
1.0
0.573495266593
0.93221025369
1.0
0.573495266593
0.93221025369
1.0
0.573060481048
0.933413542251
1.0
0.573161219973
0.934044844364
1.0
0.573262696023
0.933743314839
1.0
0.572668666947
0.933892791976
1.0
0.572431774619
0.935061284798
1.0
0.572114540544
0.936277312581
1.0
0.572054396545
0.935858364482
1.0
0.572054396545
0.935858364482
1.0
0.571796923341
0.93640072385
1.0
0.57206999497
0.937366631942
1.0
0.572161788005
0.937430330031
1.0
0.571693188034
0.938086216683
1.0
0.571297028689
0.937856456217
1.0
0.57136543469
0.937219934848
1.0
0.571541260726
0.936780074326
1.0
0.571155110537
0.937650227876
1.0
0.571022989788
0.937976283332
1.0
0.571022989788
0.937976283332
1.0
0.57159794726
0.938019623708
1.0
0.571226436522
0.937786532202
1.0
0.571343882276
0.938659452911
1.0
0.571112538882
0.939930053632
1.0
0.570659971177
0.939935314443
1.0
0.570669883748
0.940338495729
1.0
0.570818350083
0.94055805162
1.0
0.570619023765
0.940412317705
1.0
0.570619023765
0.940412317705
1.0
0.570309631662
0.940228978555
1.0
0.570238934515
0.940688314913
1.0
0.569975032682
0.941805497979
1.0
0.569709637576
0.943028885643
1.0
0.570024898719
0.942571897472
1.0
0.570941513421
0.940571959076
1.0
0.57082657068
0.941176620625
1.0
0.57082657068
0.941176620625
1.0
0.569816801334
0.942279398144
1.0
0.569691583211
0.942198454649
1.0
0.569673523825
0.942408928857
1.0
0.57056630644
0.943255504342
1.0
0.570546925491
0.944006828209
1.0
0.569341522987
0.943006119066
1.0
0.569358707817
0.943334006066
1.0
0.568152331952
0.940237292646
1.0
0.568140849463
0.93935660549
1.0
0.568140849463
0.93935660549
1.0
0.564930018306
0.932903117583
1.0
0.564990648937
0.933776087417
1.0
0.56493275127
0.930732159772
1.0
0.564851553211
0.930208784198
1.0
0.565257304676
0.929356579926
1.0
0.565248897718
0.92836924274
1.0
0.566277931331
0.929443272187
1.0
0.566277931331
0.929443272187
1.0
0.565914782354
0.923747453198
1.0
0.56619129448
0.923217116517
1.0
0.566099144203
0.918345828564
1.0
0.566478449016
0.917827772664
1.0
0.566922000279
0.916072254238
1.0
0.567739010529
0.915972830008
1.0
0.568138906698
0.915711072976
1.0
0.568854631673
0.916867393275
1.0
0.568786548569
0.916638507773
1.0
0.568786548569
0.916638507773
1.0
0.569039945073
0.916119967714
1.0
0.568936417569
0.914868719641
1.0
0.569501394392
0.914865737812
1.0
0.570133017878
0.915258507314
1.0
0.569710088102
0.915152307366
1.0
0.569743563323
0.915310357247
1.0
0.571152836718
0.913229919365
1.0
0.571283001127
0.912819515644
1.0
0.571283001127
0.912819515644
1.0
0.569180550214
0.900648086914
1.0
0.569348668162
0.90038934319
0.99
0.56367334815
0.872817721605
0.99
0.563915571998
0.872600349012
0.99
0.559695747755
0.844094217607
0.99
0.560144097702
0.842828873124
0.99
0.556084090742
0.812353700946
0.99
0.556084090742
0.812353700946
0.99
0.556612761949
0.804343235952
0.99
0.554845023719
0.777542150429
0.99
0.55887272889
0.751694628847
0.99
0.556967293869
0.724019047619
0.99
0.560504472395
0.692485766617
0.99
0.559684684103
0.669729925406
0.99
0.563898793282
0.633209693728
0.99
0.56350355895
0.610142819038
0.99
0.568411948676
0.573787306408
0.99
0.568411948676
0.573787306408
0.99
0.565988313539
0.553096548505
0.99
0.568990595955
0.520104490555
0.99
0.568376208223
0.500141089461
0.99
0.570428490135
0.471396124123
0.99
0.571219173047
0.45728013662
0.99
0.57266985538
0.43106294752
0.99
0.573540033373
0.412101809923
0.99
0.573823737245
0.38950192572
0.99
0.573823737245
0.38950192572
0.99
0.573601319798
0.379172346914
0.99
0.574158541695
0.356316477095
0.99
0.574231776877
0.347512954055
0.99
0.575720034483
0.326497543286
0.99
0.576416235802
0.322130698907
1.0
0.577607323351
0.307792324393
1.0
0.57983470096
0.308518930981
1.0
0.57983470096
0.308518930981
0.99
0.580485689097
0.288363746274
0.99
0.581549539127
0.287891046129
1.0
0.582124776819
0.276169489333
1.0
0.583535127854
0.275473331655
1.0
0.583046197111
0.268447067442
0.885447715953
0.583041171663
0.265447796665
0.885447715953
0.582603053966
0.264877659075
1.0
0.583079705258
0.267727956348
1.0
0.58258692702
0.270061028813
1.0
0.583903811261
0.270740237628
1.0
0.583903811261
0.270740237628
1.0
0.583733516653
0.271039108178
0.839414496832
0.583763913067
0.267997779688
0.839414496832
0.583456132465
0.268217920882
1.0
0.584414190419
0.271824443284
1.0
0.583842673496
0.272731567025
1.0
0.584635490307
0.273288896196
1.0
0.584635490307
0.273288896196
1.0
0.584473019488
0.27293047866
0.7723486764
0.584565284316
0.269997061355
0.7723486764
0.584317464727
0.272912108768
1.0
0.583904715856
0.274883039911
1.0
0.583762570903
0.274116431609
1.0
0.583994616012
0.273343551181
1.0
0.583761475749
0.273796990077
1.0
0.583748083729
0.27294035545
1.0
0.58364401452
0.271729236085
1.0
0.58364401452
0.271729236085
1.0
0.583854273831
0.272313049314
1.0
0.583424607262
0.273058725753
1.0
0.582732665235
0.272717921731
1.0
0.582920788767
0.272382486524
1.0
0.583088616515
0.270135826326
1.0
0.58283644098
0.269764195851
1.0
0.582704596115
0.269211204899
1.0
0.582585062303
0.268678230522
1.0
0.582585062303
0.268678230522
1.0
0.581756341105
0.268503501672
1.0
0.581421088242
0.269609846779
1.0
0.580749366832
0.269744957699
1.0
0.580608390587
0.269412086207
1.0
0.580020162119
0.266669542657
1.0
0.579628357869
0.267701982854
1.0
0.579628357869
0.267701982854
0.826910365853
0.588404774756
0.244379319784
0.826910365853
0.588006056994
0.246053443729
0.826910365853
0.58729039007
0.247333631072
0.826910365853
0.586985378567
0.246740025112
0.708103297305
0.58728133083
0.250032301326
0.708103297305
0.589471798167
0.238101267885
0.812767077299
0.589681159586
0.234970321825
0.812767077299
0.589681159586
0.234970321825
0.812767077299
0.590808973791
0.228984541845
0.66639445002
0.59110911553
0.232330421382
0.66639445002
0.591716541066
0.229020860051
0.688086184393
0.592011567765
0.231938615376
0.688086184393
0.59120572623
0.230944171789
0.63951457412
0.591501851608
0.233924402008
0.63951457412
0.591355491776
0.23395801538
0.892085775109
0.590512222201
0.239345713202
0.892085775109
0.590512222201
0.239345713202
0.909510054786
0.59016723376
0.239018134611
0.943320225152
0.590135683916
0.240342925778
0.943320225152
0.590153542165
0.23981746945
1.0
0.590161564566
0.240035721674
1.0
0.590005301319
0.237028108607
0.945529959418
0.589129226573
0.237083683993
0.945529959418
0.589870654284
0.234994742267
0.659103463641
0.585433502182
0.228767263294
0.659103463641
0.585433502182
0.228767263294
0.659103463641
0.585369358829
0.226796194844
1.0
0.589379248731
0.23497121645
1.0
0.589158872709
0.236179774667
0.933640706982
0.588813843568
0.237212381103
0.933640706982
0.588493070907
0.23845215205
1.0
0.58802056056
0.240453455423
1.0
0.587766825525
0.24099901106
1.0
0.58743758674
0.241824200058
1.0
0.587109499102
0.245047627702
1.0
0.587109499102
0.245047627702
1.0
0.585924243048
0.246752402277
1.0
0.585404774031
0.248943532077
1.0
0.585122497583
0.251022861726
0.980477301691
0.585020671877
0.252336336656
0.980477301691
0.584902075494
0.254075625939
1.0
0.583997744543
0.255399504251
1.0
0.583617578548
0.256980208137
1.0
0.583617578548
0.256980208137
0.967877200907
0.583482929693
0.258527017097
0.967877200907
0.582976929177
0.26054888842
1.0
0.582341889967
0.260713820256
1.0
0.582017648934
0.259873970221
1.0
0.581719134499
0.260516937993
1.0
0.581659138915
0.261736450703
0.98531875018
0.58073012349
0.261972290299
0.98531875018
0.580247888093
0.265842874196
1.0
0.580106257115
0.266635103159
1.0
0.580106257115
0.266635103159
1.0
0.579641217693
0.268761790086
1.0
0.578858172551
0.269044784016
1.0
0.578590524266
0.271180860936
0.999677386618
0.577907827557
0.271069996308
0.999677386618
0.577588182141
0.272916978053
1.0
0.577050139472
0.273846609617
1.0
0.577050139472
0.273846609617
1.0
0.576425481324
0.276997902297
1.0
0.576570859278
0.279168184569
1.0
0.575843448333
0.280850455517
1.0
0.575530755649
0.282513823865
1.0
0.575464772941
0.282924986823
1.0
0.575836460269
0.284771631047
1.0
0.575747004751
0.286797547126
0.967875354689
0.575298893463
0.285094940861
0.967875354689
0.575298893463
0.285094940861
0.967875354689
0.57474946479
0.287912499572
1.0
0.574932297925
0.289697966359
1.0
0.574748529725
0.29146258701
0.964861777427
0.575170562155
0.290870558319
0.964861777427
0.574638960976
0.29321706572
1.0
0.575045888987
0.294992122869
1.0
0.574650891316
0.297129850038
0.943218378191
0.574578509878
0.297756737291
0.943218378191
0.574628138978
0.299343000043
0.943218378191
0.574628138978
0.299343000043
1.0
0.57487855748
0.298708856119
1.0
0.574672658489
0.300010241311
1.0
0.574691053353
0.299978909104
1.0
0.574709304011
0.302191340565
1.0
0.574566041448
0.300846815815
1.0
0.574413503831
0.302284459188
1.0
0.574010477096
0.303037377696
1.0
0.574010477096
0.303037377696
1.0
0.573785624656
0.304568479475
1.0
0.573729081612
0.303624705732
1.0
0.573681128799
0.305149876541
1.0
0.575536118002
0.304707743252
1.0
0.575402500477
0.306477641239
1.0
0.579212357392
0.304935592562
1.0
0.578989139164
0.306186617753
1.0
0.581188491199
0.306879601076
1.0
0.58091700021
0.309029123328
1.0
0.58091700021
0.309029123328
1.0
0.581228010511
0.310120980696
1.0
0.582351613671
0.305582355976
1.0
0.581777401583
0.307906538587
1.0
0.58369519333
0.300563890399
1.0
0.582272579377
0.300555999612
1.0
0.583714775631
0.296783460587
1.0
0.583076232771
0.300017555464
1.0
0.583048102498
0.301173634691
1.0
0.583048102498
0.301173634691
1.0
0.581208617001
0.302292936502
1.0
0.580059130613
0.304884408442
1.0
0.579194177221
0.306757985461
1.0
0.578821375894
0.310191294323
1.0
0.577120543402
0.309691935884
1.0
0.576295653178
0.313954267645
1.0
0.574071657762
0.316570645445
1.0
0.574071657762
0.316570645445
1.0
0.573479773877
0.319058700248
1.0
0.572209129362
0.320701230252
1.0
0.571689182937
0.323549949799
1.0
0.569905614466
0.324915735178
1.0
0.569047954186
0.328953043657
1.0
0.567347226715
0.32864110055
1.0
0.565932905769
0.333687453907
1.0
0.564461497335
0.335245804478
1.0
0.563616002199
0.338430394277
1.0
0.562288057806
0.339362872987
1.0
0.562288057806
0.339362872987
1.0
0.561145274652
0.345009886896
1.0
0.559367967812
0.346828735929
1.0
0.558571525925
0.350433961327
1.0
0.556889709424
0.350057485637
1.0
0.556122582911
0.35233641341
1.0
0.554214779365
0.351263720143
1.0
0.552903179428
0.354058638151
1.0
0.552903179428
0.354058638151
1.0
0.551280474249
0.354874169108
1.0
0.55041768722
0.357231530314
1.0
0.548485830155
0.356894597423
1.0
0.547538361989
0.360984070237
1.0
0.545758410879
0.359900434502
1.0
0.5446059983
0.362229415768
1.0
0.542889940252
0.362422917258
1.0
0.542027725587
0.36468838549
1.0
0.542027725587
0.36468838549
1.0
0.53982878647
0.364776015215
1.0
0.538695277527
0.369048320757
1.0
0.537115403147
0.368748613425
1.0
0.53638736676
0.370072837186
1.0
0.533833652282
0.369678212271
1.0
0.532660377084
0.372970809339
1.0
0.530779863116
0.372786777255
1.0
0.530779863116
0.372786777255
1.0
0.529974990498
0.375749552191
1.0
0.528048092651
0.374739403405
1.0
0.526897945345
0.376240558223
1.0
0.524638836009
0.375449974562
1.0
0.523608045448
0.378253959229
1.0
0.520980145618
0.376195947719
1.0
0.519741547541
0.379455068363
1.0
0.517964611405
0.378703824863
1.0
0.516589970023
0.382013665685
1.0
0.516589970023
0.382013665685
1.0
0.514133718481
0.380705801845
1.0
0.512977473993
0.382817283196
1.0
0.51087072897
0.382082541629
1.0
0.509703085365
0.383936506394
1.0
0.507532027884
0.381122273333
1.0
0.506017203422
0.383756357288
1.0
0.506017203422
0.383756357288
1.0
0.504563659669
0.3823223023
1.0
0.50340440542
0.385020584877
1.0
0.502585255557
0.384068633635
1.0
0.501433908173
0.385766977366
1.0
0.499017331832
0.381784299844
1.0
0.498002792441
0.382085868995
1.0
0.497582505364
0.380479454307
1.0
0.496784333428
0.381366780562
1.0
0.496007183855
0.379390273901
1.0
0.495315467506
0.379093489947
1.0
0.495315467506
0.379093489947
1.0
0.494627238666
0.378016636292
1.0
0.49383288914
0.377506251071
1.0
0.492896503433
0.375530862113
1.0
0.492273570167
0.375177511155
1.0
0.491269287775
0.373037163654
1.0
0.490741822545
0.373014028272
1.0
0.490693174021
0.371771075768
1.0
0.490500256995
0.370245442969
1.0
0.490500256995
0.370245442969
1.0
0.492796132265
0.377691959119
1.0
0.492549915345
0.376040446409
0.99
0.491367919319
0.394906023724
0.99
0.490640630545
0.395503348993
0.99
0.492562512086
0.419418458826
0.99
0.492097165252
0.419726229578
0.99
0.494920099439
0.439854408911
0.99
0.494920099439
0.439854408911
0.99
0.495138931965
0.444265457839
0.898730976582
0.499124446275
0.471416220722
0.898730976582
0.498524519996
0.486247561364
0.906182132685
0.500625142207
0.495290430008
0.906182132685
0.499660982494
0.51889246909
0.749474122156
0.490468622476
0.525185746772
0.749474122156
0.489863186911
0.544857446417
0.989687612463
0.506951827121
0.576060927978
0.989687612463
0.506951827121
0.576060927978
0.888222227013
0.506245047721
0.581864939141
0.888222227013
0.51250997296
0.598328083562
0.99
0.511646234096
0.6303240549
0.933937126387
0.518975185703
0.650719483896
0.910275472468
0.519208765909
0.652844827608
0.910275472468
0.528023755573
0.675579413265
0.99
0.527562399327
0.705852099543
0.978897948806
0.534865594247
0.718762496098
0.978897948806
0.535289372739
0.724681521476
0.978897948806
0.535289372739
0.724681521476
0.985218141541
0.538124281624
0.734613247729
0.99
0.540039697792
0.756508653396
0.99
0.542031145595
0.766426190001
0.866813852511
0.542071611607
0.76734101887
0.866813852511
0.552811036834
0.79809262689
0.99
0.558156473135
0.818918571306
0.99
0.558156473135
0.818918571306
0.99
0.559416850018
0.829961193507
1.0
0.562201000992
0.836645159456
1.0
0.56302586477
0.848123511164
1.0
0.565270215286
0.851247708575
1.0
0.566187531542
0.861348721865
1.0
0.565959795205
0.860177480735
1.0
0.567152813566
0.872331199318
1.0
0.567222994466
0.868859586808
1.0
0.567222994466
0.868859586808
1.0
0.568574854597
0.880202949676
1.0
0.568938901091
0.878808501131
1.0
0.570733079584
0.883294414469
1.0
0.571615624719
0.881974301371
1.0
0.573133259894
0.884173495513
1.0
0.573119150267
0.883600379813
1.0
0.574544788199
0.882460746985
1.0
0.574311523727
0.881542475271
1.0
0.574311523727
0.881542475271
1.0
0.575408825916
0.878486967219
1.0
0.57544430747
0.87826918764
1.0
0.576617028235
0.877930246147
1.0
0.57721278211
0.878182826621
1.0
0.577481552179
0.877634167428
1.0
0.577278346579
0.878007911968
1.0
0.577800478491
0.876384555561
1.0
0.578414360907
0.876880067012
1.0
0.578579339425
0.877035298993
1.0
0.578579339425
0.877035298993
1.0
0.578193294123
0.878367127781
1.0
0.578459537081
0.878059523885
1.0
0.578630345082
0.87987443497
1.0
0.578561725083
0.880573892336
1.0
0.578632329541
0.882752514593
1.0
0.578439627228
0.884071507358
1.0
0.579271452537
0.885270938466
1.0
0.579271452537
0.885270938466
1.0
0.579359543315
0.88491622506
1.0
0.579865196693
0.88701085171
1.0
0.579790127447
0.888395144345
1.0
0.579554768679
0.890160742402
1.0
0.579724916342
0.892984151489
1.0
0.580177185923
0.894563802805
1.0
0.580272173581
0.895922157459
1.0
0.580787836634
0.89782632278
1.0
0.580787836634
0.89782632278
1.0
0.580629604259
0.899936090849
1.0
0.581224342568
0.902014982581
1.0
0.58135987575
0.903252397603
1.0
0.581001213648
0.904738639229
1.0
0.58063649941
0.90714357871
1.0
0.579347280683
0.911255899163
1.0
0.57958566449
0.913230505468
1.0
0.576583653543
0.918089251394
1.0
0.576583653543
0.918089251394
1.0
0.576091159455
0.919664897358
1.0
0.574513885944
0.924117695951
1.0
0.574735362313
0.926696627422
1.0
0.57612392587
0.929197048374
1.0
0.576173842693
0.930864347825
1.0
0.577037192196
0.931711684485
1.0
0.573238577646
0.938766213244
1.0
0.573238577646
0.938766213244
1.0
0.573280167607
0.940252429178
1.0
0.570396955206
0.947555659629
1.0
0.570115928612
0.949068082303
1.0
0.570648722621
0.95205098361
1.0
0.570968331683
0.953867629314
1.0
0.571694361815
0.954278431972
1.0
0.572137784059
0.95548707405
1.0
0.571948095647
0.958316895013
1.0
0.571917303787
0.959723478744
1.0
0.571917303787
0.959723478744
1.0
0.571797635334
0.961462591501
1.0
0.571475065397
0.962088321977
1.0
0.571658124648
0.963005072498
1.0
0.572032823842
0.964650800864
1.0
0.571505528954
0.967277432605
1.0
0.571594284015
0.968739279053
1.0
0.571570643316
0.968440450922
1.0
0.570992022896
0.969864156025
1.0
0.570992022896
0.969864156025
1.0
0.570554168046
0.971435910286
1.0
0.568947651765
0.970908043509
1.0
0.569053433778
0.972733090032
1.0
0.5686327382
0.974474597458
1.0
0.568316415023
0.977000915959
1.0
0.566744481444
0.978249553783
1.0
0.566442704826
0.980587089372
1.0
0.566442704826
0.980587089372
1.0
0.565486988774
0.982002552318
1.0
0.564656837245
0.983068429859
1.0
0.562357292253
0.984177137475
1.0
0.561879373817
0.985280979884
1.0
0.561969948906
0.985944336259
1.0
0.561075286823
0.987623236043
1.0
0.559221548216
0.988443719562
1.0
0.558642689075
0.989378091259
1.0
0.557704128129
0.990662378501
1.0
0.557704128129
0.990662378501
1.0
0.55607062826
0.993083816998
1.0
0.554348955803
0.99367457789
1.0
0.553509571787
0.99249100117
1.0
0.553028526995
0.992867663579
1.0
0.552205717521
0.993933340132
1.0
0.551022497598
0.994720225559
1.0
0.550260359293
0.996132453156
1.0
0.550260359293
0.996132453156
1.0
0.549821061252
0.997611620729
1.0
0.549022867449
0.998649241967
1.0
0.549084354405
0.999567339121
1.0
0.548084297728
1.0002959916
1.0
0.547931630954
1.00154909297
1.0
0.546358924049
1.00212175009
1.0
0.543234866791
0.999027480051
1.0
0.541179620618
1.00021356277
1.0
0.541179620618
1.00021356277
1.0
0.541179620618
1.00021356277
0.907206368438
0.524557431809
0.597908771418
0.907206368438
0.52284248124
0.601317827405
0.907206368438
0.520499887223
0.602654633611
0.907206368438
0.517739507549
0.605407279949
0.907206368438
0.515223808338
0.601310221843
0.846780822194
0.516538002378
0.561490602973
0.782810543044
0.511529755639
0.524023239668
0.782810543044
0.511529755639
0.524023239668
0.782810543044
0.170253755169
0.278634939744
0.711044094357
0.165513363034
0.0610557722522
0.868477234462
0.183177050127
0.0644939759658
0.77513420527
0.27754393762
0.158900056524
0.77513420527
0.27754393762
0.158900056524
0.771610074187
0.935559555839
0.419563632918
0.725026774677
1.00434375937
0.420910632857
0.725026774677
1.00434375937
0.420910632857
0.725026774677
0.551631982118
0.0907649640973
0.728704601325
0.430050224606
0.37122332703
0.728704601325
0.427630113904
0.421925439554
0.99
0.432752810419
0.380347598136
0.901331186004
0.433980183423
0.3857942029
0.857113209113
0.43435426162
0.387139444752
0.959854335991
0.43317123842
0.387142243467
0.959854335991
0.43317123842
0.387142243467
0.883818879564
0.431887726499
0.385463290911
0.881704475379
0.431490117479
0.386178597314
0.881704475379
0.429749507727
0.384776952459
0.921912877062
0.429732032143
0.382825847938
0.986271905696
0.427890081481
0.381967460776
0.986271905696
0.427890081481
0.381967460776
0.863322157162
0.427821631747
0.38267115567
0.863322157162
0.426114313427
0.37988169798
0.921152710843
0.426307999621
0.379836046094
0.921152710843
0.425783331226
0.378650744827
1.0
0.425530629683
0.378970861101
1.0
0.424983103529
0.378708254192
1.0
0.42485880024
0.378388416125
1.0
0.425233908123
0.376840063953
1.0
0.425159198847
0.376439459032
1.0
0.425159198847
0.376439459032
1.0
0.424429495116
0.376035407546
1.0
0.42455026476
0.375309907917
