0.897090793463
0.505678575784
0.32006202297
0.877838449475
0.505806485716
0.317910453361
0.877838449475
0.506104045586
0.318827452648
0.856806339167
0.505937327077
0.318245444764
0.856806339167
0.506211565725
0.318578907835
0.878036941859
0.506301158066
0.3173882033
0.878036941859
0.506321638641
0.31788568074
0.864961595922
0.506319168314
0.319505119993
0.864961595922
0.506612687846
0.319566851356
0.864961595922
0.506612687846
0.319566851356
0.91261994786
0.506364136747
0.319338241377
0.91261994786
0.506518313654
0.320548660057
0.889656688655
0.506652636533
0.320509052486
0.889656688655
0.506762915179
0.319932485337
0.917282688478
0.506487347804
0.319696465363
0.917282688478
0.505906781128
0.319509672984
0.880240825528
0.506007824786
0.320367646866
0.880240825528
0.506007824786
0.320367646866
0.880240825528
0.505991805637
0.320788048414
0.917771046632
0.506034429494
0.320780813661
0.917771046632
0.506270858167
0.322084692367
0.901121003591
0.506286366344
0.321396485707
0.901121003591
0.506223138379
0.321420115641
0.905593984253
0.506476698082
0.320953666649
0.905593984253
0.506079475569
0.32047885958
0.871581127004
0.505923508134
0.32038989058
0.871581127004
0.505923508134
0.32038989058
0.871581127004
0.506804673981
0.321629436129
0.879685704316
0.506891809178
0.322147815502
0.879685704316
0.50639877399
0.322079340302
0.896542380965
0.50633861977
0.321626396994
0.896542380965
0.506835576748
0.322937448608
0.88687415506
0.507027469062
0.324233240404
0.88687415506
0.506798760375
0.324403112993
0.890057992445
0.50656748164
0.323804550885
0.890057992445
0.50656748164
0.323804550885
0.890057992445
0.506381405797
0.322911489587
0.906015970561
0.506388887274
0.323440477606
0.906015970561
0.507407790915
0.323396771909
0.857534402538
0.507519382081
0.324361267768
0.857534402538
0.506978979546
0.324339831286
0.877584470358
0.506871557612
0.325865458048
0.877584470358
0.507196124878
0.326377714567
0.881948775114
0.507340966089
0.325468199418
0.881948775114
0.507340966089
0.325468199418
0.881948775114
0.510234627101
0.327129044777
0.884772974519
0.509996932574
0.328175537581
0.884772974519
0.513795090689
0.330286928853
0.892021399164
0.513790432159
0.330232836632
0.805972423878
0.523241877522
0.344051337032
0.805972423878
0.5234101174
0.343418084636
0.805972423878
0.5234101174
0.343418084636
0.878396407766
0.473132781714
0.315657141662
0.878396407766
0.473132781714
0.315657141662
0.863530497241
0.477621185552
0.316243498401
0.857228073948
0.486628174203
0.317595004662
0.861550996821
0.498270358769
0.31665652767
0.851686649455
0.507048490161
0.307251294241
0.851686649455
0.507048490161
0.307251294241
0.81833281477
0.509455065283
0.316901800722
0.845041288725
0.510783919702
0.314524490726
0.870273156728
0.537388897638
0.308551179329
0.878922093854
0.537345516688
0.310856441572
0.87505275116
0.53701859855
0.311866966636
0.864040298824
0.536787964372
0.312402022955
0.891126776368
0.536275350007
0.31521481545
0.884857798099
0.536258348087
0.314378455173
0.884857798099
0.536258348087
0.314378455173
0.884857798099
0.536513971927
0.318366932317
0.902257430153
0.536138044469
0.321279820173
0.902257430153
0.53607332206
0.323474559367
0.90855971544
0.535816625463
0.324884295404
0.90855971544
0.535655015923
0.326914982362
0.921652290194
0.535854628458
0.325547640061
0.921652290194
0.53625855615
0.325707413725
0.921652290194
0.53625855615
0.325707413725
0.923393949813
0.536003581279
0.327736385159
0.923393949813
0.536083594327
0.327976281633
0.919621349847
0.536039796353
0.328566372323
0.919621349847
0.536498400089
0.332407045613
0.944808798414
0.536325929166
0.333957369139
0.944808798414
0.536325929166
0.333957369139
0.944808798414
0.537565078925
0.348418195716
0.925693337749
0.537439626415
0.348746970322
0.925864660493
0.537520125813
0.348238340803
0.924557531741
0.537442851319
0.352821291435
0.925343070537
0.5379055903
0.357225522396
1.0
0.538422738435
0.360028961704
1.0
0.53957752472
0.363178745667
1.0
0.54007230641
0.365641342984
1.0
0.54007230641
0.365641342984
1.0
0.540245255602
0.36937897417
0.979381119955
0.540402792297
0.371259319285
0.979381119955
0.540519548359
0.371944642223
0.997766508354
0.540206790859
0.374877070576
0.997766508354
0.540340765921
0.376809517899
1.0
0.540399257309
0.377441849937
1.0
0.540141479957
0.378616604928
1.0
0.54012792451
0.379832496388
1.0
0.54012792451
0.379832496388
0.9856066763
0.540244829112
0.38223153468
0.9856066763
0.540024283837
0.383289174127
1.0
0.540402637309
0.386342655489
1.0
0.540257622512
0.387542530909
1.0
0.540057012685
0.389340548816
1.0
0.540026224874
0.388738829384
1.0
0.540030704406
0.389119358422
1.0
0.539968318444
0.388820548579
1.0
0.539968318444
0.388820548579
1.0
0.539739135877
0.388587530605
1.0
0.539582413239
0.389621773208
1.0
0.539672958865
0.39101762721
1.0
0.539502894993
0.391811154724
1.0
0.539424350904
0.392825832054
1.0
0.539163922283
0.393369707617
1.0
0.539190024977
0.394614210045
1.0
0.538996260561
0.39541330999
1.0
0.538996260561
0.39541330999
1.0
0.53845118532
0.393391531801
1.0
0.538184589432
0.394334911378
0.95193469332
0.538199848059
0.395404168031
0.95193469332
0.537957125693
0.396750938441
1.0
0.537236990372
0.39567523207
1.0
0.537415483171
0.394643613373
1.0
0.537607910922
0.394949808838
1.0
0.537265355038
0.395366161561
1.0
0.537265355038
0.395366161561
1.0
0.537258974863
0.395399474557
1.0
0.537084604286
0.396466609227
1.0
0.53814725945
0.397044655391
1.0
0.538110496536
0.396142112489
0.99
0.545501048387
0.39330047247
0.99
0.545510031023
0.392981421196
0.99
0.563005345714
0.404282305629
0.99
0.562711854179
0.405628931236
0.99
0.562711854179
0.405628931236
0.830919950378
0.605497189289
0.421663697197
0.830919950378
0.605628406223
0.421674656762
0.99
0.600458280466
0.439695253376
0.99
0.603376141813
0.434784720448
0.980018366628
0.615099722239
0.44265514132
