0.867218845324
0.596641883451
0.652412437951
0.707387031882
0.573338409652
0.682259460711
0.724976060195
0.583533098041
0.741707575074
0.724976060195
0.583533098041
0.741707575074
0.807575868737
0.583809517093
0.736973007326
0.793807213816
0.58461476114
0.737052127202
0.817335557269
0.585326398372
0.732841748369
0.817335557269
0.585326398372
0.732841748369
0.817335557269
0.589855863865
0.745990664881
0.937771513993
0.591429471119
0.737342560208
1.0
0.592542793272
0.734240637236
0.991139741773
0.576961755655
0.748713237791
0.991139741773
0.576961755655
0.748713237791
1.0
0.577642207612
0.749427128991
1.0
0.577960294221
0.751705654086
1.0
0.577997884783
0.751914496896
1.0
0.57822976598
0.752131724108
1.0
0.578123230576
0.754034775852
1.0
0.578514901846
0.753901006887
1.0
0.578786038298
0.752994465558
1.0
0.578075032744
0.7546587979
1.0
0.578299773763
0.752736591527
1.0
0.578299773763
0.752736591527
1.0
0.578276881591
0.753062820259
1.0
0.578454583976
0.750409522874
1.0
0.578521712247
0.751714370173
1.0
0.578734240238
0.750661109844
1.0
0.579167739643
0.748618171715
1.0
0.579257772036
0.748410082719
1.0
0.58039200502
0.748638078807
1.0
0.58039200502
0.748638078807
1.0
0.580353629047
0.750148535805
1.0
0.579679661764
0.751805641462
1.0
0.579775181464
0.751208789876
1.0
0.579750860262
0.751449990626
1.0
0.580130470698
0.750363616702
1.0
0.580428074241
0.750495889209
1.0
0.580260418561
0.750303213113
1.0
0.580831673909
0.75140661135
1.0
0.580831673909
0.75140661135
1.0
0.580851492441
0.753399678046
1.0
0.580490188678
0.755771752369
1.0
0.580788690365
0.756398692416
1.0
0.58119772817
0.755389546061
1.0
0.5813501404
0.755112462043
1.0
0.582699698955
0.756451096913
1.0
0.582778005037
0.757565240792
1.0
0.582433663073
0.756235875385
1.0
0.582605210539
0.756086091881
1.0
0.582605210539
0.756086091881
1.0
0.581961286355
0.757108933396
1.0
0.582273904816
0.757004966099
1.0
0.582721219504
0.7581864216
1.0
0.582719069399
0.757441500809
1.0
0.583058401597
0.757174273831
1.0
0.584172875304
0.757368723206
1.0
0.584341390794
0.757655034751
1.0
0.584341390794
0.757655034751
1.0
0.584734581809
0.758331493296
1.0
0.585120742973
0.757257612175
1.0
0.585365395021
0.756380461583
1.0
0.585599418934
0.757590481
1.0
0.584905828661
0.760216087951
1.0
0.584937387896
0.759788473303
1.0
0.584630017451
0.758842917624
1.0
0.584716547247
0.758830667849
1.0
0.585861262724
0.758523795829
1.0
0.585861262724
0.758523795829
1.0
0.58628787553
0.758137985761
1.0
0.585883998917
0.758034870779
1.0
0.585921012977
0.758971682932
1.0
0.585999962123
0.75872164748
1.0
0.586171305177
0.758943627067
1.0
0.586388062322
0.759871533132
1.0
0.586430797999
0.759539305294
1.0
0.58539157959
0.758954763194
1.0
0.58539157959
0.758954763194
1.0
0.585069437703
0.758321473545
1.0
0.58479107874
0.758807292412
1.0
0.584625566045
0.759024435626
1.0
0.58301038897
0.758684934953
1.0
0.583086111629
0.757809142171
1.0
0.583825181352
0.757766546698
1.0
0.58366831426
0.758803267149
1.0
0.58366831426
0.758803267149
1.0
0.582288791728
0.757274535209
1.0
0.581901820118
0.758171058509
1.0
0.581853535885
0.755292333052
1.0
0.581873131099
0.754976247627
1.0
0.580582627037
0.756644886094
1.0
0.579895921536
0.757057940953
1.0
0.579925115144
0.755730393251
1.0
0.579445874721
0.755888325001
1.0
0.578502943252
0.758396034727
1.0
0.578502943252
0.758396034727
1.0
0.578150377816
0.759502173833
1.0
0.577340512491
0.760180115876
1.0
0.577102907255
0.760548362051
1.0
0.576682952735
0.758734685892
1.0
0.576601302852
0.758303818559
1.0
0.574025968294
0.759025141009
1.0
0.574025968294
0.759025141009
1.0
0.573616224673
0.759691627461
1.0
0.572284094769
0.758135501527
1.0
0.571881647646
0.757977094476
1.0
0.571624894031
0.759206529136
1.0
0.57129818244
0.760145271743
1.0
0.570984043935
0.759291629351
1.0
0.570241589821
0.760925087262
1.0
0.568228189758
0.762090491489
1.0
0.568102165558
0.762806234103
1.0
0.567447322677
0.760756015177
1.0
0.567447322677
0.760756015177
1.0
0.56712101606
0.761619953836
1.0
0.566642704381
0.763624597927
1.0
0.566356742382
0.763668019269
1.0
0.566296247975
0.762654791759
1.0
0.565998478017
0.763221985902
1.0
0.566026541184
0.764214877149
1.0
0.565758097966
0.765572030618
1.0
0.565758097966
0.765572030618
1.0
0.56548850819
0.767014975433
1.0
0.565205734338
0.768042713596
1.0
0.565880950744
0.768690793513
1.0
0.566155373228
0.768483624065
1.0
0.564940067429
0.769082101854
1.0
0.5647164647
0.769603878888
1.0
0.564787825912
0.768533166191
1.0
0.564787825912
0.768533166191
1.0
0.564932451144
0.768290233645
1.0
0.563766970653
0.76837511396
1.0
0.563449027736
0.769974243872
1.0
0.564167737572
0.770058933975
1.0
0.564047368607
0.770506006877
1.0
0.563675243156
0.772260780443
1.0
0.563720964097
0.772759520685
1.0
0.564631812667
0.771932572139
1.0
0.564868532185
0.771615693345
1.0
0.564427388925
0.770498913522
1.0
0.564427388925
0.770498913522
1.0
0.564577950872
0.770707288283
1.0
0.565106722724
0.772436181389
1.0
0.564956884474
0.772596664857
1.0
0.563822273953
0.772874470718
