1.0
0.45350475388
0.65085845374
1.0
0.453552483862
0.650713402708
1.0
0.453268946488
0.6503134288
1.0
0.453332672457
0.650284132497
1.0
0.45385999676
0.650811000657
1.0
0.453666314095
0.650558319222
1.0
0.454572612369
0.651279281209
1.0
0.454480747036
0.652154092211
1.0
0.454479485425
0.651901615544
1.0
0.454479485425
0.651901615544
1.0
0.454278699411
0.652019633483
1.0
0.453772468707
0.652952185215
1.0
0.453733317455
0.653788706713
1.0
0.454721615926
0.653932291684
1.0
0.45457229352
0.653505444347
1.0
0.455035625651
0.654055519261
1.0
0.455038097839
0.654348073663
1.0
0.454280556878
0.653856289654
1.0
0.454280556878
0.653856289654
1.0
0.454222028104
0.65404351913
1.0
0.454537684268
0.654029377735
1.0
0.454362579837
0.654310691816
1.0
0.454947242708
0.654240348023
1.0
0.455035956703
0.654738413667
1.0
0.455482260428
0.655342249708
1.0
0.455389199684
0.655062383177
1.0
0.456013125309
0.65598028537
1.0
0.456013125309
0.65598028537
1.0
0.455892776408
0.656166019495
1.0
0.454937727013
0.654889576209
1.0
0.454804368188
0.655613220559
1.0
0.455977227377
0.656421173501
1.0
0.456177857926
0.65638752908
1.0
0.456049669631
0.656434894714
1.0
0.455694977
0.656803754163
1.0
0.45565791757
0.657760804203
1.0
0.45565791757
0.657760804203
1.0
0.455708228091
0.657933017216
1.0
0.45597205717
0.657591450825
1.0
0.45588049709
0.657973750613
1.0
0.456221036638
0.65937281782
1.0
0.456224320809
0.660292503687
1.0
0.456353148529
0.660030214235
1.0
0.456240997826
0.660276833196
1.0
0.456434150184
0.660298880901
1.0
0.456434150184
0.660298880901
1.0
0.456554224344
0.660480735405
1.0
0.456938898944
0.66112885712
1.0
0.45698012796
0.661139731254
1.0
0.462510681056
0.662679174076
1.0
0.466412346809
0.657952270516
0.99
0.488097111932
0.665482429923
0.99
0.488097111932
0.665482429923
0.99
0.500356770403
0.649676745586
0.99
0.524333032568
0.659838989479
0.99
0.540941042465
0.642605767325
