0.961294870736
0.375022539738
0.485600481108
0.961294870736
0.375935836879
0.488582222136
0.935678402568
0.375746423063
0.491283700794
0.929776855988
0.37558719525
0.493742964695
0.929776855988
0.37558719525
0.493742964695
0.904961270506
0.375405285466
0.495238069503
0.904961270506
0.376184802073
0.497274691506
0.932041449961
0.376137634063
0.495708513494
0.882581681228
0.376036495355
0.496193832186
0.882581681228
0.376901714236
0.497320629696
0.882581681228
0.376901714236
0.497320629696
0.882581681228
0.37806450326
0.499151409318
0.882581681228
0.37806450326
0.499151409318
0.882581681228
0.37806450326
0.499151409318
0.826031961107
0.380522462371
0.437136978052
0.826031961107
0.380140900393
0.438037186958
0.826031961107
0.380140900393
0.438037186958
0.826031961107
0.380010842957
0.438849724237
0.826031961107
0.379246020314
0.44036403324
0.826031961107
0.379783320839
0.441485889137
0.826031961107
0.379783320839
0.441485889137
0.826031961107
0.381187507285
0.443637337153
0.826031961107
0.38245402604
0.442998226411
0.826031961107
0.387242174182
0.443975397182
0.826031961107
0.387242174182
0.443975397182
0.826031961107
0.38827462253
0.443471478883
0.826031961107
0.394549332551
0.446067294695
0.848933093675
0.397301076839
0.359810292082
0.848933093675
0.397301076839
0.359810292082
0.848933093675
0.448833553922
0.369274812463
0.827584466333
0.497777023657
0.107082894296
0.827584466333
0.533539756585
0.215289818718
0.827584466333
0.541987204912
0.226381780041
0.827584466333
0.546379100685
0.238046681453
0.827584466333
0.548374050913
0.241628282723
0.827584466333
0.596533246103
0.36293236435
0.827584466333
0.596533246103
0.36293236435
0.827584466333
0.596533246103
0.36293236435
0.827584466333
0.596533246103
0.36293236435
0.827584466333
0.596533246103
0.36293236435
0.827584466333
0.596533246103
0.36293236435
0.827584466333
0.596533246103
0.36293236435
0.827584466333
0.596533246103
0.36293236435
0.827584466333
0.596533246103
0.36293236435
0.979359969443
0.584509211796
0.519282611344
0.980717251509
0.675378595624
0.453397098899
0.970712768715
0.709918217526
0.256199845308
0.970712768715
0.709918217526
0.256199845308
0.970712768715
0.709918217526
0.256199845308
0.970712768715
0.710493585046
0.269152736805
0.970712768715
0.710616404961
0.272178874908
0.970712768715
0.709708752915
0.265791602127
0.970712768715
0.710373996055
0.277265532915
0.970712768715
0.711212795774
0.288618601432
0.970712768715
0.711212795774
0.288618601432
0.970712768715
0.711212795774
0.288618601432
0.970712768715
0.711250629717
0.288993593582
0.916140167411
0.710795225882
0.282909355575
0.845917173458
0.734892223763
0.34630510612
0.845917173458
0.730181493732
0.349120693135
0.734657536508
0.722920299051
0.282921707168
0.734657536508
0.722920299051
0.282921707168
0.734657536508
0.722920299051
0.282921707168
0.734657536508
0.722920299051
0.282921707168
0.734657536508
0.722920299051
0.282921707168
0.734657536508
17.0041780328
100.0
0.716475346872
0.17192598454
-0.142876286915
0.716475346872
0.17192598454
-0.142876286915
0.716475346872
0.17192598454
-0.142876286915
0.716475346872
0.17192598454
-0.142876286915
0.716475346872
0.17192598454
-0.142876286915
0.716475346872
0.17192598454
-0.142876286915
0.716475346872
0.17192598454
-0.142876286915
0.716475346872
0.17192598454
-0.142876286915
0.716475346872
0.17192598454
-0.142876286915
0.716475346872
0.17192598454
-0.142876286915
0.89454222612
0.139489666922
-0.059312262377
0.99
0.189802051508
0.0829381806138
0.99
0.189802051508
0.0829381806138
0.99
0.174939047432
0.102136685622
0.840731417841
0.236253499417
0.0104988242788
0.886217056662
0.233216742447
0.00577664874048
0.854365004932
0.384213364347
0.243235772614
0.854365004932
0.384213364347
0.243235772614
0.787343471774
0.385213069656
0.243208235552
0.874246537657
0.639635540347
0.533465814702
0.99
0.502480131858
0.427858186196
0.88498711279
0.503563623412
0.424495154818
0.88498711279
0.516497179523
0.407460596257
0.88498711279
0.516497179523
0.407460596257
0.88498711279
0.527055833237
0.395190050474
0.868627308813
0.529679370457
0.397605542131
0.829830441519
0.537725696874
0.390553234015
0.829830441519
0.538287315493
0.390964220431
0.829830441519
0.538287315493
0.390964220431
0.719515677474
0.572887199999
0.410308776548
0.719515677474
0.574173256591
0.40335205703
0.719515677474
0.574173256591
0.40335205703
0.719515677474
0.574173256591
0.40335205703
0.719515677474
0.574173256591
0.40335205703
0.719515677474
0.574173256591
0.40335205703
0.856271842939
0.547234269741
0.399555800865
0.856271842939
0.547234269741
0.399555800865
0.879091473559
0.550538403848
0.400268791936
0.911246128606
0.579898260291
0.379298969035
0.911246128606
0.579898260291
0.379298969035
0.911246128606
0.579898260291
0.379298969035
0.911246128606
0.579898260291
0.379298969035
0.864456762744
-100.0
100.0
0.864456762744
-100.0
100.0
0.738126616175
0.545822009647
0.220123615694
0.798930869614
0.764619298182
0.049013229094
0.798930869614
0.764619298182
0.049013229094
0.798930869614
0.764619298182
0.049013229094
0.798930869614
0.764556337878
0.163281602857
0.798930869614
0.764556337878
0.163281602857
0.798930869614
0.764556337878
0.163281602857
0.798930869614
0.764556337878
0.163281602857
0.798930869614
0.764556337878
0.163281602857
0.798930869614
0.764556337878
0.163281602857
0.798930869614
0.764556337878
0.163281602857
0.798930869614
0.764556337878
0.163281602857
0.921901315077
0.699294792672
0.272556493601
0.921901315077
0.699294792672
0.272556493601
0.99
0.708711148291
0.327145261072
0.809578954866
0.707608798875
0.0591707870699
0.809578954866
0.707453440643
0.053593776036
0.809578954866
0.694021918386
0.0274512789158
0.809578954866
0.694021918386
0.0274512789158
0.809578954866
0.693815933819
0.0230111487738
0.809578954866
0.638564557152
-0.295219200667
0.809578954866
0.629067830314
-0.34019873792
0.809578954866
0.629067830314
-0.34019873792
0.809578954866
0.629067830314
-0.34019873792
0.761921203296
0.540257578261
-0.0907144886965
0.761921203296
0.540257578261
-0.0907144886965
0.761921203296
0.603886521774
0.210327096769
0.761921203296
0.603886521774
0.210327096769
0.761921203296
0.603886521774
0.210327096769
0.761921203296
0.603886521774
0.210327096769
0.758178486261
0.664297821696
0.411841221622
0.758178486261
0.630975392655
0.485923654176
0.758178486261
0.630975392655
0.485923654176
0.758178486261
0.630975392655
0.485923654176
0.758178486261
0.620310417317
0.439915904686
0.758178486261
0.620310417317
0.439915904686
0.758178486261
0.620310417317
0.439915904686
0.758178486261
0.620310417317
0.439915904686
0.979594825699
0.492764123737
0.206453022104
0.979594825699
0.492764123737
0.206453022104
0.979594825699
0.492764123737
0.206453022104
0.736383348801
0.432029363828
0.3817712707
0.736383348801
0.429474599757
0.383136276983
0.736383348801
0.429474599757
0.383136276983
0.736383348801
0.429474599757
0.383136276983
0.736383348801
0.429474599757
0.383136276983
0.891068881074
0.474108027306
0.205967171169
0.891068881074
0.494442287998
0.206391542597
0.891068881074
0.494442287998
0.206391542597
0.891068881074
0.495005509455
0.206331308139
0.745943841943
0.0743248788649
0.0372245258539
0.891068881074
0.40935250772
0.0822894869282
