1.0
0.396031732467
0.642217465145
1.0
0.396031571509
0.64221071977
1.0
0.396808505986
0.642250415228
1.0
0.396806596591
0.642230412558
1.0
0.396791133141
0.642366278646
1.0
0.396791133141
0.642366278646
1.0
0.396782681134
0.642382504851
1.0
0.39765261286
0.642437735106
1.0
0.397650359776
0.642429500522
1.0
0.397412097229
0.641602231926
1.0
0.397428505401
0.6415485152
1.0
0.397537740026
0.642170675449
1.0
0.39752896363
0.642156829494
1.0
0.396658687722
0.64123015935
1.0
0.396658687722
0.64123015935
1.0
0.396664886416
0.641242237327
1.0
0.398550410294
0.641889907498
1.0
0.398547953707
0.641851143362
1.0
0.399897036761
0.640876181173
1.0
0.399913085631
0.640881128632
1.0
0.397868802694
0.641210653214
1.0
0.397875013009
0.641200390267
1.0
0.398042796569
0.640839562398
1.0
0.398042796569
0.640839562398
1.0
0.398036043422
0.640835221323
1.0
0.398807016677
0.64071379654
1.0
0.398808985661
0.64072053916
1.0
0.398450269381
0.640606706921
1.0
0.398443379124
0.640572596683
1.0
0.398716023297
0.641664945025
1.0
0.398717924426
0.641685598464
1.0
0.397929680461
0.641474060464
1.0
0.397929680461
0.641474060464
0.996579662428
0.397924058982
0.641493019407
0.996579662428
0.398831479436
0.641117130339
1.0
0.398828538202
0.641122766431
1.0
0.399479343726
0.640732116277
1.0
0.399477321
0.640755417172
1.0
0.399979846215
0.641675369902
1.0
0.399974679719
0.641652247681
1.0
0.400235527001
0.642840157721
1.0
0.400235527001
0.642840157721
1.0
0.400243125126
0.642844391647
1.0
0.399165035028
0.643013246118
1.0
0.399159006014
0.642953461757
1.0
0.399721644772
0.643644561375
1.0
0.399725367759
0.643723131962
1.0
0.400261736836
0.643826106809
1.0
0.400256603987
0.643821489763
1.0
0.400297677907
0.644310694767
1.0
0.400293275134
0.644333005844
1.0
0.400293275134
0.644333005844
1.0
0.40090031234
0.644423240386
1.0
0.400907295293
0.644395942909
1.0
0.401940247164
0.644921948814
1.0
0.401933373311
0.644955973605
1.0
0.401919075119
0.644781764318
1.0
0.401917370154
0.644790563967
1.0
0.401698005199
0.645469722781
1.0
0.401698005199
0.645469722781
1.0
0.401702609462
0.645508200098
1.0
0.402866811772
0.644844383423
1.0
0.402869230661
0.644809722008
1.0
0.415856112187
0.650725659773
1.0
0.415855063594
0.650782359378
1.0
0.431462706373
0.658872421896
1.0
0.431465041169
0.658830993402
1.0
0.431465041169
0.658830993402
1.0
0.439317904835
0.662089400126
1.0
0.439434614584
0.66209440607
1.0
0.436496510896
0.660005445291
1.0
0.436662953609
0.659975591386
1.0
0.436254157095
0.659725500654
1.0
0.436394582592
0.659775871395
1.0
0.437163884698
0.66016707325
1.0
0.437173420635
0.660178617913
1.0
0.437143475113
0.661395110707
1.0
0.437143475113
0.661395110707
1.0
0.437133595461
0.661392162759
1.0
0.431314830525
0.658559963284
1.0
0.431316213938
0.658548656654
0.99
0.397736823506
0.63700285245
0.99
0.397744945544
0.637058110943
