0.99
0.66350016125
0.408173260188
0.99
0.662267592928
0.407287285684
0.99
0.668436209797
0.394342574872
0.99
0.667626136443
0.393540612887
0.99
0.667626136443
0.393540612887
1.0
0.66971575661
0.390710364232
1.0
0.668995085072
0.390997724105
1.0
0.668686619078
0.391473182358
1.0
0.668968682434
0.392043295065
1.0
0.668952612071
0.39249618567
1.0
0.668236133851
0.392700830564
1.0
0.668315853816
0.393294803704
1.0
0.668315853816
0.393294803704
1.0
0.667769163965
0.394008709053
1.0
0.667738193276
0.39492082341
1.0
0.667285834503
0.39467610501
1.0
0.667127026898
0.395750458057
1.0
0.666652029368
0.395909466369
1.0
0.666576597222
0.396787571199
1.0
0.665894151786
0.39626474072
1.0
0.665954694716
0.396953917342
1.0
0.665954694716
0.396953917342
1.0
0.665224218519
0.397465590636
1.0
0.665147875902
0.398474810637
1.0
0.664409310365
0.398834569118
1.0
0.664253063092
0.399738693738
1.0
0.663599271015
0.39959894253
1.0
0.663466210604
0.40014787471
1.0
0.66304329936
0.400405003677
1.0
0.663009309821
0.401209047813
1.0
0.662183833852
0.401401567773
1.0
0.662183833852
0.401401567773
1.0
0.661924447821
0.402049261677
1.0
0.6610052129
0.401834592939
1.0
0.660940660269
0.40219177524
1.0
0.660119490828
0.401784653023
1.0
0.660020480609
0.403059417918
1.0
0.659626783948
0.402951901546
1.0
0.65944339625
0.403411216015
1.0
0.65944339625
0.403411216015
1.0
0.658472695132
0.403343945563
1.0
0.658287555183
0.403917806748
1.0
0.657277786501
0.403213958354
1.0
0.657094772014
0.40382088523
1.0
0.656633039002
0.403421259402
1.0
0.656399738729
0.40450237398
1.0
0.655597688957
0.404315140503
1.0
0.655262360561
0.404735984916
1.0
0.655262360561
0.404735984916
1.0
0.654374908284
0.404484739943
1.0
0.654321483121
0.405014214249
1.0
0.653713428956
0.404799574767
1.0
0.65340060101
0.405993859482
1.0
0.65281313095
0.405556693408
1.0
0.652668417244
0.40593232205
1.0
0.651827511855
0.4059028627
1.0
0.651556803987
0.406695992447
1.0
0.651556803987
0.406695992447
1.0
0.650735248479
0.406205558769
1.0
0.6504330578
0.407291474558
1.0
0.649902923772
0.407352066914
1.0
0.649696514136
0.408079211079
1.0
0.648917405603
0.408269866308
1.0
0.648607153218
0.40915559961
1.0
0.647935104689
0.409143578738
1.0
0.647709221957
0.410207833152
1.0
0.647709221957
0.410207833152
1.0
0.647363510145
0.409530248372
1.0
0.647045004339
0.410360702553
1.0
0.646046065155
0.410095544705
1.0
0.645754725478
0.410542316387
1.0
0.64543067878
0.410494241517
1.0
0.645220997889
0.411754302644
1.0
0.644674195695
0.4118116158
1.0
0.644269691945
0.412903279314
1.0
0.64379118739
0.412756373245
1.0
0.64379118739
0.412756373245
1.0
0.643740145736
0.41329902069
1.0
0.643177188827
0.413369463113
1.0
0.642847623617
0.414220480667
1.0
0.64243356082
0.414320283015
1.0
0.642067423552
0.415002897633
1.0
0.64149188574
0.414516594289
1.0
0.641455149547
0.415125766316
1.0
0.641455149547
0.415125766316
1.0
0.641066456259
0.415479637583
1.0
0.640587321721
0.416825847024
1.0
0.640359650896
0.416329800535
1.0
0.640154242824
0.416651052301
1.0
0.639591545865
0.416747070995
1.0
0.639387675434
0.417375633136
1.0
0.638643058266
0.417156009515
1.0
0.638375414343
0.417830498708
1.0
0.638375414343
0.417830498708
1.0
0.637912392975
0.416904307377
1.0
0.637755871695
0.417592890366
1.0
0.637422383074
0.417402602678
1.0
0.637185172572
0.418096226758
1.0
0.637060411483
0.418946190441
1.0
0.63695515757
0.41954438216
1.0
0.636498488226
0.419221588804
1.0
0.6363368767
0.419827395661
1.0
0.6363368767
0.419827395661
1.0
0.63624782308
0.420476075738
1.0
0.636090527639
0.420459581427
1.0
0.635640940425
0.419880426488
1.0
0.635194914183
0.421001307367
1.0
0.634730492039
0.420721105751
1.0
0.634492429091
0.421124707668
1.0
0.634217036809
0.420749432318
1.0
0.634264384206
0.420938494905
1.0
0.634264384206
0.420938494905
1.0
0.633809254928
0.42066728121
1.0
0.633473012162
0.421339711272
1.0
0.633391976393
0.421717710492
1.0
0.633241475247
0.422101894988
1.0
0.633001278184
0.422054741646
1.0
0.632830579263
0.422365429594
1.0
0.632607245761
0.4222111948
1.0
0.632496864331
0.422599047545
1.0
0.632496864331
0.422599047545
1.0
0.632435423519
0.422606301252
1.0
0.632312598087
0.422800270993
1.0
0.632135879613
0.422997320707
1.0
0.632065444833
0.422985781117
1.0
0.631614286819
0.422097857778
1.0
0.631592969923
0.422391966445
1.0
0.631359888671
0.422209365899
1.0
0.631179282049
0.422687010437
1.0
0.631179282049
0.422687010437
1.0
0.628502188398
0.420521816749
1.0
0.628209410845
0.421134402968
1.0
0.623947197179
0.417086486521
1.0
0.623810484598
0.417244003577
1.0
0.621474121897
0.413271222126
1.0
0.621275951538
0.413484253865
1.0
0.619562416006
0.4117744826
1.0
0.619562416006
0.4117744826
1.0
0.618705301303
0.413102478056
1.0
0.618378760794
0.412057729046
1.0
0.61535026384
0.41545835529
1.0
0.615290732204
0.41487224226
1.0
0.613554158385
0.415637433265
1.0
0.612762588333
0.415480372049
1.0
0.612654523431
0.415119447181
1.0
0.61283140899
0.416361172475
1.0
0.612684281602
0.417015047686
1.0
0.612684281602
0.417015047686
1.0
0.612254227127
0.416997314632
1.0
0.61204250691
0.417350638934
1.0
0.612019075131
0.417520778025
1.0
0.612109310981
0.417850007857
1.0
0.611901916687
0.418304080454
1.0
0.611874113637
0.418703118713
1.0
0.611606404398
0.419581057753
1.0
0.611580851529
0.420462746722
1.0
0.611580851529
0.420462746722
1.0
0.611167097496
0.42093512858
1.0
0.611096351554
0.421596384797
1.0
0.611024152392
0.422545820948
1.0
0.611042859951
0.422622076772
1.0
0.610869378825
0.423009084788
1.0
0.610713416266
0.423448238828
1.0
0.610253721861
0.422644627435
1.0
0.610093041134
0.423535367867
1.0
0.610093041134
0.423535367867
1.0
0.609743998136
0.424843526639
1.0
0.609570547517
0.425869190629
1.0
0.609341951169
0.42632048271
1.0
0.609158605138
0.427324076206
1.0
0.608360457663
0.426463886916
1.0
0.608329353913
0.426943096614
1.0
0.607829217095
0.426728189386
1.0
0.607532249154
0.427862113141
1.0
0.607532249154
0.427862113141
1.0
0.607129259401
0.427616209834
1.0
0.607042554615
0.428087009304
1.0
0.606199898104
0.426983007687
1.0
0.606030685641
0.4277489216
1.0
0.605179817537
0.426876113334
1.0
0.605067504258
0.426828130374
1.0
0.604512925269
0.425890248658
1.0
0.604319679725
0.426389433516
1.0
0.604319679725
0.426389433516
1.0
0.603354425475
0.424747418164
1.0
0.603076571768
0.424475834945
1.0
0.602139204815
0.423053098765
1.0
0.601700128604
0.423528428024
1.0
0.601036023763
0.422439027535
1.0
0.600738405443
0.422376126192
1.0
0.599499226467
0.421129336077
1.0
0.599295819763
0.420798473043
1.0
0.599295819763
0.420798473043
1.0
0.598399774179
0.41957888345
1.0
0.597774072364
0.419777029436
1.0
0.596802815987
0.418124072017
1.0
0.596424832798
0.418191538508
1.0
0.595704585687
0.418082315426
1.0
0.595435749637
0.417597774472
1.0
0.594560674256
0.416541574625
1.0
0.594259472971
0.4165954297
1.0
0.594259472971
0.4165954297
1.0
0.593387557366
0.415765272232
1.0
0.593141709244
0.415635207086
1.0
0.592428739242
0.414692499071
1.0
0.592030811158
0.414427547964
1.0
0.591335025548
0.413470924534
1.0
0.59110421052
0.413340358926
1.0
0.590342067122
0.412712633752
1.0
0.58991711478
0.41319666105
1.0
0.58991711478
0.41319666105
1.0
0.589501607262
0.411972268844
1.0
0.589087973696
0.412194453408
0.952623209588
0.588431206584
0.410782099511
0.952623209588
0.588077046769
0.410237609618
