1.0
0.332597607969
0.192622792896
1.0
0.33254740973
0.192808207505
1.0
0.332967602585
0.193517210316
1.0
0.332933388893
0.193778511682
1.0
0.333226199496
0.193277600432
1.0
0.333251262248
0.193052664505
1.0
0.333173899472
0.193092185234
1.0
0.333134005164
0.193118912314
1.0
0.332876139681
0.192376194242
1.0
0.332876139681
0.192376194242
1.0
0.332884825459
0.192198121153
1.0
0.332413766475
0.192463145969
1.0
0.332407643067
0.192734123393
1.0
0.333230883642
0.193139193244
1.0
0.33327639708
0.192934540872
1.0
0.333014983276
0.193243115553
1.0
0.332933594007
0.193577747274
1.0
0.333037439159
0.193545892593
1.0
0.333037439159
0.193545892593
1.0
0.333175476012
0.19264166561
1.0
0.333376918865
0.192921402992
1.0
0.3332138275
0.194212095762
1.0
0.332899614985
0.1935342869
1.0
0.332932011613
0.193249086373
1.0
0.332590915223
0.193385051328
1.0
0.332605075117
0.193308976827
1.0
0.333593458817
0.194112295889
1.0
0.333593458817
0.194112295889
1.0
0.33358585185
0.194075794001
1.0
0.33402096241
0.193999537152
1.0
0.334049465964
0.193389513331
1.0
0.333502671489
0.193700536374
1.0
0.333495880439
0.193364545253
1.0
0.333999754168
0.193881150418
1.0
0.333977944923
0.194237991628
1.0
0.334324305633
0.194563794352
1.0
0.334324305633
0.194563794352
1.0
0.334310007656
0.194890327095
1.0
0.333496463654
0.194628802935
1.0
0.333545879789
0.194369055291
1.0
0.333826146756
0.196156676989
1.0
0.333826604562
0.196507040957
1.0
0.333527599767
0.196481877902
1.0
0.333606000237
0.195504220765
1.0
0.334072922284
0.195060067625
1.0
0.334072922284
0.195060067625
1.0
0.33404901117
0.195392575943
1.0
0.332977117147
0.193746905362
1.0
0.332981926079
0.193807367232
1.0
0.333664778922
0.194261420082
1.0
0.333677341776
0.194050910908
1.0
0.333744969333
0.194178692528
1.0
0.333744969333
0.194178692528
1.0
0.333775032533
0.193675373258
1.0
0.333555908604
0.193556376101
1.0
0.333459752569
0.193636802272
1.0
0.331706219277
0.192555080734
1.0
0.330563621297
0.196907308745
0.953507459448
0.326547505663
0.194085217915
0.953507459448
0.324484023974
0.203362246131
0.91939927802
0.318998244683
0.197496227511
0.91939927802
0.317577426596
0.204832481833
0.967776617035
0.314206303738
0.201271343701
0.967776617035
0.314206303738
0.201271343701
0.967776617035
0.314060613561
0.201815078033
