1.0
0.468470599362
0.440203360366
1.0
0.468587336022
0.440619517799
1.0
0.46808949261
0.44065758392
1.0
0.46808949261
0.44065758392
1.0
0.468080890043
0.441140756026
1.0
0.468278105955
0.441221252548
1.0
0.468379924775
0.441848423884
1.0
0.468339234926
0.442599144936
1.0
0.46839270296
0.44314028739
1.0
0.46851506505
0.443965275727
1.0
0.468545456264
0.444556058946
1.0
0.46813859728
0.44444075405
1.0
0.46813859728
0.44444075405
1.0
0.468080927128
0.445150667444
1.0
0.468073565997
0.444665582186
1.0
0.468064704431
0.445269399058
1.0
0.46800973216
0.445507105846
1.0
0.467931780781
0.446382788125
1.0
0.467574171214
0.446497811969
1.0
0.467574171214
0.446497811969
1.0
0.46750337637
0.446709662835
1.0
0.467514290383
0.447313441715
1.0
0.467413605408
0.448009538254
1.0
0.467193191769
0.447966675858
1.0
0.467135305129
0.448539272027
1.0
0.467150696979
0.448583988739
1.0
0.467054189912
0.44869186038
1.0
0.466636680943
0.448030542726
1.0
0.466658680193
0.447521939269
1.0
0.466740635527
0.448182181511
1.0
0.466740635527
0.448182181511
1.0
0.466520400603
0.448574169572
1.0
0.4666408474
0.448888133263
1.0
0.466618603896
0.449338797635
1.0
0.466160835836
0.448749805866
1.0
0.466025501204
0.448994084437
1.0
0.466082825211
0.44902054586
1.0
0.465999530461
0.448831126371
1.0
0.46554718345
0.447635222232
1.0
0.46554718345
0.447635222232
1.0
0.46559822527
0.44765367007
1.0
0.465503482416
0.447533378794
1.0
0.465454341471
0.447346714234
1.0
0.465193525359
0.446848583465
1.0
0.465188210737
0.446749780451
1.0
0.46501738745
0.447052062591
1.0
0.46501738745
0.447052062591
1.0
0.46499066819
0.446307971954
1.0
0.464563240931
0.445314139169
1.0
0.464568495912
0.445122206225
1.0
0.464627666599
0.444773122002
1.0
0.464487855875
0.445182348829
1.0
0.464015169491
0.444132459812
1.0
0.464069134141
0.443645493559
1.0
0.464102031071
0.444195786914
1.0
0.463990368927
0.443633513083
1.0
0.463921707157
0.4436394548
1.0
0.463921707157
0.4436394548
1.0
0.463759851936
0.443454999763
1.0
0.463492530291
0.44373666179
1.0
0.463499495505
0.443427345468
1.0
0.463369635342
0.443056955362
1.0
0.463300709491
0.44303913096
1.0
0.462925309625
0.441936234409
1.0
0.462925309625
0.441936234409
1.0
0.462688774192
0.442419252129
1.0
0.46265893604
0.442811266189
1.0
0.462567414499
0.442689773701
1.0
0.462194313431
0.442345142051
1.0
0.462101225429
0.442289892947
1.0
0.461909001814
0.441404783033
1.0
0.461831201305
0.441177352034
1.0
0.46133014928
0.44096262505
1.0
0.461081298866
0.441247235796
1.0
0.460974386423
0.440803054823
1.0
0.460974386423
0.440803054823
1.0
0.460839828932
0.44094757786
1.0
0.460213390565
0.44045374929
1.0
0.460107913958
0.440395801839
1.0
0.460409316975
0.440877206365
1.0
0.460259262477
0.440794227981
1.0
0.460079575711
0.440918933453
1.0
0.460079575711
0.440918933453
1.0
0.459925937455
0.441042437441
1.0
0.459661432838
0.44052195399
1.0
0.459455634663
0.441065099862
1.0
0.459360116108
0.441471201074
1.0
0.459234239082
0.441358474332
1.0
0.459310543759
0.441815673035
1.0
0.459232910985
0.441841308884
1.0
0.459183386028
0.441235537669
1.0
0.458950839413
0.441726705117
1.0
0.458950839413
0.441726705117
1.0
0.458937196477
0.44207218961
1.0
0.458855356249
0.442402368556
1.0
0.458903086991
0.442514928636
1.0
0.458787040418
0.442187273408
1.0
0.458804987153
0.441655361516
1.0
0.458752796468
0.442299177927
1.0
0.458996047513
0.443260583031
1.0
0.458996047513
0.443260583031
1.0
0.459132149866
0.443452689599
1.0
0.459378558784
0.443481437413
1.0
0.459332743611
0.443838594148
1.0
0.459083684074
0.443211160693
1.0
0.459040688226
0.443118781154
1.0
0.459546009736
0.444631309336
1.0
0.459649996424
0.444729107582
1.0
0.459595033831
0.444856027119
1.0
0.459671358051
0.444788987689
1.0
0.459671358051
0.444788987689
1.0
0.459423519246
0.444241477284
1.0
0.459247730399
0.444134981132
1.0
0.459482095633
0.444386088826
1.0
0.459652871356
0.444078309313
1.0
0.459575725377
0.44381001744
1.0
0.459653837581
0.443953813694
1.0
0.459620928117
0.444478255517
1.0
0.45955549004
0.444556171274
1.0
0.45955549004
0.444556171274
1.0
0.459451636702
0.443779807799
1.0
0.459373390194
0.443986074014
1.0
0.459157352604
0.443854905901
1.0
0.459197072907
0.444198425109
1.0
0.459407112169
0.44462455159
1.0
0.4594311624
0.444421181511
1.0
0.459356551996
0.444136587636
1.0
0.459310371419
0.444205616052
1.0
0.459803240479
0.444979067776
1.0
0.459803240479
0.444979067776
1.0
0.459822090698
0.445004451211
1.0
0.459378705809
0.444488376089
1.0
0.459420750578
0.444326040308
1.0
0.45909047021
0.443599931328
1.0
0.459065346457
0.443808459278
1.0
0.458860343779
0.443309388088
1.0
0.458860343779
0.443309388088
1.0
0.458875020023
0.442877726585
1.0
0.458718091679
0.442707345486
1.0
0.458574077481
0.442714118328
1.0
0.458420011424
0.442852603504
1.0
0.458326610269
0.443017085879
1.0
0.458071486728
0.442351408477
1.0
0.458056658294
0.442484990944
1.0
0.457798554
0.442363198838
1.0
0.457679288416
0.442088867855
1.0
0.45704856627
0.441928870434
1.0
0.45704856627
0.441928870434
1.0
0.456894905548
0.442504677845
1.0
0.456537683085
0.442429196087
1.0
0.456430707491
0.442566417311
1.0
0.456317804715
0.442449715147
1.0
0.456199969985
0.442727770303
1.0
0.455960631036
0.442994733039
1.0
0.455960631036
0.442994733039
1.0
0.455787026205
0.443311473921
1.0
0.455574089018
0.442888742265
1.0
0.455370533439
0.44344806729
1.0
0.455175788279
0.443457116705
1.0
0.455043719954
0.443530077418
1.0
0.454853879418
0.4432325007
1.0
0.454682984447
0.443459430523
1.0
0.454414635389
0.443163347165
1.0
0.454446853778
0.443312440452
1.0
0.454446853778
0.443312440452
1.0
0.454620698193
0.443896650243
1.0
0.454565448989
0.444079667458
1.0
0.454571414424
0.444073064393
1.0
0.454449194745
0.443885695546
1.0
0.454491556191
0.44420995
1.0
0.45449497024
0.444216689534
1.0
0.454578847937
0.443921210509
1.0
0.454511947377
0.44434695807
1.0
0.454409865366
0.444372829503
1.0
0.454409865366
0.444372829503
1.0
0.454331611644
0.444302824603
1.0
0.45452910708
0.445697155002
1.0
0.454623927706
0.445574179886
1.0
0.455093613214
0.444887205903
1.0
0.455155688404
0.44504748769
1.0
0.455404028586
0.445473530194
1.0
0.455404028586
0.445473530194
1.0
0.455407785111
0.445562962297
1.0
0.455599091866
0.445618768837
1.0
0.455723974538
0.445555129577
1.0
0.456428554033
0.446586973258
1.0
0.456600660732
0.446478689002
1.0
0.45719585887
0.446980037961
1.0
0.457408350122
0.447175057982
1.0
0.458254675644
0.448702252136
1.0
0.458254675644
0.448702252136
1.0
0.458415645305
0.448346861068
1.0
0.459043145402
0.449745533838
1.0
0.459236169868
0.449967923349
1.0
0.460417443754
0.451944507771
1.0
0.460901980041
0.45152819783
1.0
0.461601962188
0.452452272337
1.0
0.46210051166
0.451967964232
1.0
0.463140256266
0.453271185611
1.0
0.463601074125
0.453532576794
1.0
0.464762002433
0.455964993508
1.0
0.464762002433
0.455964993508
1.0
0.465456386967
0.455624802071
1.0
0.466497076525
0.456618202309
1.0
0.467120322287
0.456793169223
1.0
0.468138303242
0.457624442889
1.0
0.468956270382
0.457493348899
1.0
0.470215141856
0.459279716694
1.0
0.470878813943
0.458817249522
1.0
0.470878813943
0.458817249522
1.0
0.472344788504
0.460675026415
1.0
0.473147378679
0.46052205845
1.0
0.47400716906
0.460841385174
1.0
0.474850676002
0.460235891399
1.0
0.476480047149
0.462056698417
1.0
0.477172814281
0.461789786434
1.0
0.478244851825
0.462876438885
1.0
0.479358291409
0.461945420434
1.0
0.479358291409
0.461945420434
1.0
0.480443141394
0.462619560531
1.0
0.48117338859
0.462355837014
1.0
0.482953108715
0.464519357359
1.0
0.483723976575
0.463720269907
1.0
0.484815265246
0.465066217121
1.0
0.485681741148
0.464307399125
1.0
0.48695785189
0.465459883411
1.0
0.487917247441
0.464841619717
1.0
0.487917247441
0.464841619717
1.0
0.489246184153
0.465873701649
1.0
0.490129964829
0.464600194972
1.0
0.491465677747
0.465710810533
1.0
0.492413789947
0.465296210552
1.0
0.493830378262
0.466678203125
1.0
0.494816139514
0.465166009393
1.0
0.496551750943
0.467104697617
1.0
0.496551750943
0.467104697617
1.0
0.497578790917
0.466366805886
1.0
0.499051624861
0.467288309444
1.0
0.500110680423
0.466412284389
1.0
0.501843935172
0.468642670898
1.0
0.502780832114
0.46773556986
1.0
0.504281663313
0.468925017612
1.0
0.505325785767
0.467521112086
1.0
0.506955727312
0.468231669876
1.0
0.508164799011
0.467054098402
1.0
0.509597557917
0.468930641577
1.0
0.509597557917
0.468930641577
1.0
0.510668202747
0.468244956991
1.0
0.512637319635
0.469407448779
1.0
0.513839297618
0.46814077925
1.0
0.515365372672
0.469149623344
1.0
0.516433510612
0.467820948424
1.0
0.518424676666
0.46897362035
1.0
0.519570959319
0.467783661042
1.0
0.519570959319
0.467783661042
1.0
0.521346138774
0.468507625825
1.0
0.522464427098
0.466717332955
1.0
0.523851175246
0.467482945997
1.0
0.524901074353
0.466182448802
1.0
0.526697583834
0.466981033667
1.0
0.527974032673
0.465032905757
1.0
0.529444362021
0.465907847269
1.0
0.530563406396
0.464241529112
1.0
0.530563406396
0.464241529112
1.0
0.532425621693
0.465304160929
1.0
0.533395093013
0.463347805399
1.0
0.534814896984
0.463142255162
1.0
0.535958601899
0.46129501916
1.0
0.537619013405
0.462093629315
1.0
0.538583506992
0.460520543736
1.0
0.539977286793
0.460612409375
1.0
0.539977286793
0.460612409375
1.0
0.541171446388
0.458621734684
1.0
0.542799317252
0.458729440798
1.0
0.543854687098
0.45678587886
1.0
0.545239959644
0.45723997851
1.0
0.546129320475
0.455334802311
1.0
0.547449968846
0.455854423787
1.0
0.548456559199
0.453741904322
1.0
0.549583626377
0.453622698696
1.0
0.549583626377
0.453622698696
1.0
0.550438828653
0.451531222981
1.0
0.551735070173
0.451616873844
1.0
0.552781775457
0.44964483812
1.0
0.554079606609
0.449866434292
1.0
0.554894883044
0.44789369251
1.0
0.556041410129
0.447909803957
1.0
0.556737331675
0.446000314934
1.0
0.557574400502
0.445800769734
1.0
0.558182799413
0.44392947945
1.0
0.558182799413
0.44392947945
1.0
0.55908552723
0.443542003823
1.0
0.559754687958
0.442000124318
1.0
0.560655109813
0.441839896985
1.0
0.561370550657
0.440008032034
1.0
0.562327937354
0.440163554702
1.0
0.563059365196
0.438357319132
1.0
0.563524604469
0.437547107727
1.0
0.564042993003
0.436053567132
1.0
0.564042993003
0.436053567132
1.0
0.564984118945
0.435771762497
1.0
0.56534585351
0.434146163998
1.0
0.56605527046
0.433816525819
1.0
0.566434595824
0.432638348198
1.0
0.567154549104
0.432412578802
1.0
0.567605281272
0.430909450161
1.0
0.568109402041
0.430732012634
1.0
0.568109402041
0.430732012634
1.0
0.568424606866
0.429502482395
1.0
0.568965148406
0.429455360069
1.0
0.569322361208
0.428524545534
1.0
0.569740309386
0.428299945898
1.0
0.570045987211
0.427147161302
1.0
0.57086431185
0.427310675404
1.0
0.571020283869
0.426307019026
1.0
0.57159521142
0.425854244502
1.0
0.571785265568
0.424764664419
1.0
0.571785265568
0.424764664419
1.0
0.572323674151
0.424209867739
1.0
0.572634546953
0.423107835628
1.0
0.57326748299
0.422870317165
1.0
0.573292575787
0.422366870335
1.0
0.574058111926
0.422383265443
1.0
0.574686723482
0.420898522193
1.0
0.575152187752
0.419973411437
1.0
0.575152187752
0.419973411437
1.0
0.575126360217
0.419051854713
1.0
0.575247023523
0.418044811478
1.0
0.575548380154
0.416799219217
1.0
0.576072782364
0.416964472388
1.0
0.576450234518
0.415544535054
1.0
0.576749833425
0.415766547263
1.0
0.576857854026
0.414962886831
1.0
0.577506400412
0.414766901848
1.0
0.577619308818
0.414194957827
1.0
0.577619308818
0.414194957827
1.0
0.577752740557
0.413869632868
1.0
0.577770264806
0.413248783444
1.0
0.578055781315
0.413386167857
1.0
0.578000117168
0.413099476507
1.0
0.578347792535
0.412997517832
1.0
0.578452408481
0.412066884341
1.0
0.578716436064
0.411548249811
1.0
0.578716436064
0.411548249811
1.0
0.578845902672
0.410980167325
1.0
0.579018805551
0.410460731028
1.0
0.578949259691
0.410347980097
1.0
0.579112299226
0.40969649639
1.0
0.579179066927
0.409201863649
1.0
0.57839341689
0.408326423634
1.0
0.578397458814
0.407781232197
1.0
0.574773553116
0.408110865076
1.0
0.574773553116
0.408110865076
1.0
0.574615999019
0.407328175158
1.0
0.570721112807
0.407844286828
1.0
0.570551694534
0.407712668691
1.0
0.567577950171
0.409695345467
1.0
0.567075529219
0.410051491243
1.0
0.564799572244
0.412726842009
1.0
0.561559738727
0.418624181109
1.0
0.561559738727
0.418624181109
0.677087916998
0.557370734884
0.43789895439
0.677087916998
0.550995623887
0.451045699687
0.677087916998
0.546784921118
0.463873266776
0.671813129284
0.547145988486
0.464067657553
0.671813129284
0.545387401302
0.470908896709
0.605416251981
0.546332166299
0.477596346217
0.605416251981
0.545076947336
0.484348923757
0.605416251981
0.545076947336
0.484348923757
0.645842199839
0.545445762239
0.484622843615
0.645842199839
0.54421626318
0.501181272195
0.618760438715
0.544630107463
0.501948409273
0.645798294325
0.545044744346
0.502718063252
0.645798294325
0.545524083923
0.498682956236
0.64888413783
0.545939559876
0.499456357414
0.643080782651
0.546355821853
0.500232272959
0.643080782651
0.546355821853
0.500232272959
0.643080782651
0.546943912521
0.50028928835
0.866650790547
0.548113558009
0.486798356532
0.908464713625
0.549764894213
0.485406203813
1.0
0.551129061279
0.482838403703
1.0
0.551129061279
0.482838403703
1.0
0.551588865187
0.482800505347
1.0
0.550837418593
0.483559768582
1.0
0.551218186813
0.483547411403
1.0
0.551244424218
0.484931423923
1.0
0.551215449572
0.486062546274
1.0
0.551106855454
0.487333092713
1.0
0.551162254476
0.488872124432
1.0
0.550491458182
0.48967757872
1.0
0.550491458182
0.48967757872
1.0
0.550565943472
0.49020117965
1.0
0.5503685814
0.491817635729
1.0
0.550312511304
0.491963270152
1.0
0.549764667912
0.491927810984
1.0
0.549686925433
0.492243526817
1.0
0.548663257399
0.490854917695
1.0
0.548513818285
0.491718407137
1.0
0.547667762407
0.491417572543
1.0
0.547667762407
0.491417572543
1.0
0.547218776919
0.492017447954
1.0
0.546456227269
0.491585568174
1.0
0.546223080498
0.492346297432
1.0
0.546013538924
0.493257946507
1.0
0.545787688842
0.493589817967
1.0
0.544630310554
0.492418233951
1.0
0.54426210472
0.493780053947
1.0
0.543635562294
0.493897351721
1.0
0.543635562294
0.493897351721
1.0
0.543344469402
0.49465508483
1.0
0.542053173322
0.49360221937
1.0
0.541636149879
0.494282709863
1.0
0.540827720883
0.494551577813
1.0
0.540421722746
0.495239924423
1.0
0.539693803686
0.495569162361
1.0
0.539300157333
0.496518140103
1.0
0.53877632737
0.497393688149
1.0
0.53877632737
0.497393688149
1.0
0.53844327064
0.498423716999
1.0
0.537833513418
0.498343212317
1.0
0.537508938956
0.499209221316
1.0
0.537080865218
0.49913326621
1.0
0.536585254909
0.500238595593
1.0
0.536099636015
0.50029187964
1.0
0.535715080472
0.501265208584
1.0
0.534724370948
0.500427765595
1.0
0.53432169577
0.501485220057
1.0
0.53432169577
0.501485220057
1.0
0.533578511859
0.501544822637
1.0
0.533255998323
0.502515741535
1.0
0.532980598744
0.502985563773
1.0
0.532665340414
0.503784148115
1.0
0.532154543333
0.50316784667
1.0
0.531678641614
0.504124686658
1.0
0.531268290298
0.503971221259
1.0
0.531268290298
0.503971221259
1.0
0.531263769637
0.50448407519
1.0
0.531281863007
0.505591603172
1.0
0.530888882047
0.506713566304
1.0
0.530843223109
0.507533338709
1.0
0.530750380871
0.507913053306
1.0
0.530378599876
0.507515375917
1.0
0.530295310651
0.507709579229
1.0
0.530382639539
0.507293975373
1.0
0.530382639539
0.507293975373
1.0
0.5302532139
0.508140936194
1.0
0.53033531318
0.509403759417
1.0
0.530366699272
0.509597941063
1.0
0.530255107477
0.509512575926
1.0
0.530246935763
0.509743160239
1.0
0.530224688411
0.509343980768
1.0
0.530247702643
0.510062965956
1.0
0.530547407375
0.510767215956
1.0
0.530547407375
0.510767215956
1.0
0.530672198543
0.510805450239
1.0
0.530950176698
0.510829693752
1.0
0.531142365506
0.510791413839
1.0
0.531014817218
0.510619173251
1.0
0.53105572527
0.510650084014
1.0
0.531507083083
0.510868394279
1.0
0.531781925215
0.510642275747
1.0
0.532255273728
0.511508901012
1.0
0.532255273728
0.511508901012
1.0
0.532507418294
0.511148631877
1.0
0.532759210996
0.511080729307
1.0
0.533044892997
0.510913068075
1.0
0.533436651112
0.511320536732
1.0
0.533612544786
0.511200314741
1.0
0.533956918911
0.511998848497
1.0
0.534314224934
0.511819645078
1.0
0.534924045085
0.511942120828
1.0
0.535079805379
0.511800089738
1.0
0.535079805379
0.511800089738
1.0
0.535239528157
0.511129789732
1.0
0.535503530371
0.510955419881
1.0
0.535969229207
0.511318888305
1.0
0.536224402319
0.510841208538
1.0
0.536626444115
0.511114310887
1.0
0.537046293697
0.510699995625
1.0
0.537386754931
0.510575133044
1.0
0.537386754931
0.510575133044
1.0
0.537621941453
0.509919250662
1.0
0.538092305911
0.510258334291
1.0
0.53832898761
0.509376021399
1.0
0.538618736555
0.509638955172
1.0
0.538771329951
0.509628556001
1.0
0.539336559911
0.510100459355
1.0
0.53976543516
0.509430373628
1.0
0.540039966155
0.509151766148
1.0
0.540039966155
0.509151766148
1.0
0.540182635835
0.508595462138
1.0
0.54059956807
0.508553312268
1.0
0.541057784235
0.507817775534
1.0
0.54151368905
0.508248195513
1.0
0.541699405814
0.508197324693
1.0
0.542311798103
0.508791776632
1.0
0.542648776137
0.508315979603
1.0
0.542755096327
0.50772952719
1.0
0.542755096327
0.50772952719
1.0
0.542949078316
0.506968597031
1.0
0.543317510512
0.50660725898
1.0
0.543535869237
0.506381929723
1.0
0.543928478648
0.506568198309
1.0
0.544152207852
0.506165307592
1.0
0.544450692632
0.506542187327
1.0
0.544585353397
0.506029041711
1.0
0.544923502807
0.507087080011
1.0
0.544923502807
0.507087080011
1.0
0.54516228024
0.50666030813
1.0
0.545423683181
0.506068221174
1.0
0.545802871002
0.505340987305
1.0
0.546179442715
0.505852196686
1.0
0.546107774837
0.506053868961
1.0
0.546234399168
0.506244077142
1.0
0.546364574452
0.505878941458
1.0
0.546364574452
0.505878941458
1.0
0.546426304334
0.506652075302
1.0
0.546473792301
0.506578502087
1.0
0.546791407209
0.505883915745
1.0
0.546790664073
0.505993136016
0.972020071361
0.547004518987
0.50436170354
0.972020071361
0.546992752367
0.504439592693
0.823014626649
0.548045562777
0.503974110421
0.823014626649
0.547775520662
0.504228408149
0.786288653975
0.521217529447
0.457462426697
0.786288653975
0.521217529447
0.457462426697
0.786288653975
0.521223988575
0.457246440053
0.710056918103
0.516735327316
0.439886370454
0.710056918103
0.515684110694
0.441089754412
0.710056918103
0.515684110694
0.441089754412
0.710056918103
0.515684110694
0.441089754412
0.710056918103
0.515684110694
0.441089754412
0.751188715916
0.480107931453
0.413000598763
0.751188715916
0.478364661334
0.413867736222
0.751188715916
0.477389446649
0.415352625666
0.751188715916
0.474429014413
0.361776127058
0.864648023377
0.494134809413
0.381586780079
0.864648023377
0.494134809413
0.381586780079
0.856022075749
0.518676567996
0.433521268784
0.856022075749
0.518852251637
0.435050775722
0.918212902868
0.518890094853
0.432585452165
0.850093867463
0.518969954947
0.434256806675
0.850093867463
0.5181484431
0.433645400636
0.921992356295
0.518350985153
0.434369925849
0.880306254498
0.518599494787
0.43434492672
0.758862135227
0.507161286258
0.496351543572
0.758862135227
0.507402725956
0.497062928936
0.758862135227
0.507402725956
0.497062928936
0.758862135227
0.506420663794
0.495530376041
0.964131665972
0.514290978755
0.467759881206
0.964131665972
0.514530863307
0.467131831764
0.838985029133
0.507889513047
0.492477650689
0.838985029133
0.507336788633
0.492868090276
0.953516267287
0.507126698861
0.49247019634
0.953516267287
0.507330268467
0.492937191117
0.953516267287
0.507330268467
0.492937191117
0.953516267287
0.507785115418
0.494048847008
0.953516267287
0.50749668815
0.494132995102
1.0
0.506797022169
0.497222564878
1.0
0.506472560512
0.497264555922
1.0
0.506033181309
0.500155814181
1.0
0.505704483247
0.500447280765
1.0
0.505704483247
0.500447280765
1.0
0.505605974856
0.500419714225
1.0
0.505465024269
0.500819162717
1.0
0.505430638998
0.50091973626
1.0
0.504552157899
0.500029122622
1.0
0.504403866471
0.500292575124
1.0
0.503791673594
0.498425896834
1.0
0.503733605598
0.498191349523
1.0
0.503205815309
0.497170640982
1.0
0.503205815309
0.497170640982
1.0
0.502956397529
0.497451546027
1.0
0.501990150171
0.496454441833
1.0
0.501744479971
0.496318834729
1.0
0.500981982817
0.495180570177
1.0
0.500435747888
0.494592871978
1.0
0.49976407949
0.493174361012
1.0
0.499365541378
0.492034645597
1.0
0.498621983423
0.490620095093
1.0
0.498621983423
0.490620095093
1.0
0.498274377586
0.490684687815
1.0
0.49755816308
0.489688557989
1.0
0.49721612292
0.488914009605
1.0
0.496316127483
0.486394562417
1.0
0.495817841033
0.4864653867
1.0
0.495142709695
0.485369486059
1.0
0.494776256426
0.484688261238
1.0
0.494166256657
0.483912315654
1.0
0.494166256657
0.483912315654
1.0
0.493842019698
0.483400579015
1.0
0.493367302974
0.481725355875
1.0
0.493084160262
0.48093219144
1.0
0.492574044929
0.479531473106
1.0
0.492149074938
0.478739768179
1.0
0.491583607417
0.477038749925
1.0
0.491183381083
0.476621251161
1.0
0.491183381083
0.476621251161
1.0
0.490414834962
0.474798197204
1.0
0.490224379933
0.474243689043
1.0
0.489759999935
0.473093752535
1.0
0.489573600322
0.471975079096
1.0
0.488819126473
0.47037557824
1.0
0.48862239555
0.469781349249
1.0
0.48828994001
0.468958005314
1.0
0.488144492923
0.4678570191
1.0
0.487251668071
0.463892246435
1.0
0.487251668071
0.463892246435
1.0
0.48679885086
0.463897604759
0.99
0.487080625021
0.453117655802
0.99
0.486861341782
0.452853523912
0.99
0.48287226943
0.42764116111
0.99
0.482555009728
0.427207058664
0.99
0.481985218325
0.411075431388
0.99
0.481609567203
0.408769418304
1.0
0.481513031513
0.400981403626
1.0
0.481513031513
0.400981403626
1.0
0.481055317471
0.392444991023
1.0
0.479737254232
0.385990903928
0.99
0.479252401064
0.36805716502
0.99
0.478711551743
0.366238045901
0.99
0.478464331183
0.348933672932
0.99
0.478378350911
0.348941729528
0.99
0.477758663922
0.336870446096
0.99
0.477061533914
0.336657309671
0.99
0.477061533914
0.336657309671
1.0
0.476590231855
0.333750735089
1.0
0.476412058602
0.335116275691
1.0
0.475961950795
0.333587432869
1.0
0.475411128534
0.333694795595
1.0
0.475149005423
0.333285238607
1.0
0.474788180003
0.334479291236
1.0
0.474612044007
0.33525966239
1.0
0.474049363632
0.335282933622
1.0
0.474049363632
0.335282933622
1.0
0.473817818852
0.336566102988
1.0
0.473426198598
0.337340177391
1.0
0.473232040546
0.338551679845
1.0
0.473016295652
0.338467076521
1.0
0.472836606968
0.339576790737
1.0
0.472515298111
0.340017548369
1.0
0.472530965866
0.340392636534
1.0
0.472255620606
0.34042367323
1.0
0.472255620606
0.34042367323
1.0
0.472160171727
0.341580073299
1.0
0.472203643642
0.341750009141
1.0
0.472105575862
0.342510814554
1.0
0.471750452713
0.34249875824
1.0
0.47159172156
0.343154560937
1.0
0.471447667415
0.343752745266
1.0
0.471363336346
0.344438495249
1.0
0.471322689205
0.345724126568
1.0
0.471322689205
0.345724126568
1.0
0.471228647697
0.345865186159
1.0
0.470901201001
0.345848754251
1.0
0.470811893621
0.346351710869
1.0
0.470801101757
0.347204758563
1.0
0.470695269555
0.347848684017
1.0
0.470374409045
0.347974499723
1.0
0.470384044128
0.348374763055
1.0
0.470403688001
0.349451774101
1.0
0.470403688001
0.349451774101
1.0
0.470185315533
0.350517636927
1.0
0.470218387067
0.351505142584
1.0
0.47023885632
0.352197006435
1.0
0.470189035017
0.351990894009
1.0
0.470140146086
0.353108734439
1.0
0.470269117918
0.353675148822
1.0
0.470119450425
0.354527085981
1.0
0.470023062081
0.354507176832
1.0
0.470023062081
0.354507176832
1.0
0.470006693143
0.355105023053
1.0
0.469616020464
0.354926254753
1.0
0.46949437023
0.355292426749
1.0
0.469301819221
0.354999097456
1.0
0.469328829503
0.355260130012
1.0
0.469349870467
0.355965889558
1.0
0.469266775203
0.355966156313
1.0
0.469167052754
0.35581037778
1.0
0.469167052754
0.35581037778
1.0
0.4691662365
0.355984894423
1.0
0.468540045821
0.355562362885
1.0
0.468445554991
0.355794100418
1.0
0.468293057698
0.356573268048
1.0
0.46820269994
0.356969617151
1.0
0.468453093063
0.35706654898
1.0
0.468374262723
0.357590621069
1.0
0.46800332962
0.3573777895
1.0
0.46800332962
0.3573777895
1.0
0.467829372902
0.357647670721
1.0
0.467553111971
0.35752272215
1.0
0.46742985586
0.357966277891
1.0
0.467123313451
0.357460462039
1.0
0.466860980334
0.358324998096
1.0
0.46640700696
0.358184325203
1.0
0.466189373244
0.358812734536
1.0
0.4659931699
0.359123074412
1.0
0.4659931699
0.359123074412
1.0
0.465866417363
0.359330194659
1.0
0.465692756165
0.358767106978
1.0
0.465399027991
0.359128263749
1.0
0.464903305865
0.358352401772
1.0
0.464816166558
0.358623217357
1.0
0.464472335439
0.358387716591
1.0
0.46445130413
0.358342361155
1.0
0.464111447583
0.358423899425
1.0
0.464111447583
0.358423899425
1.0
0.463906042932
0.358663523819
1.0
0.463536113323
0.358118193656
1.0
0.463369689154
0.358353020723
1.0
0.463295620943
0.358364989503
1.0
0.46307797471
0.358681611564
1.0
0.463092933679
0.358925964098
1.0
0.46296688798
0.359119822468
1.0
0.46279709026
0.358758547682
1.0
0.46279709026
0.358758547682
1.0
0.462694428066
0.358983299967
1.0
0.462502364773
0.358767777895
1.0
0.462342014542
0.359183323367
1.0
0.46218669603
0.359029826291
1.0
0.462095932271
0.359108398005
1.0
0.461947389233
0.359085891508
1.0
0.461755942401
0.359378241899
1.0
0.46149835316
0.359299009052
1.0
0.46149835316
0.359299009052
1.0
0.461507075056
0.359175269097
1.0
0.461138969735
0.358465484287
1.0
0.46103281104
0.358540117471
1.0
0.460956277435
0.358707318732
1.0
0.460821413048
0.358898495069
1.0
0.460352116647
0.35846681432
1.0
0.460272014145
0.358323590749
1.0
0.459836406822
0.357814201588
1.0
0.459836406822
0.357814201588
1.0
0.459811367316
0.357811891204
1.0
0.459166980689
0.357277824213
1.0
0.458946242827
0.357900643918
1.0
0.45859698215
0.357631257654
1.0
0.458549118558
0.35771269394
1.0
0.458323509022
0.358151818699
1.0
0.458166325917
0.358540331321
1.0
0.457641407874
0.358005651622
1.0
0.457641407874
0.358005651622
1.0
0.457423284872
0.358518005975
1.0
0.456939683165
0.358365119021
1.0
0.456787819971
0.358716638181
1.0
0.456081337841
0.358402281458
1.0
0.4558329001
0.358771394988
1.0
0.455347133559
0.358711381884
1.0
0.455228018357
0.359035814265
1.0
0.454718000662
0.358412485808
1.0
0.454718000662
0.358412485808
1.0
0.45440604346
0.358915633588
1.0
0.453996638083
0.35918101036
1.0
0.453898514953
0.359406095368
1.0
0.452886028395
0.359268145253
1.0
0.452723106393
0.35968828757
1.0
0.451907609346
0.359290389761
1.0
0.451596506398
0.360027201702
1.0
0.450883783201
0.360300578071
1.0
0.450883783201
0.360300578071
1.0
0.450594751992
0.361099569886
1.0
0.450019256826
0.360961716036
1.0
0.449729320087
0.361870483195
1.0
0.448737389972
0.361557106922
1.0
0.448482643166
0.362433540707
1.0
0.447932427066
0.363101315228
1.0
0.447932427066
0.363101315228
1.0
0.447686085285
0.364368829189
1.0
0.447134366452
0.364914409927
1.0
0.44680538475
0.366172558174
1.0
0.445937389209
0.365610479779
1.0
0.445769471132
0.366416017609
1.0
0.44501009253
0.366456630321
1.0
0.444746926018
0.367647865396
1.0
0.444072139908
0.367049156577
1.0
0.44383167294
0.368158802164
1.0
0.443199922566
0.367686898179
1.0
0.443199922566
0.367686898179
1.0
0.442864082054
0.36848895535
1.0
0.442248415929
0.368492509159
1.0
0.441954318693
0.369496292538
1.0
0.441299725239
0.370223439102
1.0
0.441007931164
0.371025785324
1.0
0.440152915156
0.370612473546
1.0
0.440051709019
0.371283600368
1.0
0.440073013805
0.371755290051
1.0
0.440073013805
0.371755290051
1.0
0.439843738769
0.372690587817
1.0
0.439541882678
0.372586148289
1.0
0.439330359438
0.37352668265
1.0
0.43865349204
0.373287206906
1.0
0.438617489593
0.373762293874
1.0
0.438503476671
0.374407046951
1.0
0.438378959511
0.374946436297
1.0
0.437793257324
0.374380946718
1.0
0.437793257324
0.374380946718
1.0
0.437846989561
0.374529443904
1.0
0.440614646902
0.377996243531
1.0
0.440510632213
0.37816946574
0.99
0.449959856432
0.391096290362
0.99
0.449742503814
0.391836947577
0.99
0.461360194704
0.409129769762
0.99
0.46144923733
0.40927582699
0.99
0.46144923733
0.40927582699
0.959864273594
0.477545166638
0.4421025406
0.959864273594
0.47794804288
0.442010966432
0.959864273594
0.480501130802
0.442247091096
0.99
0.485213828423
0.448198505919
0.99
0.490064646668
0.450164876551
0.99
0.494150942264
0.45864261292
0.99
0.499887484208
0.461348007165
0.99
0.499887484208
0.461348007165
0.99
0.501728310338
0.467406164302
0.99
0.506303577187
0.469571598172
0.99
0.505505129553
0.471791845781
0.99
0.514485295266
0.474027587234
0.99
0.513595580783
0.474795946505
0.99
0.513116473804
0.475821244585
1.0
0.514965385217
0.477609561817
1.0
0.514965385217
0.477609561817
1.0
0.514535812471
0.477260897003
1.0
0.515828921218
0.478978899025
1.0
0.514807303319
0.477870730458
1.0
0.515563028838
0.477553942045
1.0
0.515076889975
0.476771670655
1.0
0.515048810333
0.476228022991
1.0
0.514294084023
0.474264758076
1.0
0.514520508988
0.473478473224
1.0
0.514085166893
0.471610854238
1.0
0.514085166893
0.471610854238
1.0
0.514171864831
0.470795370919
1.0
0.513533705509
0.470112329556
1.0
0.513549798435
0.46953422024
1.0
0.513503370494
0.468265484389
1.0
0.513438242173
0.467790962556
1.0
0.512763527935
0.466806900189
1.0
0.512735191456
0.466063870277
1.0
0.512735191456
0.466063870277
1.0
0.512596440315
0.465659514902
1.0
0.512639794937
0.465511603824
1.0
0.512490721782
0.464910114899
1.0
0.512465981728
0.464278818846
1.0
0.512305183757
0.463550051268
1.0
0.512533279849
0.462654954906
1.0
0.512499003442
0.461820694993
1.0
0.512652288235
0.461454438947
1.0
0.512331188532
0.461277036096
1.0
0.512331188532
0.461277036096
1.0
0.512512038321
0.460552393292
1.0
0.51228102918
0.459932059999
1.0
0.512463893262
0.459171330702
1.0
0.512272246812
0.458235924917
1.0
0.512448082781
0.457258556415
1.0
0.512317154038
0.456290067665
1.0
0.512463705698
0.455644494599
1.0
0.513095309947
0.45616972568
1.0
0.513095309947
0.45616972568
1.0
0.513384010639
0.455174891159
1.0
0.512996607598
0.454523603287
1.0
0.513191652396
0.453601639454
1.0
0.5132599599
0.453578639266
1.0
0.513637267925
0.452919188723
1.0
0.513637436309
0.45273753536
1.0
0.513770513636
0.452220824236
1.0
0.513770513636
0.452220824236
1.0
0.514151946408
0.452569829549
1.0
0.514412799341
0.451487369426
1.0
0.514554249482
0.452127972147
1.0
0.514755153152
0.451484204531
1.0
0.515003036972
0.452568512257
1.0
0.515012537003
0.452533013658
1.0
0.514980831531
0.453534731204
1.0
0.515368516246
0.453062211919
1.0
0.515557716328
0.453884250177
1.0
0.515557716328
0.453884250177
1.0
0.515665505702
0.453675734501
1.0
0.515593764251
0.452817927082
1.0
0.515844037648
0.453311825791
1.0
0.515578079857
0.451541697565
1.0
0.515684267792
0.452335569984
1.0
0.515503677191
0.450354151052
1.0
0.515567338145
0.450026676748
1.0
0.515567338145
0.450026676748
1.0
0.514893679626
0.448131476662
1.0
0.514924291711
0.446811167589
1.0
0.514564663307
0.445265079105
1.0
0.514620868481
0.443444817307
1.0
0.513744627519
0.441180080575
1.0
0.513796127137
0.438467355844
1.0
0.513070271292
0.437287418145
1.0
0.513031356229
0.43548053568
1.0
0.513031356229
0.43548053568
1.0
0.512349635144
0.434452303913
1.0
0.512358579153
0.432109083294
1.0
0.511221331469
0.430699871148
1.0
0.511321963044
0.428295315086
1.0
0.510640005477
0.427684454877
1.0
0.510662163572
0.42559842562
1.0
0.510037742603
0.424939006205
1.0
0.510016924045
0.42459286903
1.0
0.510016924045
0.42459286903
1.0
0.509215481298
0.424521403718
1.0
0.509355315907
0.424096961389
1.0
0.508228368072
0.42369133264
1.0
0.508273620971
0.423175530581
1.0
0.507727274975
0.423392277011
1.0
0.507856849702
0.423015098298
1.0
0.506935947824
0.422851568035
1.0
0.506683108121
0.423718173799
1.0
0.505965886293
0.423894824554
1.0
0.505965886293
0.423894824554
1.0
0.505928524838
0.424338992163
1.0
0.505429863307
0.424317102644
1.0
0.505450296543
0.424700641683
1.0
0.505046057622
0.425117403506
1.0
0.505112827307
0.425415918303
1.0
0.504769946351
0.425787651203
1.0
0.504705130731
0.426087378241
1.0
0.504597167469
0.425968397551
1.0
0.504597167469
0.425968397551
1.0
0.504487060452
0.426496375741
1.0
0.504127646872
0.427342760915
1.0
0.504119913102
0.428009594751
1.0
0.504006296187
0.428484895152
1.0
0.503992187087
0.428198511501
1.0
0.503854349894
0.428596330194
1.0
0.503770938676
0.429224354006
1.0
0.503808607498
0.429637662204
1.0
0.503808607498
0.429637662204
1.0
0.50370520477
0.430099952792
1.0
0.503303262151
0.429908211883
1.0
0.503442158046
0.429977611505
1.0
0.503535165452
0.430615164563
1.0
0.503455426258
0.430938844103
1.0
0.503253652893
0.431170247451
1.0
0.503253652893
0.431170247451
1.0
0.503191973536
0.431786042293
1.0
0.503074519946
0.432194270129
1.0
0.502949821238
0.432635428105
1.0
0.5026564793
0.433264703336
1.0
0.502771215712
0.434104169058
1.0
0.502670562651
0.433827089347
1.0
0.502759723858
0.434192596278
1.0
0.502524568652
0.434586263556
1.0
0.502508836692
0.435102974686
1.0
0.502508836692
0.435102974686
1.0
0.502283496245
0.435058916066
1.0
0.502207299473
0.435519828634
1.0
0.502078188427
0.435621319715
1.0
0.50201135862
0.436096892957
1.0
0.502035528292
0.437004279006
1.0
0.501894635276
0.437610657025
1.0
0.501378953801
0.437237948439
1.0
0.501267745399
0.437625869079
1.0
0.501329754674
0.437959903968
1.0
0.501329754674
0.437959903968
1.0
0.501291751827
0.438764109392
1.0
0.501118876405
0.438542286368
1.0
0.500948988756
0.439186641444
1.0
0.500819828011
0.43985350475
1.0
0.500713657357
0.440488799829
1.0
0.500735434688
0.439959255898
1.0
0.500612136621
0.44012426838
1.0
0.500612136621
0.44012426838
1.0
0.500349104828
0.440114356258
1.0
0.500171667388
0.440722751093
1.0
0.500059248757
0.44121596424
1.0
0.500004329672
0.441672781929
1.0
0.50011571508
0.441676197325
1.0
0.500045974239
0.441818739454
1.0
0.499784523499
0.441290122526
1.0
0.499686790228
0.441832547256
1.0
0.499587577207
0.442577200816
1.0
0.499587577207
0.442577200816
1.0
0.499451375545
0.44302503931
1.0
0.499524159466
0.443218589989
1.0
0.499325566192
0.443812255154
1.0
0.499425278473
0.443651016646
1.0
0.499366733794
0.443850813082
1.0
0.499213270953
0.444111285837
1.0
0.499064640744
0.44459275181
1.0
0.499064640744
0.44459275181
1.0
0.499156259724
0.445669081506
1.0
0.499195987762
0.445507751214
1.0
0.498980790862
0.44518215807
1.0
0.498998756966
0.445372436525
1.0
0.49920035256
0.446075216653
1.0
0.499230394363
0.446306040452
1.0
0.499272266634
0.445970052149
1.0
0.499272266634
0.445970052149
1.0
0.499318910353
0.446224576948
1.0
0.499035344825
0.446839626286
1.0
0.499045428877
0.446820384874
1.0
0.499087771397
0.446927893342
1.0
0.498999382997
0.447389258057
1.0
0.498857585892
0.447020215991
1.0
0.498868148934
0.447201058826
1.0
0.498816230882
0.447828647825
1.0
0.498732447682
0.448056892561
1.0
0.498732447682
0.448056892561
1.0
0.49850031316
0.447934848953
1.0
0.498543406422
0.448111018172
1.0
0.498527217341
0.448242684368
1.0
0.49851352202
0.448498404003
1.0
0.498444575276
0.448535081244
1.0
0.498521420579
0.44902030038
1.0
0.498404484295
0.448863873532
1.0
0.498404484295
0.448863873532
1.0
0.498230969155
0.449155108803
1.0
0.49820353258
0.449094985925
1.0
0.498025600825
0.449505713414
1.0
0.497312999499
0.449042578097
1.0
0.497130610259
0.449453308591
1.0
0.497119741801
0.449315102623
1.0
0.49721922985
0.449214527135
1.0
0.497196440988
0.449411873738
1.0
0.496905764131
0.449808431989
1.0
0.497052220294
0.44973408754
1.0
0.497052220294
0.44973408754
1.0
0.497022114687
0.449825518681
1.0
0.496657694211
0.449357453894
1.0
0.496565158667
0.449502611077
1.0
0.496789918104
0.449868824352
1.0
0.49664820012
0.449902940331
1.0
0.497110909326
0.450527720332
1.0
0.496983303423
0.450664716959
1.0
0.496983303423
0.450664716959
1.0
0.497436722729
0.451303161982
1.0
0.497293166682
0.451762721123
0.987495944888
0.4980810399
0.450653015813
0.987495944888
0.498015133243
0.450374002866
0.876859801067
0.496912299795
0.447474944074
0.876859801067
0.496652345867
0.447833445114
0.876859801067
0.496652345867
0.447833445114
0.824913405548
0.473632809895
0.403113836211
0.824913405548
0.473325646631
0.403350702718
0.824913405548
0.472557778312
0.404412199313
0.894340489097
0.471955567887
0.404022983689
0.894340489097
0.470837212833
0.404263562641
1.0
0.469099336024
0.404558132118
0.99
0.46486964637
0.404270639045
0.99
0.46486964637
0.404270639045
0.99
0.46486964637
0.404270639045
0.919002894883
0.839553776856
0.492772777511
0.919002894883
0.839553776856
0.492772777511
0.725723858332
0.828391220481
0.499621045085
0.725723858332
0.828391220481
0.499621045085
0.725723858332
0.43943801781
0.422705242707
0.725723858332
0.441670510476
0.427158552359
0.751446631484
0.44224598498
0.425788449623
0.751446631484
0.443142437622
0.429083954111
0.751446631484
0.443142437622
0.429083954111
0.805505604561
0.443272358005
0.431533463747
0.805505604561
0.443259679471
0.432434837919
0.970546307709
0.443694229842
0.433009078762
0.970546307709
0.443408701862
0.433446242108
0.970546307709
0.443160198339
0.43407478651
0.970546307709
0.443114377329
0.434186206064
0.970546307709
0.443114377329
0.434186206064
1.0
0.442746155719
0.437284439825
1.0
0.442558534713
0.437522121559
1.0
0.442669159265
0.438912814287
1.0
0.442728800856
0.43877094843
1.0
0.442946983542
0.439239855283
1.0
0.44280230374
0.439486224481
1.0
0.443003116398
0.43967115179
1.0
0.442716870136
0.43811209556
1.0
0.442716870136
0.43811209556
1.0
0.44278970462
0.438278916184
1.0
0.442052991239
0.436985920183
1.0
0.442163637223
0.436320748211
1.0
0.442242976057
0.436619834736
1.0
0.442339626943
0.435342026699
1.0
0.442037203796
0.434755999354
1.0
0.442181973571
0.433629608348
1.0
0.442415591279
0.434508475269
1.0
0.442523631159
0.434736323316
1.0
0.442523631159
0.434736323316
1.0
0.442045475935
0.434046092054
1.0
0.442129969468
0.433863464261
1.0
0.441956491868
0.433319595764
1.0
0.442056218909
0.432850694583
1.0
0.442165284199
0.433151958411
1.0
0.442175839629
0.43346466894
1.0
0.442230076614
0.433664163548
1.0
0.442299100602
0.433688672909
1.0
0.442299100602
0.433688672909
1.0
0.441835078514
0.432893260923
