1.0
0.483138313888
0.714883832862
1.0
0.483125304552
0.714830115539
1.0
0.483063621384
0.71618656468
1.0
0.483066475232
0.716223153165
1.0
0.483795130105
0.716068497713
1.0
0.483794851821
0.716039916457
1.0
0.48604250254
0.715640074182
1.0
0.48604643504
0.715666620547
1.0
0.498188176669
0.717509069899
1.0
0.498188176669
0.717509069899
1.0
0.498195752085
0.717492737183
0.99
0.516700210585
0.719718786452
0.99
0.516718270035
0.719723272151
1.0
0.523382706667
0.718587374909
0.942862121611
0.523566315315
0.718360037336
0.942862121611
0.526136171821
0.718201058351
1.0
0.526339903395
0.717965870209
1.0
0.524799213916
0.718015960102
0.827522895596
0.525036609861
0.717833066548
0.827522895596
0.525036609861
0.717833066548
0.827522895596
0.525492567525
0.717751642462
1.0
0.525582475734
0.717824054535
1.0
0.521537775007
0.71559605796
1.0
0.521527164057
0.715543287535
0.99
0.497480847392
0.698732455373
0.974869443461
0.4974909213
0.698807822215
0.974869443461
0.4974909213
0.698807822215
0.974869443461
0.461132962407
0.67489772623
0.870763980718
0.461036852812
0.674782657267
