1.0
0.467164077255
0.57264963793
1.0
0.467111643535
0.572641599641
1.0
0.467162576105
0.572224603973
1.0
0.466952241271
0.572355466607
1.0
0.467147604471
0.572023777087
1.0
0.467249169056
0.572367111735
1.0
0.467077331434
0.572149724589
1.0
0.467003862618
0.571912782441
1.0
0.467083547446
0.572076305447
1.0
0.467083547446
0.572076305447
1.0
0.467199275817
0.571623896456
1.0
0.466981956673
0.571384890957
1.0
0.467131582809
0.571204479316
1.0
0.467706892918
0.572437065084
1.0
0.467706892918
0.572437065084
1.0
0.467623103527
0.573632551681
1.0
0.467644490769
0.573828620609
1.0
0.467644490769
0.573828620609
1.0
0.467789311936
0.573935415916
1.0
0.467834121046
0.57460532839
1.0
0.468503779626
0.576345684932
1.0
0.468524582957
0.576884323932
1.0
0.468531882431
0.577222552408
1.0
0.468993953395
0.576874456017
1.0
0.469602070186
0.577698889138
1.0
0.469602070186
0.577698889138
1.0
0.469810260065
0.577798442767
1.0
0.470268984032
0.578547338965
1.0
0.470442524783
0.578399518109
1.0
0.47056145943
0.578247613145
1.0
0.470807461629
0.579263530711
1.0
0.471284650208
0.579622327883
1.0
0.471179346292
0.579145725123
1.0
0.472936449199
0.573650815027
1.0
0.472936449199
0.573650815027
1.0
0.473334179986
0.568184994097
1.0
0.472835978303
0.560600918694
1.0
0.472424933163
0.554788382203
1.0
0.473005870738
0.548927535699
1.0
0.473241432734
0.543544550325
1.0
0.473277203582
0.540085477085
1.0
0.473878095444
0.5370769007
1.0
0.474188169849
0.534080773162
1.0
0.475023018508
0.532711720687
1.0
0.475266967343
0.531557582517
1.0
0.475494649558
0.53107555798
1.0
0.475494649558
0.53107555798
1.0
0.475712755319
0.529496851815
1.0
0.476130515493
0.529527911847
1.0
0.476193470743
0.527552955321
1.0
0.476301156318
0.527480093281
1.0
0.476283753643
0.525303632142
1.0
0.476390791291
0.525353625483
1.0
0.476126306215
0.523300067714
1.0
0.476126306215
0.523300067714
1.0
0.47645612953
0.523545505531
1.0
0.476676236771
0.523677376444
1.0
0.476726454901
0.523015848678
1.0
0.476561664057
0.522363051874
1.0
0.476261943707
0.522982595331
1.0
0.477180141511
0.523038227309
1.0
0.477091757561
0.522614935527
1.0
0.477095698007
0.522466490971
1.0
0.477095698007
0.522466490971
1.0
0.477295723891
0.522402232528
1.0
0.477283997538
0.522440378857
1.0
0.477173053971
0.522705481079
1.0
0.477173053971
0.522705481079
1.0
0.477234089528
0.522673102258
1.0
0.477296464983
0.522858204391
1.0
0.476983539691
0.523006379062
1.0
0.476927103613
0.523984106988
1.0
0.477116353345
0.524403980279
1.0
0.476967628661
0.523969986899
1.0
0.476747792999
0.524924747239
1.0
0.476875895878
0.525274144778
1.0
0.476691155562
0.525986124492
1.0
0.47691977602
0.526565578637
1.0
0.476867651824
0.526563390078
1.0
0.476867651824
0.526563390078
1.0
0.476805190343
0.526504078652
1.0
0.47669582167
0.526741089897
1.0
0.47673462945
0.527202893055
1.0
0.477252498919
0.527484508769
1.0
0.477052616658
0.528304193653
1.0
0.477052616658
0.528304193653
1.0
0.477059196665
0.528056027694
1.0
0.477372889718
0.528504550522
1.0
0.47736520328
0.528450021833
0.99
0.485627104814
0.515710395484
0.99
0.487436141236
0.516091520388
0.99
0.510956234051
0.529538479924
0.99
0.514298963147
0.5268863887
0.99
0.514298963147
0.5268863887
1.0
0.517596687275
0.530060252389
0.965673253407
0.518855257699
0.530425317703
0.965673253407
0.518353032388
0.530345053752
0.959035453652
0.51783434155
0.530612920998
0.959035453652
0.517056414649
0.530292798354
0.978519964487
0.517348770537
0.530045797742
0.978519964487
0.517135061675
0.530222144616
0.978519964487
0.517135061675
0.530222144616
0.978519964487
0.517112872362
0.530189486249
1.0
0.51704590944
0.529486876721
1.0
0.516745342648
0.529331715333
0.982972644302
0.516172796983
0.529677593205
1.0
0.516195550817
0.529893848995
1.0
0.516147173801
0.529861951125
1.0
0.516037890588
0.531135371455
1.0
0.51578614326
0.531135136191
1.0
0.51541858253
0.531650449579
1.0
0.51541858253
0.531650449579
1.0
0.515741743144
0.531685019343
1.0
0.515868035282
0.532094648788
1.0
0.51618576626
0.531090573461
1.0
0.516134791451
0.531323845839
1.0
0.516305728486
0.531624015726
0.974325109782
0.516706593287
0.531683298733
0.974325109782
0.516260595225
0.531327328382
0.974325109782
0.516260595225
0.531327328382
1.0
0.516314754343
0.529449116087
1.0
0.510848138102
0.523663464188
0.99
0.496192062651
0.529090374044
0.99
0.483042982757
0.515223801121
0.99
0.462117769359
0.496386484431
0.99
0.454302871982
0.5048499129
0.99
0.454302871982
0.5048499129
0.99
0.452008735809
0.503431536667
1.0
0.452489120407
0.503528628461
1.0
0.45167694623
0.503778294293
1.0
0.45233668232
0.504530468202
1.0
0.451912340793
0.504682263776
1.0
0.452279979719
0.504778515868
1.0
0.452668776673
0.505435835346
1.0
0.452668776673
0.505435835346
1.0
0.452740046712
0.505453470508
1.0
0.45265526356
0.505464857464
1.0
0.452640296124
0.505234369831
1.0
0.452465434913
0.505276004523
1.0
0.452767965446
0.505283733317
1.0
0.4525992343
0.506468925022
1.0
0.452472232065
0.506377031779
1.0
0.452310068636
0.506091494135
1.0
0.452580048145
0.506054914474
1.0
0.452746417994
0.506100419926
1.0
0.452789402502
0.506257967533
1.0
0.452997506247
0.506263995896
1.0
0.45317499768
0.505925453115
1.0
0.45317499768
0.505925453115
1.0
0.453226020229
0.505795381063
