0.99
0.620681840773
0.187919245457
0.99
0.630359086637
0.167058933858
0.99
0.632251662837
0.170155656
1.0
0.634530276223
0.163765111792
1.0
0.634530276223
0.163765111792
1.0
0.635666367452
0.161916007065
1.0
0.634330920432
0.164151144121
1.0
0.634673261181
0.163249212319
1.0
0.634425264534
0.163528716313
1.0
0.633955754814
0.165412669466
1.0
0.632028874252
0.16489602294
1.0
0.631490596365
0.16538248212
1.0
0.63082874881
0.167781269649
1.0
0.63082874881
0.167781269649
1.0
0.629903094809
0.167423870898
1.0
0.628841706128
0.169180845834
1.0
0.626476490838
0.168162056532
1.0
0.626072859427
0.168865147246
1.0
0.625429071025
0.170793078712
1.0
0.624711765626
0.169897232481
1.0
0.624401092721
0.170872623321
1.0
0.624401092721
0.170872623321
1.0
0.622989018486
0.170417630013
1.0
0.622272039031
0.171363592142
1.0
0.621777260005
0.172451124678
1.0
0.621097480346
0.173974002452
1.0
0.619478290886
0.171143012611
1.0
0.619100988949
0.172373982225
1.0
0.61819390648
0.172211286681
1.0
0.617467073981
0.173938016579
1.0
0.617467073981
0.173938016579
1.0
0.616737404071
0.173369141001
1.0
0.616214602934
0.174634109333
1.0
0.614828538712
0.17224241204
1.0
0.614237111292
0.173351543017
1.0
0.613004094943
0.173095628367
1.0
0.612569165768
0.174738037362
1.0
0.611642260527
0.173566634289
1.0
0.611204771386
0.174225694908
1.0
0.611204771386
0.174225694908
1.0
0.609917959146
0.173684862825
1.0
0.6092445245
0.174723102127
1.0
0.60792751166
0.172937758571
1.0
0.607182413882
0.174914848163
1.0
0.60662776956
0.174335685533
1.0
0.606376381068
0.175046829894
1.0
0.605128839116
0.174207640267
1.0
0.605128839116
0.174207640267
1.0
0.604455337433
0.175246856838
1.0
0.603327851163
0.174693278883
1.0
0.602790508915
0.176186968866
1.0
0.601628604894
0.17409654864
1.0
0.601339021589
0.174793205415
1.0
0.600743194445
0.174325507158
1.0
0.599938466631
0.175658652158
1.0
0.598756029413
0.174688966227
1.0
0.598051480904
0.176187660503
1.0
0.598051480904
0.176187660503
1.0
0.597041001907
0.174001938411
1.0
0.5969851174
0.174532207221
1.0
0.594968377106
0.172054694273
1.0
0.594617238814
0.173262906998
1.0
0.593761101752
0.17335560413
1.0
0.592805605449
0.174931650651
1.0
0.592805605449
0.174931650651
1.0
0.591630316859
0.173685213435
1.0
0.591128405419
0.174697561508
1.0
0.59058753198
0.175924352448
1.0
0.590044797166
0.177333765485
1.0
0.588722108773
0.174854980834
1.0
0.588055207069
0.175608525388
1.0
0.58651968903
0.173251975703
1.0
0.585614470675
0.175583251594
1.0
0.584671664594
0.175591229602
1.0
0.583799885748
0.177790459044
1.0
0.583799885748
0.177790459044
1.0
0.582368781484
0.176145829537
1.0
0.582018559259
0.174998521963
1.0
0.579837182857
0.171315657334
1.0
0.579382305015
0.171184386537
1.0
0.577561416908
0.170847008925
1.0
0.576843173761
0.17403884607
1.0
0.576011206838
0.172623018787
1.0
0.576011206838
0.172623018787
1.0
0.575092382543
0.173427409286
1.0
0.573156756806
0.170697994104
1.0
0.572331316466
0.17169980445
1.0
0.569910681488
0.168122411553
1.0
0.569245527549
0.170057062912
1.0
0.567244317886
0.168325288469
1.0
0.566392638104
0.170667849233
1.0
0.566392638104
0.170667849233
1.0
0.564219322936
0.168531572037
1.0
0.563690674635
0.1687574074
1.0
0.562143476425
0.16594341587
1.0
0.561534546676
0.167331261825
1.0
0.559509388227
0.166527685193
1.0
0.558651595045
0.168279326258
1.0
0.55692248367
0.166403447013
1.0
0.556648001041
0.167206221499
1.0
0.555327398967
0.165729309124
1.0
0.554815990323
0.167700223974
1.0
0.554815990323
0.167700223974
1.0
0.55269119987
0.166089853603
1.0
0.552314389361
0.168060351825
1.0
0.551572629592
0.168230524002
1.0
0.550846756848
0.170671054487
1.0
0.549517120058
0.169739634671
1.0
0.549117620604
0.171886765997
1.0
0.548020675578
0.173214714794
1.0
0.548073864165
0.174300198178
1.0
0.548073864165
0.174300198178
1.0
0.54726692937
0.174563397582
1.0
0.546678117657
0.176854505205
1.0
0.545946564761
0.177683125178
1.0
0.546186104245
0.179431462227
1.0
0.546106734655
0.182376711517
1.0
0.545984503528
0.183823425167
1.0
0.545984503528
0.183823425167
1.0
0.545085641695
0.183691669345
1.0
0.545046072668
0.185659598125
1.0
0.544397519043
0.188422954524
1.0
0.544279138962
0.189860877697
1.0
0.543788305075
0.189919511709
1.0
0.54404848357
0.19035838998
1.0
0.543720222194
0.192233778399
1.0
0.543478210013
0.195282947201
1.0
0.543157496336
0.196217373993
1.0
0.543157496336
0.196217373993
1.0
0.543206268358
0.197052293204
1.0
0.543022911708
0.199410674625
1.0
0.542943567544
0.201391752332
1.0
0.542038859891
0.202202508975
1.0
0.542290242617
0.203122583656
1.0
0.541233469389
0.204246275231
1.0
0.541187002749
0.205320896376
1.0
0.541187002749
0.205320896376
1.0
0.540474454928
0.206644449586
1.0
0.540281486304
0.208091520583
1.0
0.539513370809
0.207844585917
1.0
0.539396940994
0.208671429199
1.0
0.539103029433
0.211127668062
1.0
0.539036594387
0.211940570802
0.986030895475
0.538711210264
0.213956103783
0.986030895475
0.538405763081
0.214361286148
1.0
0.538151866217
0.215644186814
1.0
0.538093822544
0.215724653301
1.0
0.538093822544
0.215724653301
1.0
0.537248506741
0.215045507971
1.0
0.536910290274
0.215264232261
1.0
0.536220593288
0.214768710556
1.0
0.536142355573
0.214231305319
0.966314378034
0.534127220262
0.210027667287
0.966314378034
0.533951320592
0.209845757689
1.0
0.534201119871
0.207401013954
1.0
0.534428850998
0.207882658196
1.0
0.534428850998
0.207882658196
0.991453335821
0.537462278975
0.214808528317
0.991453335821
0.538475100223
0.220212065547
1.0
0.540634879162
0.227366194989
1.0
0.541389808271
0.234463150504
1.0
0.543158577802
0.241385394584
1.0
0.542914020713
0.24683464567
1.0
0.542914020713
0.24683464567
1.0
0.54214454981
0.247323900403
1.0
0.542181223004
0.246093247573
1.0
0.540167302073
0.245666210126
1.0
0.540055276009
0.243662826526
1.0
0.540021753924
0.244136640409
1.0
0.539930496813
0.24323612715
1.0
0.540235626893
0.245697183216
1.0
0.540024315345
0.24474319865
1.0
0.540024315345
0.24474319865
1.0
0.53872125538
0.242356925557
1.0
0.538354354548
0.241383986694
1.0
0.538898989305
0.240647232162
1.0
0.538700234242
0.239546162276
1.0
0.538276334601
0.238285262022
1.0
0.538095421601
0.237196111355
1.0
0.537400513196
0.235977470127
1.0
0.536915738947
0.235767285582
1.0
0.536560314003
0.235319059768
1.0
0.53658862309
0.233710298074
1.0
0.53658862309
0.233710298074
1.0
0.53590911656
0.232602059798
1.0
0.535792921902
0.231613902742
1.0
0.535188294275
0.231245819109
1.0
0.534880118795
0.230736308663
1.0
0.534893219644
0.229346216124
1.0
0.534699300075
0.228305087671
1.0
0.534563701795
0.226687815788
1.0
0.53457435893
0.226124225199
1.0
0.53457435893
0.226124225199
1.0
0.534205433568
0.225294448259
1.0
0.533989773142
0.224572767698
1.0
0.534302920213
0.223373701695
1.0
0.534418829617
0.222217943729
0.953599282675
0.534678160262
0.223009617705
0.953599282675
0.534655252489
0.222576096126
0.953599282675
0.534655252489
0.222576096126
1.0
0.534299180769
0.220146346701
1.0
0.534095337712
0.21995926328
1.0
0.533986224516
0.219222358924
1.0
0.533987285668
0.218676204477
1.0
0.534219875126
0.218611858991
1.0
0.534203021913
0.217842937179
0.975215646573
0.534818624847
0.219690982007
0.975215646573
0.534741772602
0.220041718219
1.0
0.534032069154
0.21805376133
1.0
0.534283775866
0.217099549824
1.0
0.534283775866
0.217099549824
1.0
0.534320062937
0.216260345378
1.0
0.534342584227
0.216311784974
1.0
0.534361396831
0.21686710146
1.0
0.534382206346
0.216723170995
1.0
0.534323134218
0.216631047526
1.0
0.534110296947
0.217729987102
0.984719165956
0.534245606541
0.219125669777
