0.854564919432
0.453669332458
0.565336073156
0.854564919432
0.453669332458
0.565336073156
0.854564919432
0.453669332458
0.565336073156
0.854564919432
0.579813731956
0.483183045445
0.854564919432
0.579813731956
0.483183045445
0.888651961477
0.57868201598
0.491412146267
0.942841558283
0.578581776974
0.496962130881
0.942841558283
0.578581776974
0.496962130881
0.900059624612
0.577453291081
0.498243900919
0.900059624612
0.577453291081
0.498243900919
0.86758167139
0.576366550166
0.502924882798
0.888487795422
0.576115406098
0.504184979734
0.924389218025
0.576262062505
0.501698688797
0.951947896729
0.575070222742
0.506268095841
0.93791600019
0.57170799953
0.508652668506
0.939496514692
0.570053917723
0.509515619081
0.939496514692
0.570053917723
0.509515619081
0.861717585737
0.637765143252
0.513543500523
0.861717585737
0.637765143252
0.513543500523
0.909592152753
0.638350895004
0.508158677774
0.969453836994
0.63708730236
0.512024745662
0.969453836994
0.63708730236
0.512024745662
0.94861391767
0.637086349187
0.514226878093
0.982811772378
0.636541559924
0.515221310094
1.0
0.635591571001
0.520394271799
1.0
0.635178680684
0.522738536752
1.0
0.634541119843
0.523807913319
1.0
0.634130839005
0.524636093526
1.0
0.634130839005
0.524636093526
1.0
0.632869276513
0.524420877324
1.0
0.543588468129
0.568099437708
1.0
0.543592049072
0.567815110912
1.0
0.543593118039
0.570469052971
1.0
0.543538388383
0.573497478528
1.0
0.543599678306
0.575285385312
1.0
0.543494843258
0.575351706304
1.0
0.543386568852
0.57732142068
1.0
0.543386568852
0.57732142068
1.0
0.543443700008
0.577616810512
1.0
0.54313216546
0.583948841123
1.0
0.543129053092
0.58401639781
1.0
0.543034879666
0.587041208226
1.0
0.54503286392
0.537047824814
1.0
0.545151744531
0.537115016466
1.0
0.547223975346
0.499726059386
1.0
0.547011589706
0.501860003798
1.0
0.544264701628
0.572477014379
1.0
0.544304721499
0.573452574945
1.0
0.544232222947
0.576921200198
1.0
0.545060247421
0.546376888635
1.0
0.54669516799
0.513971222388
1.0
0.546631074372
0.515964258341
1.0
0.544800439787
0.566160999438
1.0
0.544890864762
0.565315400376
1.0
0.544890864762
0.565315400376
1.0
0.544914249637
0.567038999663
1.0
0.545103124793
0.571878898795
1.0
0.545103124793
0.571878898795
1.0
0.545117864128
0.56826927979
1.0
0.544734930025
0.591382814969
1.0
0.544831511521
0.595646137195
1.0
0.545983221581
0.545921449923
1.0
0.545983221581
0.545921449923
1.0
0.545983221581
0.545921449923
1.0
0.547411582759
0.510257019517
1.0
0.547572012814
0.509558213036
1.0
0.54736780479
0.516715436455
1.0
0.54736780479
0.516715436455
1.0
0.547189730981
0.520416223099
1.0
0.547057637722
0.527075907442
1.0
0.547057637722
0.527075907442
1.0
0.547175181799
0.526161093643
1.0
0.54718025362
0.531050467215
1.0
0.54705810524
0.535611510641
1.0
0.530378392241
0.78054644386
1.0
0.530378392241
0.78054644386
1.0
0.530378392241
0.78054644386
1.0
0.529927685954
0.781309406349
0.823688250821
0.518021690453
0.755568431569
0.99
0.49214656269
0.819663208698
1.0
0.493603386772
0.817973858593
0.99
1.02544220971
0.655725719248
0.99
0.558101948839
0.500885820993
0.99
0.558101948839
0.500885820993
0.99
0.558101948839
0.500885820993
0.99
0.558101948839
0.500885820993
0.99
0.188991834331
0.439800312618
0.99
0.188991834331
0.439800312618
0.99
0.185961015123
0.566426165741
0.99
0.185961015123
0.566426165741
0.99
0.180439217596
0.700552519832
0.99
0.193969181291
0.742704450968
0.99
0.193969181291
0.742704450968
1.0
0.201026519229
0.740546894576
1.0
0.201026519229
0.740546894576
1.0
0.203140020484
0.742418261122
1.0
0.204924584609
0.745924801251
1.0
0.20686725955
0.750089297811
1.0
0.20730408446
0.75292782689
1.0
0.207242941403
0.755354862151
1.0
0.207242941403
0.755354862151
1.0
0.207242941403
0.755354862151
1.0
0.206857116889
0.755042912458
1.0
0.205173808935
0.754287810491
1.0
0.203412261348
0.757223146987
1.0
0.202761852244
0.754958401306
1.0
0.202761852244
0.754958401306
1.0
0.201650639014
0.757020420496
1.0
0.201027769126
0.756077874258
1.0
0.201027769126
0.756077874258
1.0
0.199700181823
0.759181960876
1.0
0.198221199373
0.758906107992
1.0
0.198221199373
0.758906107992
0.856571523055
0.849497306531
0.957719826639
0.856571523055
0.849518274054
0.958282942563
0.856571523055
0.84898289242
0.958484540033
0.856571523055
0.848081754763
0.959523762804
0.856571523055
0.84741796372
0.960872395572
0.856571523055
0.846540684898
0.967517214006
0.856571523055
0.845883522361
0.973086816997
