0.91887317322
0.40762007462
0.122300649901
0.879769114533
0.409411326336
0.121600086902
0.879769114533
0.409411326336
0.121600086902
0.891223709274
0.409893186375
0.118784549955
0.912512438295
0.40861370513
0.118317505291
0.98255586537
0.409218438493
0.115192959802
0.945077418389
0.410071703515
0.136272398174
0.945077418389
0.410302610355
0.107054341841
0.956668037754
0.411292757431
0.13090864971
0.956668037754
0.411292757431
0.13090864971
1.0
0.411557744413
0.0984021330174
0.986404181057
0.411512755693
0.126554928175
1.0
0.411809245746
0.0923691065103
1.0
0.411149564307
0.125196026634
1.0
0.411446254891
0.091964650928
0.954974165263
0.411703661667
0.124219053801
1.0
0.411993225208
0.0911869795817
1.0
0.411993225208
0.0911869795817
1.0
0.412747355685
0.0931593106533
1.0
0.413042731186
0.123748882119
1.0
0.413290964378
0.0926965364747
1.0
0.413052689113
0.124762213979
1.0
0.413310029161
0.0925553353252
1.0
0.413804184895
0.12351143901
1.0
0.414036369694
0.0929121621059
1.0
0.414036369694
0.0929121621059
1.0
0.415208825715
0.124613075623
1.0
0.415399279834
0.0955286080557
1.0
0.415098813962
0.123492796931
1.0
0.415291174944
0.0946866532663
1.0
0.416120368781
0.120062456405
1.0
0.416120368781
0.120062456405
1.0
0.416030408504
0.0981105991115
0.99117223638
0.42026117377
0.112689627387
0.99
0.435519017281
0.0552903494363
1.0
0.434699980524
0.058388466879
0.971936181932
0.439224315993
0.0457854892086
0.971936181932
0.439224315993
0.0457854892086
1.0
0.438237440401
0.0499787229868
1.0
0.442789209959
0.0402601015904
1.0
0.441659030374
0.0441329401657
0.972500915517
0.444343903531
0.0395512657716
1.0
0.443153640083
0.0434090773031
1.0
0.445237656752
0.040051618088
1.0
0.444024051203
0.0442841603518
0.97414778708
0.44595329858
0.041844961899
0.97414778708
0.44595329858
0.041844961899
1.0
0.444734300724
0.0450132943712
1.0
0.445451786676
0.043589412605
0.995407919557
0.448852625539
0.0422243168533
1.0
0.44915126449
0.0422340523339
1.0
0.447854333364
0.0442144981415
1.0
0.449515137856
0.0412238303552
1.0
0.449515137856
0.0412238303552
1.0
0.449796088746
0.0415538607297
1.0
0.448505645093
0.0406227913994
1.0
0.459453376748
0.0384053594998
0.99
0.485100081579
0.06145757233
0.99
0.483479260593
0.0497328169445
0.99
0.522492077881
0.0861329522697
