1.0
0.510459664497
0.658918121391
1.0
0.510474148043
0.659240557757
1.0
0.510660582525
0.658644298766
1.0
0.510949966112
0.658046316211
1.0
0.511236162988
0.657915450845
1.0
0.51132468888
0.657776064559
1.0
0.511183900304
0.657815059825
1.0
0.511183900304
0.657815059825
1.0
0.511037746156
0.657930932436
1.0
0.511487405056
0.658083791734
1.0
0.511618339877
0.657947717765
1.0
0.511686995534
0.657819373398
1.0
0.5117448075
0.657860481088
1.0
0.511796418222
0.657759550792
1.0
0.511839053181
0.657503196804
1.0
0.511834413221
0.657623343792
1.0
0.511931214915
0.657398128985
1.0
0.511918670054
0.657033412168
1.0
0.511918670054
0.657033412168
1.0
0.512012595513
0.657361533788
1.0
0.511958536375
0.657385716132
1.0
0.511821057157
0.657362091677
1.0
0.511721916485
0.657135197664
1.0
0.511563393315
0.657534800382
1.0
0.511352809891
0.657453327162
1.0
0.511484833499
0.656850448434
1.0
0.511829943462
0.657021013958
1.0
0.511829943462
0.657021013958
1.0
0.511870584356
0.657389485217
1.0
0.511745310402
0.65713784583
1.0
0.511557900214
0.657318910384
1.0
0.511409746587
0.657601884988
1.0
0.5113725851
0.657493815996
1.0
0.511483301251
0.65797583948
1.0
0.511483301251
0.65797583948
1.0
0.511808823089
0.657906045778
1.0
0.511462788582
0.657734879103
1.0
0.511380958163
0.657494725758
1.0
0.511562972566
0.658054593011
1.0
0.51131533254
0.658699620173
1.0
0.511226691945
0.658884681854
1.0
0.5112725045
0.65902097749
1.0
0.511295070213
0.659688000205
1.0
0.511342003265
0.660115080702
1.0
0.511389401153
0.659687408072
1.0
0.511389401153
0.659687408072
1.0
0.51145218525
0.659965856506
1.0
0.509238690583
0.653896806442
1.0
0.50929468443
0.653946730111
0.99
0.503234846546
0.634350242488
0.99
0.503150776038
0.633734709046
0.99
0.496807532329
0.612609587426
0.99
0.496807532329
0.612609587426
0.99
0.49638559382
0.605472160101
0.99
0.48969570988
0.587342437523
0.99
0.489093034549
0.569365085226
0.661953321171
0.481185971642
0.535696138228
0.661953321171
0.481185971642
0.535696138228
0.661953321171
0.481003660688
0.519678785696
0.661953321171
0.48059476455
0.506259584121
0.661953321171
0.480945713956
0.496146993287
0.775775614715
0.480530738692
0.495255577244
0.775775614715
0.480188944976
0.488131663608
0.77798485425
0.479728262657
0.486705207874
0.77798485425
0.479404865485
0.487756434138
0.756495850216
0.479482532365
0.492698835051
0.756495850216
0.479482532365
0.492698835051
0.756495850216
0.479176849149
0.494016720705
0.768391752663
0.478675095954
0.492140691978
0.768391752663
0.478609949998
0.491534261318
0.795030513315
0.483190968381
0.492860049214
0.795030513315
0.483125712449
0.493052443351
0.858932773454
0.482321221753
0.49151407162
0.858932773454
0.482151832011
0.492028335863
0.851990691045
0.481761122595
0.490705363708
0.851990691045
0.481709262643
0.491078992297
0.851990691045
0.481709262643
0.491078992297
0.801642841396
0.48131752342
0.489750758546
0.801642841396
0.481318190619
0.489516675125
0.747894555715
0.481464101643
0.494530625403
0.747894555715
0.481539453963
0.495060364438
0.795640693269
0.481107123204
0.493282131838
0.795640693269
0.480927724742
0.493195226635
0.815048775225
0.480539222631
0.491937430929
0.815048775225
0.480515834447
0.492070937718
0.765030516755
0.480126302406
0.490808154479
0.765030516755
0.480126302406
0.490808154479
0.765030516755
0.479954442091
0.490749470032
0.735069003663
0.479563996902
0.489482104935
0.735069003663
0.479442792886
0.490237827846
0.669616161928
0.479051371421
0.488965951066
0.669616161928
0.478988533849
0.488719221517
0.604168295915
0.484149536706
0.496445019937
0.604168295915
0.484174176981
0.496570737293
0.604168295915
0.484174176981
0.496570737293
0.849737781075
0.483398580825
0.494675547758
0.849737781075
0.483257305572
0.49526969959
0.831686864845
0.482938715976
0.494111654346
0.831686864845
0.482766392544
0.49385166994
0.781159557912
0.482447270007
0.492689752719
0.781159557912
0.482391434546
0.493210720224
0.777663206785
0.482071689962
0.492044777719
0.777663206785
0.482071689962
0.492044777719
0.777663206785
0.48200410745
0.492879008488
0.657264866975
0.482221910874
0.4980330877
0.657264866975
0.481986618289
0.498395913745
0.798907702425
0.48162752356
0.496785430474
0.798907702425
0.481491425458
0.497122432197
1.0
0.489138778314
0.511877736046
1.0
0.488895471708
0.512370185545
1.0
0.48874764969
0.511212154602
1.0
0.488695047406
0.512122116013
1.0
0.488347327966
0.511124591575
1.0
0.488347327966
0.511124591575
1.0
0.488187292258
0.511696894912
1.0
0.487732423754
0.511831504616
1.0
0.487628541874
0.512927532778
1.0
0.486516518172
0.512181340168
1.0
0.486302566167
0.513143018846
1.0
0.485429489356
0.512435467589
1.0
0.485346581475
0.512232223594
1.0
0.485346581475
0.512232223594
1.0
0.484606301827
0.512571781965
1.0
0.484693427531
0.512587839454
1.0
0.485218006407
0.521157117682
1.0
0.485104135893
0.522148088587
0.99
0.487213693316
0.541782568159
0.99
0.486700367956
0.546596382208
1.0
0.487903690058
0.552733591471
1.0
0.487609324855
0.559022784503
1.0
0.486691520871
0.558182607425
1.0
0.486691520871
0.558182607425
0.896788987076
0.486537482676
0.564409023777
0.896788987076
0.486258210938
0.562408902096
0.873949050216
0.486072057137
0.566161555532
0.873949050216
0.485461569668
0.564853408629
1.0
0.485623375859
0.567016746436
1.0
0.484875450447
0.565467441902
1.0
0.484757765354
0.56793444097
1.0
0.484757765354
0.56793444097
1.0
0.485284113486
0.568242636899
1.0
0.484875256648
0.571125148473
1.0
0.484005722625
0.570555984601
1.0
0.483879981527
0.571220043845
1.0
0.484239998033
0.571629392709
1.0
0.48421154542
0.571743563821
1.0
0.484327162967
0.571486642557
1.0
0.484327162967
0.571486642557
1.0
0.483934965924
0.571930695895
1.0
0.484137776862
0.57275511312
1.0
0.484120700894
0.572903241552
1.0
0.484686073715
0.573728470795
1.0
0.484491979715
0.574589577801
1.0
0.483887622129
0.574074973582
1.0
0.483895433535
0.573939776004
1.0
0.484133459887
0.574588119976
1.0
0.484039644085
0.574497328303
1.0
0.484404108947
0.574965921762
1.0
0.484404108947
0.574965921762
1.0
0.484411859713
0.574978117317
1.0
0.484448044445
0.57445075912
1.0
0.484381158283
0.57459295943
1.0
0.484470254173
0.573576698254
1.0
0.484483449798
0.573493795083
1.0
0.4841917905
0.573131139171
1.0
0.4841917905
0.573131139171
1.0
0.484171164593
0.573299189409
1.0
0.480663700108
0.570203807354
1.0
0.480844290707
0.570047288811
0.99
0.455285958524
0.544120207742
0.99
0.454625688484
0.545006242725
0.99
0.432022818685
0.526983229826
0.99
0.429197946753
0.53037203559
0.99
0.409450128626
0.518433655437
0.99
0.400812107493
0.522050932782
0.99
0.395618275221
0.518876509228
0.99
0.395618275221
0.518876509228
0.99
0.389424990314
0.52801098795
0.99
0.386057057599
0.525580197884
0.99
0.381691898993
0.532882041777
0.99
0.381002574597
0.531096345127
1.0
0.379789579156
0.533081405182
1.0
0.379446257159
0.532144982315
1.0
0.379646543886
0.532324260216
1.0
0.379646543886
0.532324260216
1.0
0.379935399523
0.531766270397
1.0
0.38001182706
0.531582501554
1.0
0.380278946109
0.531506134096
1.0
0.3801481252
0.531651091403
1.0
0.380901670364
0.532888122123
1.0
0.380871672418
0.533612934352
1.0
0.380444819554
0.53263415876
1.0
0.380444819554
0.53263415876
1.0
0.38038184932
0.533143184467
1.0
0.380237359821
0.532838717724
1.0
0.38023744977
0.532556746195
1.0
0.380589716918
0.533589543873
1.0
0.38057915468
0.533998402025
1.0
0.380365610266
0.53385314845
1.0
0.380309775496
0.533947807453
1.0
0.380646732127
0.534917858198
1.0
0.380705406398
0.535481703769
1.0
0.380885261931
0.535931397868
1.0
0.380885261931
0.535931397868
1.0
0.380859511566
0.535600199752
1.0
0.380404132821
0.535172356563
1.0
0.380427472861
0.534881873678
1.0
0.383809324407
0.53706474421
1.0
0.383832640427
0.537339831636
0.99
0.403676460198
0.554574629449
0.99
0.403647449294
0.55483077591
0.99
0.403647449294
0.55483077591
0.99
0.428912629899
0.579354031589
0.99
0.43034922345
0.579097105186
0.99
0.453262788569
0.601439679609
0.99
0.459953133346
0.600958306232
0.99
0.472665134345
0.614005031419
0.99
0.48159605298
0.610150351309
0.99
0.482344273056
0.610939806982
0.99
0.482344273056
0.610939806982
0.99
0.490165961177
0.607447573121
0.99
0.488314131049
0.603722945315
1.0
0.491056520787
0.602195591335
1.0
0.491622849416
0.602506670906
1.0
0.491978001469
0.60111572972
1.0
0.491654951985
0.600574426501
1.0
0.491324477006
0.599730068039
1.0
0.491592057578
0.599108025204
1.0
0.491852988552
0.599101311861
1.0
0.491852988552
0.599101311861
1.0
0.490919244211
0.5994644842
1.0
0.490801195181
0.599324817779
1.0
0.490219796416
0.598762833995
1.0
0.490089688076
0.599275079281
1.0
0.490099905663
0.598348407207
1.0
0.490148557165
0.597982393237
1.0
0.490478616264
0.596282103102
1.0
0.490478616264
0.596282103102
1.0
0.490412804925
0.596041503558
1.0
0.489186952554
0.595544163469
1.0
0.489207904139
0.594411860602
1.0
0.488614127451
0.593257717674
1.0
0.488553211706
0.592623645624
1.0
0.488469975505
0.590926728644
1.0
0.488384203709
0.591387499793
1.0
0.489754722375
0.589724913135
1.0
0.489754722375
0.589724913135
1.0
0.489539229053
0.58823641657
0.99
0.503534403566
0.598344230445
0.99
0.503464336297
0.596822801623
0.99
0.528370631406
0.609089535446
0.99
0.52947052759
0.608000859352
0.99
0.557141402934
0.626245617272
0.99
0.564140488013
0.619709272817
0.99
0.581684519973
0.628720605801
0.99
0.581684519973
0.628720605801
0.99
0.592401178574
0.617686375214
0.99
0.60727198542
0.622633783716
0.99
0.617622228632
0.612245498936
0.99
0.627698677186
0.614790060851
0.99
0.638289485117
0.601874725297
0.99
0.640386863396
0.604409109504
0.99
0.649096893892
0.591150553417
0.99
0.648226573913
0.589860241005
0.99
0.648226573913
0.589860241005
1.0
0.651142321
0.584612128293
1.0
0.650592645863
0.583420208928
1.0
0.651935478664
0.581769930985
1.0
0.650867114693
0.580707318271
1.0
0.652510119464
0.579018916982
1.0
0.652103361917
0.579740939986
1.0
0.651924694837
0.579260916876
1.0
0.651445925943
0.578973615092
1.0
0.651119147652
0.579677564809
1.0
0.651119147652
0.579677564809
1.0
0.650277081378
0.579627781307
1.0
0.649903249828
0.581206801484
1.0
0.649449046525
0.581681246652
1.0
0.649309563989
0.582011422999
1.0
0.648999057572
0.5814875655
1.0
0.648729364514
0.582122928557
1.0
0.648519444045
0.582415720144
1.0
0.648519444045
0.582415720144
1.0
0.64820577016
0.583132509532
1.0
0.647759293507
0.583745790046
1.0
0.647582853428
0.58452650754
1.0
0.647096192817
0.584642631578
1.0
0.646775438275
0.584917300269
1.0
0.646221967596
0.58538614885
1.0
0.645722581413
0.586670886961
1.0
0.644755972856
0.586103355679
1.0
0.644755972856
0.586103355679
1.0
0.644675728714
0.586474093077
1.0
0.644491729955
0.587081126863
0.667802115744
0.646047640351
0.588073819906
0.667802115744
0.645992010953
0.588365322157
1.0
0.644188218672
0.587733639898
1.0
0.644142020286
0.587882375276
1.0
0.644211499727
0.587310282973
1.0
0.644146623733
0.588107830751
1.0
0.643802790654
0.588802408268
1.0
0.643802790654
0.588802408268
1.0
0.643615853317
0.589199549697
1.0
0.643742906856
0.589039101949
1.0
0.643770424714
0.588968163404
1.0
0.643417835623
0.588580826287
1.0
0.643200137751
0.589272270401
1.0
0.643070261356
0.589057336552
1.0
0.643019591899
0.588752313624
1.0
0.643019591899
0.588752313624
1.0
0.643117498444
0.58968191586
1.0
0.642944110516
0.590419823302
1.0
0.642922071805
0.590099951779
1.0
0.642924231074
0.590135281116
1.0
0.642696057556
0.589804599717
1.0
0.642566853293
0.58952200427
1.0
0.642409217674
0.58877891145
1.0
0.642327889117
0.589001437285
1.0
0.642327889117
0.589001437285
1.0
0.645794793216
0.585608435296
1.0
0.645924015048
0.585293812421
0.99
0.656175753402
0.573549719738
0.99
0.6565877336
0.571284788354
0.99
0.664891121231
0.561036514545
0.99
0.668412071196
0.54940182236
0.606465758008
0.67236489853
0.535827587816
