0.904367489328
0.741679361921
0.473136648295
0.890814505773
0.739528490197
0.47514721217
0.890814505773
0.739361489006
0.475848149228
0.879121348449
0.736161474919
0.480818182057
0.879121348449
0.732309954242
0.45484502507
0.881318416616
0.731606029952
0.457756175444
0.881318416616
0.730876550801
0.458243502689
0.856628508045
0.726637576619
0.459631978886
0.856628508045
0.724665815309
0.465594736107
0.877716330102
0.70886716344
0.48133612178
0.877716330102
0.709817473954
0.487173818876
0.877716330102
0.709817473954
0.487173818876
0.877716330102
0.709817473954
0.487173818876
0.877716330102
0.709817473954
0.487173818876
0.944890467179
0.509828105955
0.653623203588
1.0
0.51152805266
0.651996185028
1.0
0.51152805266
0.651996185028
0.98842399259
0.512241828839
0.654213999806
0.938645815887
0.511604132772
0.655668105348
0.970600218042
0.511527517093
0.65760225642
0.980486735001
0.512170180224
0.659401304958
0.980486735001
0.512170180224
0.659401304958
