0.99
0.3009575654
0.581006786014
0.99
0.256987339508
0.554078980901
0.99
0.256987339508
0.554078980901
0.99
0.256746351453
0.55380609456
0.99
0.243882677409
0.54378064091
0.99
0.243683578247
0.543582068687
0.99
0.237843547874
0.540729184578
0.99
0.237678871379
0.540458308405
0.99
0.23539111613
0.539190059939
1.0
0.235324937139
0.539158914732
1.0
0.236711877185
0.539980187379
1.0
0.236692748006
0.540000737925
1.0
0.238009727552
0.540283163294
1.0
0.238009727552
0.540283163294
1.0
0.238019375175
0.540271932464
1.0
0.239077188845
0.541354802863
1.0
0.239066468478
0.541412246192
1.0
0.239575864386
0.542695695844
1.0
0.239588032515
0.542673560607
1.0
0.241893523106
0.542877921091
1.0
0.241893523106
0.542877921091
1.0
0.241892900803
0.542899815144
1.0
0.246547338154
0.544516012433
1.0
0.246546480944
0.544567781269
1.0
0.247873843958
0.545990169108
1.0
0.24789137299
0.545959303906
1.0
0.250283617983
0.546640714566
1.0
0.250293764515
0.546681572316
1.0
0.253786324284
0.549520075287
1.0
0.253792171117
0.549520965617
1.0
0.255719119624
0.54991014334
1.0
0.255719119624
0.54991014334
1.0
0.255735698484
0.549913553215
1.0
0.258093128711
0.551715122583
1.0
0.25810172852
0.551729452498
1.0
0.262225420961
0.552074792268
1.0
0.262247074602
0.552060394859
1.0
0.263652150729
0.553163183871
1.0
0.263652150729
0.553163183871
1.0
0.263657680693
0.553194778304
1.0
0.264436923696
0.555161989212
1.0
0.264450623967
0.555145351943
1.0
0.26627909422
0.555350911917
1.0
0.26628971211
0.555360741838
1.0
0.267944022959
0.556249486759
1.0
0.267955863787
0.556263670735
1.0
0.269136929976
0.556485958366
1.0
0.269136929976
0.556485958366
1.0
0.269145161723
0.556484663207
1.0
0.272517487958
0.558726113777
1.0
0.272530288831
0.558714201572
1.0
0.273092809176
0.558659156115
1.0
0.273109495275
0.5586269702
1.0
0.273950757199
0.560352489429
1.0
0.273958305147
0.560404819836
1.0
0.274885670855
0.560394734693
1.0
0.274884735936
0.560390157376
1.0
0.274884735936
0.560390157376
1.0
0.274561464706
0.56016428934
1.0
0.274563921146
0.560159966038
1.0
0.274574013216
0.559903096105
1.0
0.274574552148
0.559912595142
1.0
0.274506309234
0.560352017599
1.0
0.274502695918
0.560401977133
1.0
0.274766946486
0.560952279634
1.0
0.274769351011
0.560967239314
1.0
0.274769351011
0.560967239314
1.0
0.275541485168
0.56144568209
1.0
0.275541081827
0.561459676953
1.0
0.273965050079
0.560358241201
1.0
0.273960588641
0.560346475519
1.0
0.274901507131
0.562194965851
1.0
0.274894609171
0.56220034522
1.0
0.274899705545
0.560657698811
1.0
0.274899705545
0.560657698811
1.0
0.274897114777
0.56068779154
1.0
0.272509446527
0.561484173501
1.0
0.272508264488
0.561487317997
1.0
0.272758297624
0.561693020642
1.0
0.272754973472
0.561698085124
1.0
0.27320979628
0.561900855458
1.0
0.273208025694
0.561915691428
1.0
0.272613874214
0.561885053505
1.0
0.272616449923
0.561887368868
1.0
0.272616449923
0.561887368868
1.0
0.271972519507
0.561358286867
1.0
0.271976514269
0.561299585674
1.0
0.273003713419
0.56196131973
1.0
0.272993944963
0.561998905938
1.0
0.274253804555
0.560041840637
1.0
0.274256525609
0.560046022785
1.0
0.274072954133
0.5615074594
1.0
0.274072954133
0.5615074594
1.0
0.27407320333
0.561517236898
1.0
0.274713796514
0.562093871035
1.0
0.274713306278
0.562116279636
1.0
0.274223174133
0.5619840599
1.0
0.274223277199
0.561972484898
1.0
0.274213272085
0.561837388161
1.0
0.274218323868
0.561800405946
1.0
0.274379694261
0.561775233808
1.0
0.274379161357
0.561773923967
1.0
0.274379161357
0.561773923967
1.0
0.274154208881
0.561385283276
1.0
0.274152289718
0.561405426509
1.0
0.274577724199
0.56076507682
1.0
0.274580759495
0.560723913211
1.0
0.275774876861
0.559751633111
1.0
0.27577924068
0.55974337545
1.0
0.27597074166
0.560241384165
1.0
0.27597074166
0.560241384165
1.0
0.27597707416
0.560208727178
1.0
0.274503427551
0.560728385051
1.0
0.274502471403
0.560721119443
1.0
0.273722529281
0.56022096252
1.0
0.273721994369
0.560232143485
1.0
0.274706997065
0.560942843541
1.0
0.274707466887
0.560938512126
1.0
0.27421864758
0.559441823917
1.0
0.27421864758
0.559441823917
1.0
0.274220989472
0.559421859914
1.0
0.274019345225
0.559745385846
1.0
0.274020328701
0.559730864766
1.0
0.273524691215
0.558572794257
1.0
0.273526206712
0.558568639615
1.0
0.273690588915
0.556783401375
1.0
0.273697304564
0.556763544043
1.0
0.273793703294
0.556506076732
1.0
0.273793703294
0.556506076732
1.0
0.273789871059
0.556520152453
1.0
0.274153668548
0.558071511725
1.0
0.274161129527
0.558020340807
1.0
0.273286758898
0.557340612126
1.0
0.273279883304
0.55736225692
1.0
0.273046490623
0.556543835519
1.0
0.273051485489
0.556511759007
1.0
0.272749168947
0.556076419142
1.0
0.272749168947
0.556076419142
1.0
0.272749397836
0.556055081851
1.0
0.272430857244
0.555542815296
1.0
0.27242623698
0.555555601857
1.0
0.271982867746
0.554538903533
1.0
0.27198439272
0.5544959507
1.0
0.272881065308
0.55449673551
1.0
0.272880086168
0.554509080481
1.0
0.271865018115
0.552595071105
1.0
0.271865018115
0.552595071105
1.0
0.271863449561
0.552561359859
1.0
0.271099371729
0.553332098733
1.0
0.271095767945
0.553299135952
1.0
0.271351089781
0.552109447806
1.0
0.271356874754
0.55203342007
1.0
0.270616901309
0.549931431799
1.0
0.270615883016
0.549947477467
1.0
0.270961556413
0.549928835539
1.0
0.270961705363
0.549891960763
1.0
0.270961705363
0.549891960763
1.0
0.269933984668
0.549211117074
1.0
0.269930216047
0.549205321808
1.0
0.267478566624
0.545889963234
1.0
0.267477812165
0.545880658717
1.0
0.270396670743
0.549200115534
1.0
0.270399156123
0.549174153784
1.0
0.270029502163
0.547110666091
1.0
0.270029502163
0.547110666091
1.0
0.27002987221
0.54703213582
1.0
0.264811996232
0.542970395806
1.0
0.264814792613
0.542934727909
1.0
0.264460801238
0.541877375973
1.0
0.26446185315
0.541865591931
1.0
0.263867366126
0.539651478495
1.0
0.263867683711
0.539623741298
1.0
0.262367944835
0.538569409197
1.0
0.26236896622
0.538540179212
1.0
0.262105128272
0.537258738273
1.0
0.262105128272
0.537258738273
1.0
0.262116577826
0.537219401491
1.0
0.262375328071
0.538505674442
1.0
0.262367022236
0.538525473639
1.0
0.264198090363
0.537345492799
1.0
0.264201598054
0.537303066145
1.0
0.263423428896
0.536712785905
1.0
0.263423428896
0.536712785905
1.0
0.26341821866
0.53670732847
1.0
0.260705773951
0.536203586657
1.0
0.260708965842
0.536203704232
1.0
0.253084826454
0.536455058556
1.0
0.253082022371
0.536450255365
1.0
0.247347541071
0.539111762083
1.0
0.247339878077
0.539141865483
1.0
0.247708664353
0.540477582813
1.0
0.247708664353
0.540477582813
1.0
0.247654128815
0.540639577521
1.0
0.247416696606
0.540347235865
1.0
0.24736611307
0.540608495043
1.0
0.247337261266
0.540276032499
1.0
0.247338958106
0.540323611756
1.0
0.248580267725
0.542364368178
1.0
0.24858780212
0.542334412619
1.0
0.249074739168
0.54291650881
1.0
0.249074739168
0.54291650881
1.0
0.249077172654
0.542914200338
1.0
0.247996062839
0.541367689401
1.0
0.247993716431
0.541366136765
1.0
0.248414923189
0.541668785214
1.0
0.248412819039
0.541699526884
1.0
0.24950714719
0.543469658091
1.0
0.249510266942
0.543478491144
1.0
0.249434607545
0.544124975986
1.0
0.249434607545
0.544124975986
1.0
0.249436889145
0.544126698657
1.0
0.250563830178
0.546636159781
1.0
0.250559215868
0.546673687829
1.0
0.251626428834
0.547630707268
1.0
0.2516253887
0.547685376611
1.0
0.252551438181
0.548960943667
1.0
0.252548632866
0.549004674314
1.0
0.253622382921
0.548271269163
1.0
0.253622382921
0.548271269163
1.0
0.253622124261
0.548294442147
1.0
0.252590162091
0.549824295891
1.0
0.252587963006
0.549846421938
1.0
0.253298552294
0.549577291461
1.0
0.253302882601
0.54959775045
1.0
0.254645841466
0.549711362248
1.0
0.25465031814
0.549696957737
1.0
0.254076007509
0.549492380013
1.0
0.254076007509
0.549492380013
1.0
0.254079855891
0.549477597974
1.0
0.255950362603
0.550360489534
1.0
0.255956360853
0.55037590142
1.0
0.256427473304
0.549798120863
1.0
0.256429904959
0.549761168811
1.0
0.256971472283
0.550665263636
1.0
0.256988431452
0.550600919337
1.0
0.259914529321
0.551141292354
1.0
0.259914529321
0.551141292354
1.0
0.259921984029
0.55113999693
1.0
0.259703488134
0.551695268471
1.0
0.259707554931
0.551718675124
1.0
0.260260533675
0.552396234052
1.0
0.260266263815
0.552383791016
1.0
0.262659598414
0.553068369984
1.0
0.262665609094
0.553068348408
1.0
0.262100931349
0.552818794405
1.0
0.262110262392
0.552793887732
1.0
0.262110262392
0.552793887732
1.0
0.263241700301
0.553276760798
1.0
0.263243722013
0.553283250099
1.0
0.265060726554
0.554153415342
1.0
0.265067582305
0.554161818087
1.0
0.267400960376
0.555223488641
1.0
0.267402183047
0.55522562707
1.0
0.266391637131
0.553723795526
1.0
0.266391637131
0.553723795526
1.0
0.266403411373
0.553707142445
1.0
0.265155656318
0.553813980097
1.0
0.265152081742
0.553829434412
1.0
0.265738812471
0.555090959769
1.0
0.265740491514
0.555093214937
1.0
0.264061935777
0.554924320597
1.0
0.264061935777
0.554924320597
1.0
0.264070804452
0.55490665274
1.0
0.265763793853
0.555510861024
1.0
0.265755628121
0.555520402255
1.0
0.264716302581
0.555974409924
1.0
0.264711056886
0.555992704111
1.0
0.265076979797
0.557649128999
1.0
0.265076512547
0.557687829306
1.0
0.266540341188
0.55604583876
1.0
0.266539707523
0.556052628277
1.0
0.267046403292
0.555941955378
1.0
0.267046403292
0.555941955378
1.0
0.267038554759
0.555981534573
1.0
0.264094540042
0.557197811941
1.0
0.264091996477
0.557243893444
1.0
0.264326549755
0.557598054994
1.0
0.264326463157
0.557584548775
1.0
0.264283653938
0.558979594361
1.0
0.264282187306
0.558994074226
1.0
0.264699197905
0.559192960705
1.0
0.264699197905
0.559192960705
1.0
0.264698247771
0.559179259896
1.0
0.26566364846
0.560352701754
1.0
0.26565644759
0.560417256213
1.0
0.265917637383
0.5569028802
1.0
0.265921871229
0.556889077066
1.0
0.265858355148
0.559819479566
1.0
0.265860353936
0.559807176779
1.0
0.26618401946
0.560752505113
1.0
0.26618401946
0.560752505113
1.0
0.266183126324
0.560791029004
1.0
0.267640174592
0.560933157088
1.0
0.267646895791
0.560917814529
1.0
0.266960498789
0.56040543336
1.0
0.266950926362
0.560431313564
1.0
0.266405634823
0.560369478569
1.0
0.266410413912
0.56034156976
1.0
0.266085091798
0.559998470488
1.0
0.266085091798
0.559998470488
1.0
0.266081186092
0.560039664143
1.0
0.26665355376
0.560869484171
1.0
0.26665634085
0.560863735999
1.0
0.26677520427
0.560491389752
1.0
0.266777282805
0.560455010365
1.0
0.26505122694
0.557282461037
1.0
0.265055176687
0.557291754374
1.0
0.265235300242
0.556280813995
1.0
0.265235300242
0.556280813995
1.0
0.265243957171
0.556241385592
