0.99
0.479014856562
0.496486595568
0.645848481645
0.536051009207
0.535981018486
0.645848481645
0.540650050283
0.531852319524
0.645848481645
0.554807335581
0.524763275107
0.645848481645
0.56993110796
0.511529449293
0.645848481645
0.584772340952
0.496816302909
0.645848481645
0.600119276059
0.482096452029
0.772670600074
0.600891783394
0.48280669213
0.772670600074
0.603023318745
0.476910283015
0.772670600074
0.603023318745
0.476910283015
0.762571662705
0.604107486491
0.47781281331
0.762571662705
0.620931686248
0.461871468014
0.647887838453
0.622004310711
0.462803115313
0.647887838453
0.622814353709
0.462649222842
0.641684739411
0.623892897129
0.463588429683
0.641684739411
0.62414465626
0.464527014514
0.603935411975
0.625229747637
0.465472684816
0.603935411975
0.625229747637
0.465472684816
0.603935411975
0.626217740781
0.464492162567
0.617382471055
0.624448036425
0.45859212763
0.617382471055
0.625403046868
0.458702615607
0.617382471055
0.625455198696
0.458953916342
0.840268112604
0.626807929257
0.460004425009
0.840268112604
0.627023296932
0.459914607568
0.787239831381
0.628083315517
0.460783344512
0.787239831381
0.628323117458
0.461606368307
0.787239831381
0.628323117458
0.461606368307
1.0
0.628552600517
0.461302000421
1.0
0.628899065415
0.460069191704
0.736006529703
0.630030331673
0.461033826227
0.736006529703
0.63021760223
0.462411866507
0.688423438626
0.627681054259
0.461005311871
0.688423438626
0.628062570563
0.460163671422
0.828658269513
0.62938988112
0.461201573459
0.828658269513
0.62996413748
0.461043047792
0.828658269513
0.62996413748
0.461043047792
0.796957116899
0.630998769911
0.461899066315
0.796957116899
0.631281549437
0.461730590914
0.691208942913
0.632322185484
0.462593156265
0.691208942913
0.632397719916
0.462458745042
0.690899800765
0.629847687446
0.461044456581
0.690899800765
0.629969115524
0.460793522591
0.834735530104
0.631274510561
0.461827123422
0.834735530104
0.631607049623
0.461931157913
0.834735530104
0.631607049623
0.461931157913
0.680903899885
0.632620411162
0.462782213165
0.680903899885
0.632529735514
0.46289951758
0.658944126954
0.629953616824
0.461474158264
0.658944126954
0.630713953152
0.460221894285
0.843554387886
0.631990798398
0.461244644854
0.843554387886
0.631928750051
0.46119071509
0.771812547387
0.632914142873
0.462030368507
0.771812547387
0.633227745872
0.461864302695
0.70281485241
0.634218700119
0.462710207102
0.70281485241
0.634357465909
0.462635143768
0.70281485241
0.634357465909
0.462635143768
0.646877625363
0.631765440867
0.461200825981
0.646877625363
0.631659390842
0.461136343639
0.793009852103
0.632913892064
0.462152597564
0.793009852103
0.633429171716
0.461762249076
0.724093358621
0.63439162534
0.462595860719
0.724093358621
0.634395248815
0.461973836021
0.724093358621
0.634395248815
0.461973836021
0.658697694684
0.631775825065
0.460526027408
0.658697694684
0.63176038399
0.460539028193
0.801965786243
0.632985892396
0.461543023964
0.801965786243
0.632832656432
0.462421632748
0.700844818333
0.63376678961
0.463241574106
0.700844818333
0.633740938414
0.463608100883
0.60815342649
0.632038861403
0.462981655469
0.60815342649
0.632157090709
0.463284603441
0.60815342649
0.631890934002
0.463439583528
0.60815342649
0.631890934002
0.463439583528
0.727901281828
0.633093355128
0.464433902619
0.727901281828
0.633053559267
0.464624439573
0.632577549812
0.633964286884
0.465435480971
0.632577549812
0.633475784429
0.46615736771
0.690903057759
0.631975006464
0.465675634314
0.690903057759
0.631839271168
0.466289921752
0.690903057759
0.631538162369
0.466344313313
0.690903057759
0.631538162369
0.466344313313
0.726978361638
0.630856915797
0.466631981873
0.726978361638
0.630890431644
0.466667398384
0.726978361638
0.630702986771
0.46685715934
0.726978361638
0.630697067025
0.467348813656
0.622101814188
0.631548588513
0.468129229749
0.622101814188
0.631548588513
0.468129229749
0.622101814188
0.631125630002
0.468938934869
0.798241986828
0.629498256401
0.468405319415
0.798241986828
0.629698166579
0.468056006436
0.798241986828
0.629575865566
0.468295902987
0.713345954337
0.630396546805
0.469060767415
0.713345954337
0.630213848664
0.469893178323
0.713345954337
0.630213848664
0.469893178323
0.625607067568
0.622343150462
0.465721736745
0.625607067568
0.622119467943
0.466585763164
0.625607067568
0.622200589943
0.467336019798
0.625607067568
0.620132618907
0.469746543149
0.76703714564
0.621135437265
0.470623055623
0.76703714564
0.617102706332
0.475320572985
0.696741275635
0.617812761787
0.476011784457
0.696741275635
0.617812761787
0.476011784457
0.696741275635
0.61609520314
0.478860788268
0.600951599767
0.613162470468
0.477338659071
0.600951599767
0.613932843591
0.477545059651
0.851430242229
0.614907189974
0.478397332664
0.851430242229
0.611368524767
0.481129704351
0.797665658658
0.612048103078
0.481800463476
0.797665658658
0.612077893334
0.481809415427
0.726376610714
0.612761514614
0.482484453839
0.726376610714
0.612761514614
0.482484453839
0.726376610714
0.612833776958
0.482766205179
0.693938332899
0.613521404944
0.483445440739
0.693938332899
0.613385501334
0.483639146804
0.619700702253
0.610045018801
0.476173154736
0.619700702253
0.609951286099
0.476213162374
0.718872565567
0.61093000104
0.477470329385
0.718872565567
0.611047517488
0.477684625658
0.671417928586
0.612064597828
0.484210184696
0.671417928586
0.612064597828
0.484210184696
0.671417928586
0.611955883128
0.484303350524
0.707876635461
0.612581938172
0.484478407427
0.707876635461
0.612642832235
0.484187985366
0.646934955762
0.609268762102
0.476710348017
0.646934955762
0.609186824682
0.477112732347
0.76706928303
0.610133933207
0.478356253818
0.76706928303
0.610141632494
0.478508942524
0.76706928303
0.610141632494
0.478508942524
0.887572374696
0.610758035902
0.47908100156
0.887572374696
0.61051243127
0.479269174474
0.746862794547
0.611132631214
0.479844724125
0.746862794547
0.611113753842
0.480354216029
0.710515772344
0.611737609149
0.480933250238
0.710515772344
0.611824475899
0.480526156237
0.620503860114
0.612451915694
0.481109041341
0.620503860114
0.612375644337
0.480829241307
0.640446092102
0.609340433674
0.479208306537
0.640446092102
0.609247369448
0.47944036695
0.871921666077
0.610138516926
0.480183760185
0.871921666077
0.610138516926
0.480183760185
0.871921666077
0.610239075994
0.479930166306
0.837809664107
0.610829987919
0.480494756109
0.837809664107
0.610870119248
0.480264302221
0.796182525311
0.611464439002
0.480832507728
0.796182525311
0.611317070283
0.480845980751
0.753402537314
0.608764265721
0.481342419622
0.753402537314
0.608764265721
0.481342419622
0.753402537314
0.608828246
0.481764693191
0.753402537314
0.608828246
0.481764693191
1.0
0.60753970749
0.502860461186
1.0
0.607692502633
0.502080993917
1.0
0.607692502633
0.502080993917
1.0
0.607683818891
0.501840060782
1.0
0.607471688815
0.501200115164
1.0
0.60723269655
0.50238091806
1.0
0.607412977777
0.502225122674
1.0
0.607412977777
0.502225122674
1.0
0.60801979525
0.501522830509
