1.0
0.532289373631
0.346374851512
1.0
0.53398242014
0.350266195741
1.0
0.534115764867
0.350394680655
1.0
0.534002396824
0.353433401123
1.0
0.535113139557
0.354085519433
1.0
0.534976702793
0.353519682855
1.0
0.53689770971
0.355376718046
1.0
0.536981653973
0.355180586156
1.0
0.538488324207
0.358388140897
1.0
0.538539910312
0.358895560546
1.0
0.538539910312
0.358895560546
1.0
0.539585487019
0.361854319553
1.0
0.539377836132
0.361764616871
1.0
0.539475084791
0.362400738665
1.0
0.539082204239
0.361333056616
1.0
0.539102541694
0.361760457243
1.0
0.539199283068
0.361695109853
1.0
0.538998219426
0.361678570284
1.0
0.539142024046
0.361778333699
1.0
0.539142024046
0.361778333699
1.0
0.539153067052
0.361110870652
1.0
0.53885174015
0.361002036044
1.0
0.538627620258
0.360674063648
1.0
0.538593502392
0.360666428392
1.0
0.53851193187
0.360360581723
1.0
0.538538933061
0.360959410505
1.0
0.538286353865
0.361083064354
1.0
0.538286353865
0.361083064354
1.0
0.537964605959
0.360929137434
1.0
0.538081921182
0.36114029169
1.0
0.538413715987
0.361770852017
1.0
0.538385708762
0.361932548806
1.0
0.538364885389
0.362361763757
1.0
0.538230927255
0.36290710775
1.0
0.538338789539
0.363642038829
1.0
0.538366232713
0.363401452563
1.0
0.538366232713
0.363401452563
1.0
0.538476661636
0.363428759903
1.0
0.538533639349
0.363576048957
1.0
0.537759788817
0.361925047336
1.0
0.5376167001
0.362292498463
1.0
0.538150525268
0.362577620152
1.0
0.538075332032
0.362796446748
1.0
0.537864442878
0.363766264808
1.0
0.537888928065
0.363747924204
1.0
0.537888928065
0.363747924204
1.0
0.537662638303
0.362760610768
1.0
0.537720268089
0.363138766578
1.0
0.537828117715
0.363336490217
1.0
0.53758487909
0.363704128839
1.0
0.537631031904
0.363251227668
1.0
0.537659265229
0.362923495791
1.0
0.537611702237
0.362572693492
1.0
0.537553073727
0.362892373052
1.0
0.537517551908
0.363688213457
1.0
0.537517551908
0.363688213457
1.0
0.537508140274
0.363897530012
1.0
0.537742233756
0.364657310168
1.0
0.53765294607
0.365150470456
1.0
0.537223775122
0.364488124851
1.0
0.537191846886
0.36363596058
1.0
0.537349573933
0.363607632033
1.0
0.537349573933
0.363607632033
1.0
0.53718879875
0.364815601933
1.0
0.537147953944
0.365675634386
1.0
0.537053362583
0.365658786894
1.0
0.536815608575
0.36561902224
1.0
0.536887622069
0.365234012577
1.0
0.537290129438
0.365484354585
1.0
0.53715726214
0.365455299726
1.0
0.536836123792
0.364991484933
1.0
0.536918209807
0.365029764793
1.0
0.536918209807
0.365029764793
1.0
0.536922137044
0.365377158337
1.0
0.536741795654
0.365332395743
1.0
0.536960374558
0.365565068691
1.0
0.53696890431
0.365549082511
1.0
0.536720180141
0.365344063132
1.0
0.536782761077
0.366486319052
1.0
0.53521146128
0.3653654373
1.0
0.535031636043
0.364910544751
1.0
0.53277546404
0.365278543076
1.0
0.53277546404
0.365278543076
1.0
0.532694204681
0.364936698408
1.0
0.530695834654
0.364286664392
1.0
0.530809732433
0.364150785982
1.0
0.530498219019
0.363926830398
1.0
0.529247829521
0.36581598236
1.0
0.529391238925
0.365902527765
1.0
0.526563176577
0.369248611103
1.0
0.526563176577
0.369248611103
1.0
0.526474911398
0.368753559699
1.0
0.523819289762
0.373160732973
1.0
0.523641271627
0.372904648882
1.0
0.522563780526
0.375467266075
1.0
0.523042630305
0.375860627873
1.0
0.523274539782
0.375556249623
1.0
0.523417888762
0.375419474438
1.0
0.523983933047
0.374283198249
1.0
0.52413898308
0.374561549452
1.0
0.52413898308
0.374561549452
1.0
0.524238865794
0.374899475402
1.0
0.524260468349
0.374404235556
1.0
0.524193597255
0.373516993421
1.0
0.524493930468
0.373499713757
1.0
0.524745927357
0.37364665475
1.0
0.524328442946
0.373538752276
1.0
0.524506419369
0.372831999375
1.0
0.524506419369
0.372831999375
1.0
0.52454421084
0.373126900614
1.0
0.524424098608
0.373209901148
1.0
0.524830092041
0.373013669163
1.0
0.524873603359
0.372874572061
1.0
0.52475483979
0.371970232596
1.0
0.525011411901
0.372105663117
1.0
0.524735445444
0.372191981726
1.0
0.524648855083
0.372055296853
1.0
0.524648855083
0.372055296853
1.0
0.524727852775
0.372536602266
1.0
0.524814386067
0.372284158612
1.0
0.524939750434
0.371484578792
1.0
0.525005644082
0.371311821732
1.0
0.524878938047
0.371454358339
1.0
0.525005546411
0.370777994669
1.0
0.525099843182
0.370774637309
1.0
0.525099843182
0.370774637309
1.0
0.525255671687
0.371301074281
1.0
0.525436028755
0.372150298778
1.0
0.525501984072
0.371675094553
1.0
0.525404548949
0.370690116483
1.0
0.525473365892
0.370383319866
1.0
0.525587504824
0.371100890617
1.0
0.525726935606
0.371334886017
1.0
0.525559715785
0.371691105832
1.0
0.525660339064
0.371564597863
1.0
0.525660339064
0.371564597863
1.0
0.525902642624
0.371576489022
1.0
0.526010361981
0.370817825086
1.0
0.525929665873
0.37056459854
1.0
0.526008293765
0.370707796822
1.0
0.525803215744
0.370528995115
1.0
0.525779048885
0.371002587742
1.0
0.526204938462
0.37141670664
1.0
0.526315047797
0.371042937644
1.0
0.526280157853
0.371146548727
1.0
0.526280157853
0.371146548727
1.0
0.526373995103
0.370884917613
1.0
0.526246038334
0.370636980115
1.0
0.526119280953
0.370955726632
1.0
0.526131286166
0.371059406994
1.0
0.526118052566
0.370703141605
1.0
0.526013561048
0.370361094271
1.0
0.526052640482
0.371139583587
1.0
0.525737782238
0.371106628018
1.0
0.525737782238
0.371106628018
1.0
0.525721037866
0.370453351791
1.0
0.52619595573
0.371207877345
1.0
0.526170817369
0.371592133471
1.0
0.526039006033
0.370917204997
1.0
0.526031654725
0.370401210208
1.0
0.526051976972
0.37041308686
1.0
0.52612669703
0.370196771995
1.0
0.52612669703
0.370196771995
1.0
0.526017961039
0.369734654807
1.0
0.526096936084
0.369409867792
1.0
0.526291115062
0.370732513637
1.0
0.526261902285
0.370817406817
1.0
0.526603377233
0.370570608593
1.0
0.526639926833
0.371358657884
1.0
0.526458168736
0.37186789388
1.0
0.526553314218
0.371165670433
1.0
0.526855529724
0.371176935457
1.0
0.526855529724
0.371176935457
1.0
0.526930152913
0.371223751393
1.0
0.526884848839
0.37088515407
1.0
0.526850995472
0.370654717429
1.0
0.527238098024
0.370478586842
1.0
0.527417832767
0.370347207713
1.0
0.527250267881
0.370773048383
1.0
0.527321326602
0.371253886816
1.0
0.527321326602
0.371253886816
1.0
0.527822395846
0.371480601957
1.0
0.527967015194
0.370735483518
1.0
0.527762418505
0.370145245284
1.0
0.527673276012
0.369614263838
1.0
0.528021102584
0.37066389758
1.0
0.528116657609
0.370978648328
1.0
0.528190507837
0.370334380461
1.0
0.528190507837
0.370334380461
1.0
0.52845376915
0.370182999895
1.0
0.528906826404
0.370446959748
1.0
0.529255896092
0.370128265222
1.0
0.529501105608
0.370706226821
1.0
0.529548529652
0.370488351667
1.0
0.52970390073
0.370341805717
1.0
0.529938804372
0.370003447187
1.0
0.529866787
0.370024057648
1.0
0.530122107495
0.369719869793
1.0
0.530267763908
0.369274237381
1.0
0.530267763908
0.369274237381
1.0
0.530607482174
0.368680137719
1.0
0.530667658102
0.368395420534
1.0
0.530786329768
0.368536416923
1.0
0.531081380841
0.368653245439
1.0
0.531354289115
0.368429464713
1.0
0.531387899961
0.366688545419
1.0
0.531461580437
0.366761017172
1.0
0.531461580437
0.366761017172
1.0
0.531292276956
0.365921120553
1.0
0.531536827473
0.365355134535
1.0
0.531373214234
0.361554429729
1.0
0.53164712458
0.360752582041
1.0
0.531387833978
0.354099383889
1.0
0.531529050167
0.354203900391
1.0
0.531450536283
0.347631226518
1.0
0.531599462603
0.346713122531
1.0
0.531681880445
0.34186255406
1.0
0.531681880445
0.34186255406
1.0
0.532092009061
0.338694154895
1.0
0.532271564196
0.336793806948
1.0
0.533517653907
0.328812342924
1.0
0.533545406348
0.327269238645
0.99
0.536033943369
0.310554285957
0.99
0.536428715769
0.311367989425
0.987622639134
0.536758160359
0.307721007709
0.987622639134
0.536758160359
0.307721007709
0.987622639134
0.536753393797
0.307013199295
1.0
0.537032035659
0.301070357753
1.0
0.537166443957
0.300152193131
1.0
0.537083924944
0.298084499251
1.0
0.537183039569
0.298229674715
1.0
0.536660437087
0.297490886186
1.0
0.536653830792
0.296388066479
1.0
0.536653830792
0.296388066479
1.0
0.536809907129
0.29516399663
1.0
0.536805459263
0.295701327195
1.0
0.537018095371
0.295588622838
1.0
0.537362456455
0.296800933314
1.0
0.53753741101
0.29665640686
1.0
0.537543507989
0.297967848562
1.0
0.537331564597
0.299419547274
1.0
0.536981532877
0.299401729681
1.0
0.537152728704
0.300524307378
1.0
0.536957154056
0.301144373417
1.0
0.536957154056
0.301144373417
1.0
0.536893497998
0.302083965376
1.0
0.53712816133
0.303393244009
1.0
0.537170849051
0.305022725442
1.0
0.537992939504
0.30832508234
1.0
0.538112239503
0.309844149099
1.0
0.537837116881
0.311058719266
1.0
0.537814778223
0.311819270604
1.0
0.537814778223
0.311819270604
1.0
0.538137897713
0.313145512447
1.0
0.53830259335
0.314729365637
1.0
0.538420246914
0.316817768039
1.0
0.538411931569
0.319004856273
1.0
0.5384675372
0.321195127625
1.0
0.538536023315
0.323406398023
1.0
0.539323200999
0.325920602688
1.0
0.539323200999
0.325920602688
1.0
0.539601720493
0.328432851582
1.0
0.540363483207
0.33167371306
1.0
0.540714835086
0.33375458278
1.0
0.54164064321
0.336361527327
1.0
0.542189380241
0.338540720943
1.0
0.542603120045
0.341658662551
1.0
0.543276835639
0.344156063518
1.0
0.543307240524
0.343813599805
1.0
0.543890103954
0.345600752966
1.0
0.543890103954
0.345600752966
1.0
0.544658353851
0.347435481375
1.0
0.54541694291
0.349027604402
1.0
0.546126056593
0.351479245744
1.0
0.547028860784
0.352276805572
1.0
0.547696648339
0.353898943817
1.0
0.548314430898
0.354777747171
1.0
0.54867974298
0.355353198987
1.0
0.54867974298
0.355353198987
1.0
0.549559250987
0.356001167554
1.0
0.550410653198
0.357576330775
1.0
0.551333925916
0.357679431168
1.0
0.551621430892
0.357603037383
1.0
0.552463408253
0.357344299264
1.0
0.552947692
0.358091976715
1.0
0.553857489966
0.357783021374
1.0
0.554274378818
0.358218474242
1.0
0.554996222301
0.357830184654
1.0
0.55607113994
0.360458190431
1.0
0.55607113994
0.360458190431
1.0
0.55678290857
0.360804046669
1.0
0.55763718403
0.361950873887
1.0
0.558777632633
0.361835293998
1.0
0.559286527714
0.362152071546
1.0
0.560225387711
0.361308208734
1.0
0.56113463695
0.363490418687
1.0
0.56113463695
0.363490418687
1.0
0.561944186057
0.363442520146
1.0
0.56278047856
0.364562644644
1.0
0.563796114414
0.363746520464
1.0
0.56459000581
0.369231615275
1.0
0.565973549776
0.368239815324
1.0
0.566019091924
0.376146929005
1.0
0.567212171754
0.376034541629
1.0
0.567348934969
0.385506379025
1.0
0.567348934969
0.385506379025
1.0
0.568852452917
0.384577847554
0.99
0.570858436223
0.404826332676
0.99
0.571290921394
0.407254818095
1.0
0.572593071509
0.412207495855
1.0
0.571961739069
0.421066388955
1.0
0.573298538718
0.423531875708
0.99
0.571251566867
0.440485745689
0.99
0.572910484066
0.442433385694
0.99
0.572839176428
0.458500011225
0.99
0.572839176428
0.458500011225
0.99
0.573989289531
0.45971069483
0.916172318179
0.572875363452
0.463036697768
0.916172318179
0.573566208523
0.462850726217
0.878708871131
0.574301570048
0.464625584034
0.878708871131
0.574977098491
0.463488286883
0.902075221901
0.578692703385
0.46604814859
0.902075221901
0.579798505107
0.466087016439
0.902075221901
0.579798505107
0.466087016439
0.89223499993
0.581684426526
0.465292331717
0.89223499993
0.58272956417
0.465363216538
0.969562648019
0.586137117176
0.463849400409
0.969562648019
0.587159107736
0.464429170489
1.0
0.589969068145
0.462735542628
1.0
0.590826556862
0.463453403322
1.0
0.593081478416
0.460970535176
1.0
0.593678894071
0.460569221815
1.0
0.593678894071
0.460569221815
1.0
0.594827245416
0.458042871492
1.0
0.595397137927
0.459248088286
1.0
0.596520962585
0.45682313673
1.0
0.597290702922
0.457209603095
1.0
0.598564695875
0.455471541592
1.0
0.599411808065
0.456065590839
1.0
0.60045618007
0.453421760063
1.0
0.601437088914
0.454049469525
1.0
0.602404046828
0.452912451411
1.0
0.602404046828
0.452912451411
1.0
0.602987515841
0.454224281502
1.0
0.60413197052
0.452002816748
1.0
0.604570231144
0.451190898757
1.0
0.605330250662
0.449660694694
1.0
0.606408361826
0.450151016228
1.0
0.60738371532
0.448147230891
1.0
0.60755495612
0.447627992719
1.0
0.60755495612
0.447627992719
1.0
0.608450895438
0.446404467784
1.0
0.609215337943
0.447432974697
1.0
0.60973595077
0.445955765804
1.0
0.610660640325
0.446757493146
1.0
0.611554620325
0.44523740235
1.0
0.612526630279
0.446147044709
1.0
0.613129913192
0.444808799893
1.0
0.613094040089
0.444069452652
1.0
0.613911159051
0.442852109772
1.0
0.613911159051
0.442852109772
1.0
0.614556184783
0.4428291575
1.0
0.615217094019
0.441644106969
1.0
0.615497170989
0.440619696624
1.0
0.616072408756
0.439182778651
1.0
0.616692207403
0.439160815374
1.0
0.617286373899
0.438326098093
1.0
0.617484575787
0.438304716283
1.0
0.617484575787
0.438304716283
1.0
0.617955594697
0.437135769148
1.0
0.61609865971
0.436288668029
1.0
0.616586482991
0.435435203037
1.0
0.614433210073
0.436813440001
1.0
0.614865751602
0.435324929304
1.0
0.612622883811
0.434472370138
1.0
0.612901473324
0.433797511003
1.0
0.612739854796
0.434595328704
1.0
0.612739854796
0.434595328704
1.0
0.611954591701
0.435959239533
1.0
0.61249818935
0.437104543449
1.0
0.60888587618
0.444040367265
1.0
0.608987468577
0.443724374507
1.0
0.606439708194
0.450330999467
1.0
0.606236897601
0.45024356254
1.0
0.604679948656
0.455617533144
1.0
0.604468916323
0.455345798775
1.0
0.604896896804
0.455098563954
1.0
0.604896896804
0.455098563954
1.0
0.604748185445
0.455145071213
1.0
0.605288945764
0.454544596557
1.0
0.605340212624
0.454305904263
1.0
0.605404940141
0.453560844915
1.0
0.605320648645
0.453364434385
1.0
0.605200636227
0.453802399067
