1.0
0.542292313054
0.694631122452
1.0
0.542719610484
0.695256681996
1.0
0.542722005411
0.695274996014
1.0
0.545468359858
0.698163639123
1.0
0.545480034077
0.698291348942
1.0
0.54563067158
0.698902634577
1.0
0.54565725258
0.699193884054
1.0
0.546094003764
0.699029732538
1.0
0.546134095579
0.699467846595
1.0
0.546134095579
0.699467846595
1.0
0.545952368268
0.700816825698
1.0
0.545940854402
0.700689764698
1.0
0.546038621673
0.700153795736
1.0
0.546069830067
0.700502475534
1.0
0.545313793748
0.701197448749
1.0
0.545343949095
0.701523720082
1.0
0.545962040202
0.701965975139
1.0
0.545972119625
0.702077859222
1.0
0.545972119625
0.702077859222
1.0
0.54582374058
0.701447733012
1.0
0.545748450444
0.700615595929
1.0
0.546111711538
0.69987894646
1.0
0.54619762854
0.700840090609
1.0
0.546860384714
0.703037191767
1.0
0.546860674204
0.703054539537
1.0
0.546860674204
0.703054539537
1.0
0.545167839918
0.703274641147
1.0
0.545163550566
0.703220250808
1.0
0.544626225875
0.701581039275
1.0
0.544633241831
0.701645465841
1.0
0.544928191582
0.70258500591
1.0
0.54490118206
0.702303362611
1.0
0.545329749729
0.701014790823
1.0
0.545298142927
0.700668469786
1.0
0.544144529923
0.699026863714
1.0
0.544196049322
0.699551075678
1.0
0.544196049322
0.699551075678
1.0
0.544650711019
0.700918552399
1.0
0.54467621447
0.701197697468
1.0
0.543466913392
0.700340748976
1.0
0.543493204341
0.700588300964
1.0
0.542868129075
0.700144807653
1.0
0.542887181659
0.700336730934
1.0
0.544933268211
0.701418573938
1.0
0.544933268211
0.701418573938
1.0
0.544952627848
0.701648772843
1.0
0.544303582928
0.70092231752
1.0
0.54432114185
0.701050695202
1.0
0.542653136156
0.699976515689
1.0
0.542640795699
0.699754538613
1.0
0.544378373819
0.700943879696
1.0
0.544369478131
0.700857655518
1.0
0.542819284013
0.70070634891
1.0
0.542870800841
0.701163883735
1.0
0.542870800841
0.701163883735
1.0
0.543735171308
0.700989681086
1.0
0.54468208297
0.697569326895
1.0
0.544782489183
0.697261726483
1.0
0.54479662618
0.697408875205
1.0
0.543720944589
0.694994126682
1.0
0.543754164473
0.69535385202
1.0
0.542617643753
0.695537422728
1.0
0.542616495136
0.695535298779
1.0
0.542616495136
0.695535298779
1.0
0.545986089688
0.693683143739
1.0
0.546012715794
0.693993978782
1.0
0.551355312152
0.676309082962
1.0
0.551309359737
0.675805509945
1.0
0.551393545279
0.659356611258
1.0
0.550957279759
0.653665883896
1.0
0.551894071424
0.648334772552
1.0
0.551894071424
0.648334772552
1.0
0.550673497772
0.634118114502
1.0
0.552632524661
0.637417701173
1.0
0.551600444112
0.625712275581
1.0
0.551500431687
0.625275976768
1.0
0.551409169542
0.624358931204
1.0
0.551837397271
0.624544814397
1.0
0.552034740339
0.627073775058
1.0
0.553883000123
0.629015629333
1.0
0.55391562631
0.629669471308
1.0
0.55391562631
0.629669471308
1.0
0.553228197399
0.629776629306
1.0
0.553210506861
0.629442218115
1.0
0.554166177054
0.630891387447
1.0
0.554177036128
0.631024358167
1.0
0.553198756168
0.628480612764
1.0
0.553255461555
0.629001450056
1.0
0.55482118387
0.631001176082
1.0
0.55482118387
0.631001176082
1.0
0.554870094733
0.631896815521
1.0
0.554651398238
0.632672426995
1.0
0.55465134118
0.632483783617
1.0
0.554465699146
0.632364845928
1.0
0.55451522936
0.63307298376
1.0
0.554699765592
0.632896422455
1.0
0.554702644037
0.632832736576
1.0
0.554702644037
0.632832736576
1.0
0.555170279115
0.633416680369
1.0
0.555189299264
0.633628448982
1.0
0.555941670015
0.634443104471
1.0
0.555943452051
0.634485448501
1.0
0.554326122382
0.633562638837
1.0
0.55436604628
0.634091889886
1.0
0.554147410546
0.633311881836
1.0
0.554190280052
0.633547743924
1.0
0.555668697845
0.634994208086
1.0
0.55562508176
0.634599921979
1.0
0.55562508176
0.634599921979
1.0
0.554528329732
0.635226613005
1.0
0.554552207449
0.635550186256
1.0
0.555454332037
0.635403565188
1.0
0.55553548267
0.636258352572
1.0
0.554380058081
0.635819327912
1.0
0.554371801646
0.63550734754
1.0
0.553918950379
0.63438204788
1.0
0.553918950379
0.63438204788
1.0
0.5539691567
0.635119915133
1.0
0.553852112554
0.634931312065
1.0
0.553851481757
0.635045905512
1.0
0.55485220304
0.636309050025
1.0
0.554828513986
0.635941617221
1.0
0.552167715729
0.634392639382
1.0
0.552189438951
0.634623489075
1.0
0.554821891615
0.636460373888
1.0
0.554838827881
0.636555357976
1.0
0.554838827881
0.636555357976
1.0
0.554005988946
0.636321944141
1.0
0.554004718542
0.636508513563
1.0
0.55437144266
0.636420954705
1.0
0.554362260702
0.636080524151
1.0
0.555026257153
0.636891297126
1.0
0.555049443579
0.637324662981
1.0
0.556279200542
0.636589396461
1.0
0.556279200542
0.636589396461
1.0
0.556233416457
0.636244133739
1.0
0.555425166448
0.635676727574
1.0
0.555417834916
0.635334318164
1.0
0.544185548423
0.632275686521
1.0
0.544175861518
0.632218690026
0.99
0.48712816758
0.619482429568
0.99
0.487347276173
0.620407468331
0.99
0.487347276173
0.620407468331
1.0
0.22410522564
0.502075927682
1.0
0.240878868418
0.524749962839
0.99
0.279164035989
0.577173230487
0.99
0.310473428497
0.619608786612
1.0
0.328325043358
0.642964244105
1.0
0.336516137211
0.653565958271
1.0
0.336516137211
0.653565958271
1.0
0.304453502747
0.636054994128
1.0
0.302272850787
0.63332263368
1.0
0.285133476605
0.624590540738
1.0
0.284307985643
0.6237556437
1.0
0.27599328813
0.619212546254
1.0
0.275201232638
0.617838130485
1.0
0.277936364495
0.615764375818
1.0
0.277936364495
0.615764375818
1.0
0.277168920601
0.614924633337
1.0
0.276231320565
0.614574005749
1.0
0.275294552655
0.61353475649
1.0
0.277052123913
0.613258674359
1.0
0.277013851921
0.613035544762
1.0
0.27806788505
0.615419853104
1.0
0.277376516594
0.614560606621
1.0
0.278996017871
0.615807831381
1.0
0.279061893258
0.616065152887
1.0
0.279061893258
0.616065152887
1.0
0.275301532934
0.613904381538
1.0
0.274920111254
0.613668717638
1.0
0.280270429635
0.61782705105
1.0
0.280914609821
0.618182916176
1.0
0.285917739715
0.62074704561
1.0
0.285550722953
0.620397250642
1.0
0.27769472377
0.616369518704
1.0
0.27769472377
0.616369518704
1.0
0.276167951586
0.61482556519
1.0
0.281148114314
0.614618855977
1.0
0.28041836292
0.613766409139
1.0
0.283051648758
0.614912430662
1.0
0.283813452639
0.615304769702
1.0
0.279480337071
0.614043946987
1.0
0.278972317833
0.613329670963
1.0
0.278972317833
0.613329670963
1.0
0.277129343898
0.610883770443
1.0
0.276927461554
0.610788267525
1.0
0.278331378036
0.611796018425
1.0
0.278267205708
0.611336501445
1.0
0.278360557953
0.611639726969
1.0
0.278287257917
0.611525543637
1.0
0.277651396031
0.609833627406
1.0
0.277469779135
0.609678442477
1.0
0.280996348309
0.611738495239
1.0
0.280073455221
0.610340904315
1.0
0.280073455221
0.610340904315
1.0
0.276200977869
0.606435140495
1.0
0.276786895785
0.606899184613
1.0
0.286751199034
0.612337900016
1.0
0.286555931019
0.611997153205
1.0
0.375939170338
0.657082231144
1.0
0.375926885769
0.656740720966
0.99
0.501130133209
0.717928181296
0.99
0.501130133209
0.717928181296
0.99
0.500651472144
0.717052508667
0.99
0.563191299443
0.747395338799
0.99
0.563521355745
0.742336671087
1.0
0.581218715552
0.747799678146
0.99
0.583795138812
0.735967241316
0.99
0.591669367583
0.740553239802
0.99
0.594808697548
0.729561439138
0.99
0.594808697548
0.729561439138
1.0
0.596163492896
0.724923458291
1.0
0.594053489305
0.721974691948
1.0
0.594327982251
0.721219419517
1.0
0.594635611319
0.721739643141
1.0
0.594370116668
0.721739143435
1.0
0.595151486925
0.721460569056
1.0
0.595125650988
0.721159875335
1.0
0.593534454142
0.719228284845
1.0
0.593653017695
0.718371741763
1.0
0.593653017695
0.718371741763
1.0
0.593073196283
0.715068371699
1.0
0.592981490965
0.715396843151
1.0
0.593307043286
0.714544216453
1.0
0.593315215473
0.714125499934
1.0
0.592596074701
0.714145432299
1.0
0.592557657833
0.714092697274
1.0
0.592277633416
0.713734944567
1.0
0.592277633416
0.713734944567
1.0
0.592268389931
0.71371737567
1.0
0.591456707744
0.712793103012
1.0
0.591449032765
0.712737157156
1.0
0.591042508429
0.711209883501
1.0
0.591020552438
0.711155454898
1.0
0.55633594935
0.648035705779
1.0
0.55634662926
0.648205617532
1.0
0.556248988646
0.648178789062
1.0
0.556149930375
0.647828307036
1.0
0.555300614916
0.647391650708
1.0
0.555300614916
0.647391650708
1.0
0.555046441874
0.647000881753
1.0
0.549577698368
0.642623343309
1.0
0.549562943481
0.642372008708
0.99
0.531007282883
0.626265406381
0.99
0.52848191172
0.627482844386
0.99
0.512435657973
0.617669565569
0.99
0.501487438285
0.623211621909
0.99
0.501487438285
0.623211621909
0.99
0.486236944564
0.613268468778
0.99
0.472465845683
0.623080477473
0.971141452103
0.464858662482
0.619696723731
0.971141452103
0.452079610306
0.631078210747
0.971141452103
0.442862753829
0.639120296963
0.99
0.441521831815
0.638960480989
0.648008994317
0.437149930405
0.643005548161
0.648008994317
0.437149930405
0.643005548161
0.648008994317
0.436663356656
0.643058053877
1.0
0.436486574908
0.643116510855
1.0
0.435151204833
0.640983578802
1.0
0.434563555303
0.640855160144
1.0
0.433345142917
0.638784209398
1.0
0.432724395377
0.638907838202
1.0
0.432438588199
0.639401316627
1.0
0.432453658835
0.639404150099
1.0
0.432017799797
0.637867716245
1.0
0.432017799797
0.637867716245
1.0
0.431782218015
0.638055160817
1.0
0.431812326236
0.637468924001
1.0
0.431918167634
0.637363012066
1.0
0.431949818883
0.637326454243
1.0
0.431890541767
0.637016108103
1.0
0.432052430974
0.637356441753
1.0
0.432108636802
0.637202869917
1.0
0.432108636802
0.637202869917
1.0
0.431711709178
0.636197232319
1.0
0.431692158975
0.636491263634
1.0
0.431731228541
0.636323527934
1.0
0.431990000029
0.635512760351
1.0
0.432189062576
0.635647159995
1.0
0.432219668355
0.635314991034
1.0
0.431832810926
0.635533519063
1.0
0.432023596399
0.635143766518
1.0
0.432023596399
0.635143766518
1.0
0.431615926565
0.634130563874
1.0
0.431774380155
0.634126554319
1.0
0.431889713764
0.634418431776
1.0
0.431919085512
0.634027841588
1.0
0.431725139785
0.633660240608
1.0
0.431879135415
0.633624605553
1.0
0.431681430199
0.633146984712
1.0
0.431694521565
0.633186821211
1.0
0.431619765299
0.633418708561
1.0
0.431619765299
0.633418708561
1.0
0.431688269298
0.633149995761
1.0
0.432293527392
0.633781760163
1.0
0.432410914121
0.633756332501
1.0
0.432374722359
0.633723778636
1.0
0.432507901641
0.633472127972
1.0
0.432403467183
0.633078759654
1.0
0.432514835531
0.632591363018
1.0
0.432514835531
0.632591363018
1.0
0.432511443566
0.632335836534
1.0
0.432767540695
0.631972207093
1.0
0.432868666442
0.632734180379
1.0
0.433195863864
0.631776151686
1.0
0.430490620743
0.63618694126
1.0
0.430956783615
0.635419890981
0.99
0.425605375204
0.642045810398
