0.99
0.362315301928
0.610305751962
0.99
0.362315301928
0.610305751962
0.99
0.362315301928
0.610305751962
0.99
0.362315301928
0.610305751962
0.99
0.362953383181
0.633934327961
0.99
0.329181599752
0.628061304167
1.0
0.321079714339
0.625741622636
1.0
0.320451765333
0.621333705523
1.0
0.320451765333
0.621333705523
1.0
0.317939229491
0.621228912311
1.0
0.317702654612
0.620317441119
1.0
0.318096881979
0.619640287722
1.0
0.318678374184
0.618456290302
1.0
0.318678374184
0.618456290302
1.0
0.32006819214
0.619409205366
1.0
0.319577157693
0.618917362109
1.0
0.321412743836
0.620945187161
1.0
0.320801863271
0.619747095437
1.0
0.320801863271
0.619747095437
1.0
0.321150181078
0.61969161944
1.0
0.321302043386
0.620607899123
1.0
0.321667211599
0.620462528925
1.0
0.322737491916
0.618951629998
1.0
0.322737491916
0.618951629998
1.0
0.3222502979
0.619884737584
1.0
0.32307573107
0.621236175237
1.0
0.323741234929
0.621025282836
1.0
0.323639309083
0.620947792539
1.0
0.323639309083
0.620947792539
1.0
0.323142063426
0.621576132314
1.0
0.324092383671
0.620246231693
1.0
0.324808776637
0.620295963654
1.0
0.325398225944
0.620445020888
1.0
0.324858410158
0.619758651534
1.0
0.324858410158
0.619758651534
1.0
0.326511761591
0.619442633297
1.0
0.326067827126
0.619243280995
1.0
0.327471871028
0.620647654972
1.0
0.327471871028
0.620647654972
1.0
0.32676688614
0.619043818634
1.0
0.326980631799
0.618547560409
1.0
0.328418034567
0.591759615188
1.0
0.328070267346
0.591988274609
1.0
0.328078019672
0.591306776498
1.0
0.329084208591
0.592477653674
1.0
0.329084208591
0.592477653674
1.0
0.329395679182
0.591617177876
1.0
0.327738496106
0.59105330441
1.0
0.328018354717
0.591383851047
1.0
0.329327335837
0.592557888384
1.0
0.32856640577
0.591791948389
1.0
0.32938748774
0.591910587857
1.0
0.329106414893
0.592797156922
1.0
0.329100112335
0.591974576423
1.0
0.329100112335
0.591974576423
1.0
0.329100112335
0.591974576423
1.0
0.329857092178
0.617154386771
1.0
0.329093840553
0.618878681467
1.0
0.329436990444
0.619277123701
1.0
0.329436990444
0.619277123701
1.0
0.329048183224
0.62003277806
1.0
0.330261386501
0.620901754166
1.0
0.328315934766
0.598439483302
1.0
0.328864639317
0.598027240414
1.0
0.328125885214
0.598780038591
1.0
0.328085733584
0.598695889158
1.0
0.327868358659
0.599154417016
1.0
0.328413447892
0.599405275939
1.0
0.328413447892
0.599405275939
1.0
0.328001816445
0.598004391614
1.0
0.327859094064
0.598105951898
1.0
0.327586336416
0.598613368244
1.0
0.326996628818
0.59820887148
1.0
0.32754207141
0.598008639999
1.0
0.326970458926
0.597959291086
1.0
0.326970458926
0.597959291086
1.0
0.326679238353
0.598592229371
1.0
0.326833251539
0.598277957545
1.0
0.326404891457
0.598410248243
1.0
0.327297363917
0.599348507139
1.0
0.327003047101
0.598984162991
1.0
0.327039346242
0.598684887935
1.0
0.326816822966
0.597939830852
1.0
0.326804951772
0.598027158198
1.0
0.326875397739
0.598376131493
1.0
0.32677869049
0.598657772937
1.0
0.32677869049
0.598657772937
1.0
0.326360658981
0.599431966126
1.0
0.326449538215
0.598761471598
1.0
0.326532137232
0.599018149454
1.0
0.325634974887
0.598705473462
1.0
0.326013257554
0.598484732518
1.0
0.326318243992
0.599130567132
1.0
0.326318243992
0.599130567132
0.617522235083
0.323373024405
0.607233445356
0.617522235083
0.323347914208
0.608271028536
0.617522235083
0.323804322499
0.607466875661
0.617522235083
0.323362928468
0.608011138673
0.617522235083
0.323362928468
0.608011138673
0.617522235083
0.32244476645
0.60868395429
0.617522235083
0.322839886323
0.608931856729
0.617522235083
0.322839886323
0.608931856729
0.617522235083
0.322839886323
0.608931856729
1.0
0.323558049313
0.63195512237
1.0
0.323100897931
0.634323206155
1.0
0.322960347541
0.634461763233
1.0
0.322960347541
0.634461763233
1.0
0.32383857788
0.636300120058
0.99
0.326227582349
0.637911413404
0.99
0.326586994622
0.63794371716
0.99
0.326134349625
0.63829401423
0.99
0.326622005458
0.638671139191
0.99
0.327276056747
0.639917114613
0.99
0.326912950838
0.640557969594
0.99
0.326912950838
0.640557969594
0.99
0.327464621674
0.641201364866
0.99
0.327684846087
0.641369560253
0.99
0.3283735232
0.64209527182
0.99
0.333609536928
0.647839618582
