0.71172210808
100.0
-100.0
0.883711164235
0.151445150744
0.116344590113
0.883711164235
0.151445150744
0.116344590113
0.883711164235
0.151445150744
0.116344590113
0.756609886298
1.04173425948
0.361650043605
0.804093645217
1.04262820662
0.360328777666
0.804093645217
1.04262820662
0.360328777666
0.739943344313
0.662150748639
0.152853338969
0.859487344913
0.970505427671
0.775314268154
0.859487344913
0.970505427671
0.775314268154
0.99
0.972358285351
0.775642662707
0.710875152942
0.561322869305
0.492359921179
0.909044205618
0.124689383546
0.274181010469
0.899382803685
0.127519385676
0.2750144056
0.84002298444
0.996689919419
0.854108428263
0.8466769643
0.826488451344
0.701803118574
0.99
0.986574832945
0.848264059398
0.831552309621
0.979742770672
0.884383760791
0.831552309621
0.979742770672
0.884383760791
0.99
0.353422353445
0.543664438576
0.99
0.354954031593
0.525435486144
0.99
0.355638566754
0.507934998132
0.99
0.355638566754
0.507934998132
0.99
0.355948171352
0.492188134375
0.710101433071
0.351075640494
0.492909432976
0.93574451512
0.354074998297
0.469807646182
0.99
0.354115988947
0.450103094745
0.99
0.348520072059
0.440382075807
0.99
0.343095193326
0.431677894796
1.0
0.342743551338
0.428071501035
0.99
0.318404206289
0.400503465038
0.99
0.317956009906
0.397997168642
0.99
0.317313503458
0.397590397253
0.99
0.317313503458
0.397590397253
0.99
0.316888144344
0.397444647313
1.0
0.313704254933
0.397334722545
1.0
0.313337951678
0.399404156117
1.0
0.312000689733
0.400603085469
1.0
0.311905468968
0.401580566083
1.0
0.31306804835
0.402791103928
1.0
0.313298457347
0.402676127329
1.0
0.313395591211
0.402067474424
1.0
0.313395591211
0.402067474424
1.0
0.31358172102
0.400658014791
1.0
0.313674050663
0.400217941869
1.0
0.313796878222
0.399687310138
1.0
0.314580904124
0.400711333817
1.0
0.314633736251
0.400273632528
1.0
0.315066385302
0.400370487689
1.0
0.314997909324
0.400855991396
1.0
0.315802572364
0.401845036073
1.0
0.315802572364
0.401845036073
1.0
0.315877885934
0.401708029268
1.0
0.316305580218
0.40237236247
1.0
0.316280383268
0.402262193606
1.0
0.314552194024
0.401568284173
1.0
0.314522454525
0.401684621759
1.0
0.316093328768
0.40224344032
1.0
0.316086839521
0.402287414996
1.0
0.313632429301
0.401388321655
1.0
0.313632429301
0.401388321655
1.0
0.313153709162
0.402557024855
1.0
0.303666123959
0.398940180505
1.0
0.302358310508
0.404340421801
1.0
0.295489417142
0.402294342355
1.0
0.294395410024
0.407576521693
1.0
0.288638168887
0.405704186736
1.0
0.288326441693
0.4073756389
1.0
0.288326441693
0.4073756389
1.0
0.288783922331
0.408128601465
1.0
0.2890126701
0.406889105386
1.0
0.289405473884
0.406394947578
1.0
0.289493696502
0.405469321144
1.0
0.2897008604
0.405372060693
1.0
0.289704189092
0.405236074413
1.0
0.289996752056
0.405460247682
1.0
0.290008904897
0.405417942313
1.0
0.290249815581
0.405589707589
1.0
0.290249815581
0.405589707589
1.0
0.290242002463
0.405957461037
1.0
0.292254292786
0.406935706475
1.0
0.2922950915
0.406831620352
1.0
0.292235255143
0.407417921199
1.0
0.292248906524
0.407769981511
1.0
0.292955171906
0.408231993447
1.0
0.292967716368
0.408567380258
1.0
0.355484627528
0.453687188604
1.0
0.355484627528
0.453687188604
1.0
0.355601062505
0.453751677185
1.0
0.355804798704
0.454054516043
1.0
0.355870809309
0.453933789988
1.0
0.356068479001
0.453839250984
1.0
0.35618265143
0.4537620919
1.0
0.35666591201
0.454203205909
1.0
0.356712217833
0.453959354296
1.0
0.356712217833
0.453959354296
1.0
0.356761803076
0.453811904962
1.0
0.356882087911
0.453716090567
1.0
0.357295853363
0.453876180852
1.0
0.357314951169
0.453857859884
1.0
0.357504329532
0.453987453702
1.0
0.357486584904
0.453974748146
1.0
0.357013883818
0.453871045
1.0
0.357022572736
0.453684960605
1.0
0.356429550105
0.453471304326
1.0
0.356429550105
0.453471304326
1.0
0.356353717926
0.453672164955
1.0
0.356832598724
0.454017101249
1.0
0.356747343379
0.453760223101
1.0
0.356337865005
0.453517161162
1.0
0.356265516586
0.453801489476
1.0
0.356348372173
0.453889412379
1.0
0.356360455167
0.453525031284
1.0
0.35593898667
0.453329097587
1.0
0.35593898667
0.453329097587
1.0
0.355732508817
0.453964023742
1.0
0.355752778398
0.45405780068
1.0
0.355666901995
0.454280112653
1.0
0.355927555912
0.454665692748
1.0
0.355828774462
0.454592334172
1.0
0.35507878422
0.453559269691
1.0
0.355034639623
0.453440201665
1.0
0.354958437947
0.45300048656
1.0
0.354958437947
0.45300048656
1.0
0.354991459768
0.45326984113
1.0
0.354915286477
0.453681432077
1.0
0.354825243365
0.453749299395
1.0
0.354888702826
0.454004553057
1.0
0.354831567169
0.454317507369
1.0
0.354865864595
0.454607810162
1.0
0.354888815984
0.4545717125
1.0
0.354894275451
0.454224653853
1.0
0.354894275451
0.454224653853
1.0
0.354884246043
0.454215350191
1.0
0.354803106159
0.454615217287
1.0
0.35493396644
0.454771882777
1.0
0.355864129453
0.455310957797
1.0
0.355834056036
0.455664743484
1.0
0.355660713472
0.455987570639
1.0
0.355690728151
0.456067817848
1.0
0.355950824694
0.455518793535
1.0
0.355950824694
0.455518793535
1.0
0.355994885611
0.455445018251
1.0
0.355522595334
0.455370111786
1.0
0.355406300098
0.455354001829
1.0
0.348721121599
0.44649489759
0.99
0.346834151898
0.443450100162
0.99
0.328110670533
0.419497092016
0.99
0.324562166935
0.416690708964
0.99
0.30842303293
0.399207383501
0.99
0.30842303293
0.399207383501
0.99
0.303668867842
0.400945668295
0.890255466045
0.29968005743
0.396156361425
0.967665886049
0.299071017575
0.39399641946
0.967665886049
0.298526257501
0.393136121227
0.994993433489
0.300405815509
0.39429744867
0.994993433489
0.30026719866
0.393441238661
0.908734552769
0.301251728598
0.394343753948
0.908734552769
0.301356813083
0.393802770465
0.908734552769
0.301356813083
0.393802770465
0.915918134276
0.301550777906
0.392795080534
0.915918134276
0.301586834429
0.392570257118
0.852315357241
0.300942618712
0.392361153141
0.852315357241
0.300920380741
0.392443306682
1.0
0.294756334213
0.386777210554
1.0
0.294749750422
0.386789504943
1.0
0.291355148451
0.384540306158
1.0
0.291230567561
0.385000523805
1.0
0.291230567561
0.385000523805
1.0
0.290180619506
0.384202437714
1.0
0.29014656528
0.384371541607
1.0
0.289636670962
0.383961377078
1.0
0.289594667199
0.384135971037
1.0
0.289559687439
0.38430820055
1.0
0.28944708513
0.384566342734
1.0
0.289655046418
0.385060513277
1.0
0.289575348712
0.385533213969
1.0
0.289575348712
0.385533213969
1.0
0.289417085409
0.385890388032
1.0
0.289300334591
0.386479445819
1.0
0.289608386987
0.386762579396
1.0
0.289516733024
0.387355418474
1.0
0.289844697326
0.387540810799
1.0
0.289788789186
0.38791223486
1.0
0.289921117857
0.38900657893
1.0
0.289928182431
0.38925109598
1.0
0.289928182431
0.38925109598
1.0
0.289584573944
0.38904595269
1.0
0.289538180318
0.389604698421
1.0
0.290129326993
0.390101146304
1.0
0.290184436181
0.390211197454
1.0
0.29705294113
0.394461727006
1.0
0.298747696824
0.391694156578
0.99
0.327372501639
0.410177948498
0.99
0.334329693466
0.397656786463
0.99
0.334329693466
0.397656786463
0.99
0.375139790646
0.429594382139
0.99
0.384795449795
0.417942897436
0.99
0.416356517737
0.440683643643
0.99
0.426733654213
0.428106212127
