1.0
0.465009741295
0.577486921
1.0
0.465011570056
0.577606825804
1.0
0.464934510234
0.577640023352
1.0
0.465191488278
0.577712462575
1.0
0.465271514727
0.577628255411
1.0
0.465271514727
0.577628255411
1.0
0.465780665238
0.57834765208
1.0
0.466252439928
0.578514172178
1.0
0.466130802575
0.578046593015
1.0
0.466715920331
0.577707211541
1.0
0.466538650737
0.577538894471
1.0
0.466538650737
0.577538894471
1.0
0.46653918805
0.577970533621
1.0
0.466911161359
0.578293964795
1.0
0.466910206069
0.578860617381
1.0
0.468045761883
0.579658439059
1.0
0.468202430196
0.579662677875
1.0
0.468109131009
0.579639915339
1.0
0.468125075902
0.579513469773
1.0
0.468045005684
0.579042294305
1.0
0.467907184377
0.577927703664
1.0
0.467767067231
0.577246844075
1.0
0.46758764357
0.577255728688
1.0
0.467610660736
0.577295930955
1.0
0.467490210372
0.577582087064
1.0
0.467773982084
0.57781092092
1.0
0.467773982084
0.57781092092
1.0
0.467702349086
0.578284523412
1.0
0.46774516277
0.578902508803
1.0
0.467748211425
0.579160046044
1.0
0.467715581144
0.579464487439
1.0
0.468098172467
0.579426013529
1.0
0.467978519409
0.579217484665
1.0
0.467978519409
0.579217484665
1.0
0.468582503186
0.58017014286
1.0
0.468715567789
0.580198774112
0.99
0.477283522563
0.583255320911
0.99
0.495599224453
0.597985624209
0.99
0.495599224453
0.597985624209
0.99
0.510678515133
0.614275140585
0.99
0.513948644064
0.616185567594
1.0
0.514563499998
0.616562076978
1.0
0.514946872739
0.617471834895
1.0
0.514946872739
0.617471834895
1.0
0.515452733796
0.617535676475
1.0
0.515618061616
0.617419070701
1.0
0.516149371043
0.617502402384
1.0
0.516645385055
0.619056056512
1.0
0.516912807156
0.61891426572
1.0
0.516912807156
0.61891426572
1.0
0.517289989284
0.618919125248
1.0
0.517317981064
0.61812093686
1.0
0.517061440711
0.617977715602
1.0
0.517068976084
0.617575772223
1.0
0.517020971365
0.617582583845
1.0
0.517020971365
0.617582583845
1.0
0.518186747914
0.618739743993
1.0
0.518243796692
0.61899370993
1.0
0.518061624671
0.620206356694
1.0
0.518646606267
0.619901626098
1.0
0.518592507625
0.620137860953
1.0
0.519377827919
0.620784602761
1.0
0.519076467221
0.622001593249
1.0
0.519076467221
0.622001593249
1.0
0.519457248793
0.622036289762
1.0
0.519460112983
0.622167706769
1.0
0.520119367893
0.622866588053
1.0
0.519517689076
0.62267668887
1.0
0.519517689076
0.62267668887
0.99
0.514347748048
0.615290167389
0.979880530342
0.510736088714
0.613131312745
0.978388980768
0.49112355092
0.575797744726
0.978388980768
0.49112355092
0.575797744726
0.978388980768
0.49112355092
0.575797744726
0.978388980768
0.474636099413
0.558811867761
0.99
0.429561168012
0.51355286451
0.99
0.429561168012
0.51355286451
1.0
0.430836492867
0.514957331892
1.0
0.430836492867
0.514957331892
0.940448787712
0.430739278924
0.515945374824
0.971315236248
0.4305256678
0.515407389079
0.949479562462
0.430750814768
0.515395487994
0.949479562462
0.430750814768
0.515395487994
0.949479562462
0.430750814768
0.515395487994
0.949479562462
0.430750814768
0.515395487994
0.949479562462
0.430750814768
0.515395487994
0.872367188919
0.463867620535
0.549013575107
0.872367188919
0.456961995752
0.572746045195
0.699320411634
0.414035207289
0.561865945744
0.699320411634
0.418193364901
0.560821798426
0.699320411634
0.418193364901
0.560821798426
0.699320411634
0.418193364901
0.560821798426
0.699320411634
0.418193364901
0.560821798426
0.95585667161
0.467113344066
0.628072309114
0.95585667161
0.467113344066
0.628072309114
0.95585667161
0.466326421141
0.631103642392
0.95585667161
0.466689450829
0.631837329693
0.934058785341
0.48685194739
0.670045886024
0.934058785341
0.48685194739
0.670045886024
0.8380436205
0.50262867841
0.690299147138
0.8380436205
0.50262867841
0.690299147138
0.934058785341
0.503305222001
0.688878973182
0.934058785341
0.504046138084
0.689373508675
0.90692026973
0.503711252863
0.689058013253
0.879639899192
0.503518071355
0.688223770021
0.879639899192
0.504483258886
0.687404683046
0.892404673354
0.505354690833
0.688159438517
1.0
0.505996568636
0.687348827699
1.0
0.506330727314
0.686337842083
1.0
0.506330727314
0.686337842083
1.0
0.507049871612
0.685411508269
1.0
0.506358077744
0.685154473637
1.0
0.506958144563
0.683312816622
1.0
0.506640438709
0.681905203723
1.0
0.507104701419
0.681795627405
1.0
0.506885776872
0.681453814694
0.966869183499
0.507232152234
0.680445444241
0.966869183499
0.506425813949
0.679546720886
0.954597724534
0.506661913768
0.679277596475
0.954597724534
0.506661913768
0.679277596475
