0.960640784059
0.655204741781
0.625235699386
0.960640784059
0.655204741781
0.625235699386
0.960640784059
0.655204741781
0.625235699386
0.960640784059
0.655204741781
0.625235699386
0.960640784059
0.655204741781
0.625235699386
0.960640784059
0.639535936911
0.623271290958
0.99
0.570940264044
0.893318462709
0.99
0.537364437557
0.939332192198
1.0
0.538140089331
0.93380282462
1.0
0.540147744347
0.936568728103
1.0
0.540147744347
0.936568728103
1.0
0.542147804395
0.938620567533
1.0
0.542313981302
0.93742185425
0.99
0.528992177056
0.975234966711
0.99
0.528992177056
0.975234966711
0.99
0.528992177056
0.975234966711
0.99
0.528992177056
0.975234966711
1.0
0.527023756239
0.976296366529
1.0
0.525714482608
0.972341976943
1.0
0.524707007843
0.968754997267
1.0
0.523147753961
0.966762086547
1.0
0.522884099166
0.965654438944
1.0
0.522884099166
0.965654438944
1.0
0.523238765897
0.96655401723
0.725408471968
0.845232757969
0.997039725565
0.725408471968
0.845232757969
0.997039725565
0.725408471968
0.845232757969
0.997039725565
0.725408471968
0.845455329077
0.997256502179
0.725408471968
0.845427230576
0.996338786401
0.725408471968
0.845672919537
0.995662477208
0.725408471968
0.845349928939
0.995360748307
0.725408471968
0.845080158238
0.99536273708
0.725408471968
0.844840242773
0.995028337722
0.725408471968
0.844890343563
0.994848099064
0.725408471968
0.844890343563
0.994848099064
0.725408471968
0.844719267214
0.995083240814
0.725408471968
0.844750275688
0.994486448249
0.725408471968
0.84478545483
0.993973958667
0.725408471968
0.84478545483
0.993973958667
1.0
0.500372712312
0.946844325147
1.0
0.499738574063
0.94695689399
1.0
0.499188810675
0.946369452207
1.0
0.49920192101
0.94546197155
1.0
0.498950166526
0.945816582216
1.0
0.498021505453
0.946304790024
1.0
0.498021505453
0.946304790024
0.97634074908
0.547115548086
0.853585668372
0.97634074908
0.546777032475
0.854833046195
0.97634074908
0.546269235511
0.855659570041
0.97634074908
0.546146022196
0.856058399493
0.97634074908
0.544014624393
0.83577866133
0.97634074908
0.538320347911
0.797605212866
0.97634074908
0.538330464184
0.792431663497
0.97634074908
0.541364279908
0.753159803799
0.99
0.54313037719
0.745417657372
1.0
0.542957207894
0.742974467835
1.0
0.543243711222
0.741078707778
1.0
0.5431918436
0.739682350509
1.0
0.543047188487
0.741087083397
1.0
0.54267682987
0.740836897317
