0.99
0.36992653713
0.5786053261
0.99
0.346095773531
0.557609906079
0.769122672516
0.331620263261
0.572263002956
0.769122672516
0.308030979468
0.55828989748
0.769122672516
0.296265743363
0.550511171094
0.769122672516
0.290872957511
0.546609883765
0.776768841087
0.290564951527
0.545523556152
0.776768841087
0.290564951527
0.545523556152
0.776768841087
0.293075445942
0.546635039328
0.734525144618
0.292762722138
0.54555052241
0.734525144618
0.293820912288
0.545840640336
0.679342416221
0.294816046416
0.543250263297
0.679342416221
0.295044411548
0.543136854399
0.68719911085
0.294355566546
0.548710747345
0.68719911085
0.294355566546
0.548710747345
0.68719911085
0.294586915531
0.549528386908
0.756025636669
0.294305017887
0.547960751642
0.756025636669
0.295052343335
0.548437510245
0.71419610372
0.296060793398
0.545918147929
0.71419610372
0.296101677627
0.546186551792
0.787402528332
0.295699813752
0.545260260625
0.787402528332
0.295114195977
0.545151510812
0.71001154282
0.294544956957
0.550649414146
0.71001154282
0.29544443033
0.551038640279
0.699226510466
0.296486575175
0.548047341191
0.699226510466
0.296486575175
0.548047341191
0.699226510466
0.296857701043
0.549143208423
0.764397822967
0.296464946956
0.548273958595
0.764397822967
0.296626581642
0.54845015094
0.724396541493
0.296065723352
0.553998651167
0.724396541493
0.295681970609
0.554250793504
0.763321835505
0.295417370217
0.552801294551
0.763321835505
0.295417370217
0.552801294551
0.763321835505
0.297029565843
0.553259745735
0.738026153238
0.29806204427
0.550881890499
0.738026153238
0.298080026656
0.551033326847
0.773808011734
0.297694651323
0.550224177786
0.773808011734
0.297699837182
0.550725972443
0.742717226162
0.297423184051
0.54979522267
0.742717226162
0.297578964534
0.550595555729
0.620378956706
0.29835109361
0.554734378304
0.620378956706
0.298170776634
0.554698696272
0.792397802723
0.297819177723
0.553405750831
0.792397802723
0.297819177723
0.553405750831
0.792397802723
0.298453789419
0.553525597445
0.74226318997
0.298187263475
0.552654829231
0.74226318997
0.298440042987
0.553525360081
0.698679324454
0.297898784122
0.559173245556
0.698679324454
0.298075976516
0.56004663877
0.715654882314
0.297827155201
0.558719852843
0.715654882314
0.297737022814
0.558514446499
0.696761359421
0.29878829931
0.556281437291
0.696761359421
0.29878829931
0.556281437291
0.696761359421
0.299212919764
0.556921609931
0.777805154969
0.298845306046
0.556231272118
0.777805154969
0.299891106231
0.555743550028
0.772532737826
0.299631698773
0.554935886765
0.772532737826
0.297464478526
0.555115505974
0.655675648444
0.297206283773
0.554306851025
0.655675648444
0.299059427156
0.556001912437
0.663027915849
0.299856793984
0.56026457419
0.663027915849
0.299856793984
0.56026457419
0.663027915849
0.300135253045
0.560167863859
0.783582150644
0.299799370109
0.558999407268
0.783582150644
0.299370064302
0.558997722975
0.746982184902
0.299121331247
0.55825085075
0.746982184902
0.299898763665
0.558853578537
0.671858868564
0.300984994226
0.556664347492
0.671858868564
0.300846745038
0.557085464931
0.720991181319
0.300501051955
0.556436366265
0.720991181319
0.300501051955
0.556436366265
0.720991181319
0.30073476422
0.556447328223
0.741288510658
0.300499022645
0.555679844838
0.741288510658
0.301350073064
0.556446502238
0.688239831268
0.300841416488
0.562186566753
0.688239831268
0.300677195363
0.561855115389
0.622633231684
0.300459336195
0.560634465581
0.622633231684
0.299929655964
0.560616607514
0.624908674483
0.301024348906
0.558499163019
0.624908674483
0.301024348906
0.558499163019
0.624908674483
0.302217620338
0.559410568185
0.70585781371
0.301880222681
0.558825314586
0.70585781371
0.301159937044
0.558544285155
0.692166366527
0.300933836024
0.557841252166
0.692166366527
0.3007199173
0.558376328417
0.694590896597
0.300493216951
0.557673687675
0.694590896597
0.300493216951
0.557673687675
0.694590896597
0.30060540188
0.557546023937
0.659433550756
0.301445363674
0.561924238955
0.659433550756
0.301765495086
0.562340323895
0.656610367893
0.301462768552
0.561278285635
0.656610367893
0.301512287992
0.561967991493
0.674787223147
0.301297170918
0.561328382112
0.674787223147
0.300792572384
0.560988203525
0.65351107351
0.300577263221
0.560349652767
0.65351107351
0.300934963112
0.561458648927
0.623389554286
0.300718593381
0.560820598791
0.623389554286
0.300718593381
0.560820598791
0.623389554286
0.30132352154
0.561066160762
0.635734736437
0.302177153398
0.565516204547
0.635734736437
0.301593888458
0.565984987663
0.673135727288
0.30130191282
0.564986854803
0.673135727288
0.302259215578
0.565650011239
0.688641083254
0.302054248164
0.56507599112
0.688641083254
0.302054248164
0.56507599112
0.688641083254
0.30222592353
0.565467091473
0.610175638211
0.301752631258
0.571383057765
0.610175638211
0.300885629329
0.571090740198
0.659087673534
0.300699685466
0.57006524817
0.659087673534
0.301271969252
0.570624816398
0.702567992869
0.302095934044
0.56835785245
0.702567992869
0.301790452006
0.568488610294
0.702567992869
0.302565339942
0.568958219498
0.688785624345
0.302371391403
0.568452264625
0.688785624345
0.302371391403
0.568452264625
0.688785624345
0.302440235056
0.568567605433
0.696779343656
0.302245727324
0.568063046987
0.696779343656
0.301780780589
0.567766314572
0.652171380866
0.301586140064
0.567263158148
0.652171380866
0.301976357043
0.568414693824
0.636581843126
0.301780828782
0.567912396994
0.636581843126
0.301853984784
0.567779227398
0.653406819043
0.302731306186
0.572380787412
0.653406819043
0.302731306186
0.572380787412
0.653406819043
0.303660465219
0.572767890442
0.687238295402
0.303388340075
0.571907335287
0.687238295402
0.303008664067
0.571380018557
0.714206595792
0.302825473894
0.570944682352
0.714206595792
0.302957489531
0.571261800383
0.675841432893
0.302773755668
0.570827934314
0.675841432893
0.303440916247
0.571484079112
0.612610793567
0.303256248543
0.571051709012
0.612610793567
0.303145648711
0.571254152681
0.612610793567
0.303145648711
0.571254152681
0.615963069224
0.304037891462
0.575934002132
0.615963069224
0.305221904863
0.576193636485
0.695841905779
0.304960399012
0.575403178763
0.695841905779
0.305345686371
0.576352944209
0.629803589386
0.305172971245
0.575987883281
0.629803589386
0.305857774294
0.576585566308
0.99
0.312266324569
0.588915611884
0.99
0.319041507076
0.593313665751
0.99
0.319041507076
0.593313665751
0.99
0.340806223615
0.616927873798
0.99
0.361196047625
0.639028565882
