0.99
0.366998199471
0.330129878716
0.99
0.359720194094
0.348318436982
0.888043169177
0.356203689277
0.34270267827
0.913001422521
0.3532179699
0.343684169949
0.913001422521
0.354151111919
0.34141261307
0.991556944437
0.351520500453
0.341738706585
0.991556944437
0.351520500453
0.341738706585
0.991556944437
0.351524049646
0.341270865539
1.0
0.349638410678
0.345518694134
1.0
0.349686057336
0.344942991548
1.0
0.349214254932
0.348380658565
1.0
0.349272699906
0.348329734464
1.0
0.349768123407
0.351347976608
1.0
0.34997828759
0.35071976406
1.0
0.350493578153
0.353286622428
1.0
0.350493578153
0.353286622428
1.0
0.350672120477
0.352961585523
1.0
0.350840324337
0.355236467778
1.0
0.350995682299
0.354711654452
1.0
0.35144707592
0.355898990042
1.0
0.35156735932
0.355946858278
1.0
0.351607846973
0.356926503165
1.0
0.35172276406
0.356860739783
1.0
0.35172276406
0.356860739783
1.0
0.351661954655
0.357549083121
1.0
0.351651003764
0.357194377325
1.0
0.35184268175
0.356564264391
1.0
0.352007189397
0.357532567198
1.0
0.35202536299
0.35741745885
1.0
0.352170205408
0.357290973779
1.0
0.352170205408
0.357290973779
1.0
0.352165221775
0.357401808813
1.0
0.352240617036
0.357002605361
1.0
0.352202494709
0.357138410567
1.0
0.352254221727
0.35733335239
1.0
0.352317479708
0.357039570842
1.0
0.352320035272
0.356869478704
1.0
0.352320035272
0.356869478704
1.0
0.352426397293
0.356705207867
1.0
0.352496827299
0.356465762226
1.0
0.352897250893
0.35660521921
1.0
0.352989376829
0.356156177682
1.0
0.353599054365
0.357013385418
1.0
0.353559015987
0.357415695066
1.0
0.353694351162
0.356970351909
1.0
0.353694351162
0.356970351909
1.0
0.353786626157
0.356178767423
1.0
0.353836042818
0.356951799188
1.0
0.353912881613
0.356754696498
1.0
0.35449822193
0.356504602944
1.0
0.354649611439
0.356437463853
1.0
0.354508836671
0.356355242924
1.0
0.35458111939
0.355760486338
1.0
0.355420233195
0.356334509744
1.0
0.355477806746
0.356138198569
1.0
0.355477806746
0.356138198569
1.0
0.35569082371
0.356544728754
1.0
0.355831291267
0.355976945406
1.0
0.356472938808
0.356141346303
1.0
0.356588971703
0.355842233613
1.0
0.357003204993
0.356872223697
1.0
0.357138227754
0.356699166151
1.0
0.357647477391
0.356585612767
1.0
0.357964850162
0.355579907617
1.0
0.357964850162
0.355579907617
1.0
0.357947390171
0.355535611031
1.0
0.35811465358
0.354906064182
1.0
0.358427954939
0.35539237345
1.0
0.358574459536
0.355215197828
1.0
0.359998205079
0.35631222569
1.0
0.360294270806
0.355485433536
1.0
0.360294270806
0.355485433536
1.0
0.361417053864
0.356503348447
1.0
0.361609669814
0.355359952214
1.0
0.361869175357
0.354033378209
1.0
0.362115889518
0.353611002344
1.0
0.363013049464
0.354799898655
1.0
0.363309233029
0.353733394018
1.0
0.364584354976
0.353855340819
1.0
0.364877151718
0.352796738866
1.0
0.365421772578
0.352893383541
1.0
0.365688199721
0.351691322319
1.0
0.365688199721
0.351691322319
1.0
0.366503930653
0.351791193188
1.0
0.36678192566
0.350218235211
1.0
0.367919921638
0.350545494803
1.0
0.368123827821
0.35000281346
1.0
0.368250257687
0.350116088475
1.0
0.368574424947
0.348864137078
1.0
0.369377017623
0.348173623905
1.0
0.369377017623
0.348173623905
1.0
0.369645670381
0.346789405284
1.0
0.370558461391
0.345834496591
1.0
0.370810385811
0.343795218313
1.0
0.371515082042
0.343473509699
1.0
0.371865376279
0.341525682779
1.0
0.372864998747
0.342102324685
1.0
0.373137174946
0.340744983924
1.0
0.3736459434
0.340773638978
1.0
0.374071383142
0.33896545341
1.0
0.374071383142
0.33896545341
1.0
0.374667398101
0.338097764145
1.0
0.374926122306
0.337092856635
1.0
0.37539290641
0.337235639331
1.0
0.375625363777
0.336158987024
1.0
0.376435797966
0.336301266284
1.0
0.376739713761
0.334781325565
1.0
0.376988458371
0.3345777291
1.0
0.377332061791
0.333584974286
1.0
0.377332061791
0.333584974286
1.0
0.377679819546
0.334595400672
1.0
0.377943909378
0.334257439412
1.0
0.378787340478
0.335061423881
1.0
0.379102486494
0.334197991023
1.0
0.379889259634
0.334891721169
1.0
0.380275715038
0.334164768223
1.0
0.380997703622
0.335059496071
1.0
0.381258857992
0.334837645585
1.0
0.381258857992
0.334837645585
1.0
0.381642034359
0.334856794529
1.0
0.381935100269
0.334539781577
1.0
0.382400842997
0.335491263469
1.0
0.382594683164
0.335446325082
1.0
0.383358436035
0.337267419806
1.0
0.383739383896
0.337366140864
1.0
0.384107183037
0.338582354463
1.0
0.384242963756
0.338751718486
1.0
0.384242963756
0.338751718486
1.0
0.384941916727
0.338851715058
1.0
0.385276661546
0.338400595041
1.0
0.386020214217
0.34035160312
1.0
0.386245699659
0.340488548679
1.0
0.385952950887
0.34048893451
1.0
0.386140542657
0.340687664007
1.0
0.387176743071
0.341564058026
1.0
0.387363155581
0.341170390551
1.0
0.387363155581
0.341170390551
1.0
0.387778831338
0.341798564854
1.0
0.387941339353
0.342010835194
1.0
0.388335702564
0.343029466493
1.0
0.388572167205
0.342884331814
1.0
0.388854399377
0.343873752305
1.0
0.389104978917
0.343739965777
1.0
0.389893901716
0.344398647407
1.0
0.390048336754
0.344725369275
1.0
0.390048336754
0.344725369275
1.0
0.390792507933
0.34608365787
1.0
0.391056010781
0.345883919794
1.0
0.39148922735
0.348028247243
1.0
0.391676378613
0.347997112128
1.0
0.391842815465
0.348314511902
1.0
0.392150966694
0.347917445437
1.0
0.392359255081
0.349209950658
1.0
0.392600778789
0.348758824753
1.0
0.392600778789
0.348758824753
1.0
0.392867227046
0.349217692571
1.0
0.393236884748
0.348434308388
1.0
0.393877333575
0.350243809176
1.0
0.394203037215
0.349882706745
1.0
0.394060413939
0.349861497354
1.0
0.39441479447
0.348875527723
1.0
0.394710837613
0.350514555244
1.0
0.394710837613
0.350514555244
1.0
0.394951792808
0.349598983592
1.0
0.395358628519
0.350473817382
1.0
0.395731894289
0.34962284944
1.0
0.395835945938
0.351310404721
1.0
0.396162067142
0.350428333233
1.0
0.396455387959
0.350772259958
1.0
0.396683710643
0.350625908738
1.0
0.397278370674
0.351395224663
1.0
0.397629362229
0.35074017394
1.0
0.397629362229
0.35074017394
1.0
0.398415382072
0.351639383224
1.0
0.398702285305
0.351580753219
1.0
0.398813584253
0.352527402656
1.0
0.399215453026
0.352069672054
1.0
0.399730349114
0.353018681218
1.0
0.399921793442
0.353185972206
1.0
0.400494349774
0.354482212777
1.0
0.400686863888
0.3545367828
1.0
0.400686863888
0.3545367828
1.0
0.401057018325
0.35560466054
1.0
0.401279603323
0.355587104416
1.0
0.401044332396
0.355757516709
1.0
0.401271622574
0.355085499727
1.0
0.401912380119
0.356133127962
1.0
0.402127585419
0.355878881681
1.0
0.402127585419
0.355878881681
1.0
0.402574499341
0.356624272779
1.0
0.402728117131
0.356801588605
1.0
0.403222461869
0.356948882079
1.0
0.403438271382
0.356047697386
1.0
0.403529610053
0.355944917841
1.0
0.403701724757
0.355871297135
1.0
0.403934433293
0.356259587225
1.0
0.404058097863
0.355876163703
1.0
0.403637633908
0.355182269577
1.0
0.403664197548
0.354652889684
1.0
0.403664197548
0.354652889684
1.0
0.404102916298
0.354986305696
1.0
0.404137580609
0.354593637128
1.0
0.402993991842
0.353918861254
1.0
0.403033618035
0.353017699192
1.0
0.402942413235
0.352808190904
1.0
0.40285369442
0.352538137564
1.0
0.40285369442
0.352538137564
1.0
0.402741121777
0.351409879059
1.0
0.402695161623
0.351087268844
1.0
0.402530683112
0.350425239452
1.0
0.402548488971
0.349777874398
1.0
0.401943225396
0.34832034883
1.0
0.402039157284
0.347704597269
1.0
0.401796969785
0.347657466082
1.0
0.401707028568
0.347164311346
1.0
0.40139946298
0.346387568807
1.0
0.401386754723
0.345395453142
1.0
0.401386754723
0.345395453142
1.0
0.401056447958
0.345678472882
1.0
0.400953408333
0.345409916027
1.0
0.400593063575
0.343573226684
1.0
0.400525873737
0.34325409784
1.0
0.400262058704
0.343718992402
1.0
0.40026958728
0.343580802505
1.0
0.399921326424
0.34328096204
1.0
0.399889172697
0.343185389665
1.0
0.399889172697
0.343185389665
1.0
0.39951041315
0.341933228605
1.0
0.399421977646
0.341761861048
1.0
0.398975802872
0.34073464744
1.0
0.399006351895
0.340693816589
1.0
0.39922075118
0.341165980499
1.0
0.399110811442
0.341439437068
1.0
0.398768940769
0.341538306709
1.0
0.398791848008
0.341095281267
1.0
0.398791848008
0.341095281267
1.0
0.398256883663
0.340232646954
1.0
0.398146632152
0.340309327421
1.0
0.398062638858
0.340550446172
1.0
0.398259282191
0.340170682536
1.0
0.398137627929
0.339057312107
1.0
0.398140746442
0.338631277536
1.0
0.398194243977
0.338778380991
1.0
0.398141357325
0.339030419014
1.0
0.398141357325
0.339030419014
1.0
0.394943560882
0.336249120636
1.0
0.395004044154
0.3361299785
1.0
0.395223584731
0.335960297179
1.0
0.395256167295
0.33558978469
1.0
0.395350883928
0.335954042178
1.0
0.395330309387
0.336200114953
1.0
0.395359489991
0.337043139692
1.0
0.395438206876
0.336913942768
1.0
0.395438206876
0.336913942768
1.0
0.39507527023
0.336179191677
1.0
0.395187478277
0.336184925791
1.0
0.395402736287
0.337598405011
1.0
0.395409408692
0.337718193163
1.0
0.395899862675
0.339196283413
1.0
0.395880465395
0.339704205289
1.0
0.395880465395
0.339704205289
1.0
0.395401833486
0.340570236246
1.0
0.395444139133
0.340791140747
1.0
0.395432702785
0.340676281187
1.0
0.395545031678
0.340553212018
1.0
0.39538981498
0.341364045297
1.0
0.39538084986
0.341924827848
1.0
0.395802310289
0.342436338507
1.0
0.395854109602
0.342862781309
1.0
0.395878172253
0.343763478792
1.0
0.395889533397
0.344115357866
1.0
0.395889533397
0.344115357866
1.0
0.395776837004
0.344316855932
1.0
0.395824170908
0.344683159884
1.0
0.396201448638
0.344918029592
1.0
0.396250615652
0.344723670296
1.0
0.398922330566
0.349108878747
1.0
0.399429364383
0.350202636068
0.989975101732
0.412950077219
0.388517207062
0.989975101732
0.414184262349
0.393278560194
0.989975101732
0.414184262349
0.393278560194
0.989975101732
0.415506643839
0.406693828996
0.99
0.421889262495
0.425103016409
0.99
0.422602199781
0.430316111229
1.0
0.421467695121
0.431958656403
1.0
0.421896741826
0.433918597015
1.0
0.420689925767
0.436146329931
1.0
0.420960057993
0.434342954334
1.0
0.421983377603
0.436546395606
1.0
0.421983377603
0.436546395606
1.0
0.422062830173
0.436097938633
1.0
0.421906293414
0.435405482306
1.0
0.421914951614
0.435589070902
1.0
0.42151027142
0.435614372414
1.0
0.421575457966
0.435184435632
1.0
0.422153112808
0.43555442776
1.0
0.422174278208
0.434917687802
1.0
0.421746699071
0.4334081495
1.0
0.421746699071
0.4334081495
1.0
0.421761844781
0.432791071774
1.0
0.421418694315
0.433021278941
1.0
0.421435691862
0.433262838297
1.0
0.422131785296
0.433041004052
1.0
0.422157480525
0.432594616794
1.0
0.422134936263
0.433377766654
1.0
0.422158759209
0.433567399436
1.0
0.422158759209
0.433567399436
1.0
0.42199914804
0.433410110057
1.0
0.422117798332
0.433632190405
1.0
0.421997992445
0.432746345003
1.0
0.42201469144
0.432912847775
1.0
0.422349943185
0.433566433191
1.0
0.422349941558
0.433265943712
1.0
0.422093835488
0.434421855308
1.0
0.422154919828
0.434975670715
1.0
0.42141350454
0.433244429265
1.0
0.42141350454
0.433244429265
1.0
0.421465827264
0.43341679828
1.0
0.422706835018
0.435949698726
1.0
0.422826791154
0.43616089814
1.0
0.422778853531
0.437329542282
1.0
0.422849021026
0.437861053728
1.0
0.422859713478
0.438880024826
1.0
0.422944371693
0.43915869883
1.0
0.422513774775
0.43827854999
1.0
0.422513774775
0.43827854999
1.0
0.422547608862
0.438689302136
1.0
0.422415880098
0.438232621793
