0.994290450043
0.567825248509
0.690127564382
1.0
0.567868084954
0.69029829957
1.0
0.571731457301
0.691330004629
1.0
0.571865444197
0.691413213205
1.0
0.574350332816
0.693368682202
1.0
0.574488911156
0.693343925323
1.0
0.573760901701
0.692592163165
0.992368525278
0.573791307581
0.69257959621
0.992368525278
0.573791307581
0.69257959621
0.992368525278
0.574126864797
0.692494549346
1.0
0.574202625379
0.692507886163
1.0
0.574484453718
0.693051426459
1.0
0.574465635831
0.693090990506
1.0
0.574153131798
0.693203275454
1.0
0.574138677411
0.693183731014
1.0
0.573671759874
0.692744364401
1.0
0.57367396064
0.692742642446
1.0
0.57367396064
0.692742642446
1.0
0.574054341463
0.693294490536
1.0
0.574042485855
0.693288541657
1.0
0.573759151142
0.692774403005
1.0
0.573773321258
0.692775780927
1.0
0.574375799529
0.692913300519
1.0
0.574362838643
0.692861497703
1.0
0.574110930091
0.692962971292
0.753176789938
0.574156573056
0.692936295467
0.753176789938
0.574329904206
0.693756840716
0.753176789938
0.574329904206
0.693756840716
0.99
0.574311383132
0.69381633459
0.99
0.574103913601
0.69371521645
1.0
0.5740994222
0.693751560014
1.0
0.573975520896
0.694437914794
1.0
0.573958213884
0.694490737782
1.0
0.573807116226
0.693823099255
1.0
0.573823339637
0.693782007249
1.0
0.573823339637
0.693782007249
1.0
0.57353546026
0.694207084939
1.0
0.573519461492
0.694212651752
1.0
0.574378571016
0.693665943857
1.0
0.574371838552
0.693702636307
1.0
0.580672318114
0.698973659677
1.0
0.58069133053
0.698950291856
1.0
0.58755549599
0.706971589232
0.991313097503
0.587537413586
0.706946234568
0.991313097503
0.588616196324
0.710895952023
0.991313097503
0.588616196324
0.710895952023
1.0
0.588707699062
0.710960411709
1.0
0.588840483081
0.71239840848
1.0
0.588914257953
0.712523531703
1.0
0.588545450142
0.710180299294
1.0
0.588580170029
0.710360097682
1.0
0.588989431544
0.710618772447
1.0
0.588970573808
0.71062053803
1.0
0.588970573808
0.71062053803
1.0
0.588764354761
0.710957886234
1.0
0.588754334091
0.710916003681
1.0
0.588178794375
0.711175136963
1.0
0.588179863227
0.71117720587
1.0
0.588592623882
0.711490899709
1.0
0.588603570351
0.711495645898
1.0
0.588872992999
0.71130651086
1.0
0.588858080667
0.711330613708
1.0
0.588322659535
0.710828338376
1.0
0.588322659535
0.710828338376
1.0
0.58831436389
0.71082534041
1.0
0.588482959629
0.711321216395
1.0
0.588487041071
0.711327280883
1.0
0.587885527057
0.711217333442
1.0
0.58788062079
0.71126558411
1.0
0.588255660954
0.711755677074
1.0
0.588251615747
0.711742162904
1.0
0.588052210177
0.711398566673
1.0
0.588052210177
0.711398566673
1.0
0.588045830006
0.711394594273
1.0
0.587735842819
0.71151971486
1.0
0.587740385507
0.711525092704
1.0
0.587687051062
0.711353073876
1.0
0.587685155263
0.711364142745
0.634895457496
0.583807122422
0.710920349463
0.634895457496
0.583807122422
0.710920349463
0.634895457496
0.583803775531
0.710907925975
1.0
0.587619276522
0.711017085426
1.0
0.587625513947
0.711003729767
1.0
0.587115327874
0.710457946091
1.0
0.587101264214
0.710465020496
1.0
0.587173211754
0.710290667154
1.0
0.587174314966
0.710284398508
1.0
0.586887249855
0.709521489496
1.0
0.586886592657
0.709514546584
1.0
0.587012954607
0.709516572006
1.0
0.587012954607
0.709516572006
1.0
0.587009480874
0.709523029227
1.0
0.586937440166
0.709153671244
1.0
0.586927391759
0.709150154273
1.0
0.58775543765
0.709562150699
1.0
0.587766047445
0.709545827703
1.0
0.588071666991
0.709510878359
1.0
0.588069961324
0.709510430368
1.0
0.586764824703
0.707143693589
1.0
0.586764824703
0.707143693589
1.0
0.58676734189
0.707149218255
1.0
0.586642389977
0.707064151028
1.0
0.586644627565
0.707046843162
1.0
0.586637488106
0.706791025402
1.0
0.586651397273
0.706764783516
1.0
0.586542067524
0.706479228363
1.0
0.586542060049
0.706454574446
1.0
0.586396601904
0.706221857566
1.0
0.586396601904
0.706221857566
1.0
0.586402128059
0.706225451387
1.0
0.586393607043
0.706520541118
1.0
0.586389110508
0.706499701426
1.0
0.586004711641
0.706004984321
1.0
0.585985326833
0.706002500382
1.0
0.585531943834
0.703745624026
1.0
0.585531189582
0.703742216505
1.0
0.585531189582
0.703742216505
1.0
0.585616211342
0.704601379099
1.0
0.585626824342
0.704571371088
1.0
0.5852903
0.70397174502
1.0
0.585261896633
0.703992393392
1.0
0.584683633746
0.703508897741
1.0
0.584715092592
0.703468028452
1.0
0.584996063725
0.703183649528
1.0
0.584983833583
0.703163819945
1.0
0.584983833583
0.703163819945
1.0
0.584238997875
0.703054354596
1.0
0.584230315467
0.703059369855
1.0
0.584378275396
0.701483474304
1.0
0.584386834106
0.701481915236
1.0
0.583656786527
0.700262911144
1.0
0.583655047057
0.700245975016
1.0
0.583653146558
0.700185942613
1.0
0.583987993323
0.699309747195
1.0
0.583969432205
0.699329255135
1.0
0.583969432205
0.699329255135
1.0
0.583314688097
0.698939495299
1.0
0.58333025649
0.698894659716
1.0
0.583015062325
0.698213075716
1.0
0.583016393158
0.698142923708
1.0
0.581878417986
0.696314889484
1.0
0.581862894702
0.696339632416
1.0
0.58156292679
0.696591956523
1.0
0.58156292679
0.696591956523
1.0
0.581562570924
0.696589608375
1.0
0.580798206393
0.695671751985
1.0
0.580793146547
0.695659462764
1.0
0.580058732101
0.695610352413
1.0
0.580057085638
0.695603093738
1.0
0.579655105381
0.695177570881
1.0
0.579647594387
0.695182403897
1.0
0.578903050486
0.694428832173
1.0
0.578903050486
0.694428832173
1.0
0.578909162216
0.694407740132
1.0
0.577709781234
0.693372887234
1.0
0.577703285435
0.693340192365
1.0
0.577125943077
0.693415916034
1.0
0.577121984696
0.693409618016
1.0
0.57691894435
0.692902514111
1.0
0.576903665891
0.692885473787
1.0
0.576087672789
0.692719353988
1.0
0.576087672789
0.692719353988
1.0
0.576092014851
0.692695901145
1.0
0.575809748751
0.692695476384
0.890032204057
0.575766852602
0.692660445652
0.890032204057
0.575487099037
0.693108597499
1.0
0.575517463197
0.693155303238
1.0
0.574923634997
0.693024627123
0.796804262243
0.574962770963
0.692820194196
0.796804262243
0.574962770963
0.692820194196
0.796804262243
0.573620480005
0.691438196673
0.952505950508
0.573530655736
0.691586424033
0.952505950508
0.572533811263
0.691012254393
0.989374399596
0.572510423075
0.69095953445
0.989374399596
0.571789668512
0.691415058324
1.0
0.571798330595
0.691514339789
1.0
0.571138153229
0.691615660943
1.0
0.571130415947
0.691672396765
1.0
0.57043656641
0.691630773716
1.0
0.570399650229
0.691668840016
1.0
0.570399650229
0.691668840016
1.0
0.569658144174
0.691657113997
1.0
0.5696567828
0.691598723735
1.0
0.568706033798
0.691551194822
0.960735590904
0.56865681099
0.691564575768
0.960735590904
0.567873663787
0.691398448384
1.0
0.567891545543
0.691311353916
1.0
0.567661866948
0.689865452401
1.0
0.567661866948
0.689865452401
1.0
0.56765767039
0.689895962886
1.0
0.566984325369
0.689841893753
0.977621593942
0.566964036181
0.689841706534
0.977621593942
0.566666145705
0.689944536245
1.0
0.566650392142
0.689969095819
1.0
0.566220887346
0.690220566894
1.0
0.566216434027
0.690272134301
1.0
0.565652276209
0.690990071808
1.0
0.565640595223
0.690988494526
1.0
0.565640595223
0.690988494526
1.0
0.566752468522
0.691943554416
1.0
0.566737231596
0.692010378343
1.0
0.57183059435
0.696676392656
1.0
0.571819689203
0.696700929346
1.0
0.571732548707
0.700177246846
1.0
0.571712674468
0.700137970372
1.0
0.571129676448
0.701986708594
1.0
0.571129676448
0.701986708594
0.954324780806
0.571166130783
0.702056924997
0.954324780806
0.570565281474
0.702236575134
1.0
0.570599942549
0.702405910014
1.0
0.570164368973
0.702047834293
1.0
0.570108667657
0.702113530455
1.0
0.569794535587
0.701935095777
1.0
0.569792532071
0.701956087248
1.0
0.569661227689
0.702453769922
1.0
0.569661227689
0.702453769922
1.0
0.569665626596
0.702418827947
1.0
0.568862173984
0.701541776018
1.0
0.568868953488
0.701549018169
1.0
0.569704508371
0.702518942474
1.0
0.56970043758
0.702543534845
1.0
0.569254005691
0.701857834328
1.0
0.569250397882
0.701821519739
1.0
0.56937201458
0.703171672399
1.0
0.569372073592
0.703191467258
1.0
0.569372073592
0.703191467258
1.0
0.569458447018
0.703220848021
1.0
0.569485884054
0.703229475438
1.0
0.569398814655
0.703426705337
1.0
0.56940160935
0.703427606226
1.0
0.569371711207
0.703582649681
1.0
0.569372657813
0.703574403974
1.0
0.569602690866
0.703447853333
1.0
0.569602690866
0.703447853333
1.0
0.569593924855
0.703443811196
1.0
0.56885783765
0.70415459085
1.0
0.568865681762
0.70422461288
1.0
0.568693550947
0.704538351258
1.0
0.568725091392
0.704465174537
1.0
0.568570596525
0.704668084378
1.0
0.568540873317
0.704712855387
1.0
0.568111587836
0.704196953045
1.0
0.568111587836
0.704196953045
1.0
0.56810659999
0.704192046848
1.0
0.567836892528
0.704147533704
0.87315088326
0.567811580391
0.704066608009
0.87315088326
0.567340854474
0.703570774896
1.0
0.567362310295
0.703659600847
1.0
0.566871800914
0.70434247386
1.0
0.56687372769
0.704316738093
1.0
0.566817454529
0.704399132132
1.0
0.566796480171
0.704368509127
1.0
0.566796480171
0.704368509127
1.0
0.566938810043
0.704762130987
1.0
0.566952659862
0.70480978168
1.0
0.567638394602
0.706315612151
1.0
0.567651783968
0.706297351874
1.0
0.567236876238
0.706655842472
1.0
0.567213996175
0.706688093333
1.0
0.566506966189
0.705215678929
1.0
0.566506966189
0.705215678929
1.0
0.566520116336
0.705211113237
1.0
0.566335018268
0.705333653871
1.0
0.566324619687
0.705350514501
1.0
0.566678817646
0.705917100245
1.0
0.566679185905
0.705905750486
1.0
0.566416772657
0.705308432906
0.964084471519
0.566424536139
0.705251836312
0.964084471519
0.566195494792
0.704904941603
0.951393745069
0.566167411256
0.704903677277
