1.0
0.595310290127
0.657817229904
1.0
0.596500827475
0.655980372862
1.0
0.598012709446
0.657094869252
1.0
0.598012709446
0.657094869252
1.0
0.598972347431
0.655051032916
1.0
0.599391872794
0.654698622948
1.0
0.60114126838
0.652376730184
1.0
0.603216546213
0.652874879451
1.0
0.604620665208
0.650665348764
1.0
0.605823579918
0.650966082126
1.0
0.60716315594
0.648845474868
1.0
0.60776912512
0.648687285522
1.0
0.60776912512
0.648687285522
1.0
0.609513794044
0.645652000393
1.0
0.611407109977
0.64696732265
1.0
0.613105396218
0.644016262066
1.0
0.614097088229
0.644358756614
1.0
0.615364287859
0.643431189832
1.0
0.616681620875
0.644160220455
1.0
0.617971452375
0.640950967941
1.0
0.617971452375
0.640950967941
1.0
0.619130130794
0.641459408123
1.0
0.621524643165
0.637954101407
1.0
0.622412593535
0.637589928826
1.0
0.623566981597
0.635322830567
1.0
0.624913438987
0.636321383941
1.0
0.625639400862
0.635531830348
1.0
0.627359017301
0.637157722346
1.0
0.629510926963
0.633521843225
1.0
0.629886813846
0.632863197288
1.0
0.629886813846
0.632863197288
1.0
0.63107722186
0.630826682824
1.0
0.632777858032
0.632379571038
1.0
0.63458824369
0.630238128265
1.0
0.635793444952
0.630617459104
1.0
0.637176403087
0.627845198953
1.0
0.6378609836
0.628331219372
1.0
0.63976910786
0.625630277129
1.0
0.63976910786
0.625630277129
1.0
0.641475762141
0.626248138715
1.0
0.642630944627
0.62484848991
1.0
0.643397241513
0.626020470831
1.0
0.645101871609
0.623435392525
1.0
0.646105011015
0.623600495022
1.0
0.647868971689
0.621179396775
1.0
0.648917537133
0.621868093733
1.0
0.650172293322
0.619643322959
1.0
0.652016212734
0.621375771517
1.0
0.652016212734
0.621375771517
1.0
0.654094311147
0.618736397631
1.0
0.654455727974
0.61930519223
1.0
0.655580383846
0.617226308307
1.0
0.656336213339
0.617380204946
1.0
0.657775629652
0.615009031732
1.0
0.659100601104
0.616274322828
1.0
0.660717891562
0.614642238877
1.0
0.660717891562
0.614642238877
1.0
0.661694393352
0.614997233807
1.0
0.663581833858
0.611887248761
1.0
0.665067052759
0.612648479533
1.0
0.665495513449
0.611696882667
1.0
0.666529221718
0.612249143325
1.0
0.668518604841
0.609795556094
1.0
0.669595295492
0.610245329768
1.0
0.670272575992
0.608283218669
1.0
0.670272575992
0.608283218669
1.0
0.67148780402
0.609058281735
1.0
0.672410824902
0.606763726635
1.0
0.673244678895
0.60715456912
1.0
0.675320431822
0.603885450135
1.0
0.676850284497
0.604448627649
1.0
0.678019233808
0.60303060943
1.0
0.678588935019
0.602978901042
1.0
0.680284056643
0.599519824736
1.0
0.681261040204
0.600968756964
1.0
0.681261040204
0.600968756964
1.0
0.682562654194
0.599531684901
1.0
0.68318418368
0.598505966472
1.0
0.685536523399
0.594932617545
1.0
0.686524391913
0.59540711676
1.0
0.687196268986
0.59351521497
1.0
0.688787925492
0.594618989384
1.0
0.690962507394
0.591960024934
1.0
0.690962507394
0.591960024934
1.0
0.69123960991
0.592053568285
1.0
0.692007521301
0.589755983675
1.0
0.693033947459
0.590121153828
1.0
0.694651931561
0.587301550135
1.0
0.695755807544
0.588132120516
1.0
0.696149270146
0.587095684793
1.0
0.69718958226
0.587893713092
1.0
0.698829794366
0.585733219577
1.0
0.69940325582
0.585810749961
1.0
0.69940325582
0.585810749961
1.0
0.700660836312
0.584022839377
1.0
0.702268495435
0.585954949987
1.0
0.703715929647
0.582094622579
1.0
0.704142062062
0.581234277811
1.0
0.70508595529
0.579575214996
1.0
0.705956371091
0.580337153248
1.0
0.70704328622
0.577950808944
1.0
0.70704328622
0.577950808944
1.0
0.707845792517
0.57800200216
1.0
0.70840621515
0.576962893027
1.0
0.709042438683
0.577769934356
1.0
0.710948272989
0.574551845857
1.0
0.71225558985
0.574069277386
1.0
0.713257652355
0.572587936666
1.0
0.713665790004
0.573098205184
1.0
0.715164205203
0.570446217645
1.0
0.715164205203
0.570446217645
1.0
0.716002553347
0.57108521834
1.0
0.716253669964
0.56999198914
1.0
0.717327558528
0.571635330628
1.0
0.718811726063
0.569711273089
1.0
0.718785596876
0.569522854759
1.0
0.719280965665
0.568256808204
1.0
0.720406448952
0.569090742314
1.0
0.722366555858
0.566324490784
1.0
0.723398185312
0.567421221595
1.0
0.723398185312
0.567421221595
1.0
0.7239162164
0.565896667822
1.0
0.724582240169
0.566246033203
1.0
0.725386895139
0.564585459651
1.0
0.725964432966
0.564657660852
1.0
0.727502215194
0.562130134477
1.0
0.728230890739
0.563344326969
1.0
0.729994482901
0.561007840203
1.0
0.729994482901
0.561007840203
1.0
0.730193858793
0.560319614002
1.0
0.730863859251
0.558840907334
1.0
0.731752087712
0.560627105562
1.0
0.73310759146
0.558647107875
1.0
0.733540344984
0.558907300845
1.0
0.734019531832
0.558373464078
1.0
0.734707973149
0.558876704168
1.0
0.734707973149
0.558876704168
1.0
0.736257480942
0.556077217114
1.0
0.737239122102
0.55643938004
1.0
0.737711222258
0.555129297925
1.0
0.737858512249
0.555866112248
1.0
0.738548574614
0.555119639032
1.0
0.739463311403
0.555652118358
1.0
0.740729543047
0.553691271642
1.0
0.740823528451
0.554106330946
1.0
0.741506417687
0.553194298258
1.0
0.741951262017
0.554223318914
1.0
0.741951262017
0.554223318914
1.0
0.742875507265
0.553517352521
1.0
0.743315672498
0.553772360972
1.0
0.744449787098
0.552522665399
1.0
0.745007194176
0.552855043936
1.0
0.745879298014
0.55089588919
1.0
0.746401589643
0.55219202315
1.0
0.746038243323
0.55198833042
1.0
0.746038243323
0.55198833042
1.0
0.746516845484
0.55203568153
1.0
0.748389811746
0.550130019374
1.0
0.748715782719
0.550819106047
1.0
0.749222067122
0.549866811146
1.0
0.749367949371
0.549615049409
1.0
0.749608745491
0.549284349757
1.0
0.749955447235
0.550406251339
1.0
0.751218920091
0.548444485587
1.0
0.751879043927
0.549085235961
1.0
0.751879043927
0.549085235961
1.0
0.75266786946
0.54748756861
1.0
0.752814088011
0.547760251294
1.0
0.753295166357
0.547458460258
1.0
0.7536017046
0.547586027814
1.0
0.753863869977
0.546928965579
1.0
0.753961366733
0.547153003972
1.0
0.754616388459
0.545950910367
1.0
0.754616388459
0.545950910367
1.0
0.754943384201
0.546214737619
1.0
0.75516195625
0.546126829366
1.0
0.755252176168
0.54591000753
1.0
0.755468205985
0.545045302622
1.0
0.755661651143
0.544829766636
1.0
0.756092586097
0.54418765763
1.0
0.756392082209
0.544878701291
1.0
0.756392082209
0.544878701291
1.0
0.757314687206
0.543639622419
1.0
0.757700180237
0.543707469917
1.0
0.757102695695
0.543996849215
1.0
0.757185082434
0.544526071439
1.0
0.75742568397
0.545228060636
1.0
0.757840499351
0.546703369482
1.0
0.758465247294
0.544826544872
1.0
0.758383977442
0.543739777609
1.0
0.759397668079
0.542169354149
1.0
0.759397668079
0.542169354149
1.0
0.75923527388
0.542430505323
1.0
0.759324944148
0.542335451591
1.0
0.759941306148
0.542673545823
1.0
0.760026175939
0.542750497033
1.0
0.760083399299
0.543523137208
1.0
0.760682370878
0.542336419396
1.0
0.760781640181
0.542969883542
1.0
0.760806110386
0.542678419727
1.0
0.760806110386
0.542678419727
1.0
0.760870856544
0.542736978942
1.0
0.761593792427
0.541955219132
1.0
0.76127150541
0.542321225093
1.0
0.761030675049
0.543060138987
1.0
0.761392302706
0.544054703941
1.0
0.76162854427
0.543915817197
1.0
0.761627479903
0.54405996057
1.0
0.761627479903
0.54405996057
1.0
0.761788003204
0.544550340745
1.0
0.761697148613
0.545117153605
1.0
0.762098061347
0.545314191768
1.0
0.761801677928
0.545631040067
1.0
0.762104980409
0.544997319078
1.0
0.762175058087
0.545184379779
1.0
0.762554268674
0.545713036353
1.0
0.762556212976
0.546866855811
1.0
0.762537839167
0.547617940525
1.0
0.762537839167
0.547617940525
1.0
0.76264702438
0.54856626043
1.0
0.763405988286
0.548382027107
1.0
0.763850991703
0.54943843469
1.0
0.763962622587
0.549901037741
1.0
0.763351328815
0.549827384754
1.0
0.763323636411
0.550568635275
1.0
0.763902622453
0.551093678247
1.0
0.763902622453
0.551093678247
1.0
0.764032329098
0.551122479409
1.0
0.763571443861
0.5516223101
1.0
0.764132824115
0.551271669493
1.0
0.764228169398
0.550716873839
1.0
0.763925861056
0.551299443616
1.0
0.764159123145
0.552656892471
1.0
0.764458744772
0.552929795314
1.0
0.764697914496
0.553828543611
1.0
0.765341501873
0.553839725951
1.0
0.765341501873
0.553839725951
1.0
0.765940605894
0.554274949797
1.0
0.766220026149
0.554229732085
1.0
0.765917386087
0.555195075376
1.0
0.766235417743
0.555895104434
1.0
0.766718418254
0.556543400567
1.0
0.767305316278
0.556103392385
1.0
0.767173171568
0.556320894668
1.0
0.76704899002
0.556607196599
1.0
0.76704899002
0.556607196599
1.0
0.767266976045
0.5569437171
1.0
0.767592502439
0.55684305931
1.0
0.767664392755
0.557637100528
1.0
0.767736927294
0.558378987763
1.0
0.767770206774
0.558710594226
1.0
0.768405983351
0.558581734539
1.0
0.768574620212
0.559469993675
1.0
0.768574620212
0.559469993675
1.0
0.768114671686
0.560476133182
1.0
0.768130323761
0.560863831501
1.0
0.768900014733
0.559779102715
1.0
0.768853566373
0.55957272601
1.0
0.769441017581
0.559297002289
1.0
0.76985964706
0.561109508608
1.0
0.770355053298
0.562056925001
1.0
0.770280642649
0.562893218533
1.0
0.770462025658
0.562969189413
1.0
0.770462025658
0.562969189413
1.0
0.770928019553
0.563945010897
1.0
0.771300225198
0.563596667288
1.0
0.771105381633
0.564272900917
1.0
0.771482021018
0.564563377132
1.0
0.772082511173
0.566338685413
1.0
0.772523946257
0.56676006707
1.0
0.772742869449
0.568239881235
1.0
0.772742869449
0.568239881235
1.0
0.772817833833
0.569060728808
1.0
0.773036534607
0.570532132913
1.0
0.774483398555
0.570219573344
1.0
0.77445857752
0.57126498637
1.0
0.77581561122
0.571439903829
1.0
0.776286139155
0.574251878338
1.0
0.777128538256
0.57461092122
1.0
0.777378074262
0.576388862206
1.0
0.777378074262
0.576388862206
1.0
0.778364183257
0.575987620399
1.0
0.779223848932
0.579428786244
1.0
0.780715999349
0.580037121604
1.0
0.781351580241
0.582199093096
1.0
0.782646388861
0.58233304816
1.0
0.78320641233
0.585009708746
1.0
0.784845537057
0.584855748746
1.0
0.785589375694
0.586628063132
1.0
0.787767622461
0.585592152555
1.0
0.787767622461
0.585592152555
1.0
0.788134841845
0.588061798708
1.0
0.78994795583
0.588551607958
1.0
0.790569319469
0.591431563815
1.0
0.79339573087
0.590179371922
1.0
0.794066916692
0.592306238943
1.0
0.795162447903
0.592028792082
1.0
0.797233601723
0.597253506507
1.0
0.797233601723
0.597253506507
1.0
0.799410117101
0.597180461529
1.0
0.804158767561
0.606110093537
1.0
0.806390024234
0.605063778668
1.0
0.810734276553
0.61812099058
1.0
0.813262636284
0.616394274981
1.0
0.814978458824
0.629562397114
1.0
0.823570029107
0.625629324636
1.0
0.824691409346
0.635072631418
1.0
0.824691409346
0.635072631418
1.0
0.835837813128
0.627184550815
1.0
0.836092173571
0.629707601624
1.0
0.845718124582
0.627368426507
1.0
0.846066014905
0.628631768249
1.0
0.852646742783
0.633520220041
1.0
0.853363606864
0.636287571405
1.0
0.857835735979
0.639415160924
1.0
0.858496409312
0.641392618021
1.0
0.858496409312
0.641392618021
1.0
0.862610203488
0.635890756302
1.0
0.8629640364
0.637991676303
1.0
0.868683177196
0.633885582746
1.0
0.868916844373
0.636117570598
1.0
0.871888337517
0.633188665914
1.0
0.872135305177
0.634554508461
1.0
0.874399711416
0.634811520511
1.0
0.874886663773
0.637674019898
1.0
0.874886663773
0.637674019898
1.0
0.87866097893
0.635144352227
1.0
0.878538613783
0.637051339927
1.0
0.880575617972
0.636718472065
1.0
0.880625291488
0.637702989621
1.0
0.882994916624
0.6361843655
1.0
0.883329556046
0.638736705122
1.0
0.885200421971
0.639289512973
1.0
0.885212318222
0.641518631685
1.0
0.885212318222
0.641518631685
1.0
0.886608612894
0.641512399875
1.0
0.886243516761
0.642413805444
1.0
0.887440366859
0.642910812032
1.0
0.887148183959
0.643307629572
1.0
0.888141925175
0.644748179171
1.0
0.888224175021
0.648281146037
1.0
0.888679801294
0.650864167177
1.0
0.888236670095
0.65192077182
1.0
0.888236670095
0.65192077182
1.0
0.889693895463
0.652333731939
1.0
0.889419878721
0.653815994148
1.0
0.888958159262
0.656794197992
1.0
0.888360501991
0.657055817513
1.0
0.888346731016
0.659848939316
1.0
0.888147400913
0.662014192273
1.0
0.88770717149
0.664687648884
1.0
0.889097481418
0.672310244547
1.0
0.889097481418
0.672310244547
1.0
0.88886923346
0.674141396025
1.0
0.891016914418
0.683171936928
1.0
0.890355649844
0.685566471838
1.0
0.892627002785
0.6940107833
1.0
0.89392988395
0.699090245099
1.0
0.893188212426
0.70422826423
1.0
0.898296104326
0.707802021313
1.0
0.897477070397
0.707716453402
1.0
0.897477070397
0.707716453402
1.0
0.905251112639
0.704349541931
1.0
0.904289458147
0.703502586989
1.0
0.907834641072
0.705849311183
1.0
0.907080129651
0.705401056929
1.0
0.907325514028
0.710663923882
1.0
0.906844799719
0.708936283566
1.0
0.906447054974
0.709228901448
1.0
0.905548961814
0.707855305997
1.0
0.905548961814
0.707855305997
1.0
0.90540248669
0.708677933622
1.0
0.904589848529
0.706762531156
1.0
0.904544562037
0.706668902378
1.0
0.90412390657
0.704928440315
1.0
0.903287997926
0.705957878779
1.0
0.90233663214
0.704880642402
1.0
0.900813171653
0.705369234419
1.0
0.899892396284
0.702082283354
1.0
0.899892396284
0.702082283354
1.0
0.898424222639
0.702414861341
1.0
0.897572022189
0.701299993965
1.0
0.895051683528
0.703878009676
1.0
0.894161183748
0.700916697297
1.0
0.891373261237
0.703078690719
1.0
0.890590037971
0.701352075918
1.0
0.889657948491
0.701257271465
1.0
0.888804546142
0.699796141008
1.0
0.888804546142
0.699796141008
1.0
0.885802105933
0.701457127703
1.0
0.884606196675
0.699603292683
1.0
0.882881689418
0.700161275775
1.0
0.88195855752
0.698469762731
1.0
0.879467749963
0.700616276445
1.0
0.87852741524
0.698588429451
1.0
0.874874376215
0.700708871207
1.0
0.874874376215
0.700708871207
1.0
0.873854022963
0.699317889193
1.0
0.872113985142
0.700742352349
1.0
0.870919779587
0.697728999123
1.0
0.868431631328
0.69936162508
1.0
0.867444140309
0.697331713374
1.0
0.864189915013
0.699970464717
1.0
0.863138001285
0.69727909914
1.0
0.859522701985
0.701041829781
1.0
0.858702407173
0.698942876841
1.0
0.858702407173
0.698942876841
1.0
0.855557858183
0.700081921046
1.0
0.854551347343
0.698085057638
1.0
0.852061833127
0.700075456694
1.0
0.85169012282
0.699316566123
1.0
0.849732331356
0.699164532803
1.0
0.848688913594
0.695388216469
1.0
0.846126313351
0.696462989119
1.0
0.845218287582
0.693641276584
1.0
0.845218287582
0.693641276584
1.0
0.842437075206
0.694220274362
1.0
0.841549446948
0.691130809541
1.0
0.839628563422
0.690957368646
1.0
0.839083059905
0.688962122106
1.0
0.83714726317
0.689220690878
1.0
0.833673731106
0.685304386658
1.0
0.830556815389
0.686357092781
1.0
0.823876979728
0.683542532242
1.0
0.822383369943
0.682325636937
1.0
0.822383369943
0.682325636937
1.0
0.815603879035
0.678760860246
1.0
0.811646551304
0.681826144436
1.0
0.808595735804
0.679024472654
1.0
0.79176690459
0.69954164349
1.0
0.791428256683
0.697544311024
0.99
0.766235071542
0.734351813182
0.99
0.765615900117
0.732299405752
0.99
0.765615900117
0.732299405752
1.0
0.758329006324
0.743093172746
1.0
0.758128289609
0.741231127088
1.0
0.758472456731
0.738050558929
1.0
0.757869666295
0.736906424597
1.0
0.756990567346
0.735089583836
1.0
0.757424280592
0.733701876791
1.0
0.757395609331
0.731735931193
1.0
0.756756561497
0.728767589125
1.0
0.756756561497
0.728767589125
1.0
0.755500202111
0.728674424394
1.0
0.755181451645
0.727325012726
1.0
0.75582092115
0.724667780026
1.0
0.756003164868
0.722556286624
1.0
0.755293032064
0.720733268799
1.0
0.755488356051
0.71870882287
1.0
0.75504931259
0.716862384043
1.0
0.754717442995
0.716009769112
1.0
0.754717442995
0.716009769112
1.0
0.754731943105
0.713844168689
1.0
0.754819019923
0.711425209435
1.0
0.75414161383
0.709971845588
1.0
0.753913413083
0.707488596761
1.0
0.753176658748
0.705671863714
1.0
0.752857450981
0.703706347874
1.0
0.752480224423
0.702677894664
1.0
0.752271879414
0.701550526703
1.0
0.752271879414
0.701550526703
1.0
0.751138438238
0.699813837448
1.0
0.751184683841
0.697970842671
1.0
0.750934028605
0.696258014539
1.0
0.751237274248
0.694694270706
1.0
0.750874137049
0.693131301255
1.0
0.750529112705
0.691273191027
1.0
0.749926723519
0.690171763515
1.0
0.749926723519
0.690171763515
1.0
0.749643076791
0.687309204183
1.0
0.748531664458
0.685969293082
1.0
0.748885955623
0.68521291919
1.0
0.747846731832
0.684655638415
1.0
0.747966264084
0.682485381586
1.0
0.747093684805
0.681161982803
1.0
0.746773570802
0.679933071457
1.0
0.745837608536
0.678376548444
1.0
0.745343838001
0.675429700058
1.0
0.745343838001
0.675429700058
1.0
0.745351151301
0.674040556154
1.0
0.74590030722
0.671818392584
1.0
0.745984908202
0.669677134178
1.0
0.746439460687
0.668601206221
1.0
0.745362890189
0.6671429634
1.0
0.745402934059
0.66416598785
1.0
0.744782967894
0.662175525308
1.0
0.74493748471
0.659774830629
1.0
0.74493748471
0.659774830629
1.0
0.744940873284
0.656871774125
1.0
0.745193682381
0.655314181798
1.0
0.744751016968
0.652547491782
1.0
0.745193515325
0.648775283645
1.0
0.745409374389
0.646004748877
1.0
0.745977937848
0.644581886605
1.0
0.746843939808
0.640134719744
1.0
0.747930733792
0.637275011721
1.0
0.747930733792
0.637275011721
1.0
0.746886395477
0.635014908343
1.0
0.747675697298
0.633013825436
1.0
0.747160146208
0.629706620151
1.0
0.748010557206
0.628059617314
1.0
0.747723361338
0.625511931975
1.0
0.748229494142
0.62323018783
1.0
0.747483356563
0.621310726439
1.0
0.748960804049
0.619370365469
1.0
0.748960804049
0.619370365469
1.0
0.749275783079
0.615961568663
1.0
0.750330509432
0.614541648104
1.0
0.750242898411
0.611433959573
1.0
0.751435610818
0.610334562535
1.0
0.750761467585
0.608495067853
1.0
0.752053783948
0.606877600721
1.0
0.752594873485
0.602931962672
1.0
0.752594873485
0.602931962672
1.0
0.753124290063
0.600426503392
1.0
0.75306566706
0.598550985385
1.0
0.754169901943
0.596104015509
1.0
0.754116449702
0.59352676874
1.0
0.755262318684
0.593696095497
1.0
0.755302189816
0.59033536777
1.0
0.756611878812
0.587559256503
1.0
0.756545705523
0.585366738432
1.0
0.757446044178
0.584326741849
1.0
0.757446044178
0.584326741849
