1.0
0.442268552628
0.363761853127
1.0
0.442262759349
0.36402486246
1.0
0.442298214398
0.364037157383
1.0
0.442542106885
0.364180537516
1.0
0.442504327157
0.36473236205
1.0
0.442406030787
0.364635076204
1.0
0.442406030787
0.364635076204
1.0
0.442274698358
0.364991270389
1.0
0.442135512851
0.365136744793
1.0
0.442190763639
0.36525572329
1.0
0.442499387137
0.36519297765
1.0
0.442469964387
0.365186289924
1.0
0.442395497217
0.365375444433
1.0
0.44236954521
0.365651974375
1.0
0.442495096891
0.366785870222
1.0
0.442495096891
0.366785870222
1.0
0.442457505083
0.366605638323
1.0
0.444147585406
0.374324580878
1.0
0.444075079193
0.374686686107
0.99
0.44632813605
0.389912792233
0.99
0.446290864642
0.390574374235
0.99
0.448846259952
0.406748184866
0.99
0.448978438854
0.413863942115
1.0
0.45012990116
0.420602598846
1.0
0.45012990116
0.420602598846
0.99
0.451158122254
0.439173838132
0.99
0.450487902748
0.439099510562
0.99
0.451477017848
0.457257158974
0.99
0.451283892367
0.456248325248
1.0
0.451760790068
0.462705292094
1.0
0.451500626908
0.461899091465
1.0
0.452768931376
0.463360085452
1.0
0.452549528952
0.463191691865
1.0
0.452549528952
0.463191691865
1.0
0.452675660823
0.463034673159
1.0
0.452706715532
0.463094553971
1.0
0.452551147327
0.461958077797
1.0
0.452777838238
0.461833347405
1.0
0.452763773588
0.461476050117
1.0
0.452679908002
0.461427813553
1.0
0.452513171356
0.461751922569
1.0
0.452721189507
0.46195800694
1.0
0.452721189507
0.46195800694
1.0
0.452723377986
0.461791527743
1.0
0.452727239241
0.46183959191
1.0
0.452478364371
0.462066320658
1.0
0.452456451659
0.462071987981
1.0
0.452530495116
0.462341398264
1.0
0.452544349486
0.462586102668
1.0
0.452435070087
0.46266831294
1.0
0.452187571989
0.462575124009
1.0
0.452187571989
0.462575124009
1.0
0.452144863978
0.463228302308
1.0
0.452179006748
0.463667636833
1.0
0.452079284348
0.463975498125
1.0
0.452382546787
0.463919970895
1.0
0.452185133667
0.463818317103
1.0
0.452184562668
0.463984585734
1.0
0.452272106953
0.464431446031
1.0
0.452294523492
0.464653044311
1.0
0.452294523492
0.464653044311
1.0
0.452184096496
0.464938584652
1.0
0.452229156086
0.465407471058
1.0
0.452060586146
0.466095151903
1.0
0.451585691955
0.466270399389
1.0
0.451461901941
0.46673143589
1.0
0.451580146006
0.466920447078
1.0
0.451605544068
0.467286476796
1.0
0.451415079226
0.467773710042
1.0
0.451415079226
0.467773710042
1.0
0.451338005893
0.467917351885
1.0
0.451423045083
0.468371534441
1.0
0.45141219938
0.468697723166
1.0
0.451516471674
0.4692721163
1.0
0.451249230735
0.470285093826
1.0
0.451054253147
0.470459349337
1.0
0.450931711555
0.471074283092
1.0
0.450980147596
0.471378232906
1.0
0.450980147596
0.471378232906
1.0
0.450923939559
0.471853131796
1.0
0.450563975249
0.471912821187
1.0
0.450375006223
0.472036512335
1.0
0.45027056423
0.472050748081
1.0
0.450157879003
0.472422239328
1.0
0.450291824595
0.472758513219
1.0
0.450166363368
0.473131336254
1.0
0.450166363368
0.473131336254
1.0
0.449890969495
0.473209091259
1.0
0.449801309159
0.473715219876
1.0
0.449871757578
0.474158821065
1.0
0.449742886434
0.475284018759
1.0
0.449509430494
0.475123553424
1.0
0.449580055492
0.474623046893
1.0
0.449558615223
0.474823848457
1.0
0.449294838764
0.475584105617
1.0
0.449045049488
0.475804750737
1.0
0.449045049488
0.475804750737
1.0
0.448702623477
0.476426557016
1.0
0.448754098164
0.476771018784
1.0
0.448738297631
0.477157666106
1.0
0.448483008601
0.477262218464
1.0
0.448237823865
0.477633901363
1.0
0.447150243545
0.476711845614
1.0
0.447061312466
0.477635151718
0.709229172282
0.43000256863
0.467188252198
0.709229172282
0.43000256863
0.467188252198
0.709229172282
0.42985212044
0.467687922063
0.709229172282
0.429448158225
0.467523348159
0.709229172282
0.425475959015
0.468962946614
1.0
0.431188671872
0.468559911574
1.0
0.426811247944
0.472725154256
1.0
0.424336124434
0.472159021519
1.0
0.424336124434
0.472159021519
1.0
0.421452834085
0.473965703339
1.0
0.420726049596
0.473906418158
1.0
0.419774705405
0.475221131905
1.0
0.419786121682
0.475272755891
1.0
0.419926128061
0.475664526283
1.0
0.420112031659
0.475933262532
1.0
0.42003714134
0.47605048642
1.0
0.419996100435
0.476490012261
1.0
0.419737436081
0.477050592171
1.0
0.419761945897
0.477527841233
1.0
0.419761945897
0.477527841233
1.0
0.419980961587
0.477702579161
1.0
0.420315941361
0.477950477465
1.0
0.420127553258
0.47883019345
1.0
0.420379687432
0.479310275352
1.0
0.420393886726
0.479193487862
1.0
0.420378609224
0.479406350182
1.0
0.420427511977
0.479534190864
1.0
0.420766529527
0.479930736536
1.0
0.420766529527
0.479930736536
1.0
0.420897453474
0.480046618484
1.0
0.420955079439
0.480168217466
1.0
0.42104220213
0.480489586524
1.0
0.420764622195
0.480511583667
1.0
0.420634341829
0.480713905989
1.0
0.42069637541
0.480939397702
1.0
0.420849491796
0.481070397178
1.0
0.420920014652
0.480991145578
1.0
0.420920014652
0.480991145578
1.0
0.420997625237
0.481028639799
1.0
0.421149032641
0.481390557061
1.0
0.42121996712
0.48163750184
1.0
0.421363257888
0.481682130179
1.0
0.421436870185
0.482060099636
1.0
0.421343863878
0.481951502498
1.0
0.421263631188
0.481958450913
1.0
0.421388752038
0.482119184765
1.0
0.421388752038
0.482119184765
1.0
0.421461763648
0.482185656378
1.0
0.421424786614
0.482161775222
1.0
0.421433756309
0.482431212006
1.0
0.421700257026
0.48255097742
1.0
0.421828579592
0.482516060951
1.0
0.421729857841
0.482660825556
1.0
0.421729857841
0.482660825556
1.0
0.421773220379
0.482641821741
1.0
0.421786924181
0.483040073124
1.0
0.421722386598
0.483275332334
1.0
0.422045514731
0.483216131787
1.0
0.422226054409
0.483410487503
1.0
0.422288591187
0.483063966666
1.0
0.422402908495
0.483122879657
1.0
0.422552842554
0.483275383068
1.0
0.422539728517
0.482988930632
1.0
0.422683804185
0.482748761899
1.0
0.422683804185
0.482748761899
1.0
0.422936806896
0.482131760273
1.0
0.423107570431
0.4817304091
1.0
0.423255004992
0.480281449537
1.0
0.423154302731
0.480174880673
1.0
0.42320070106
0.479752382165
1.0
0.423280328303
0.479844438533
1.0
0.423280328303
0.479844438533
1.0
0.423347107093
0.479388615663
1.0
0.423648546536
0.479754529779
1.0
0.423801394265
0.479550605901
1.0
0.423867916447
0.478841971664
1.0
0.424075820806
0.47888070772
1.0
0.424413306051
0.478558361202
1.0
0.424484883741
0.477921998122
1.0
0.424490709523
0.477297385126
1.0
0.424628416637
0.476120355376
1.0
0.424824527191
0.475847245896
1.0
0.424824527191
0.475847245896
1.0
0.424919727393
0.474830104783
1.0
0.424939248173
0.474550283024
1.0
0.424910886281
0.474095136441
1.0
0.424946329196
0.473150788514
1.0
0.424927791837
0.472072177813
1.0
0.425149015462
0.471242616716
1.0
0.425044503194
0.470662689758
1.0
0.424936838834
0.470306642461
1.0
0.424936838834
0.470306642461
1.0
0.424994726977
0.469262953642
1.0
0.425530291744
0.468778106964
1.0
0.425662625139
0.467090040208
1.0
0.425892899935
0.466486881224
1.0
0.425978374773
0.465133251022
1.0
0.426359543731
0.464673733918
1.0
0.42647220076
0.463419810342
1.0
0.426868922356
0.463355323106
1.0
0.426868922356
0.463355323106
1.0
0.427130206849
0.461853143005
1.0
0.427278525076
0.461287327511
1.0
0.427658330168
0.459961844793
1.0
0.428073341412
0.459682042985
1.0
0.428334234915
0.458269153906
1.0
0.428770694487
0.458368051253
1.0
0.429081405321
0.456875356318
1.0
0.429237614903
0.457247056226
1.0
0.429237614903
0.457247056226
1.0
0.429618380189
0.45618163674
1.0
0.430381097105
0.456329665717
1.0
0.430653833982
0.455508673294
1.0
0.430941014191
0.455614381466
1.0
0.431285254073
0.455005007193
1.0
0.431398075516
0.454915748091
1.0
0.431980663473
0.454472534448
1.0
0.431980663473
0.454472534448
1.0
0.432121771716
0.454276196369
1.0
0.432237414223
0.453980384088
1.0
0.432317822165
0.453765593279
1.0
0.43239783913
0.452508160158
1.0
0.432527239007
0.452360031565
1.0
0.432888848947
0.452105047316
1.0
0.432845126204
0.452881192074
1.0
0.433201325594
0.450724284647
1.0
0.433201325594
0.450724284647
1.0
0.433566072947
0.45203257579
1.0
0.433929782001
0.451085064265
1.0
0.434269920361
0.450764923906
1.0
0.434547444106
0.451819582699
1.0
0.434412510623
0.451604482596
1.0
0.434561217732
0.45226703508
1.0
0.43474499613
0.453394176068
1.0
0.435056092385
0.453067445655
1.0
0.434901867698
0.4539485759
1.0
0.434901867698
0.4539485759
1.0
0.435168435391
0.453256810863
1.0
0.435438835595
0.453971153739
1.0
0.435528288126
0.455731493191
1.0
0.435520699976
0.455892128215
1.0
0.435634179918
0.456959447956
1.0
0.435334112516
0.457340457002
1.0
0.435669796377
0.457624505963
1.0
0.435412384827
0.458198453683
1.0
0.435412384827
0.458198453683
1.0
0.435423798656
0.458344677676
1.0
0.435750149592
0.459040664445
1.0
0.435801679294
0.459792424206
1.0
0.43590911879
0.460512583694
1.0
0.436064514628
0.461336993054
1.0
0.436361959243
0.46194189292
1.0
0.436361959243
0.46194189292
1.0
0.436224817767
0.462653995864
1.0
0.436261605348
0.462693624696
1.0
0.436374690122
0.463084342296
1.0
0.43616792923
0.463336530292
1.0
0.436226404474
0.464321876705
1.0
0.436604105325
0.464502573719
1.0
0.436781021005
0.465313640533
1.0
0.436587265225
0.464496523839
1.0
0.436623278704
0.465058023263
1.0
0.436623278704
0.465058023263
1.0
0.437456368675
0.462697324597
1.0
0.437255667874
0.463376508642
1.0
0.438461095604
0.461752297275
1.0
0.438775607099
0.460802693867
1.0
0.439377880011
0.461618486361
1.0
0.439989300089
0.458097490658
1.0
0.439618434499
0.458061967007
1.0
0.44070913734
0.453294978425
1.0
0.440687456127
0.453244987596
1.0
0.440687456127
0.453244987596
1.0
0.440963319874
0.45376103826
1.0
0.441046832186
0.453945354294
1.0
0.440774344646
0.454892306652
1.0
0.440994795145
0.454979904302
1.0
0.440868704358
0.455120311755
1.0
0.441103859853
0.455322479481
1.0
0.441147410149
0.455514216206
1.0
0.441144397742
0.456032517067
1.0
0.441144397742
0.456032517067
1.0
0.441463958734
0.456046878378
1.0
0.441662730411
0.4561453888
1.0
0.441421057673
0.456440086029
1.0
0.441529827719
0.456475273664
1.0
0.441472606901
0.457129513703
1.0
0.441579846707
0.45709230719
1.0
0.441579846707
0.45709230719
1.0
0.441584563898
0.457115536799
1.0
0.441509208457
0.457073825141
1.0
0.441766648985
0.45733705171
1.0
0.441865361444
0.457261437682
1.0
0.441714505806
0.456844805325
1.0
0.441645380368
0.456597179106
1.0
0.44172438181
0.45676848078
1.0
0.441745241934
0.457143092364
1.0
0.44190575512
0.456769797838
1.0
0.441793973107
0.457319433258
1.0
0.441793973107
0.457319433258
1.0
0.441436165027
0.45757317031
1.0
0.441640317097
0.457384843801
1.0
0.441567070848
0.457976298993
1.0
0.441565207096
0.45804040345
1.0
0.441589741247
0.458089083733
1.0
0.441483376487
0.458008332341
1.0
0.441202597757
0.458133004493
1.0
0.441202597757
0.458133004493
1.0
0.441054306541
0.458015136152
1.0
0.441104058653
0.458852633627
1.0
0.441130242145
0.458901264726
1.0
0.440982867763
0.458780363039
1.0
0.440914116818
0.458432299929
1.0
0.440990962552
0.457627587506
1.0
0.441032498167
0.45776661061
1.0
0.440756746906
0.458292759127
1.0
0.440017057871
0.458668445066
1.0
0.440017057871
0.458668445066
1.0
0.439914945016
0.458942356077
1.0
0.440437427356
0.458615150662
1.0
0.44043800602
0.458260002314
1.0
0.440408017925
0.458423648889
1.0
0.440285927598
0.458923447425
1.0
0.440402038083
0.459208953761
1.0
0.44026624067
0.459367664969
1.0
0.439931681644
0.459840071577
1.0
0.439931681644
0.459840071577
1.0
0.439995935196
0.460782126513
1.0
0.440065266058
0.460965088037
1.0
0.440016032305
0.46039184343
1.0
0.440174284614
0.460942350008
1.0
0.440260235059
0.461410280963
1.0
0.44032943107
0.462041488912
1.0
0.44032943107
0.462041488912
1.0
0.440219446228
0.462928648227
1.0
0.440548446833
0.463314591786
1.0
0.440406568282
0.463518313148
1.0
0.440498358912
0.463592996479
1.0
0.440730262981
0.463738839633
1.0
0.440683188142
0.463924768804
1.0
0.440474182397
0.464810166313
1.0
0.440439285104
0.464795872646
1.0
0.440419427604
0.4651818465
1.0
0.440316556759
0.465410816541
1.0
0.440316556759
0.465410816541
1.0
0.440409144412
0.465982002556
1.0
0.440260086825
0.466074817643
1.0
0.440239560847
0.466223927053
1.0
0.440358412039
0.466517595572
1.0
0.440361070732
0.467035569901
1.0
0.44035830805
0.467086885711
1.0
0.44035830805
0.467086885711
1.0
0.440370832271
0.467197479671
1.0
0.439995358341
0.466845613274
1.0
0.439941819939
0.46708084567
1.0
0.440139212871
0.467348590998
1.0
0.439987459664
0.467637002537
1.0
0.439723697297
0.467633736849
1.0
0.439770747074
0.46831137321
1.0
0.439851124732
0.468338392849
1.0
0.439851124732
0.468338392849
1.0
0.439855431151
0.467968250977
1.0
0.439689541273
0.468114660107
1.0
0.439719905377
0.468150912812
1.0
0.439688031222
0.467968379764
1.0
0.43946251596
0.468986584316
1.0
0.439340767228
0.468874211405
1.0
0.439432800775
0.468220969106
1.0
0.439265814844
0.468155710986
1.0
0.439181310827
0.467962983534
1.0
0.43876057902
0.467977888965
1.0
0.43876057902
0.467977888965
1.0
0.438528178062
0.468289008247
1.0
0.438874795702
0.46817970932
1.0
0.438856232571
0.468183555789
1.0
0.438848050305
0.468448063466
1.0
0.438727691938
0.468697180434
1.0
0.438748964779
0.468462187827
1.0
0.438748964779
0.468462187827
1.0
0.438723859109
0.468265828464
1.0
0.438658585
0.468177782472
1.0
0.438677304933
0.468103169103
1.0
0.438593686469
0.468232802409
1.0
0.438441475836
0.468191085025
1.0
0.438670269829
0.46826400989
1.0
0.438806114668
0.468235813159
1.0
0.438392339335
0.468155414402
1.0
0.438315064141
0.468188146884
1.0
0.438271394089
0.46818842343
1.0
0.438271394089
0.46818842343
1.0
0.438278347969
0.468215645689
1.0
0.438482483146
0.468013756615
1.0
0.43853705399
0.468098376414
1.0
0.438516335049
0.468030488938
1.0
0.43835107312
0.468439529167
1.0
0.438262196283
0.468372002212
1.0
0.438406475564
0.467827564579
1.0
0.438599193355
0.468143962742
1.0
0.438599193355
0.468143962742
1.0
0.438815898176
0.468159207833
1.0
0.438580004795
0.467931285331
1.0
0.438432789047
0.46776554866
1.0
0.438477048307
0.467858870418
1.0
0.438179245406
0.468121994184
1.0
0.438341997551
0.468426771704
1.0
0.438341997551
0.468426771704
1.0
0.438510428473
0.46834187857
1.0
0.438251627889
0.468495990427
1.0
0.438253781466
0.468427929842
1.0
0.438643361153
0.468550012685
1.0
0.438604690646
0.468664759086
1.0
0.438689021655
0.468861232384
1.0
0.438488839565
0.469089250335
1.0
0.43847302161
0.469355799509
1.0
0.438621956117
0.469458739825
1.0
0.438606968957
0.469755922365
1.0
0.438606968957
0.469755922365
1.0
0.438742882693
0.469843629395
1.0
0.438872192298
0.470398506508
1.0
0.438736012384
0.470630274544
1.0
0.440742873794
0.471685571374
1.0
0.44073929288
0.472516376529
1.0
0.446257995837
0.477107405065
1.0
0.446257995837
0.477107405065
1.0
0.446432580367
0.4777478188
0.99
0.459059002907
0.488402682903
0.99
0.459808889565
0.487540840996
0.99
0.474931319948
0.499155272437
0.99
0.479014856562
0.496486595568
