1.0
0.570529442453
0.617391103775
1.0
0.570529442453
0.617391103775
1.0
0.577131412243
0.6032585568
1.0
0.578209359184
0.604787487287
0.977519066026
0.584349659021
0.590569514563
0.977519066026
0.584491917436
0.589850263604
0.851147139411
0.588806865374
0.578242641483
0.851147139411
0.588000625017
0.577497253675
0.92049019211
0.590473614586
0.570309431705
0.92049019211
0.590473614586
0.570309431705
0.92049019211
0.590444527939
0.571262128868
0.916203147384
0.592685374152
0.565930186115
0.916203147384
0.592065314813
0.565702325355
0.961353411283
0.594276629915
0.560516042535
0.961353411283
0.59414564082
0.560846817417
0.926523927721
0.594084415282
0.558819326647
0.926523927721
0.593768675722
0.558819568772
0.971598871271
0.593796716261
0.5582708989
0.971598871271
0.593182972995
0.558331845653
0.971598871271
0.593182972995
0.558331845653
0.905377820086
0.595400034239
0.556267525614
0.905377820086
0.595188626058
0.556885984881
0.950930989783
0.595075711079
0.557042730187
0.950930989783
0.59582281574
0.556766207991
0.930034969344
0.595260446291
0.5580194344
0.930034969344
0.59494070258
0.559362435108
0.970556273844
0.595174250989
0.561122680993
0.970556273844
0.594495814466
0.559308281237
0.970556273844
0.594495814466
0.559308281237
0.940149936991
0.59537803106
0.559816478052
0.940149936991
0.595683312295
0.56080749089
0.959967481916
0.596352149135
0.560178689084
0.959967481916
0.596007659137
0.558921854501
1.0
0.596940592813
0.557699507514
1.0
0.597153281387
0.56049005861
1.0
0.599224369224
0.559729315776
1.0
0.59896602415
0.558584807515
1.0
0.59896602415
0.558584807515
1.0
0.601472662427
0.558106003787
1.0
0.601141387263
0.558518880584
1.0
0.601905422179
0.558297118462
1.0
0.60185670649
0.557798727154
1.0
0.601703948243
0.558018758915
1.0
0.601872125575
0.559120821428
1.0
0.601255607753
0.560126663993
1.0
0.601139035753
0.559027123659
1.0
0.601139035753
0.559027123659
1.0
0.601248771443
0.557966665571
1.0
0.60187541749
0.559716107938
1.0
0.601403757468
0.562013948997
1.0
0.601328131585
0.56219001025
1.0
0.601292811851
0.562633640544
1.0
0.601436780933
0.562377469268
1.0
0.600974265593
0.562686402444
1.0
0.60041055035
0.563183818926
1.0
0.60041055035
0.563183818926
1.0
0.600206957774
0.563915346721
1.0
0.60012888884
0.565206282871
1.0
0.60014895823
0.565142954212
1.0
0.600475081752
0.564908399956
1.0
0.600009878835
0.565692832096
1.0
0.600386860866
0.565847422083
1.0
0.600639967829
0.565935398041
1.0
0.600639967829
0.565935398041
1.0
0.60065132401
0.565463068036
1.0
0.600375588128
0.566668085949
1.0
0.599748989974
0.567914648329
1.0
0.599531009461
0.567533227969
1.0
0.599445949621
0.567060643146
1.0
0.59989723138
0.566161339882
1.0
0.599985811067
0.566107560895
1.0
0.59945733347
0.56717119408
1.0
0.59934443583
0.567782572357
1.0
0.59934443583
0.567782572357
1.0
0.599163853523
0.56822771958
1.0
0.598516197605
0.568266153015
1.0
0.598583525087
0.568565533794
1.0
0.598451204285
0.568424104851
1.0
0.598522669342
0.569154547594
1.0
0.59911083038
0.571263416348
1.0
0.59911083038
0.571263416348
1.0
0.598188641864
0.573985570052
1.0
0.597652426667
0.573184409925
1.0
0.597664808027
0.573661546575
1.0
0.597200826033
0.574058981441
1.0
0.5974954446
0.574360862622
1.0
0.597245098032
0.575458058464
1.0
0.596825578743
0.576378320513
1.0
0.596577740127
0.577479119345
1.0
0.596441557776
0.578484915903
1.0
0.59617318918
0.579254427571
1.0
0.59617318918
0.579254427571
1.0
0.596158396784
0.57949228484
1.0
0.596996010257
0.581137058469
1.0
0.596528507186
0.582250313202
1.0
0.595760759101
0.582656780346
1.0
0.595476814583
0.583687346302
1.0
0.58735736325
0.578452277746
1.0
0.58735736325
0.578452277746
1.0
0.587314094569
0.579954196444
0.99
0.567539977014
0.568375560799
0.99
0.566631361747
0.570123546746
0.99
0.53699437843
0.553790075201
0.99
0.534363926167
0.560475524229
0.99
0.502894127293
0.543027186618
0.99
0.489714368762
0.570797387759
0.99
0.480936921036
0.56201412425
0.99
0.461640692583
0.602935402192
0.99
0.461640692583
0.602935402192
0.99
0.457896038092
0.602714934728
0.99
0.441369118627
0.637656338038
0.99
0.441482219468
0.637172446741
0.99
0.431112490772
0.657571896154
0.99
0.430937210837
0.657366653356
1.0
0.429660060909
0.656932039659
0.981492002425
0.430775312321
0.658153259439
0.981492002425
0.431554746955
0.657684553118
1.0
0.431424704472
0.660996803214
1.0
0.431424704472
0.660996803214
1.0
0.431008503202
0.661430166447
0.989939818182
0.431778722479
0.662939462745
0.989939818182
0.432086338835
0.664008574842
1.0
0.430585121776
0.665342910605
1.0
0.430618971097
0.667280340928
0.960294178557
0.430711131881
0.667718434198
0.960294178557
0.431205467124
0.669785664672
0.966481817801
0.431739695232
0.67099792882
0.966481817801
0.431739695232
0.67099792882
0.966481817801
0.43185060278
0.673689008064
0.952669734819
0.431085632478
0.674812803654
0.952669734819
0.430790070977
0.675952816003
0.911418760211
0.430426059119
0.677016793692
0.911418760211
0.43027870839
0.67880902137
0.913708886211
0.42888532712
0.679544746799
0.913708886211
0.42888532712
0.679544746799
0.913708886211
0.428750158117
0.681798404403
0.959137212814
0.429086713309
0.683417913603
0.959137212814
0.429365093759
0.684879664235
0.941225350939
0.427666720324
0.687226795225
0.941225350939
0.427760085371
0.690044043516
0.938721848633
0.429177593355
0.69062325931
0.938721848633
0.428986966836
0.692521396982
0.953995104668
0.427695692867
0.698066969822
0.953995104668
0.427991682905
0.699556859044
0.937740727581
0.427917095736
0.698940482045
0.937740727581
0.427917095736
0.698940482045
0.937740727581
0.427679334433
0.701269992987
0.968050679008
0.426699707362
0.702846652325
0.968050679008
0.434860204819
0.681657521909
0.967625551524
0.434253494577
0.684138523721
0.967625551524
0.433484005297
0.686548044296
0.95105169543
0.432627428313
0.687251266237
0.95105169543
0.432750516211
0.690342845815
0.95105169543
0.432750516211
0.690342845815
0.892746391071
0.433294343352
0.689010047465
0.892746391071
0.433237750873
0.688007142961
0.932577544193
0.432762019807
0.686831691386
0.916165438067
0.432545572113
0.689173347358
0.897414951258
0.431574060514
0.68923846783
0.754697456869
0.430855885668
0.684478909347
0.754697456869
0.430266847742
0.686395229224
0.754697456869
0.430266847742
0.686395229224
0.819728183828
0.429167217942
0.697339381831
0.819728183828
0.429322487786
0.697171298533
0.819728183828
0.428955289062
0.698258414584
0.860976852615
0.428994481247
0.70015193038
0.860976852615
0.42843261954
0.702321099906
0.899686571562
0.419448128094
0.742872102879
0.899686571562
0.419448128094
0.742872102879
0.864000267383
0.419350870364
0.744074501474
0.899686571562
0.418430415471
0.742777889469
0.863258452031
0.42074094956
0.74575763459
0.863258452031
0.420257428346
0.746494281597
0.831986573179
0.421866148469
0.74681268801
0.831986573179
0.421455753971
0.747852975415
0.84683587685
0.42281059825
0.746252694508
0.84683587685
0.422078679019
0.746211617569
0.84683587685
0.422078679019
0.746211617569
0.844240581873
0.42280716532
0.747571546664
0.844240581873
0.422687982572
0.747770734668
0.920737004504
0.424051509749
0.746853611756
0.920737004504
0.423006849532
0.749075386324
0.865353414756
0.423832501245
0.749647431684
0.865353414756
0.424071517662
0.750155754477
0.796025231252
0.422044060189
0.747853471426
0.796025231252
0.420854589565
0.74886296799
0.88619237666
0.42151305151
0.74994514801
0.88619237666
0.42151305151
0.74994514801
0.88619237666
0.421332788247
0.749813387604
0.850695136947
0.418865369018
0.746902352519
0.850695136947
0.418141603359
0.746043070954
0.854016427661
0.417764786084
0.743314676603
0.854016427661
0.41744599629
0.743025173618
0.854016427661
0.41744599629
0.743025173618
0.817949064481
0.413368540833
0.690828475684
0.817949064481
0.413368540833
0.690828475684
0.817949064481
0.401895723687
0.701213508238
0.817949064481
0.401895723687
0.701213508238
0.903671392498
0.40136675486
0.715437833785
0.913178912796
0.401489146902
0.716859947226
0.913178912796
0.399151121985
0.719801272807
0.854301565091
0.396176070177
0.717392750505
0.897617360928
0.627116435852
0.820090801667
0.897617360928
0.627116435852
0.820090801667
0.897617360928
0.627116435852
0.820090801667
0.805449443235
0.379772993561
0.701141298162
0.805449443235
0.378943833808
0.702013867111
0.805449443235
0.378943833808
0.702013867111
0.805449443235
0.378943833808
0.702013867111
0.805449443235
0.403597624606
0.602413276035
0.827002312902
0.373604183786
0.735824072603
0.897635922483
0.369591455922
0.73943023093
0.924530439069
0.371709181241
0.737700001972
0.924530439069
0.371709181241
0.737700001972
0.894613661178
0.374420939202
0.738721712177
0.940128339759
0.375778584873
0.737443808284
0.954622306413
0.375070093416
0.736122908274
0.822510959317
0.374515296337
0.735445102251
0.889637542065
0.376197960066
0.734104441278
0.815195944948
0.373807665383
0.732471615146
0.918171793122
0.374977827198
0.734550040779
0.918171793122
0.374977827198
0.734550040779
0.702319105936
0.378119730005
0.731535156067
0.702319105936
0.378119730005
0.731535156067
0.702319105936
0.377706174306
0.737446276752
0.702319105936
0.385412969686
0.718954623478
0.702319105936
0.384824110718
0.724412578441
0.702319105936
0.384824110718
0.724412578441
0.702319105936
0.384824110718
0.724412578441
0.702319105936
0.384824110718
0.724412578441
0.711508851924
0.41675074707
0.00844648138909
0.711508851924
0.416009546288
0.0105393988429
0.711508851924
0.415667358467
0.011684219178
0.711508851924
0.410461216812
-0.0519726136447
0.711508851924
0.317394247998
-0.0716389618315
0.711508851924
0.317394247998
-0.0716389618315
0.711508851924
0.317394247998
-0.0716389618315
0.711508851924
0.317394247998
-0.0716389618315
0.711508851924
0.237302959055
0.110159965106
0.711508851924
0.237302959055
0.110159965106
0.975573156632
0.239456069126
0.673136931659
0.975573156632
0.264617411826
0.711372629637
0.975573156632
0.259887872027
0.696218378564
0.975573156632
0.253826526279
0.681433143577
0.975573156632
0.256381403389
0.683589936123
0.975573156632
0.267998733751
0.690339304154
0.975573156632
0.248794197526
0.6855158279
0.975573156632
0.242487572749
0.680013094057
0.975573156632
0.242487572749
0.680013094057
0.854320765534
0.430848028228
0.318572367267
0.721062684186
0.148682545003
0.123826303813
0.919033716297
0.0972090968235
0.137585885399
0.919033716297
0.0972090968235
0.137585885399
0.871844889195
0.18718327379
0.526964584483
0.757927107295
0.14451845126
0.909928997378
0.800815464255
0.322724304516
0.529562307002
0.800815464255
0.329703692658
0.563966381163
0.873129423099
0.328840052864
0.558517620288
0.873129423099
0.328840052864
0.558517620288
0.873129423099
0.328840052864
0.558517620288
