1.0
0.592796910766
0.391552247155
1.0
0.592466317136
0.393746947031
1.0
0.59178921599
0.393499170455
1.0
0.591912715137
0.394400278966
1.0
0.591313899325
0.392630219932
1.0
0.591207555024
0.393084544403
1.0
0.590887218567
0.393548757483
1.0
0.590466083656
0.394367119872
1.0
0.588913914025
0.392861156744
1.0
0.588913914025
0.392861156744
1.0
0.588225957014
0.394528079283
1.0
0.587328670418
0.392389053553
1.0
0.58682460403
0.39310983381
1.0
0.586218149022
0.392393100894
1.0
0.58570276469
0.392972644133
1.0
0.585352948214
0.392493925901
1.0
0.585502803602
0.391889495492
1.0
0.585502803602
0.391889495492
1.0
0.584544384667
0.390632482814
1.0
0.584151038047
0.390973036469
1.0
0.584485966991
0.388534946306
1.0
0.584353885135
0.388339185065
1.0
0.588946234217
0.389832916272
1.0
0.588773454215
0.389593375815
1.0
0.595884261071
0.391915820686
1.0
0.597075147638
0.387744811461
1.0
0.597075147638
0.387744811461
1.0
0.602145996332
0.374363126388
1.0
0.602188025326
0.373952844536
1.0
0.605942488673
0.361522508762
1.0
0.606277942496
0.359816545122
1.0
0.60670227737
0.359625279163
1.0
0.607165399592
0.356318455257
1.0
0.606563667088
0.355947208479
1.0
0.606091318576
0.351820285992
1.0
0.606091318576
0.351820285992
1.0
0.606298034445
0.348567422711
1.0
0.606095785947
0.345799364667
1.0
0.606421784274
0.342287609757
1.0
0.606798760749
0.339324230169
1.0
0.60730842742
0.33507711513
1.0
0.607032380616
0.331286167285
1.0
0.606926777867
0.329674171271
1.0
0.606946221564
0.32631839863
1.0
0.606946221564
0.32631839863
1.0
0.607661271136
0.322034417981
1.0
0.607902049784
0.319364005623
1.0
0.608536539959
0.316393536643
1.0
0.608673322564
0.313181569769
1.0
0.609561110469
0.308148462094
1.0
0.610645411586
0.306112345701
1.0
0.611196959243
0.302185597932
1.0
0.611196959243
0.302185597932
1.0
0.611099107977
0.29816376534
1.0
0.611298786213
0.296559668005
1.0
0.61176752139
0.295053188195
1.0
0.612651366809
0.291596616303
1.0
0.6133044939
0.291368575458
1.0
0.613385148479
0.288540451976
1.0
0.614132225557
0.287545585323
1.0
0.614760596242
0.28535711466
1.0
0.614760596242
0.28535711466
1.0
0.61533932292
0.283169430321
1.0
0.614714933135
0.277531415366
1.0
0.614757202324
0.275576254631
1.0
0.614870422883
0.274481879376
1.0
0.614471271541
0.272431028217
1.0
0.614949822441
0.270330654521
1.0
0.614949822441
0.270330654521
1.0
0.615143245
0.2684998922
1.0
0.615427030761
0.267005282748
1.0
0.614694767678
0.264454671328
1.0
0.614795386458
0.263000735964
1.0
0.614962661199
0.261400820127
1.0
0.615208143599
0.260179060244
1.0
0.615034433736
0.259128653941
1.0
0.615046979686
0.258731392408
1.0
0.615046979686
0.258731392408
1.0
0.615393140266
0.257856145006
1.0
0.615400414361
0.258180900693
1.0
0.61547863816
0.257009500095
1.0
0.615725436709
0.255739769417
1.0
0.615548457434
0.256027213104
1.0
0.615417916627
0.255422818295
1.0
0.615417916627
0.255422818295
1.0
0.615982440574
0.254581388685
1.0
0.616027021053
0.254819852861
1.0
0.615319357182
0.254324442267
1.0
0.615369230788
0.255389087803
1.0
0.615046650625
0.254543050225
1.0
0.615031564213
0.255155616513
1.0
0.6145254833
0.255196827184
1.0
0.614642216241
0.255795917431
1.0
0.615815472981
0.256562409491
1.0
0.615632967911
0.257346893981
1.0
0.615632967911
0.257346893981
1.0
0.614852016962
0.258267562841
1.0
0.614824672831
0.25858860925
1.0
0.614944901944
0.258582699953
1.0
0.614864224342
0.258790470512
1.0
0.614618197416
0.260702775694
1.0
0.614468476898
0.261945624347
1.0
0.614468476898
0.261945624347
1.0
0.611914802378
0.260968792815
1.0
0.611857432497
0.261570622356
0.99
0.601479643214
0.258462133637
0.99
0.600155038222
0.262060208573
1.0
0.59730428413
0.263247642553
1.0
0.591519099113
0.277617049384
1.0
0.589076319707
0.277481049977
0.99
0.581326493042
0.297618473351
0.99
0.582185146268
0.300709886383
1.0
0.580704672579
0.306900591118
1.0
0.580704672579
0.306900591118
1.0
0.581352963906
0.308492261128
1.0
0.582462296036
0.3085144618
1.0
0.582741547426
0.3097041042
1.0
0.583199647836
0.311047986415
1.0
0.58406521039
0.31281834382
1.0
0.583534347369
0.313247678356
1.0
0.584727050682
0.315824820403
1.0
0.584862215409
0.315910540526
1.0
0.584862215409
0.315910540526
1.0
0.58539636383
0.318247334627
1.0
0.585765055177
0.319014436424
1.0
0.585747697657
0.319805459103
1.0
0.586091403922
0.320481688411
1.0
0.587368202013
0.322872315746
1.0
0.587757534389
0.322589505516
1.0
0.58847174275
0.323274053361
1.0
0.588691228748
0.323401326514
1.0
0.588691228748
0.323401326514
1.0
0.589747581057
0.32422080627
1.0
0.590201971517
0.324287831308
1.0
0.590912930408
0.325722935372
1.0
0.591132973499
0.325961348589
1.0
0.591068821213
0.325312965384
1.0
0.591527835535
0.32487378146
1.0
0.591824592299
0.326580726468
1.0
0.591853290203
0.326149094763
1.0
0.591853290203
0.326149094763
1.0
0.592332311501
0.32637950716
1.0
0.592146554945
0.326859189227
1.0
0.592534191608
0.327909730139
1.0
0.593035498365
0.327679939894
1.0
0.592704851379
0.327368475975
1.0
0.592726912081
0.327314065215
1.0
0.592726912081
0.327314065215
1.0
0.592351938946
0.326484498938
1.0
0.592497720872
0.3262601842
1.0
0.592486774126
0.32659802971
1.0
0.592274269063
0.327104254001
1.0
0.592688917647
0.327375589299
1.0
0.59261501965
0.328088845086
1.0
0.593234847279
0.330298707261
1.0
0.593529791438
0.32975432085
1.0
0.593311942391
0.329774633948
1.0
0.593320663889
0.330001619156
1.0
0.593320663889
0.330001619156
1.0
0.592260926743
0.328357292938
1.0
0.592181771529
0.328990127235
1.0
0.592321991664
0.32914232939
1.0
0.592394392279
0.329861340993
1.0
0.59220889948
0.32903468368
1.0
0.592374240228
0.328787497349
1.0
0.592107925884
0.328724678845
1.0
0.591881142318
0.329470398211
1.0
0.591881142318
0.329470398211
1.0
0.590939391813
0.328768529418
1.0
0.590994858065
0.328714523621
1.0
0.591441749293
0.32791741362
1.0
0.591181700223
0.328138396384
1.0
0.591035979388
0.327281134182
1.0
0.590699853476
0.327645612068
1.0
0.589819316367
0.32540524483
1.0
0.589734868435
0.325331133852
1.0
0.589734868435
0.325331133852
1.0
0.589273902564
0.325294950212
1.0
0.589585229679
0.324903957712
1.0
0.588841744762
0.322635653278
1.0
0.588374043773
0.32211457925
1.0
0.587652341716
0.320791176858
1.0
0.587711116248
0.320104211697
1.0
0.586744884149
0.318441758604
1.0
0.586316487097
0.318385364362
1.0
0.586316487097
0.318385364362
1.0
0.585069174359
0.316772963017
1.0
0.585302089677
0.315172601717
1.0
0.584458922718
0.313322139662
1.0
0.584183612668
0.312944162077
1.0
0.583613465356
0.312590323304
1.0
0.583819160248
0.311125536967
1.0
0.582519708458
0.308211265813
1.0
0.582652343666
0.306107042348
1.0
0.582652343666
0.306107042348
1.0
0.581334943784
0.304552331433
1.0
0.581556216634
0.302225745178
1.0
0.580897209583
0.300934625812
1.0
0.581122473487
0.298677586871
1.0
0.580214690995
0.297723887901
1.0
0.579967039165
0.296727893795
1.0
0.579967039165
0.296727893795
1.0
0.579713338159
0.296461310744
1.0
0.580178705794
0.294046864716
1.0
0.579657823368
0.29375680595
1.0
0.579891479256
0.291968541036
1.0
0.579421164819
0.291844071009
1.0
0.579634268996
0.289326581091
1.0
0.57948240132
0.290597792297
1.0
0.579748659312
0.289353009616
1.0
0.58073250281
0.291514875345
1.0
0.581332087702
0.290468818615
1.0
0.581332087702
0.290468818615
1.0
0.581701751586
0.290819278789
1.0
0.581931624362
0.290820747054
1.0
0.582738836854
0.292574093802
1.0
0.583395408631
0.291748543038
1.0
0.582990577246
0.292689496779
1.0
0.583594860074
0.29209654499
1.0
0.584125206183
0.29508651573
1.0
0.584683493788
0.294292834064
1.0
0.584683493788
0.294292834064
1.0
0.585376120585
0.297607637682
1.0
0.58599427278
0.298062867088
1.0
0.585907656199
0.299989818446
1.0
0.586408969111
0.300971806322
1.0
0.586442481017
0.302496238647
1.0
0.586781498795
0.30395111893
1.0
0.586781498795
0.30395111893
1.0
0.587320821583
0.305513447215
1.0
0.587882077754
0.305870691444
1.0
0.58733333181
0.306736299308
1.0
0.587556155802
0.307150809366
1.0
0.58737142346
0.309039528123
1.0
0.587730207042
0.310329200471
1.0
0.587954356216
0.312908188099
1.0
0.587824238175
0.314289833449
1.0
0.587843516594
0.316268680415
1.0
0.58808383019
0.317628172957
1.0
0.58808383019
0.317628172957
1.0
0.587033908394
0.318519564525
1.0
0.587092561261
0.319758849295
1.0
0.586670511088
0.320758461953
1.0
0.586845059078
0.32178720266
1.0
0.585468183599
0.324149354529
1.0
0.585470246726
0.326524564734
1.0
0.585066819961
0.330175982773
1.0
0.584820144684
0.332422914413
1.0
0.584820144684
0.332422914413
1.0
0.583063319445
0.331582700123
1.0
0.582740362488
0.336159763516
1.0
0.581709441072
0.336388467671
1.0
0.582122136041
0.336660187123
1.0
0.58137363354
0.338981201002
1.0
0.581215240467
0.340622582356
1.0
0.580947396018
0.342865701922
1.0
0.580898996566
0.34517734775
1.0
0.580898996566
0.34517734775
1.0
0.578819782133
0.347183333891
1.0
0.578303611207
0.349541039262
1.0
0.575415369777
0.358949749875
1.0
0.575133088385
0.361232034684
0.99
0.562016905432
0.375457079854
0.99
0.560040195664
0.384935698934
0.99
0.560040195664
0.384935698934
0.99
0.553188942873
0.403624003168
0.99
0.545751507529
0.438161039367
0.99
0.541236618963
0.445829271262
0.99
0.535252558094
0.476432296968
0.99
0.535252558094
0.476432296968
0.677580791441
0.522381220992
0.480078917826
0.677580791441
0.520329010648
0.501633475826
0.677580791441
0.517843126996
0.514903992551
0.677580791441
0.516297885602
0.524552263857
0.677580791441
0.516138265306
0.523986824079
1.0
0.521482367625
0.512429418026
1.0
0.52087889211
0.509202010174
1.0
0.518948684793
0.505506894194
1.0
0.518534312683
0.50262603508
1.0
0.518534312683
0.50262603508
1.0
0.517026987904
0.498922975857
1.0
0.516481509363
0.495684181844
1.0
0.516115359054
0.49247335185
1.0
0.515718364092
0.488349211964
1.0
0.51404591793
0.482648307904
1.0
0.513789230299
0.47774923519
1.0
0.513789230299
0.47774923519
1.0
0.511838785141
0.473047595819
1.0
0.511037283327
0.469240149615
1.0
0.508883949304
0.464060476181
1.0
0.508497982824
0.459691330597
1.0
0.50676860358
0.454266746247
1.0
0.506356830557
0.449987991505
1.0
0.504359247602
0.443923733604
1.0
0.503465663856
0.439599314585
1.0
0.502114208489
0.434987934942
1.0
0.501634489091
0.430102735052
1.0
0.501634489091
0.430102735052
1.0
0.49951497645
0.421107183522
1.0
0.498795133422
0.417783532692
1.0
0.496735544381
0.411068376974
1.0
0.496139719427
0.406510234404
1.0
0.494636411201
0.39965441421
1.0
0.493944114292
0.394526086716
1.0
0.490261269893
0.391112474508
1.0
0.490261269893
0.391112474508
1.0
0.489580325627
0.386259592225
1.0
0.490756155756
0.395230336457
1.0
0.490362578069
0.390781138433
0.99
0.491556619012
0.445400179398
0.99
0.491045108701
0.453023033227
0.99
0.491440694588
0.46657204628
0.99
0.492017414678
0.476160564255
0.99
0.492017414678
0.476160564255
0.99
0.503938735151
0.535108901256
0.99
0.504158406968
0.55382891712
0.99
0.504766780551
0.569313624153
0.99
0.505722100772
0.586679385006
0.99
0.505722100772
0.586679385006
0.608833746678
0.522662015295
0.658205631997
0.608833746678
0.524383427139
0.672984298353
0.608833746678
0.526547536604
0.691023955943
0.608833746678
0.527480414524
0.699980887929
0.608833746678
0.52886532374
0.710389176151
1.0
0.5276706929
0.67903650394
1.0
0.529813991001
0.685821114763
1.0
0.529813991001
0.685821114763
1.0
0.531542973731
0.689584841769
1.0
0.531324602347
0.68428196523
1.0
0.532665064232
0.685043240362
1.0
0.532103587264
0.678559955941
1.0
0.532549358
0.676925455112
1.0
0.532719512654
0.67197625229
1.0
0.533120673265
0.669339251028
1.0
0.533120673265
0.669339251028
1.0
0.53365012988
0.664758860957
1.0
0.533466297155
0.66056702835
1.0
0.533834525248
0.65625667074
1.0
0.534577544987
0.65412413796
1.0
0.535281996521
0.649220132768
1.0
0.53582510569
0.647570278094
1.0
0.536847743689
0.643357745894
1.0
0.537306615604
0.644056394082
1.0
0.53747456762
0.641832607644
1.0
0.53747456762
0.641832607644
1.0
0.538396482946
0.641948892361
1.0
0.539089081247
0.639949683843
1.0
0.539885053883
0.640880981358
1.0
0.540290697525
0.640287800731
1.0
0.540611172451
0.641008726644
1.0
0.54079324142
0.641045686477
1.0
0.541219678953
0.642008984866
1.0
0.541219678953
0.642008984866
1.0
0.54160693973
0.642152884307
1.0
0.541872526629
0.64381024189
1.0
0.542366711817
0.644756655509
1.0
0.542682233436
0.64683500486
1.0
0.542804814225
0.648301520656
1.0
0.542977976904
0.650174666373
1.0
0.543118940298
0.650924674365
1.0
0.544162605005
0.653240772908
1.0
0.544361994106
0.654412874479
1.0
0.544361994106
0.654412874479
1.0
0.545051807431
0.656516987599
1.0
0.545124022218
0.658202192094
1.0
0.54621386948
0.660949511392
1.0
0.546194436452
0.66290989905
1.0
0.547552669118
0.665557933732
1.0
0.547939825287
0.667023586107
1.0
0.549055800151
0.669777563563
1.0
0.549477706076
0.67175489447
1.0
0.549477706076
0.67175489447
1.0
0.550727982221
0.674300632097
1.0
0.550658490665
0.676702643289
1.0
0.552138895283
0.679117842853
1.0
0.552803993044
0.682175417506
1.0
0.553612689309
0.683419556386
1.0
0.553295174295
0.685902178303
1.0
0.553295174295
0.685902178303
1.0
0.552504196808
0.683327503793
1.0
0.552840411326
0.685233022105
1.0
0.54977620845
0.677117846453
1.0
0.549739033475
0.67928677675
0.953053232768
0.528856742783
0.605835019605
0.953053232768
0.528283651568
0.602054406876
0.953053232768
0.525206525865
0.587845728948
0.980983689393
0.506744885598
0.521234535831
0.980983689393
0.506077624475
0.492915976171
0.980983689393
0.506077624475
0.492915976171
0.980983689393
0.50687520394
0.455993682592
0.914842261989
0.507696713589
0.454390835657
0.914842261989
0.508173960569
0.418802016432
0.947298013737
0.504205594853
0.407723551102
0.947298013737
0.502951467008
0.386864395621
0.99
0.500926874554
0.380966969769
0.99
0.500926874554
0.380966969769
1.0
0.499797870512
0.372869883578
0.951748807302
0.499395810489
0.372908507531
0.951748807302
0.49722254407
0.368845552947
0.889325258586
0.496241534339
0.370850502065
0.889325258586
0.495443840346
0.37349489307
0.982545952228
0.496000426756
0.375470493226
0.982545952228
0.495883835375
0.380606640756
1.0
0.494164859505
0.377559524586
1.0
0.494164859505
0.377559524586
1.0
0.494152480974
0.382426276363
1.0
0.494343167056
0.381054978804
1.0
0.494758873462
0.383382381421
1.0
0.494541737496
0.384446356833
1.0
0.494869489716
0.385102910846
1.0
0.494796350115
0.387223847093
1.0
0.49527643107
0.388472862344
1.0
0.496330576861
0.392802727588
1.0
0.496747505229
0.394030481827
1.0
0.496870761984
0.395882840735
1.0
0.496870761984
0.395882840735
1.0
0.497351446023
0.396235472681
1.0
0.497875642251
0.39916355293
1.0
0.498436206046
0.400337781402
1.0
0.499020270926
0.402306285587
1.0
0.499524170784
0.403389810827
1.0
0.498611259608
0.403437524495
1.0
0.498611259608
0.403437524495
1.0
0.498388402485
0.405919250151
1.0
0.499037712591
0.408700422493
1.0
0.498989074348
0.409737510623
1.0
0.501189543889
0.418168613494
1.0
0.5011499808
0.42007850778
0.99
0.512965238145
0.456701845116
0.99
0.51294282218
0.46045712184
0.99
0.522502638805
0.498018356934
0.99
0.523566259258
0.506840248418
0.99
0.523566259258
0.506840248418
0.623520753715
0.54493941543
0.601743833111
0.623520753715
0.549550747044
0.628018883268
0.623520753715
0.553452221535
0.65096739467
0.623520753715
0.553452221535
0.65096739467
0.623520753715
0.556001116565
0.675911858495
0.610190707294
0.556764562363
0.690497247885
0.610190707294
0.558009477342
0.710598520474
0.610157343482
0.557826837418
0.71189578708
0.610157343482
0.557270107772
0.722558894917
1.0
0.557514556583
0.703977402507
0.972131713242
0.556691232733
0.712022356524
1.0
0.555561999054
0.714062275391
1.0
0.555561999054
0.714062275391
1.0
0.555515577691
0.715615698389
1.0
0.554566175708
0.717463918185
1.0
0.553877044499
0.718933624283
1.0
0.553046091786
0.725361847624
1.0
0.553173444466
0.726663307166
1.0
0.551841505016
0.731410151915
1.0
0.551747769917
0.733202311748
1.0
0.550912360736
0.735777827327
1.0
0.552168663939
0.738864483269
1.0
0.551420078073
0.741045805169
1.0
0.551420078073
0.741045805169
0.628915779566
0.552866078548
0.758181379309
0.628915779566
0.552347769154
0.761708059628
0.628915779566
0.551813867932
0.765301464432
1.0
0.554616009056
0.755496921401
1.0
0.553928499982
0.759098836047
1.0
0.553928499982
0.759098836047
1.0
0.55579813116
0.761871615243
1.0
0.555285170063
0.765286558748
0.866780178783
0.549772664272
0.764249642946
0.866780178783
0.549236414981
0.769180987016
0.99
0.530999775358
0.753093067923
0.99
0.529507133958
0.757343249673
0.99
0.529507133958
0.757343249673
0.99
0.529507133958
0.757343249673
0.906752923017
0.393454488594
0.65235777274
0.906752923017
0.389142111395
0.659702873039
0.906752923017
0.380807691103
0.666581986339
0.906752923017
0.374022464084
0.677247977323
0.892368550514
0.36883003321
0.679318615545
0.905046068078
0.363793513246
0.67963234344
0.906752923017
0.358391443374
0.686809589899
0.895811576396
0.353052421034
0.70781579552
0.895811576396
0.353052421034
0.70781579552
0.895811576396
0.353052421034
0.70781579552
0.895811576396
0.353455371872
0.653842012826
0.917643416698
0.318795981665
0.598782363329
0.917643416698
0.318795981665
0.598782363329
0.859144051421
0.318822086448
0.596945034177
0.910184333346
0.318722621471
0.593897335169
0.921628710863
0.318606461155
0.59238743152
0.91891317006
0.31886860327
0.588680273784
0.921628710863
0.319019887651
0.582292087356
0.921628710863
0.319361609543
0.575290003061
0.921628710863
0.319617011737
0.566730235261
0.967510383622
0.32047216866
0.571203228823
0.967510383622
0.32047216866
0.571203228823
0.887090872353
0.320592931201
0.565486497191
0.887090872353
0.323237996171
0.569327355097
0.892357012837
0.323253179415
0.564994915552
0.826360887543
0.321701094657
0.561445126739
0.826360887543
0.321482659206
0.555671626667
0.99
0.331390830662
0.588896501089
0.99
0.331390830662
0.588896501089
0.93824222606
0.330901631228
0.587206453378
0.99
0.330721575116
0.583748232918
0.953029053074
0.330829229622
0.581700608115
0.99
0.330945487597
0.579365687299
0.99
0.331316342741
0.58033382068
1.0
0.334479253494
0.590090738655
1.0
0.334832509636
0.59593120282
1.0
0.334832509636
0.59593120282
0.99
0.328904187826
0.638233814523
0.99
0.329586422562
0.640329064634
0.99
0.330497585078
0.641633099204
0.99
0.331530934983
0.643341037858
0.99
0.333073919611
0.641946363728
0.99
0.33428785705
0.64190374684
0.99
0.33428785705
0.64190374684
0.99
0.369475016977
0.687335832811
0.99
0.372003502254
0.690355616226
0.99
0.373776847256
0.687543359245
0.99
0.376300479609
0.686442347307
0.99
0.37869197516
0.686320891915
1.0
0.38911014348
0.691627788342
1.0
0.38911014348
0.691627788342
1.0
0.391555050683
0.687699108289
1.0
0.400926646072
0.692465689604
1.0
0.403494578361
0.686931447517
1.0
0.411875246833
0.690441164633
1.0
0.414253303859
0.685095959165
1.0
0.425462980941
0.692958305809
1.0
0.430694456422
0.685182298895
1.0
0.430694456422
0.685182298895
1.0
0.442222076858
0.688726260661
1.0
0.444384440437
0.683306689084
1.0
0.453132540858
0.688550983075
1.0
0.45638964376
0.682435583463
1.0
0.464792851832
0.686510425746
1.0
0.467940165775
0.679274505591
1.0
0.476268728859
0.683821966147
1.0
0.479363542269
0.678681981078
1.0
0.479363542269
0.678681981078
1.0
0.487416389463
0.683608147493
1.0
0.491515195076
0.677091286407
1.0
0.497928549411
0.681069751672
1.0
0.50121308982
0.676275531847
1.0
0.506885010125
0.680330067119
