0.99
0.563158143104
0.687094863908
0.99
0.59037408539
0.685900157039
0.99
0.598875105805
0.684044367739
0.99
0.604683562652
0.682330373098
0.846066756117
0.609911852986
0.693233021524
0.846066756117
0.610091684147
0.697011415048
0.846066756117
0.610091684147
0.697011415048
0.924156647178
0.629253275409
0.666809286132
0.924156647178
0.630367010232
0.668496328979
0.924156647178
0.633715443127
0.671700335652
0.922237553396
0.634153036673
0.673260970615
0.922237553396
0.63532368833
0.676103786753
0.922237553396
0.63627725802
0.677795284982
0.968761671298
0.636621170336
0.677250514439
0.968761671298
0.636621170336
0.677250514439
0.968761671298
0.63764031881
0.678665186649
0.901584887208
0.637294582197
0.679048122011
0.901584887208
0.63718549894
0.679406666923
0.980775550167
0.637192876139
0.680436353973
0.980775550167
0.638552057052
0.680823461874
0.982561457939
0.638156552523
0.680337518148
0.982561457939
0.637496932228
0.680432319794
0.987175792053
0.637756437194
0.679532122587
0.987175792053
0.637756437194
0.679532122587
0.987175792053
0.638040492109
0.679596434633
0.987175792053
0.63716424623
0.680427031421
1.0
0.637263842132
0.679937112932
1.0
0.637329959052
0.680566541169
1.0
0.636704931719
0.681651812468
1.0
0.636902870366
0.679834470561
1.0
0.637106499255
0.680636117559
1.0
0.637106499255
0.680636117559
0.973211758965
0.637274515589
0.680740126856
0.973211758965
0.635855293583
0.680229566176
0.973211758965
0.636990119863
0.681017704816
0.973211758965
0.637388774392
0.680087983603
0.998021434996
0.637143047819
0.681601083618
0.998021434996
0.637143047819
0.681601083618
0.998021434996
0.63587705636
0.681463556372
0.998021434996
0.636098892041
0.681407990721
0.976747454693
0.635809295975
0.681958252968
0.976747454693
0.638092267752
0.682426894083
0.976747454693
0.635972657139
0.683216257744
0.976747454693
0.635972657139
0.683216257744
0.976747454693
0.634811881892
0.681303706954
0.978267919936
0.634835402695
0.681888274041
0.978267919936
0.636435407021
0.682316495126
0.978267919936
0.636244696741
0.681368213368
0.978267919936
0.635959334173
0.682677706532
0.978267919936
0.638095807387
0.684170092177
0.957902247855
0.638398005427
0.683395994113
0.957902247855
0.638398005427
0.683395994113
0.957902247855
0.639042047285
0.684643035202
0.988993336396
0.639124578523
0.684498452792
0.988993336396
0.639652688914
0.685210099962
0.988993336396
0.640386774864
0.686160087583
0.960584534302
0.640606180695
0.686525096374
0.960584534302
0.640606180695
0.686525096374
0.960584534302
0.640003135371
0.687770590083
0.971403538993
0.639879183062
0.68770871037
0.971403538993
0.645396165297
0.686045102265
0.916956268563
0.648718332522
0.684643042388
0.916956268563
0.653296581965
0.683873209183
0.916956268563
0.653416497254
0.687242103807
0.916956268563
0.653620420278
0.689047001965
0.916956268563
0.653620420278
0.689047001965
0.916956268563
0.653087558289
0.688348334101
0.916956268563
0.653087558289
0.688348334101
0.916956268563
0.653087558289
0.688348334101
1.0
0.65662137505
0.621386057036
1.0
0.65662137505
0.621386057036
1.0
0.658317032961
0.62140770769
1.0
0.659234805957
0.622211062731
1.0
0.658837598649
0.624176221058
1.0
0.657964400178
0.623555650275
1.0
0.657964400178
0.623555650275
1.0
0.658829213128
0.6244571214
0.995570040998
0.660161363996
0.624127802627
1.0
0.658902214393
0.628833466086
1.0
0.658949502439
0.627463827059
1.0
0.658949502439
0.627463827059
0.980705035987
0.660259614813
0.631499390171
0.957137816114
0.659445029513
0.632001504335
1.0
0.656743129487
0.631687084706
1.0
0.658388238267
0.634014117631
1.0
0.658388238267
0.634014117631
0.956783615954
0.660869907339
0.638216999887
1.0
0.659610280267
0.636491462206
1.0
0.658902509421
0.639838477767
0.960111720896
0.658349786433
0.637105105838
0.960111720896
0.658349786433
0.637105105838
1.0
0.657110025512
0.637571283454
0.96577859513
0.657182486126
0.637662357556
1.0
0.655479276499
0.642103609
1.0
0.655612759916
0.641926796277
1.0
0.655612759916
0.641926796277
1.0
0.655878207671
0.63847868344
1.0
0.655090237527
0.639675503045
1.0
0.655854461046
0.640507082466
1.0
0.656520832043
0.642446839214
1.0
0.656520832043
0.642446839214
1.0
0.65565790487
0.644961518116
1.0
0.65539123711
0.644355359771
1.0
0.656449589291
0.644242421681
1.0
0.655558491296
0.646853276907
1.0
0.655558491296
0.646853276907
1.0
0.656082232372
0.646991149385
1.0
0.654504526393
0.646903907228
1.0
0.657282411921
0.645247522816
1.0
0.655675979412
0.647992174532
1.0
0.655675979412
0.647992174532
1.0
0.656408041313
0.645375857125
1.0
0.656813555348
0.647399334178
1.0
0.656518957065
0.646746544198
1.0
0.657917056366
0.652116532875
1.0
0.657917056366
0.652116532875
1.0
0.657363661309
0.65176319867
1.0
0.656613754329
0.652093300092
1.0
0.657114777391
0.655476831603
1.0
0.657306785562
0.658323801763
1.0
0.657306785562
0.658323801763
1.0
0.658223640701
0.655703038759
1.0
0.656370912253
0.659677608692
1.0
0.656314009975
0.658745073294
1.0
0.657305144153
0.659227721198
0.948853503837
0.673763805012
0.671229233626
0.948853503837
0.673763805012
0.671229233626
0.948853503837
0.674358070297
0.670568615538
0.948853503837
0.672112840027
0.667525039759
0.948853503837
0.672670933117
0.667833735767
0.948853503837
0.672195228432
0.667600032071
0.948853503837
0.672935666769
0.670016310041
0.948853503837
0.672993870598
0.671011760414
0.948853503837
0.671762676013
0.668425788743
0.948853503837
0.670753432603
0.664260181777
0.948853503837
0.670753432603
0.664260181777
0.948853503837
0.670441745949
0.656642909805
0.83192001414
0.674366001007
0.657664791733
0.82503888188
0.677972280561
0.664917682549
0.776434044649
0.685998008116
0.654955227271
0.776434044649
0.686605187719
0.656406815179
0.805423747968
0.684832444794
0.648854677269
0.70849361075
0.688269752348
0.643600292519
0.70849361075
0.68018294292
0.605039223447
0.724131624788
0.668494028774
0.614897826761
0.764964748708
0.678767419617
0.63581613865
0.764964748708
0.678767419617
0.63581613865
0.85848328933
0.670048872236
0.562643991229
0.85848328933
0.670048872236
0.562643991229
0.85848328933
0.670048872236
0.562643991229
0.85848328933
0.670048872236
0.562643991229
0.85848328933
0.670048872236
0.562643991229
0.85848328933
0.670048872236
0.562643991229
