1.0
0.335644430898
0.306074205974
1.0
0.336147216038
0.306633819881
1.0
0.336300547567
0.308440165469
1.0
0.336945109864
0.307860843481
1.0
0.337422489982
0.307845723281
1.0
0.337422489982
0.307845723281
1.0
0.337730870766
0.308394431196
1.0
0.337699365779
0.309231720633
1.0
0.338284987698
0.308703763782
1.0
0.338311300871
0.310097139136
1.0
0.338311300871
0.310097139136
1.0
0.338657534194
0.30879274792
1.0
0.33868687858
0.309362624281
1.0
0.33877539691
0.310084332203
1.0
0.339222187858
0.309929472451
1.0
0.339222187858
0.309929472451
1.0
0.339265560213
0.31194642107
1.0
0.339290002031
0.312094132768
1.0
0.339653824249
0.312169735887
1.0
0.339878376366
0.313075263518
1.0
0.339878376366
0.313075263518
1.0
0.339823183018
0.313359200623
1.0
0.340113148763
0.313224343836
1.0
0.340384052307
0.313406990183
1.0
0.340829839882
0.313820649031
1.0
0.340829839882
0.313820649031
1.0
0.341162410247
0.31417360624
1.0
0.341839620193
0.314441896861
1.0
0.342685373319
0.314635954492
1.0
0.343583364058
0.315556291085
1.0
0.343583364058
0.315556291085
1.0
0.343880243932
0.316628789617
1.0
0.344670076311
0.316990739916
1.0
0.345105567463
0.316992417989
1.0
0.345753663756
0.31843788836
1.0
0.345753663756
0.31843788836
1.0
0.346550834917
0.318805118562
1.0
0.346868522647
0.319627841121
1.0
0.347902693682
0.320301195194
1.0
0.348330614677
0.321479125252
1.0
0.348330614677
0.321479125252
1.0
0.348631412638
0.322560128387
1.0
0.349136585225
0.323486947789
1.0
0.349819676079
0.325274501076
1.0
0.350180452596
0.325553103853
1.0
0.350180452596
0.325553103853
1.0
0.35112860779
0.326869667386
1.0
0.351089649243
0.329283421995
1.0
0.35171069927
0.331050871597
1.0
0.346923433301
0.358323744277
1.0
0.347091671521
0.35834870289
1.0
0.347244824041
0.358225725688
1.0
0.347244824041
0.358225725688
1.0
0.347444374006
0.358657558912
1.0
0.347533954127
0.35911297837
1.0
0.347619144021
0.359011576735
1.0
0.347768736925
0.358983091003
1.0
0.347730157276
0.35860375212
1.0
0.347821074341
0.359050615184
1.0
0.347876875475
0.359005634173
1.0
0.347940980842
0.359212053116
1.0
0.347940980842
0.359212053116
1.0
0.348015827218
0.35955025455
1.0
0.348163014371
0.359800952427
1.0
0.348152830805
0.359888605184
1.0
0.348384193112
0.359680192521
1.0
0.348384193112
0.359680192521
1.0
0.348431151273
0.359365742804
1.0
0.348457210165
0.360328660712
1.0
0.348686791053
0.359660968951
1.0
0.348647918536
0.359854139086
1.0
0.348681446215
0.35960140118
1.0
0.34868968363
0.358836452664
1.0
0.348913578641
0.359314512326
1.0
0.349055758172
0.358587375029
1.0
0.349055758172
0.358587375029
1.0
0.349180794995
0.358444064208
1.0
0.349258542583
0.358762454842
1.0
0.349360919955
0.359332431437
1.0
0.349399370247
0.359729956643
1.0
0.349653313299
0.359679369562
1.0
0.349867139853
0.360452616311
1.0
0.350019457538
0.360215600266
1.0
0.350026801992
0.360091863592
1.0
0.35010321672
0.360276081881
1.0
0.35010321672
0.360276081881
1.0
0.35025688245
0.360347320956
1.0
0.350494567282
0.360030201781
1.0
0.350643097582
0.360271438089
1.0
0.350447247007
0.360289507415
1.0
0.350481321387
0.360673400251
1.0
0.350329017011
0.360025667235
1.0
0.350522610064
0.360133645873
1.0
0.350649609885
0.361099621923
1.0
0.350649609885
0.361099621923
1.0
0.350801908836
0.361250027589
1.0
0.350750268393
0.360705269343
1.0
0.350991042454
0.359580766215
1.0
0.350953302319
0.359307772311
1.0
0.351175552019
0.358431945861
1.0
0.351053297545
0.358197652708
1.0
0.351099820175
0.357914064715
1.0
0.351099820175
0.357914064715
1.0
0.351009299191
0.357795388948
1.0
0.351050301526
0.357270169874
1.0
0.350878940485
0.357198238143
1.0
0.35088721189
0.357117657127
1.0
0.35113794459
0.357761117345
1.0
0.351148547093
0.357045148578
1.0
0.350882932863
0.356826087648
1.0
0.350899378894
0.35658080534
1.0
0.350834382982
0.356637040576
1.0
0.350834382982
0.356637040576
1.0
0.350801790668
0.356514214009
1.0
0.350855054828
0.356966303869
1.0
0.35106118156
0.356633438318
1.0
0.351251571623
0.356602556252
1.0
0.351513173328
0.356260175803
1.0
0.351735555372
0.357876406202
1.0
0.35200772263
0.358138124015
1.0
0.35200772263
0.358138124015
1.0
0.352085173722
0.358564179054
1.0
0.352321236971
0.358672686475
1.0
0.352486350379
0.35936482003
1.0
0.35283672163
0.359177595693
1.0
0.35334937399
0.359935732211
1.0
0.353802482805
0.360231501151
1.0
0.354732560504
0.36180290064
1.0
0.35497148454
0.362084564982
1.0
0.35497148454
0.362084564982
1.0
0.35668703131
0.36155562705
1.0
0.357074522491
0.361981518113
0.86957700448
0.357576118907
0.362087624695
0.86957700448
0.358027189622
0.361969216144
0.86957700448
0.358027189622
0.361969216144
0.86957700448
0.358027189622
0.361969216144
0.99
0.25514153048
0.126951955957
0.99
0.255367222758
0.128318731861
0.99
0.255370629571
0.128047973747
0.852187535063
0.254274915635
0.128068527414
0.852187535063
0.254274915635
0.128068527414
0.901747953214
0.451567120713
-0.193259138761
0.88286684981
0.560350188687
0.0397004979251
0.88286684981
0.560350188687
0.0397004979251
0.630312580138
0.559002188511
0.0875469537503
0.630312580138
0.361036910434
0.403560332976
0.630312580138
0.361036910434
0.403560332976
0.608876526689
0.360713998613
0.400960342069
0.602922124193
0.360774260205
0.401584455102
0.602922124193
0.360774260205
0.401584455102
0.602922124193
0.360774260205
0.401584455102
0.602922124193
0.381948363141
0.428978323214
0.602922124193
0.381948363141
0.428978323214
1.0
0.372450710339
0.415770177689
1.0
0.372730908346
0.416093000748
1.0
0.373132460579
0.418011177893
1.0
0.373123746343
0.418950185216
1.0
0.373371102279
0.42004314801
1.0
0.373479207588
0.420307902
1.0
0.373479207588
0.420307902
1.0
0.373462888799
0.422008528299
1.0
0.373475695382
0.422217235671
0.998572297638
0.373653467352
0.422716091395
0.998572297638
0.373091961203
0.422918480655
0.985455722564
0.373303326723
0.423270723285
0.985455722564
0.372810796989
0.422907527401
1.0
0.372817933823
0.422395825562
1.0
0.372580497909
0.42191023641
1.0
0.372580497909
0.42191023641
1.0
0.372638497696
0.421574641723
1.0
0.37280159109
0.422397380959
1.0
0.37279547884
0.422170609329
1.0
0.372515721623
0.421990459991
1.0
0.372551630932
0.421207015428
1.0
0.372406910155
0.421159169349
1.0
0.372237428264
0.420304078767
1.0
0.37173455957
0.420157338197
1.0
0.371845146923
0.419265716695
1.0
0.371845146923
0.419265716695
1.0
0.37181508238
0.419128621097
1.0
0.371843455822
0.419387393565
1.0
0.371849554812
0.419494312963
1.0
0.371697833554
0.419773374107
1.0
0.371495131264
0.420085699181
1.0
0.371419235454
0.42004121167
1.0
0.371419235454
0.42004121167
1.0
0.371127594612
0.41973050759
1.0
0.371107429265
0.419723480143
1.0
0.370936575237
0.419876842869
1.0
0.370904621625
0.419798980831
1.0
0.370565518482
0.419745939676
1.0
0.370556823209
0.420012212847
1.0
0.370703690791
0.420475733118
1.0
0.370630955632
0.420146458744
1.0
0.370665260311
0.419261424736
1.0
0.370665260311
0.419261424736
1.0
0.370802381035
0.419259336354
1.0
0.370841300762
0.418229778977
1.0
0.370817780631
0.418459245555
1.0
0.370698145956
0.418266135156
1.0
0.370754316916
0.417944875197
1.0
0.370616773076
0.418104887231
1.0
0.370722612725
0.417725907787
1.0
0.370722612725
0.417725907787
1.0
0.370690569811
0.417159737206
1.0
0.370798942629
0.415646356128
1.0
0.370398312199
0.415701279567
1.0
0.370365427026
0.415525754267
1.0
0.370289760386
0.41526756881
1.0
0.370299624902
0.415483104933
1.0
0.370110190091
0.415872374475
1.0
0.370131394892
0.414747476568
1.0
0.369879440518
0.413801401045
1.0
0.369879440518
0.413801401045
1.0
0.369927380065
0.413783377546
1.0
0.369847941572
0.413534370188
1.0
0.369822903782
0.413743536356
1.0
0.369407572318
0.414032658494
1.0
0.36950578024
0.413931564145
1.0
0.369376911898
0.413643156135
1.0
0.369334154812
0.412701350788
1.0
0.369239224851
0.412270759583
1.0
0.369239224851
0.412270759583
1.0
0.369348310475
0.411899105087
1.0
0.369056583813
0.411803828322
1.0
0.369041715254
0.412313637141
1.0
0.3689976216
0.412167587695
1.0
0.369088087907
0.411626391165
1.0
0.369311672636
0.411445730786
1.0
0.369311672636
0.411445730786
1.0
0.369243763998
0.411837123936
1.0
0.368993171694
0.411349267919
1.0
0.369117562967
0.410861657025
1.0
0.368951213478
0.410477260203
1.0
0.368874219648
0.410829877184
1.0
0.368854552017
0.410736635793
1.0
0.368764975615
0.410666278846
1.0
0.368596976985
0.410476925094
1.0
0.368727376831
0.410487599903
1.0
0.368727376831
0.410487599903
1.0
0.369021993932
0.410555956557
1.0
0.368951598868
0.410671296302
1.0
0.368911016376
0.410972459647
1.0
0.368950624293
0.410779399886
1.0
0.369211798251
0.410985289536
1.0
0.369268096585
0.410730522598
1.0
0.369244119693
0.411037677393
1.0
0.369156173116
0.411180163133
1.0
0.369156173116
0.411180163133
1.0
0.369421186584
0.411928124908
1.0
0.369413463571
0.411957293478
1.0
0.36939362068
0.41132000379
1.0
0.369492749268
0.41165278069
1.0
0.369658643089
0.412225659835
1.0
0.369682903497
0.412520259843
1.0
0.369704915703
0.411545802208
1.0
0.369748637747
0.412125752891
1.0
0.369748637747
0.412125752891
1.0
0.370020482234
0.412657443003
1.0
0.370020022127
0.412932210825
1.0
0.370045895528
0.412530227111
1.0
0.370165775122
0.412634866758
1.0
0.370794256402
0.412699748752
1.0
0.370935573369
0.412102837196
1.0
0.371458131896
0.41206692369
1.0
0.371572544015
0.411769676357
1.0
0.371572544015
0.411769676357
1.0
0.371367253149
0.411984612576
1.0
0.371510134054
0.411550741056
1.0
0.37167726684
0.411441742675
1.0
0.371771602393
0.411447581348
1.0
0.372183744926
0.412564840143
1.0
0.372495840841
0.411813298742
1.0
0.372970305564
0.411506105846
1.0
0.373109340709
0.411382328374
1.0
0.373109340709
0.411382328374
1.0
0.373219257166
0.411294019311
1.0
0.373459272009
0.411417853717
1.0
0.373491235614
0.411839326226
1.0
0.373594292538
0.412059928762
1.0
0.37372881285
0.412463814388
1.0
0.374022214019
0.412300373266
1.0
0.374470322664
0.41232441941
1.0
0.374631881357
0.412492518292
1.0
0.374631881357
0.412492518292
1.0
0.375350237059
0.412344330567
1.0
0.375544243852
0.412028396862
1.0
0.375705410978
0.412016457539
1.0
0.375815636857
0.41213869327
1.0
0.375918880739
0.412060448163
1.0
0.376167426
0.412397663835
1.0
0.376506304486
0.412732450058
1.0
0.376707625611
0.412518456711
1.0
0.376707625611
0.412518456711
1.0
0.376581469036
0.412804738702
1.0
0.376710672795
0.412924561411
1.0
0.376960776456
0.413228608568
1.0
0.377066478076
0.413475692379
1.0
0.376945350299
0.413290063025
1.0
0.377233254227
0.413029097972
1.0
0.377524883249
0.413193042223
1.0
0.3776103968
0.413277372272
1.0
0.3776103968
0.413277372272
1.0
0.377585985524
0.413356292027
1.0
0.377675893609
0.413387531474
1.0
0.377916298804
0.413240098716
1.0
0.377898916866
0.413890388326
1.0
0.378002240388
0.413370322143
1.0
0.378213188241
0.413116450685
1.0
0.378251153462
0.412290466789
1.0
0.378251153462
0.412290466789
1.0
0.378295156599
0.412310070686
1.0
0.378616496233
0.412139008934
1.0
0.378699614485
0.411809134234
1.0
0.378672862793
0.411459734728
1.0
0.378865710845
0.410805754737
1.0
0.378927217641
0.410642954406
1.0
0.379007720984
0.410535871874
1.0
0.378925198443
0.410080418279
1.0
0.37898849758
0.409607375476
1.0
0.37898849758
0.409607375476
1.0
0.379440544112
0.410307218229
1.0
0.379509203257
0.409978718894
1.0
0.379671387618
0.409826042732
1.0
0.379808306825
0.409485919079
1.0
0.380170323779
0.409766804736
1.0
0.380283361815
0.409584100104
1.0
0.38059786907
0.409615822765
1.0
0.38075538708
0.409206405218
1.0
0.38075538708
0.409206405218
1.0
0.380662781603
0.40895904651
1.0
0.381018974704
0.408397129025
1.0
0.381392456368
0.408575174076
1.0
0.381678168995
0.407851473186
1.0
0.382137117781
0.407666430353
1.0
0.382404384224
0.407535530869
1.0
0.382404384224
0.407535530869
1.0
0.383244534493
0.408453203606
1.0
0.383481264029
0.407745186484
1.0
0.383906343598
0.407902761057
1.0
0.384174174782
0.407350362878
1.0
0.384645350371
0.407669949464
1.0
0.384936498859
0.406932424707
1.0
0.385230416671
0.407089619143
1.0
0.385687678907
0.405825955115
1.0
0.385728141062
0.405984250494
1.0
0.386129920046
0.403316601747
1.0
0.386129920046
0.403316601747
1.0
0.386460539896
0.403858562326
1.0
0.38665164421
0.40327530623
1.0
0.386838555359
0.403250765285
1.0
0.387178853141
0.403260690401
1.0
0.387810615601
0.403898102526
1.0
0.388012217453
0.40406161821
1.0
0.388193521204
0.404483010223
1.0
0.388590344324
0.403872704734
1.0
0.388590344324
0.403872704734
1.0
0.389234474726
0.404322537166
1.0
0.389578152241
0.403306980213
1.0
0.390368197446
0.403997235557
1.0
0.390676261093
0.404020185907
1.0
0.390402994161
0.404215607907
1.0
0.390664033223
0.403605740601
1.0
0.390759539613
0.40418600154
1.0
0.390906375986
0.404380670476
1.0
0.390906375986
0.404380670476
