1.0
0.501637321354
0.622776345378
1.0
0.504198568245
0.6249571809
1.0
0.504575254049
0.624821147646
1.0
0.504551965293
0.624608082533
1.0
0.504992254783
0.624629114662
1.0
0.506566443739
0.625278962944
1.0
0.506890797266
0.624894078171
1.0
0.506890797266
0.624894078171
1.0
0.507236533913
0.625406991288
1.0
0.507515862873
0.624608868862
1.0
0.508120545083
0.624496416403
1.0
0.508717670388
0.623488844555
1.0
0.508994426096
0.623153934315
1.0
0.509346204759
0.622835000489
1.0
0.510491268329
0.623572271655
1.0
0.510872207896
0.622773365267
1.0
0.510872207896
0.622773365267
1.0
0.511682795202
0.622717344134
1.0
0.511852740531
0.621849207382
1.0
0.512120915697
0.622109542905
1.0
0.512550445741
0.620886146222
1.0
0.512920585573
0.619935107772
1.0
0.513208683911
0.619112561589
1.0
0.513567759993
0.61800870773
1.0
0.513818597962
0.617169803423
1.0
0.514177692338
0.615507182463
1.0
0.514177692338
0.615507182463
1.0
0.514348817856
0.614597652322
1.0
0.514149391462
0.613956599722
1.0
0.514454496744
0.613077887207
1.0
0.51534793722
0.613660000208
1.0
0.515712799962
0.612749194482
1.0
0.515992573742
0.612399544984
1.0
0.516228483544
0.611007439103
1.0
0.516228483544
0.611007439103
1.0
0.516674891288
0.611453866409
1.0
0.517109894321
0.610019551593
1.0
0.517158944588
0.609243591408
1.0
0.517177211929
0.608143767
1.0
0.517543531389
0.608168825132
1.0
0.517757598155
0.608089437613
1.0
0.518750229182
0.608466735974
1.0
0.51893733656
0.608008927883
1.0
0.51893733656
0.608008927883
1.0
0.518816821088
0.608059124139
1.0
0.519169108704
0.60778139955
1.0
0.51910890827
0.607964747297
1.0
0.519206982331
0.60786584267
1.0
0.519712287952
0.608939894356
1.0
0.520171928331
0.608774585663
1.0
0.520161053584
0.609633020567
1.0
0.520540863418
0.609960242539
1.0
0.520540863418
0.609960242539
1.0
0.521876735925
0.612073802717
1.0
0.522000985024
0.612478213203
1.0
0.522629503648
0.614270622348
1.0
0.522748894507
0.615297307882
1.0
0.523363325006
0.615756437773
1.0
0.523530769229
0.616671322292
1.0
0.524275681182
0.615238747964
1.0
0.524507434467
0.615874694548
1.0
0.524507434467
0.615874694548
1.0
0.529909011766
0.614051636036
1.0
0.530032300638
0.614101478804
1.0
0.534634636649
0.613439792175
1.0
0.535901467158
0.60834393101
1.0
0.536321783169
0.60743684639
1.0
0.538663404276
0.596728162442
1.0
0.539466291603
0.597936295464
1.0
0.542280625712
0.587288569923
1.0
0.542280625712
0.587288569923
1.0
0.543307727601
0.586991578849
1.0
0.544019007376
0.582750080524
1.0
0.545811007736
0.584390761266
1.0
0.545861451967
0.587384338821
1.0
0.547354678776
0.588595861331
1.0
0.547925076207
0.588805010912
1.0
0.549171269337
0.5907612577
1.0
0.549331188495
0.590622751999
1.0
0.549331188495
0.590622751999
1.0
0.54958801763
0.591201346436
1.0
0.549668931247
0.591749608952
1.0
0.550241650712
0.59356389118
1.0
0.550755945683
0.594219127413
1.0
0.551253265178
0.594001883901
1.0
0.551625592729
0.594262795646
1.0
0.552838750628
0.595342242822
1.0
0.553425976302
0.595229242631
1.0
0.553425976302
0.595229242631
1.0
0.553932635073
0.596155136636
1.0
0.554206884453
0.596267386425
1.0
0.555399870461
0.597175097565
1.0
0.555721309802
0.597149206038
1.0
0.556677433444
0.599164571296
1.0
0.557256854283
0.599022516854
1.0
0.558743500019
0.599096399966
1.0
0.559034663591
0.599560737146
1.0
0.559034663591
0.599560737146
1.0
0.558960298692
0.599531727603
1.0
0.559511572491
0.599821422101
1.0
0.560824312362
0.601569150608
1.0
0.561204859105
0.601722937206
1.0
0.561316202661
0.60211626825
1.0
0.561936205807
0.603072704499
1.0
0.562224883827
0.604026764076
1.0
0.562521380882
0.60455536271
1.0
0.562521380882
0.60455536271
1.0
0.562708864406
0.604719013067
1.0
0.562777072706
0.60551001979
1.0
0.562769333296
0.60532440696
1.0
0.562914887927
0.606350116882
1.0
0.562834001141
0.607352034966
1.0
0.562945372283
0.607763788946
1.0
0.562993492993
0.608749542401
1.0
0.563387694089
0.608914822082
1.0
0.563387694089
0.608914822082
1.0
0.563297242322
0.60993309023
1.0
0.563163991
0.610273737273
1.0
0.563452423057
0.610945338185
1.0
0.563595009457
0.611342781909
1.0
0.563086071944
0.609864399165
1.0
0.563161077084
0.610387753998
1.0
0.563244990915
0.61007903847
1.0
0.563252595676
0.610333363724
1.0
0.563252595676
0.610333363724
1.0
0.562902158677
0.608637492263
1.0
0.562874871531
0.609283141716
1.0
0.562725269098
0.609613240204
1.0
0.562852329119
0.609426527631
1.0
0.562925805072
0.608315003358
1.0
0.562913366873
0.608003701447
1.0
0.562567591875
0.607088937874
1.0
0.562622116244
0.606496777903
1.0
0.562622116244
0.606496777903
1.0
0.563311440293
0.607597171203
1.0
0.563295920623
0.606963995928
1.0
0.562955069476
0.606398928321
1.0
0.563167573631
0.605752587889
1.0
0.563123287898
0.604592686084
1.0
0.563223749952
0.604619427375
1.0
0.563637536995
0.605405285373
1.0
0.563977304285
0.604686494622
1.0
0.563977304285
0.604686494622
1.0
0.564299667142
0.604576937328
1.0
0.564392887868
0.604472600644
1.0
0.564909847484
0.604738603856
1.0
0.565372967163
0.604626331602
1.0
0.566445629383
0.605092006216
1.0
0.566869843219
0.604149154944
1.0
0.568077895571
0.605231337114
1.0
0.568452522418
0.605031994342
1.0
0.568452522418
0.605031994342
1.0
0.569227494155
0.606263946048
1.0
0.569907139751
0.605462556121
1.0
0.57078912446
0.605854056149
1.0
0.571429821056
0.605467231033
1.0
0.572486829915
0.606149126568
1.0
0.572975809246
0.605740336269
1.0
0.573555758309
0.605991414499
1.0
0.574156014355
0.605539118017
1.0
0.574156014355
0.605539118017
1.0
0.575280255599
0.606873214444
1.0
0.575965048345
0.60660497719
1.0
0.577509506696
0.607885003635
1.0
0.578221439306
0.606923387528
1.0
0.578530569873
0.607079215986
1.0
0.578804854077
0.60717024222
1.0
0.579668842538
0.609703478176
1.0
0.580597010199
0.609336945229
1.0
0.580597010199
0.609336945229
1.0
0.578030373624
0.615374164483
1.0
0.578365494705
0.615480422314
1.0
0.573460468851
0.619184923803
1.0
0.573286754637
0.621034211584
1.0
0.569799556445
0.624997607161
1.0
0.566291522244
0.633703267798
1.0
0.567192452895
0.637762116779
1.0
0.56464639538
0.645389374051
1.0
0.56464639538
0.645389374051
1.0
0.565861065906
0.645176603368
1.0
0.566519260857
0.647171517872
1.0
0.567183784543
0.647111259576
1.0
0.568205083343
0.648294174417
1.0
0.569185387864
0.648627926964
1.0
0.569470094414
0.647268393333
1.0
0.569470094414
0.647268393333
1.0
0.570843105614
0.648126285145
1.0
0.571025491052
0.647492723564
1.0
0.572171587661
0.648089034912
1.0
0.572347517072
0.64742409227
1.0
0.572339242705
0.648262910015
1.0
0.572926969819
0.648179871325
1.0
0.574262038499
0.64761750494
1.0
0.574506747095
0.647486951263
1.0
0.575573037345
0.64865811861
1.0
0.576191113964
0.64895584188
1.0
0.576191113964
0.64895584188
1.0
0.576056624901
0.649030531745
1.0
0.576415555526
0.648983889549
1.0
0.577695737056
0.649448217702
1.0
0.577911857949
0.64959222702
1.0
0.578368283101
0.649852709952
1.0
0.579028590009
0.649411563788
1.0
0.579347168564
0.650373952452
1.0
0.579838095164
0.649931699133
1.0
0.579838095164
0.649931699133
1.0
0.580790952494
0.651548032347
1.0
0.580898952748
0.652019868878
1.0
0.580765693707
0.653069360442
1.0
0.580772513598
0.653293676386
1.0
0.58110801331
0.652989532674
1.0
0.581307136589
0.653137572061
1.0
0.582493379625
0.65521579147
1.0
0.582756644528
0.655632622749
1.0
0.582756644528
0.655632622749
1.0
0.582519512752
0.656344973786
1.0
0.582703521002
0.657289714169
1.0
0.583625286007
0.658428019827
1.0
0.58386198408
0.658534975906
1.0
0.584370215921
0.657835197804
1.0
0.584392987198
0.658454150097
1.0
0.584881788652
0.658382467293
1.0
0.585138082309
0.658091983203
1.0
0.585138082309
0.658091983203
1.0
0.585576824062
0.658942156749
1.0
0.58567665522
0.659648648596
1.0
0.586183184623
0.659742308791
1.0
0.586513930594
0.659544144726
1.0
0.587413293023
0.66052080951
1.0
0.587747633134
0.661282794018
1.0
0.587890390275
0.662319448637
1.0
0.588308034047
0.661847017527
1.0
0.588308034047
0.661847017527
1.0
0.589249339945
0.662459857052
1.0
0.589570144846
0.662408566113
1.0
0.590195671286
0.662701584579
1.0
0.590594276143
0.662579492137
1.0
0.590875398751
0.663374683031
1.0
0.591264307716
0.663110516625
1.0
0.59197206848
0.663292445727
1.0
0.592161644963
0.663292097114
1.0
0.592161644963
0.663292097114
1.0
0.592076818307
0.663235400781
1.0
0.592556041984
0.663275358506
1.0
0.59286819222
0.663312354936
1.0
0.593130206855
0.662727082905
1.0
0.593093798217
0.662665101877
1.0
0.593331482335
0.662268094014
1.0
0.593477639394
0.66175992669
1.0
0.593269401511
0.661757007598
1.0
0.593269401511
0.661757007598
1.0
0.593087521317
0.661452279281
1.0
0.593364640159
0.661084890704
1.0
0.593296074548
0.661076418992
1.0
0.59339716212
0.66084606396
1.0
0.593447787317
0.660936061833
1.0
0.593017266144
0.661524914325
1.0
0.592949219121
0.662136615407
1.0
0.592847340192
0.662296740698
1.0
0.592847340192
0.662296740698
1.0
0.592447531044
0.661818582175
1.0
0.592760000069
0.661848065826
1.0
0.593029743671
0.662729795823
1.0
0.592873634626
0.663222966533
1.0
0.592963425572
0.663734598662
1.0
0.5929660606
0.663778348734
1.0
0.592731232942
0.6633211727
1.0
0.592545108547
0.663315982384
1.0
0.592545108547
0.663315982384
1.0
0.592459918713
0.663234556761
1.0
0.592566442253
0.663217753695
1.0
0.592357254577
0.663519006106
1.0
0.592311779619
0.663701416027
1.0
0.592141747297
0.662966734972
1.0
0.592124355855
0.662797240901
1.0
0.592182996369
0.663072179018
1.0
0.592087635537
0.662846257033
1.0
0.592087635537
0.662846257033
1.0
0.592049517906
0.662340224219
1.0
0.59203093777
0.662063412839
1.0
0.592043096294
0.662399661175
1.0
0.592206006038
0.662522582116
1.0
0.592269379241
0.661994979632
1.0
0.59222660851
0.662192696716
1.0
0.592536951502
0.662241225731
1.0
0.592498685289
0.662360542843
1.0
0.592498685289
0.662360542843
1.0
0.592693782704
0.66359691394
1.0
0.592805124408
0.663555479285
1.0
0.592792192398
0.663365808419
1.0
0.592863508228
0.663578162886
1.0
0.593329750839
0.664863977643
1.0
0.593367506175
0.664621974828
1.0
0.593280056887
0.664295105124
1.0
0.593519753013
0.664561495294
1.0
0.593519753013
0.664561495294
1.0
0.594045985911
0.66570258217
1.0
0.594024808166
0.665907488824
1.0
0.594004909536
0.665059759021
1.0
0.594207457918
0.664816257188
1.0
0.594318227025
0.664894557242
1.0
0.594300070768
0.664528140007
1.0
0.594670860933
0.664286537159
1.0
0.594988539721
0.664227945962
1.0
0.594988539721
0.664227945962
1.0
0.594992968663
0.664492844572
1.0
0.595172770336
0.664232278264
1.0
0.595429886274
0.664773407299
1.0
0.595523738853
0.664993853661
1.0
0.595437776092
0.664091082965
1.0
0.595546557563
0.663353942134
1.0
0.595628502582
0.663665146065
1.0
0.595951370282
0.663268716475
1.0
0.595951370282
0.663268716475
1.0
0.596142352296
0.663433547522
1.0
0.596159149568
0.663386323821
1.0
0.596248733996
0.663933516281
1.0
0.596376954225
0.66397168145
1.0
0.596219873592
0.664030620453
1.0
0.596342681061
0.66444726729
1.0
0.595900539629
0.665425052112
1.0
0.595795927492
0.665699586113
1.0
0.595795927492
0.665699586113
1.0
0.596064271171
0.667215995704
1.0
0.596158340289
0.666778624648
1.0
0.596341654039
0.665300463146
1.0
0.596404413992
0.666301526132
1.0
0.596392689097
0.666361706286
1.0
0.596464987543
0.66621310954
1.0
0.596163213346
0.665946531604
1.0
0.596163213346
0.665946531604
1.0
0.596121002958
0.665219440995
1.0
0.596059762503
0.664890006327
1.0
0.596255152337
0.665073783948
1.0
0.596278690574
0.666183148083
1.0
0.596449398708
0.666657834565
1.0
0.596450934994
0.667749856645
1.0
0.596277196496
0.667889839716
1.0
0.596536633142
0.667802477819
1.0
0.596701155147
0.668544822274
1.0
0.596701155147
0.668544822274
1.0
0.596433583555
0.667496828679
1.0
0.59630131989
0.667986263932
1.0
0.595738192717
0.66747647489
1.0
0.595811344495
0.667807584863
1.0
0.595135722802
0.669732930345
1.0
0.594872139174
0.669982080215
1.0
0.594872139174
0.669982080215
1.0
0.595215314001
0.669771249865
1.0
0.595153973181
0.669823799815
1.0
0.594212970244
0.669659773233
1.0
0.594073500284
0.670934939062
1.0
0.593698968982
0.672782080218
1.0
0.593526169539
0.673104195236
1.0
0.593176121697
0.670933390658
1.0
0.592952773838
0.671189766946
1.0
0.591803365635
0.671083698587
1.0
0.591674353845
0.673213653043
1.0
0.591674353845
0.673213653043
1.0
0.590436195179
0.671883096007
1.0
0.590154632928
0.670647038692
1.0
0.589006494659
0.669049549575
1.0
0.588386047207
0.669955850579
1.0
0.587574853007
0.669475044923
1.0
0.586867783762
0.669552679931
1.0
0.59074113493
0.670760765173
1.0
0.59074113493
0.670760765173
1.0
0.590256043447
0.670311702405
0.99
0.60655676151
0.691441286765
0.99
0.60611587614
0.691141430721
0.99
0.614343907818
0.707235301145
0.99
0.616662183895
0.708103479172
0.99
0.622117731163
0.722857173534
0.99
0.629080553696
0.727684615066
0.99
0.63434644395
0.743097493238
0.99
0.63434644395
0.743097493238
0.99
0.637018932169
0.74665503005
1.0
0.638039529443
0.75187563543
0.990757687899
0.640109228393
0.75689320451
0.990757687899
0.639235708526
0.756343195337
0.901063269834
0.63959718261
0.761666015942
0.901063269834
0.635708610511
0.755255936019
0.888869474462
0.635910304948
0.758739806402
0.888869474462
0.632211365213
0.751608783908
1.0
0.632655151356
0.755773450684
1.0
0.632655151356
0.755773450684
1.0
0.629451393521
0.750506366729
1.0
0.629264114581
0.749786459858
1.0
0.625931200893
0.744853733015
1.0
0.623777395691
0.741245777773
1.0
0.619578000295
0.733652245273
1.0
0.617808699657
0.7289919976
1.0
0.617808699657
0.7289919976
1.0
0.614974961366
0.723294002921
1.0
0.613264427908
0.718742385471
0.927307900616
0.60998253364
0.711484728323
0.927307900616
0.607871464549
0.70776971022
0.962794130967
0.604948296383
0.702012120831
0.962794130967
0.602906936079
0.698820144044
0.864892399722
0.599641565206
0.693557316071
0.864892399722
0.597747186614
0.689677532298
0.840350668317
0.593963827362
0.683698598785
0.840350668317
0.593963827362
0.683698598785
0.840350668317
0.592015120861
0.679550886101
0.99
0.576039151644
0.653716339373
0.99
0.573899783333
0.650435153701
1.0
0.570365695122
0.6482917965
1.0
0.568486274127
0.64490154173
1.0
0.564236082471
0.639092112477
1.0
0.562482126709
0.635018672116
0.927182894447
0.560257326799
0.631588893548
0.927182894447
0.560257326799
0.631588893548
0.927182894447
0.558487251169
0.629055250028
0.917713589854
0.556319841004
0.625892742074
0.917713589854
0.554740468939
0.623221296658
0.871999240866
0.550111076618
0.616503860404
0.871999240866
0.548614933872
0.61376804571
0.892576246286
0.545768726064
0.605789711141
0.892576246286
0.544584590698
0.603211344945
0.880649679179
0.541746671641
0.59603369206
0.880649679179
0.540599310884
0.593439197645
0.880649679179
0.540599310884
0.593439197645
0.890654868855
0.538265347453
0.589485388678
0.890654868855
0.537174840753
0.587121573929
0.870476709374
0.534714669207
0.581947336471
0.870476709374
0.533854387491
0.579036950712
0.99
0.520465433951
0.544549149314
0.99
0.519705576694
0.54234472852
0.99
0.496041110839
0.503575151093
0.99
0.495001034184
0.499994828387
0.99
0.495001034184
0.499994828387
0.99
0.484206290927
0.473253939464
0.99
0.480444234305
0.468310437522
0.99
0.469973954573
0.44016577069
0.99
0.464760650783
0.428648742393
0.99
0.4660195204
0.425420339295
0.99
0.465077394854
0.408821501682
0.99
0.465947823996
0.406586225715
0.99
0.465947823996
0.406586225715
1.0
0.466080769554
0.396384139954
1.0
0.466543734143
0.395308300736
1.0
0.466244596682
0.393706280978
1.0
0.466649481912
0.393829557982
1.0
0.466044683481
0.394125902226
1.0
0.466511384193
0.393260321788
1.0
0.466199854041
0.391274456352
1.0
0.466403216083
0.390917824916
1.0
0.466403216083
0.390917824916
1.0
0.466333733836
0.389768457116
1.0
0.467807181399
0.389808625313
1.0
0.467860400231
0.388794979244
1.0
0.4693412146
0.389890411073
1.0
0.469428430665
0.389034299245
1.0
0.47018316302
0.389971986195
1.0
0.470422319708
0.389009534658
1.0
0.470498060994
0.389299280588
1.0
0.470607782134
0.38864801324
1.0
0.470607782134
0.38864801324
1.0
0.470906052502
0.388127832588
1.0
0.471271112358
0.38736542675
1.0
0.472939163047
0.389394636805
1.0
0.47312442625
0.388638845734
1.0
0.475411838583
0.390556520983
1.0
0.4756232824
0.390335742282
1.0
0.47599376057
0.391370477416
1.0
0.476081629334
0.390846452105
1.0
0.476081629334
0.390846452105
1.0
0.476986473733
0.391965257137
1.0
0.477260392809
0.391625579886
1.0
0.478490801174
0.393441200182
1.0
0.478913248657
0.393715663109
1.0
0.48099189293
0.396843495018
1.0
0.481390119454
0.395855586001
1.0
0.482585318973
0.398381336838
1.0
0.482585318973
0.398381336838
1.0
0.482929332258
0.398400495002
1.0
0.483825330149
0.400599709432
1.0
0.484179379499
0.400327640472
1.0
0.485118867294
0.402186292574
1.0
0.485502345935
0.402435710575
1.0
0.487237878177
0.404704245076
1.0
0.487394151527
0.406206571876
1.0
0.489079559303
0.409644585987
1.0
0.489509144711
0.410699176424
1.0
0.489509144711
0.410699176424
1.0
0.491750666066
0.414717713197
1.0
0.492070916167
0.414399307595
1.0
0.493770734757
0.417102439773
1.0
0.494287433527
0.418248115882
1.0
0.494057759271
0.41881542923
1.0
0.494493626091
0.418647948063
1.0
0.495050736201
0.421330180203
1.0
0.495050736201
0.421330180203
1.0
0.495135271834
0.42256918515
1.0
0.496358181711
0.424051396722
1.0
0.496494352186
0.425294252774
1.0
0.497114002623
0.42691567241
1.0
0.497463070958
0.427069958633
1.0
0.499644846744
0.43030403201
1.0
0.49997184553
0.429608497027
1.0
0.500538286544
0.430485240787
1.0
0.500538286544
0.430485240787
1.0
0.50086073938
0.430132686156
1.0
0.500635305294
0.431228063631
1.0
0.501103359802
0.43135080759
1.0
0.502523417313
0.435313690573
1.0
0.502820835864
0.43548051924
1.0
0.503246600643
0.435924182953
1.0
0.503542656174
0.436449756692
1.0
0.50473163717
0.439054865048
1.0
0.504968955392
0.44011720698
1.0
0.504968955392
0.44011720698
1.0
0.505159068971
0.441920167042
1.0
0.50518493436
0.442788510409
1.0
0.505564641999
0.444329988534
1.0
0.505655810733
0.445062930592
1.0
0.506477143992
0.445724282058
1.0
0.506612784117
0.446635564085
1.0
0.506126197897
0.446656204097
1.0
0.506126197897
0.446656204097
1.0
0.506249573937
0.447039490226
1.0
0.506131282432
0.447901590705
1.0
0.506278805249
0.44680974095
1.0
0.50740089108
0.448140856629
1.0
0.507600520404
0.448874674121
1.0
0.507386941297
0.449491914143
1.0
0.507362601484
0.449691855769
1.0
0.508377708851
0.451633688214
1.0
0.508681032109
0.451643559868
1.0
0.508681032109
0.451643559868
1.0
0.509014392662
0.452424740554
1.0
0.509188615312
0.452404106519
1.0
0.5095850031
0.453158815003
1.0
0.509745547809
0.453420102385
1.0
0.510498792327
0.456310463168
1.0
0.51069128747
0.456835849197
1.0
0.51108154215
0.457282216741
1.0
0.51108154215
0.457282216741
1.0
0.511240102719
0.457938914873
1.0
0.511818681203
0.459260430452
1.0
0.51196044698
0.459602456727
1.0
0.512548382559
0.461055995612
1.0
0.512829881912
0.461352589847
1.0
0.512644158447
0.461822082853
1.0
0.512738581204
0.462321801353
1.0
0.513400141869
0.463894817165
1.0
0.513400141869
0.463894817165
1.0
0.51333815241
0.464897499592
1.0
0.514520908486
0.467173501346
1.0
0.51479291703
0.467134078947
1.0
0.513678746357
0.467037724336
1.0
0.513996867382
0.46759723545
1.0
0.514861635592
0.469190371343
1.0
0.514761235071
0.47014347445
1.0
0.514665904376
0.470423640629
1.0
0.51484040409
0.471202421874
1.0
0.51484040409
0.471202421874
1.0
0.514794837959
0.470761422487
1.0
0.514901164223
0.471363105247
1.0
0.515617056036
0.473432158659
1.0
0.515662001263
0.473923936996
1.0
0.51598461312
0.474808211164
1.0
0.516025110191
0.475758681595
1.0
0.516831277957
0.477921586372
1.0
0.516831277957
0.477921586372
1.0
0.516892414798
0.478906804288
1.0
0.517003793008
0.479313786886
1.0
0.516985332378
0.479904843625
1.0
0.517142436957
0.480002691515
1.0
0.517264717487
0.480794357931
1.0
0.518280856197
0.48226463611
1.0
0.518503578903
0.482739930825
1.0
0.518134899794
0.482261550119
1.0
0.518232436074
0.48292556177
1.0
0.518232436074
0.48292556177
1.0
0.517787978141
0.483786136055
1.0
0.518031458242
0.483902821075
1.0
0.519992888618
0.486524654179
1.0
0.519964581827
0.486634675886
1.0
0.520633861138
0.487696499055
1.0
0.520610002424
0.489376926596
1.0
0.520572430467
0.489986827863
1.0
0.520572430467
0.489986827863
1.0
0.520869376674
0.49066679093
1.0
0.5213751101
0.49141772385
1.0
0.52174525739
0.492077372148
1.0
0.523136904617
0.495437015145
1.0
0.52326596795
0.49641692071
1.0
0.52419901198
0.498185644669
1.0
0.524648078912
0.499246481496
1.0
0.524648078912
0.499246481496
1.0
0.525290815752
0.499692187531
1.0
0.525514271529
0.500631995611
1.0
0.526578982165
0.50268284708
1.0
0.526913290255
0.503358096502
1.0
0.527567814098
0.505359107049
1.0
0.527838184225
0.506419369921
1.0
0.52904552519
0.508271171665
1.0
0.529347702007
0.508631629266
1.0
0.529726649915
0.509935235452
1.0
0.529901635914
0.51093485458
1.0
0.529901635914
0.51093485458
1.0
0.531424244369
0.514197739622
1.0
0.531853169833
0.515438096838
1.0
0.533109439142
0.51718037184
1.0
0.533245706243
0.518405217059
1.0
0.533776282106
0.520940373821
1.0
0.534066791806
0.522016592077
1.0
0.535181687317
0.524327916795
1.0
0.535181687317
0.524327916795
1.0
0.535215595698
0.526239975622
1.0
0.538638778439
0.528152930508
1.0
0.538803540159
0.529657213084
1.0
0.538803540159
0.529657213084
1.0
0.538803540159
0.529657213084
1.0
0.537891636091
0.516805976454
0.925029101761
0.612589778966
0.284700166126
0.925029101761
0.612589778966
0.284700166126
0.925029101761
0.61437115371
0.280295218781
0.925029101761
0.620234895807
0.259134620237
0.925029101761
0.629597621044
0.220979154647
0.925029101761
0.63742782097
0.181955975921
0.925029101761
0.643637018882
0.148220383187
0.925029101761
0.648871543038
0.115599611897
0.857621274869
0.653632184836
0.0864297730955
0.806530028499
0.656769948111
0.0613830226615
0.787354768653
0.656692827225
0.0409375887567
0.787354768653
0.656692827225
0.0409375887567
0.787354768653
0.656692827225
0.0409375887567
0.787354768653
0.656692827225
0.0409375887567
0.787354768653
0.656692827225
0.0409375887567
0.787354768653
0.656692827225
0.0409375887567
0.787354768653
0.656692827225
0.0409375887567
0.787354768653
0.656692827225
0.0409375887567
0.787354768653
0.656692827225
0.0409375887567
0.787354768653
0.656692827225
0.0409375887567
0.787354768653
0.656692827225
0.0409375887567
0.787354768653
0.656692827225
0.0409375887567
0.787354768653
0.656692827225
0.0409375887567
0.787354768653
0.656692827225
0.0409375887567
0.787354768653
0.656692827225
0.0409375887567
0.787354768653
0.656692827225
0.0409375887567
0.787354768653
0.656692827225
0.0409375887567
0.787354768653
0.656692827225
0.0409375887567
0.787354768653
0.656692827225
0.0409375887567
0.925029101761
0.652077495051
-0.0850371203688
0.95356511426
0.168252596744
-0.131426904177
0.764021747121
0.199657644848
0.225049230857
0.955198379518
0.236550047982
0.252028526642
0.868571005113
0.22951760137
0.250100541623
0.713652990033
0.153246449722
-0.150827680236
0.845472456602
0.626414526453
0.230631197355
0.845472456602
0.626414526453
0.230631197355
0.845472456602
0.62686015363
0.234588027825
0.845472456602
0.626257898712
0.236996868612
0.845472456602
0.626497214646
0.240551401367
0.845472456602
0.626497214646
0.240551401367
0.845472456602
0.624986771734
0.256942438481
0.845472456602
0.624986771734
0.256942438481
0.863414880114
0.625470204341
0.25959123064
0.902901444766
0.598052839812
0.28796575588
0.888845135432
0.573834887652
0.319183266697
0.91269515443
0.560648818551
0.337230390624
0.91269515443
0.560648818551
0.337230390624
0.942054094501
0.559707699797
0.343511846615
0.967620540628
0.579686882843
0.363599294523
0.967620540628
0.580776866248
0.361901658568
0.967620540628
0.581363351164
0.360126195925
0.967620540628
0.581846511415
0.359669831894
0.967620540628
0.582433798974
0.358398845505
0.967620540628
0.582822653372
0.356362457488
0.967620540628
0.583285851474
0.355480211207
0.967620540628
0.583285851474
0.355480211207
0.967620540628
0.583851453799
0.35339941844
0.941153935505
0.585645083696
0.355368108716
0.941153935505
0.58605880784
0.353908098801
0.973953990707
0.58520058617
0.35356921247
0.984992165847
0.585609726255
0.352130463227
1.0
0.58596448918
0.351721369946
0.974142720513
0.585901229805
0.353617153122
0.974142720513
0.585930874147
0.352237078644
0.974142720513
0.585930874147
0.352237078644
0.998393100744
0.585108626652
0.352098571968
1.0
0.585570806527
0.351163835597
1.0
0.584325176018
0.350543036197
0.998169806769
0.584527607356
0.349171110391
0.982428066134
0.583795549123
0.348500146772
0.977493450018
0.58374041567
0.346964689867
0.977493450018
0.584482205696
0.346139384329
0.956778870729
0.585020795974
0.34300775197
0.956778870729
0.585020795974
0.34300775197
0.956778870729
0.604899876682
0.374763280348
0.959753037058
0.605025654791
0.372693756358
0.99
0.606205781232
0.374148326674
0.99
0.606205781232
0.374148326674
1.0
0.62250821679
0.383806759955
0.95772828421
0.625452379146
0.38304226658
0.858595590761
0.62879276603
0.381449046302
0.858595590761
0.62879276603
0.381449046302
0.893619836866
0.631835903645
0.383210452333
0.92584955014
0.631919272077
0.383337721674
0.882782565108
0.630704630303
0.383226951025
0.835356946808
0.631196013432
0.38078882218
0.833802116098
0.632054924268
0.37827987204
0.833802116098
0.631742530973
0.377308674035
0.852932765761
0.632054880982
0.376490194289
0.852932765761
0.632127361855
0.375363125598
0.84670209675
0.633131194601
0.373174054463
0.84670209675
0.633131194601
0.373174054463
0.84670209675
0.633386805005
0.37322523864
0.648714534502
0.646617792476
0.343401932962
0.648714534502
0.646257365521
0.343104893961
0.648714534502
0.646670466732
0.342801026474
0.99
0.639722514408
0.354465300234
0.99
0.640089557529
0.353077458855
1.0
0.640427782518
0.350642871878
1.0
0.640427782518
0.350642871878
1.0
0.639462397505
0.351054289061
1.0
0.639654036238
0.349445045595
1.0
0.639864143765
0.347785896637
0.65012613482
0.538169059629
0.338524002796
0.65012613482
0.538169059629
0.338524002796
0.65012613482
0.537583690369
0.339202087122
0.65012613482
0.53109281314
0.360718967421
0.65012613482
0.518916254548
0.415180752987
0.65012613482
0.505493623934
0.464864790589
0.65012613482
0.495497167076
0.50078730994
0.65012613482
0.48814778721
0.522236048968
0.99
0.49201669772
0.517297212179
1.0
0.489312049307
0.525285114314
1.0
0.489312049307
0.525285114314
1.0
0.490891265032
0.524466191833
1.0
0.490432836583
0.525764668141
1.0
0.492192737972
0.525706738301
1.0
0.492789405411
0.521363579603
1.0
0.493351894892
0.519758665309
1.0
0.493994966004
0.517068654152
1.0
0.495507483839
0.517222216344
1.0
0.495507483839
0.517222216344
1.0
0.496029104225
0.513638494236
1.0
0.49762408058
0.514430696417
1.0
0.498349676714
0.511112794336
1.0
0.500278122428
0.511282753016
1.0
0.500913618385
0.507818253562
1.0
0.5031295669
0.509125705608
1.0
0.503839421007
0.506721688793
1.0
0.506294227224
0.507714125657
1.0
0.506951220231
0.504888823711
1.0
0.506951220231
0.504888823711
1.0
0.50710541522
0.504350012252
1.0
0.507553491953
0.501442545764
1.0
0.509362785835
0.500795858164
1.0
0.510069748977
0.497901649333
1.0
0.511172160179
0.497736775928
1.0
0.511707108212
0.494861519038
1.0
0.512568874093
0.492886847293
1.0
0.512568874093
0.492886847293
1.0
0.513183522402
0.489713620877
1.0
0.513482209414
0.489805896774
1.0
0.513911590196
0.487398144099
1.0
0.514136409278
0.485548095675
1.0
0.514685475709
0.482758885319
1.0
0.515750461039
0.481775213355
1.0
0.516119396877
0.478666753457
1.0
0.516698527971
0.476399670231
1.0
0.516698527971
0.476399670231
1.0
0.517207508737
0.473843878549
1.0
0.51849146071
0.47274655101
1.0
0.518769760721
0.469846564622
1.0
0.519491422985
0.468942437641
1.0
0.51996880832
0.466246673394
1.0
0.521163061201
0.464859228529
1.0
0.52151709332
0.462265895075
1.0
0.521367098546
0.460844336442
1.0
0.521816250989
0.457725428001
1.0
0.521816250989
0.457725428001
1.0
0.522994732263
0.457220719894
1.0
0.523432109992
0.454952814509
1.0
0.523464376628
0.453350925196
1.0
0.523633582205
0.451356765245
1.0
0.524340710701
0.45009601828
1.0
0.524925649676
0.447608958384
1.0
0.525584102974
0.446553463703
1.0
0.525871291141
0.444476372288
1.0
0.525871291141
0.444476372288
1.0
0.526021122932
0.44405338254
1.0
0.526439569579
0.442078981623
1.0
0.526914102981
0.441119999409
1.0
0.527117142432
0.439438799872
1.0
0.528232655198
0.439881381214
1.0
0.528498808286
0.438506905128
1.0
0.529759747958
0.447891630233
1.0
0.530233512388
0.44525087489
1.0
0.530233512388
0.44525087489
0.99
0.531959157654
0.483062036696
0.99
0.531688994786
0.484969426567
0.99
0.531688994786
0.484969426567
1.0
0.542489894958
0.646271296896
0.99
0.541947347765
0.667516652448
0.99
0.544912800096
0.697961792622
0.99
0.546972926613
0.726273050637
0.99
0.547349942676
0.757262067096
0.99
0.5464337217
0.78461660443
0.99
0.545105939256
0.808040156722
0.99
0.547224998504
0.806094257461
0.99
0.54600366395
0.825932886327
0.99
0.54600366395
0.825932886327
0.99
0.549478908391
0.825432036868
1.0
0.54968751265
0.83234895007
1.0
0.551953146423
0.831292575545
1.0
0.552664214167
0.826422801159
1.0
0.553920601314
0.824603910008
1.0
0.554512013378
0.820999513983
1.0
0.554841221489
0.817447196641
1.0
0.555313502107
0.814191415073
1.0
0.555313502107
0.814191415073
1.0
0.556728145326
0.811037979675
1.0
0.557178498235
0.807624137616
1.0
0.558037245601
0.804562572255
1.0
0.558901989929
0.800984057664
1.0
0.560065725578
0.797479158097
1.0
0.560637301056
0.793861012732
1.0
0.566357552429
0.799589624321
1.0
0.56685732359
0.795930593331
1.0
0.56685732359
0.795930593331
1.0
0.567616132042
0.793511899958
1.0
0.568262712471
0.790009784543
1.0
0.569186899296
0.787370603441
1.0
0.569812540229
0.784656071839
1.0
0.570639244811
0.782523283655
1.0
0.571177222135
0.778928819915
1.0
0.571976925433
0.783126850279
1.0
0.572817027816
0.779275801498
1.0
0.572817027816
0.779275801498
0.99
0.571001326785
0.803286541465
0.99
0.571480839729
0.800612136497
0.99
0.56844710986
0.819240455302
0.99
0.567636052737
0.824842278326
1.0
0.565111734793
0.833048510444
0.99
0.563082280501
0.855957505021
0.99
0.563044876764
0.863959826399
0.939181147363
0.562052816253
0.870751625336
0.939181147363
0.562052816253
0.870751625336
0.939181147363
0.563901604009
0.867897700629
0.99
0.563266802311
0.885323425554
0.99
0.564234293283
0.882038111384
1.0
0.564059810138
0.886772882747
1.0
0.564383986777
0.88495487004
1.0
0.564812853855
0.880817870658
1.0
0.565735930104
0.879305344353
1.0
0.566058016564
0.877596998587
1.0
0.566058016564
0.877596998587
1.0
0.566358435119
0.875684841121
1.0
0.566942351206
0.874197863669
1.0
0.567845688159
0.872209875498
1.0
0.568133566236
0.871090102413
1.0
0.56826414098
0.869108117511
1.0
0.568395783332
0.866667927464
1.0
0.568416340676
0.864931461457
1.0
0.568730109749
0.863300125905
1.0
0.568730109749
0.863300125905
1.0
0.56927609151
0.862180463925
1.0
0.569263307583
0.860873496235
1.0
0.569114310917
0.859571898282
1.0
0.569529225376
0.85794408079
1.0
0.569495366506
0.856117915804
1.0
0.569444476816
0.85492236874
1.0
0.569259175579
0.853529112326
1.0
0.569343490974
0.852036315189
1.0
0.569343490974
0.852036315189
1.0
0.569128190537
0.850752202225
1.0
0.569359814608
0.84959635609
1.0
0.569254692482
0.848841360138
1.0
0.568964312453
0.848021023227
1.0
0.568298134903
0.8463052931
1.0
0.568473319512
0.845402210261
1.0
0.568154857749
0.844320722213
1.0
0.56813371374
0.843427460995
1.0
0.56813371374
0.843427460995
1.0
0.567869833017
0.84148746477
1.0
0.567708018795
0.840254557089
1.0
0.567616296909
0.839236666747
1.0
0.567442231585
0.837997610429
1.0
0.567425879165
0.837087525806
1.0
0.567331389217
0.836243697629
1.0
0.56681143402
0.835053596587
1.0
0.56681143402
0.835053596587
1.0
0.566768856085
0.833877720101
1.0
0.566818692422
0.833155306293
1.0
0.566824911217
0.832052584505
1.0
0.566664908831
0.831436864947
1.0
0.566397021746
0.831001981006
1.0
0.566275897638
0.830338343568
1.0
0.566356550832
0.829547485901
1.0
0.566429585669
0.828857099441
1.0
0.566575724892
0.827655608085
1.0
0.566575724892
0.827655608085
1.0
0.566670804994
0.827470271157
1.0
0.56653613533
0.826943624067
1.0
0.566470576398
0.826576268531
1.0
0.566627964967
0.82614842234
1.0
0.566790860181
0.82621128827
1.0
0.567038246732
0.826266486578
1.0
0.567183580969
0.826433144353
1.0
0.566988354055
0.825866924331
1.0
0.566988354055
0.825866924331
1.0
0.56727010364
0.825649990631
1.0
0.567430977143
0.825100158987
1.0
0.56783517467
0.824846092121
1.0
0.568049905699
0.824588727406
1.0
0.568258106465
0.824514321153
1.0
0.568182213248
0.82432061761
1.0
0.568475977709
0.824168677584
1.0
0.568627329718
0.823972387222
1.0
0.568627329718
0.823972387222
1.0
0.568832496328
0.823593786901
1.0
0.568966843484
0.823524866519
1.0
0.568961635402
0.823722321829
1.0
0.569245412462
0.823688998816
1.0
0.569322846543
0.823318920565
1.0
0.569015379875
0.823666264628
1.0
0.571153852251
0.827462581838
1.0
0.571567759406
0.826678630464
1.0
0.571567759406
0.826678630464
0.99
0.580900065694
0.84096385332
0.99
0.581066368633
0.840850702794
1.0
0.583247599897
0.847769550825
1.0
0.583735454022
0.851313387023
1.0
0.585255462499
0.857863390396
1.0
0.587441470256
0.861732250162
1.0
0.588220206154
0.863589586405
0.946213090259
0.590279577721
0.866650937827
0.946213090259
0.590279577721
0.866650937827
0.946213090259
0.590334330618
0.865105277777
0.879132783642
0.59103825703
0.866254277277
0.879132783642
0.591048818425
0.8659603454
0.942566579123
0.591448240152
0.86538126259
0.942566579123
0.591323476974
0.865124553329
1.0
0.591794546851
0.866470899346
1.0
0.591408573531
0.866030370937
1.0
0.59168377412
0.868106713513
1.0
0.59168377412
0.868106713513
1.0
0.591477830796
0.867817235846
1.0
0.591777046186
0.869349716621
1.0
0.591302219627
0.868859227349
1.0
0.590839796047
0.871752972845
1.0
0.590434692107
0.871545533431
1.0
0.59009542657
0.873502648424
1.0
0.59009542657
0.873502648424
1.0
0.589716341815
0.873513584439
1.0
0.589265291918
0.873313990152
1.0
0.588874001414
0.87270180965
1.0
0.588528876288
0.873229710451
1.0
0.587954206883
0.87381733209
1.0
0.587930607508
0.872867417467
1.0
0.58769443465
0.872405853158
1.0
0.587454770639
0.872881183309
1.0
0.587004910577
0.872380347878
1.0
0.587004910577
0.872380347878
1.0
0.586810520796
0.873138341276
1.0
0.586360117189
0.873217268781
1.0
0.586490580975
0.872732963935
1.0
0.586269195077
0.872995955741
1.0
0.585902620157
0.873771073617
1.0
0.586084500474
0.873668554664
1.0
0.585821215627
0.873729193478
1.0
0.585423407849
0.873635968991
1.0
0.585340857081
0.873522140254
1.0
0.585340857081
0.873522140254
1.0
0.58512725192
0.873322751079
1.0
0.584912870067
0.873735999658
1.0
0.584835913061
0.873861271283
1.0
0.584918429178
0.873926654023
1.0
0.584695857975
0.873480765735
1.0
0.584800526127
0.873316641532
1.0
0.585038002901
0.873055578116
1.0
0.585029689598
0.873102450154
1.0
0.585029689598
0.873102450154
1.0
0.584897252234
0.87327051159
1.0
0.584823470356
0.873482133349
1.0
0.584697661962
0.873211441211
1.0
0.584569447754
0.873237403661
1.0
0.584591203523
0.873402617712
1.0
0.584789283521
0.873348369923
1.0
0.58500690783
0.873127830785
1.0
0.58500690783
0.873127830785
1.0
0.584763142582
0.873391848423
1.0
0.584669257932
0.873423395141
1.0
0.584685875008
0.873742949965
1.0
0.585022409469
0.873713074758
1.0
0.585283527715
0.873075553133
1.0
0.585206421682
0.873104897385
1.0
0.585186685937
0.873418989397
1.0
0.585443607363
0.873215803645
1.0
0.585443607363
0.873215803645
1.0
0.585557942766
0.87291801088
1.0
0.585445077382
0.873133259756
1.0
0.585337369569
0.873131228874
1.0
0.585446573274
0.873569094624
1.0
0.585537360974
0.873567228162
1.0
0.58575389526
0.873618346255
1.0
0.585589009165
0.873842559708
1.0
0.585458394539
0.873985844542
1.0
0.585660327029
0.874181668534
1.0
0.585660327029
0.874181668534
1.0
0.585880920332
0.87429137478
1.0
0.585805798562
0.874510652779
1.0
0.585836518287
0.874601853681
1.0
0.585872004762
0.874457375495
1.0
0.585958455929
0.874650379559
1.0
0.585977712531
0.874664099854
1.0
0.585974828568
0.874813287525
1.0
0.585974828568
0.874813287525
1.0
0.586078057314
0.875293431265
1.0
0.586295983928
0.875178768552
1.0
0.586077209517
0.875194837414
1.0
0.586071709509
0.875649541471
1.0
0.586219522434
0.876196346928
1.0
0.586586725332
0.875899332965
1.0
0.586545704209
0.87567369162
1.0
0.586354006499
0.876268248675
1.0
0.586354006499
0.876268248675
1.0
0.586559455271
0.876311904871
1.0
0.586779289143
0.876121476689
1.0
0.586818338665
0.876363442676
1.0
0.587019931507
0.876252843593
1.0
0.587017033964
0.876363183302
1.0
0.587381160713
0.876665638453
1.0
0.587502665904
0.876960943014
1.0
0.587657883832
0.877457262186
1.0
0.587657883832
0.877457262186
1.0
0.587630671186
0.877440247047
1.0
0.587764762484
0.877382869133
1.0
0.587664881593
0.877942115113
1.0
0.587672261701
0.878127644541
1.0
0.587816070357
0.877776295148
1.0
0.58797794163
0.877634781862
1.0
0.588145619282
0.877194376991
