1.0
0.476161433175
0.529290704921
1.0
0.4762162772
0.529933317175
1.0
0.4762162772
0.529933317175
1.0
0.476144466639
0.529890759179
1.0
0.476070834876
0.530499575291
1.0
0.476135698987
0.530623376567
1.0
0.475969543751
0.53011914341
1.0
0.475803216069
0.53020361664
1.0
0.475803216069
0.53020361664
1.0
0.475671515237
0.530971263576
1.0
0.475746146747
0.530825500126
1.0
0.475716708512
0.531075545776
1.0
0.475512086926
0.531406052544
1.0
0.475512086926
0.531406052544
1.0
0.47544541792
0.53112028372
1.0
0.475461581264
0.531592090021
1.0
0.475300514603
0.530685141986
1.0
0.475101663705
0.531047252775
1.0
0.475101663705
0.531047252775
1.0
0.474913951767
0.531652905522
1.0
0.474901775838
0.53153789985
1.0
0.474839499453
0.53178286809
1.0
0.477545307633
0.52641727872
1.0
0.477971082617
0.526690564274
1.0
0.477971082617
0.526690564274
0.99
0.492733761166
0.534079742662
0.97127897279
0.49708415686
0.52924863927
0.97127897279
0.5147614463
0.537864950655
0.916649615544
0.517618805507
0.533256272518
0.916649615544
0.516534141134
0.532848724598
0.916649615544
0.516534141134
0.532848724598
0.916649615544
0.515230834812
0.532529062907
0.996651883171
0.51608430483
0.530947256004
1.0
0.516459524135
0.528805774128
1.0
0.5153536795
0.527910437038
0.953863061857
0.51504908663
0.528871068898
0.953863061857
0.51504908663
0.528871068898
0.953863061857
0.514398951427
0.528998793015
0.995187200462
0.514186286557
0.529467372011
0.995187200462
0.513731864354
0.529219691347
0.986862291556
0.513716551173
0.528695700951
0.986862291556
0.513716551173
0.528695700951
1.0
0.514384005104
0.527901504444
1.0
0.514466786758
0.527170514183
1.0
0.51419941665
0.527902182181
1.0
0.513923074754
0.527561477972
1.0
0.513641739767
0.527584049188
1.0
0.513641739767
0.527584049188
1.0
0.513615385712
0.527881005511
1.0
0.514058067472
0.526644545917
1.0
0.514013023398
0.526767262534
1.0
0.514013023398
0.526767262534
1.0
0.513859141147
0.52648233918
1.0
0.513654353146
0.526396108446
1.0
0.513622176778
0.525906260101
0.995688448465
0.513884151455
0.526322598087
0.995688448465
0.514418010671
0.526488949061
1.0
0.515311018074
0.524261586437
0.99
0.539615532691
0.518171839257
0.99
0.562511970471
0.463333703688
0.99
0.577414502596
0.460811529969
0.926335476494
0.580094080191
0.456865179253
0.870928960708
0.579934930591
0.457577667168
0.870928960708
0.579820799091
0.456996013285
0.848485978219
0.579766388227
0.456466099393
0.848485978219
0.577646736867
0.455477713787
0.900590613958
0.577207724017
0.456410246917
0.900590613958
0.575419533769
0.456769607735
0.916683394161
0.575096386523
0.4571436538
0.916683394161
0.574993454986
0.457265340572
0.893838448882
0.575004403397
0.457516234644
0.893838448882
0.575019150038
0.45771772978
0.892338540661
0.574676868708
0.458681552953
0.892338540661
0.574443243239
0.458460441651
0.888656476446
0.573944319718
0.459323651456
0.888656476446
0.573256987164
0.459494198996
1.0
0.572130134069
0.459088268974
1.0
0.567137232902
0.458157927962
0.99
0.557462671834
0.471821446035
0.99
0.544509296429
0.46964396073
0.99
0.519654411754
0.531092269518
0.99
0.501550937649
0.532100297917
0.99
0.473344545066
0.534265431326
0.99
0.46112039592
0.565843553151
0.99
0.449631603369
0.564651808919
0.99
0.447017874177
0.572178250109
1.0
0.44408333113
0.571773792618
1.0
0.442465579186
0.574771500583
1.0
0.441519009881
0.574013972628
1.0
0.44114830754
0.575114808291
1.0
0.441116942881
0.575199723397
1.0
0.441376634302
0.574778853428
1.0
0.441376634302
0.574778853428
1.0
0.440381793407
0.573960433547
1.0
0.44081859761
0.573527529754
1.0
0.441216482677
0.572977562962
1.0
0.439227397291
0.572900956532
1.0
0.439368872183
0.572788630747
1.0
0.438561048154
0.572862386992
1.0
0.438645112144
0.572785383488
1.0
0.438948019758
0.573048386603
1.0
0.439024917375
0.573794953392
1.0
0.43903836852
0.573207402208
1.0
0.438804677756
0.573183402924
1.0
0.438790690944
0.574217644945
1.0
0.439196550038
0.574312657519
1.0
0.439186061816
0.574225860144
1.0
0.439159377269
0.574428658547
1.0
0.439184807989
0.574007749411
1.0
0.439213792858
0.574341931625
1.0
0.439292651569
0.574225634386
1.0
0.439377281678
0.574043248421
1.0
0.439377281678
0.574043248421
1.0
0.439283275642
0.574443895097
1.0
0.439400938105
0.57477350578
1.0
0.43942891679
0.574859582785
1.0
0.445403420339
0.575216288301
1.0
0.445362760071
0.575351997931
1.0
0.446915585824
0.571999442648
0.99
0.460058678426
0.545120637641
0.99
0.460058678426
0.545120637641
0.99
0.460058678426
0.545120637641
0.99
0.500960522307
0.55796529512
0.99
0.51530188996
0.531194147697
0.99
0.51700858397
0.530377191275
1.0
0.515774021657
0.532869517375
1.0
0.514699211207
0.53269929287
1.0
0.514119958206
0.533215840699
1.0
0.513667924629
0.534736115952
1.0
0.513391203636
0.534668721891
1.0
0.513236514128
0.536527083976
1.0
0.513196720421
0.536975484557
1.0
0.513166887682
0.537208239101
1.0
0.512995808573
0.538307781689
1.0
0.512995808573
0.538307781689
1.0
0.512788726875
0.539873846568
1.0
0.512455104611
0.540247162389
1.0
0.512455104611
0.540247162389
1.0
0.51244172886
0.540050727619
1.0
0.512322544367
0.540339378367
1.0
0.512440701112
0.540615585236
1.0
0.512619865341
0.540972747828
1.0
0.512635521888
0.541447415551
1.0
0.512635521888
0.541447415551
1.0
0.512635521888
0.541447415551
0.99
0.52530946033
0.5399157839
0.99
0.526178430215
0.538624183886
0.99
0.530068099633
0.530206166839
0.99
0.551959621446
0.458180076769
0.99
0.551959621446
0.458180076769
0.99
0.562909808473
0.45689571915
0.99
0.575804178538
0.450966966651
0.99
0.578476836705
0.45003043123
0.99
0.577126688587
0.449252797313
1.0
0.576003199802
0.453891313593
1.0
0.576003199802
0.453891313593
1.0
0.575818244076
0.45376079586
1.0
0.575597950675
0.453542323734
1.0
0.575484030643
0.453796235018
1.0
0.575611728285
0.454205987723
1.0
0.575611728285
0.454205987723
1.0
0.575303255857
0.45357812985
1.0
0.575639673771
0.45520002292
1.0
0.57568503736
0.455250086522
1.0
0.575991516127
0.455463607375
1.0
0.576242052746
0.45594899391
1.0
0.576242052746
0.45594899391
1.0
0.57605740599
0.45628795517
1.0
0.576240566374
0.456109658711
1.0
0.576473903952
0.456705139769
1.0
0.576367342235
0.456238004962
1.0
0.576468706224
0.455454232836
1.0
0.575583935281
0.456958201155
0.99
0.561476351915
0.456627973614
0.99
0.549305356262
0.482309696892
0.99
0.543037457747
0.493901340615
0.99
0.507460488266
0.492818595483
0.99
0.495702111261
0.523425174674
0.99
0.493785776949
0.529878884349
1.0
0.49341916461
0.530561403649
1.0
0.492556835366
0.534613330671
0.973979299902
0.493651226573
0.534838076148
0.973979299902
0.493853120328
0.535097856171
1.0
0.494085940359
0.534617705639
1.0
0.494201777273
0.535083319563
0.906493186435
0.494730573609
0.535095737408
0.906493186435
0.494730573609
0.535095737408
0.906493186435
0.494730573609
0.535095737408
0.906493186435
0.494899964674
0.535636829885
1.0
0.494689696696
0.536280634811
1.0
0.494657126567
0.536922814089
1.0
0.494741323204
0.53619644599
1.0
0.494718233451
0.53644919547
1.0
0.494564796021
0.537714126755
1.0
0.494564796021
0.537714126755
1.0
0.494371548643
0.537009603869
1.0
0.494258306848
0.536591758295
1.0
0.494200248532
0.536285201961
1.0
0.494120956789
0.536271885986
1.0
0.494169698129
0.535966267691
1.0
0.493963881975
0.534409095166
0.985489711854
0.494124658242
0.534467423531
0.985489711854
0.494124658242
0.534467423531
0.985489711854
0.494124658242
0.534467423531
0.985489711854
0.493956570199
0.53519808715
0.997418561816
0.493728279447
0.533728938712
0.997418561816
0.493542044347
0.531687335775
0.940909011543
0.493414237175
0.531153874308
0.940909011543
0.493571609712
0.529377735167
1.0
0.493292901661
0.52953940751
1.0
0.493606388219
0.529164699208
1.0
0.493109489003
0.528125629478
1.0
0.493074084611
0.526917406631
1.0
0.493267445079
0.526200831904
1.0
0.493307482051
0.525773890944
1.0
0.493116469651
0.525957674945
1.0
0.49346502869
0.526415380269
1.0
0.49346502869
0.526415380269
1.0
0.493503214726
0.52636927489
0.909437806226
0.493748688054
0.526863561436
0.909437806226
0.493851621438
0.525758546931
1.0
0.493744733659
0.524910698751
1.0
0.493912951955
0.524546779186
1.0
0.493912951955
0.524546779186
1.0
0.493966677579
0.523191061103
1.0
0.493764763919
0.522740915152
1.0
0.493764763919
0.522740915152
1.0
0.493773112978
0.522330534857
0.869122064733
0.494135236602
0.5220657696
1.0
0.493887095307
0.521669923736
1.0
0.493787043481
0.52093455872
1.0
0.494112790039
0.520131819091
1.0
0.494256389726
0.519292532582
1.0
0.494023456875
0.519935481015
0.961779151125
0.494005646424
0.519793244897
0.961779151125
0.493925553297
0.519490421777
0.961779151125
0.49391261096
0.518514682016
1.0
0.49342046224
0.517049183673
1.0
0.493424210806
0.516245191043
1.0
0.49334615499
0.516138384213
1.0
0.49326829252
0.51638003029
1.0
0.493325792358
0.516296875831
1.0
0.493325792358
0.516296875831
1.0
0.493325792358
0.516296875831
1.0
0.493546332902
0.516881192875
1.0
0.493240448664
0.516223788013
1.0
0.493039467784
0.515974395214
1.0
0.492665201992
0.516494862364
0.905160322343
0.49220405729
0.516140469516
0.905160322343
0.49220405729
0.516140469516
0.905160322343
0.49221033386
0.515893362353
0.935810599242
0.492341503024
0.51539789203
0.905843745189
0.492111936936
0.515671697635
1.0
0.491920771805
0.515702065002
1.0
0.492041628138
0.515403280647
1.0
0.49213147658
0.514870871119
0.835246988123
0.492860649576
0.514716527185
0.835246988123
0.492860649576
0.514716527185
0.835246988123
0.493065737397
0.513976644618
0.866167806361
0.492275664052
0.513392507984
0.999188586076
0.492872878712
0.514521944115
0.999188586076
0.492993293662
0.514102658543
1.0
0.492578916601
0.513728532471
0.942700526083
0.492673755079
0.51415820812
0.942700526083
0.492673755079
0.51415820812
1.0
0.492160416529
0.513802850464
1.0
0.49292992286
0.513911700054
1.0
0.496591006576
0.51913886889
1.0
0.497706131737
0.51985028523
1.0
0.497706131737
0.51985028523
1.0
0.498402584158
0.523769476935
1.0
0.498831901318
0.52869460506
1.0
0.499482250543
0.529366993624
0.927250468508
0.498416851476
0.528483644518
0.927250468508
0.498753905643
0.526884216738
0.927250468508
0.498584715393
0.526762240867
0.927250468508
0.498584715393
0.526762240867
0.927250468508
0.498728665399
0.526658865852
1.0
0.498580091499
0.525223119903
1.0
0.498873407643
0.523651571212
1.0
0.49866227459
0.522548459401
1.0
0.498396726895
0.522184920135
1.0
0.498265542794
0.521848881109
1.0
0.498265542794
0.521848881109
1.0
0.498371444232
0.521445150205
1.0
0.498426931607
0.521849842216
1.0
0.498697165188
0.520701131123
1.0
0.498736875848
0.520739591122
1.0
0.498623225362
0.521015748691
0.769643708992
0.498452995861
0.522240375328
0.769643708992
0.498925087763
0.521257537626
0.769643708992
0.498925087763
0.521257537626
0.968794134079
0.499319476633
0.525717074962
0.990029846909
0.499133867409
0.524920488439
0.990029846909
0.499310557795
0.524446610015
0.990029846909
0.499663482019
0.523875896772
0.990029846909
0.499663482019
0.523875896772
1.0
0.499412746542
0.523199062668
1.0
0.499597403248
0.523860899177
0.914769298445
0.499987149937
0.523230013785
0.914769298445
0.499987149937
0.523230013785
0.914769298445
0.500105910445
0.523279919879
0.914769298445
0.500239097468
0.523907128966
1.0
0.501298631797
0.524204381201
1.0
0.501298631797
0.524204381201
1.0
0.501298631797
0.524204381201
1.0
0.501432597137
0.524491830677
1.0
0.501601740268
0.524344144814
0.860550762706
0.502398711801
0.524380907313
0.860550762706
0.502420308206
0.524344197864
1.0
0.502844064261
0.523369624146
1.0
0.502983194953
0.523751227175
1.0
0.503387009862
0.523417155125
1.0
0.503622331282
0.523753722774
1.0
0.504021521526
0.523317891204
1.0
0.504021521526
0.523317891204
1.0
0.504673341446
0.52442095315
1.0
0.50487951315
0.524451237232
1.0
0.505515074539
0.524031077486
0.962150454075
0.505829419499
0.523882016023
1.0
0.50601326894
0.523410169074
1.0
0.506147271282
0.523485101016
0.873881267316
0.506553001681
0.523985648456
0.873881267316
0.506553001681
0.523985648456
0.873881267316
0.506940697896
0.523799214139
1.0
0.507149817216
0.523455877245
1.0
0.507597377674
0.523909880828
1.0
0.507952723285
0.524219862698
1.0
0.50905328388
0.525464961355
1.0
0.50946853556
0.525199307284
1.0
0.509915380622
0.525039957083
1.0
0.509915380622
0.525039957083
1.0
0.510164173046
0.524637027133
1.0
0.510603607813
0.52497520944
1.0
0.511593710389
0.522972904836
0.817966213142
0.512656492971
0.523662725112
1.0
0.512946830952
0.523569707844
1.0
0.513248301035
0.524285488129
1.0
0.513248301035
0.524285488129
1.0
0.513646970696
0.524072089701
1.0
0.514478588615
0.524667414943
1.0
0.515145731194
0.523546455694
1.0
0.515751156666
0.524730968581
1.0
0.515986700509
0.525834878757
1.0
0.515986700509
0.525834878757
1.0
0.515986700509
0.525834878757
1.0
0.516845519562
0.526738312024
1.0
0.517127264348
0.527408339131
1.0
0.516910440537
0.527586459221
1.0
0.516775992352
0.528052110465
1.0
0.516111072917
0.52887080552
1.0
0.515933312848
0.529677176492
1.0
0.514950434742
0.530956215671
0.955438746065
0.513370068006
0.531632941527
0.955438746065
0.512350187247
0.534116817405
1.0
0.511480412028
0.53315655089
1.0
0.510602355084
0.535396698498
1.0
0.50914353129
0.535792512753
1.0
0.508082318194
0.538568252534
1.0
0.508082318194
0.538568252534
1.0
0.508082318194
0.538568252534
1.0
0.50772793703
0.538201937492
1.0
0.507203839116
0.538541337958
1.0
0.507163779603
0.539059100134
1.0
0.506561008081
0.539631576424
1.0
0.506114055333
0.541122984217
1.0
0.506044711852
0.541850477045
1.0
0.506202353744
0.542192706344
1.0
0.506029951933
0.543036647746
1.0
0.506029951933
0.543036647746
1.0
0.506177066134
0.543036026546
