0.99
0.526528664604
0.438169356318
0.99
0.551048724058
0.456181296902
0.99
0.55333631201
0.451721114531
0.99
0.575437281575
0.468527899535
0.99
0.575437281575
0.468527899535
0.99
0.582654995143
0.455950253048
0.99
0.588279069039
0.461662263193
0.99
0.599070295415
0.449583388514
0.99
0.599171191685
0.452933563675
0.99
0.610819503987
0.439455674309
0.99
0.610242753013
0.438366265442
0.99
0.622348278441
0.421640672413
0.99
0.622348278441
0.421640672413
0.99
0.621363412888
0.420041849912
0.917625199926
0.622903179337
0.419559063872
0.917625199926
0.622012858736
0.418513832514
0.925266570158
0.623066621934
0.418397911051
0.925266570158
0.622710911172
0.418523684411
0.935165031331
0.622350340495
0.41867195183
0.935165031331
0.622157000057
0.418424974321
0.956183244957
0.621894706894
0.419221074515
0.956183244957
0.621894706894
0.419221074515
0.956183244957
0.62184552853
0.420218912351
0.974153531802
0.621501119582
0.42068921839
0.974153531802
0.62142781537
0.420524371923
0.909555265921
0.621322739927
0.420123944312
0.909555265921
0.621334450966
0.420363814824
0.924123580784
0.621484131068
0.419933034762
0.924123580784
0.621132270594
0.419943609413
0.941311646034
0.621049516496
0.418950903373
0.941311646034
0.620857521127
0.418854603097
0.941311646034
0.620857521127
0.418854603097
0.928337788405
0.621518609507
0.418260090349
0.928337788405
0.621556947605
0.418724714712
0.904794436176
0.621673525661
0.41873488957
0.904794436176
0.621464144205
0.419702858202
0.863528244391
0.621641446389
0.419294484995
0.863528244391
0.621799551537
0.419587729227
0.919488066931
0.622342191726
0.42027314112
0.919488066931
0.622243228338
0.42048836065
0.919488066931
0.622243228338
0.42048836065
0.910617619699
0.622452715922
0.421298669799
0.910617619699
0.622486173202
0.422120713513
0.936597018206
0.623023958925
0.421689689403
0.936597018206
0.623308609719
0.422053480605
0.896782700136
0.62274930135
0.422377299483
0.896782700136
0.621568877503
0.420335582001
0.904234247762
0.622027769383
0.420404822711
0.904234247762
0.622027769383
0.420404822711
0.904234247762
0.615483094365
0.414687238696
0.910338590334
0.615664373267
0.414415433836
0.910338590334
0.603484465421
0.406443403782
0.903289711821
0.603543207139
0.406458356145
0.903289711821
0.601371488095
0.407943894958
0.870178234069
0.601799570623
0.408130139376
0.870178234069
0.599719280518
0.405472075012
1.0
0.601104353712
0.404515621507
1.0
0.601104353712
0.404515621507
1.0
0.600904642391
0.404647303953
0.99
0.593804326399
0.413380335368
0.99
0.593438196332
0.411992827503
1.0
0.589692607274
0.415880224735
1.0
0.588603390235
0.414039163556
1.0
0.588694869512
0.414013648687
1.0
0.588616781613
0.413693509636
1.0
0.589335773532
0.413424227775
1.0
0.589166379752
0.412882138433
1.0
0.589166379752
0.412882138433
1.0
0.589594424768
0.41285636186
1.0
0.590285042349
0.4137704127
1.0
0.59042727479
0.413684256969
1.0
0.590615396684
0.413617868366
1.0
0.590880986672
0.413371825891
1.0
0.591016816999
0.413013578182
1.0
0.591341585109
0.413312155911
1.0
0.5918128284
0.414757342271
1.0
0.5918128284
0.414757342271
1.0
0.592027417103
0.414809968764
1.0
0.59217681785
0.414572111112
1.0
0.592399504061
0.414500617759
1.0
0.592641594197
0.415215517394
1.0
0.592944420986
0.41509923493
1.0
0.593148969883
0.415199197823
1.0
0.593250304978
0.415393530716
1.0
0.593250304978
0.415393530716
1.0
0.593170906859
0.414774033694
1.0
0.593448869574
0.414629261767
1.0
0.593920329462
0.414968799621
1.0
0.59439249275
0.415003213292
1.0
0.591569921481
0.413211789606
1.0
0.591664469964
0.413585530365
1.0
0.592263141421
0.414388205095
1.0
0.592270071151
0.414253278357
1.0
0.5923397944
0.414485370554
1.0
0.5923397944
0.414485370554
1.0
0.592670778594
0.414523119976
1.0
0.592666564331
0.41473664877
1.0
0.59281625716
0.414617026157
1.0
0.593010737435
0.414017291701
1.0
0.593063711641
0.41405906861
1.0
0.592926434695
0.414640108914
1.0
0.592940743191
0.414894592453
1.0
0.592940743191
0.414894592453
1.0
0.593071905493
0.414849300816
1.0
0.59327304764
0.414694788273
1.0
0.593307640095
0.41401351973
1.0
0.593356305824
0.414212092563
1.0
0.592848786475
0.413896837639
1.0
0.592869234652
0.413624915762
1.0
0.592273265851
0.412521786405
1.0
0.592340828163
0.412892731393
1.0
0.592103958982
0.413242055556
1.0
0.592103958982
0.413242055556
1.0
0.592131238176
0.413235414683
1.0
0.591721094706
0.413414057837
1.0
0.591743857985
0.413776109544
1.0
0.591327225825
0.412750340974
1.0
0.591194930237
0.413115488012
1.0
0.590623091258
0.412785399458
1.0
0.590549673261
0.412883369617
1.0
0.589894362043
0.411886065142
1.0
0.589894362043
0.411886065142
1.0
0.589878642639
0.412336614302
1.0
0.589566578835
0.413255909197
1.0
0.589448359362
0.413599575184
1.0
0.588761471788
0.411876347448
1.0
0.588726095601
0.412172034852
1.0
0.587479305974
0.412422598063
1.0
0.587293478488
0.412673577225
1.0
0.587293478488
0.412673577225
1.0
0.586898249313
0.412356244844
1.0
0.58667080207
0.412818384065
1.0
0.585759947153
0.413077788331
1.0
0.585494277214
0.413609702452
1.0
0.584997035997
0.414145380136
1.0
0.584682646233
0.414983429723
1.0
0.584042220761
0.41521599311
1.0
0.583790588014
0.41549115989
1.0
0.582419041066
0.413913501694
1.0
0.582419041066
0.413913501694
1.0
0.582147631904
0.414530314248
1.0
0.581624692162
0.415287030238
1.0
0.581300006858
0.416278284435
1.0
0.580577110547
0.41661785821
1.0
0.580144547213
0.41786983872
1.0
0.579496705759
0.417712494095
1.0
0.57915781778
0.418181948376
1.0
0.57915781778
0.418181948376
1.0
0.578568406026
0.418215161494
1.0
0.578170286238
0.419306685122
1.0
0.577885626694
0.420000083875
1.0
0.577095873254
0.421318697961
0.880138308572
0.575733285357
0.417943190112
0.880138308572
0.575200469454
0.419138154679
0.880138308572
0.575200469454
0.419138154679
