1.0
0.504288703736
0.462026148077
1.0
0.504463563193
0.461313944427
1.0
0.504424004043
0.46096706471
1.0
0.504320368237
0.46148964047
1.0
0.50429268044
0.462686629548
1.0
0.50429268044
0.462686629548
1.0
0.504037820671
0.463210564446
1.0
0.504153102363
0.46298782494
1.0
0.50413974585
0.463263376344
1.0
0.503740247465
0.463481274777
1.0
0.503612492446
0.464193648486
1.0
0.503426882826
0.463623144924
1.0
0.503427424787
0.464231382593
1.0
0.503169527618
0.464258742792
1.0
0.502984918339
0.464523339038
1.0
0.502984918339
0.464523339038
1.0
0.501956125729
0.463741534822
1.0
0.501871047588
0.464048052283
1.0
0.501208135648
0.462822207752
1.0
0.500974609381
0.463432920355
1.0
0.500524667144
0.463683146942
1.0
0.500323566496
0.464091461157
1.0
0.499783286818
0.463888854782
1.0
0.49939880251
0.464337311053
1.0
0.49939880251
0.464337311053
1.0
0.498419229092
0.462981813866
1.0
0.498139248176
0.463127201008
1.0
0.497619741237
0.462539039266
1.0
0.497264989595
0.462845699547
1.0
0.496196839715
0.46166219439
1.0
0.495611871906
0.462710903784
1.0
0.495611871906
0.462710903784
1.0
0.494889145445
0.461076406036
1.0
0.494720551817
0.460816080584
1.0
0.493724298675
0.459350291353
1.0
0.493454659631
0.459428041433
1.0
0.49245952952
0.45868187035
1.0
0.492163659914
0.459118891606
1.0
0.491618019907
0.458184359772
1.0
0.491051076028
0.458238669622
1.0
0.490591609119
0.457803462329
1.0
0.490206054275
0.457439143013
1.0
0.490206054275
0.457439143013
1.0
0.489765484188
0.45734088148
1.0
0.489606881388
0.457720972271
1.0
0.48930953354
0.457164190118
1.0
0.488924889562
0.457250645825
1.0
0.48829944755
0.456914090549
1.0
0.487958223712
0.457096218381
1.0
0.487958223712
0.457096218381
1.0
0.487533139029
0.455782954546
1.0
0.487286309714
0.456091231913
1.0
0.486660738728
0.456107254883
1.0
0.486493884163
0.45639902979
1.0
0.486623754181
0.455728335166
1.0
0.486508267201
0.455820500407
1.0
0.486516194296
0.455958930676
1.0
0.486299784715
0.455919116794
1.0
0.486008561648
0.455666050209
1.0
0.486008561648
0.455666050209
1.0
0.486056463357
0.455179911176
1.0
0.486065947009
0.45497561911
1.0
0.486000068905
0.454925130082
1.0
0.48585906325
0.455356659879
1.0
0.485855836517
0.455539499571
1.0
0.48578058431
0.454751689572
1.0
0.485669244703
0.454551050708
1.0
0.485593338128
0.454879202528
1.0
0.485669543447
0.454627887537
1.0
0.485669543447
0.454627887537
1.0
0.485582001104
0.454171053796
1.0
0.485425275975
0.454173317226
1.0
0.485327414289
0.453766856854
1.0
0.485414781213
0.453612788284
1.0
0.485752580524
0.453633638531
1.0
0.485675122986
0.45330804145
1.0
0.485338871399
0.45336008118
1.0
0.485338871399
0.45336008118
1.0
0.48514429813
0.45346283555
1.0
0.485365976222
0.453629911375
1.0
0.485397275877
0.453284336786
1.0
0.485652291702
0.453635613091
1.0
0.485615893425
0.453450079619
1.0
0.485706740459
0.453550067412
1.0
0.485824714516
0.453230978385
1.0
0.485941840043
0.453338051278
1.0
0.485902940083
0.453583312505
1.0
0.485902940083
0.453583312505
1.0
0.486170288323
0.453598218629
1.0
0.486274835476
0.453696476335
1.0
0.48654587532
0.454123721177
1.0
0.486490229867
0.453944317831
1.0
0.486492378656
0.4533716615
1.0
0.486584466624
0.453575286004
1.0
0.486489762227
0.453463342478
1.0
0.486625045089
0.45331906646
1.0
0.486625045089
0.45331906646
1.0
0.48677294694
0.45357953543
1.0
0.486967246065
0.453542033296
1.0
0.487157939225
0.453082412807
1.0
0.487263726357
0.452742559825
1.0
0.487113344638
0.452015374764
1.0
0.487298946782
0.451622196332
1.0
0.487501451379
0.451084841358
1.0
0.487501451379
0.451084841358
1.0
0.487709383769
0.450500466828
1.0
0.487430931141
0.449731395464
1.0
0.487544140121
0.449098420059
1.0
0.487932954971
0.449148725533
1.0
0.48827186984
0.448595007581
1.0
0.488428603922
0.448583128269
1.0
0.488791668001
0.447201515977
1.0
0.488791668001
0.447201515977
1.0
0.488820401276
0.447004502074
1.0
0.488924417879
0.44643878407
1.0
0.489419335498
0.446138263915
1.0
0.489650175014
0.445528716007
1.0
0.489782623328
0.445052096784
1.0
0.48985583527
0.444448879425
1.0
0.490150915907
0.444232392654
1.0
0.490438678127
0.443087352076
1.0
0.490836923327
0.443188087454
1.0
0.490836923327
0.443188087454
1.0
0.491233181416
0.442273267325
1.0
0.491479406561
0.442513126909
1.0
0.491764254714
0.441721699166
1.0
0.49217370151
0.441726796779
1.0
0.492674644324
0.4406159153
1.0
0.493715105992
0.441147143114
1.0
0.494082492899
0.439971805931
1.0
0.494739158592
0.44115276835
1.0
0.495018775183
0.440273855347
1.0
0.495018775183
0.440273855347
1.0
0.49588124205
0.440928161641
1.0
0.496301549564
0.439852588631
1.0
0.496789255458
0.440619701688
1.0
0.497355550127
0.43961824325
1.0
0.497711627122
0.44019300887
1.0
0.498062958488
0.439657855731
1.0
0.498062958488
0.439657855731
1.0
0.498561715959
0.440528998287
1.0
0.498927248754
0.440344526165
1.0
0.499558657318
0.441293938125
1.0
0.50006948131
0.441084951952
1.0
0.500607439507
0.441890320526
1.0
0.501259710564
0.440884933949
1.0
0.502279828882
0.441686392616
1.0
0.50246742074
0.441787795018
1.0
0.502713122929
0.442506020495
1.0
0.502713122929
0.442506020495
1.0
0.502984368185
0.442530883562
1.0
0.504090323485
0.443319938355
1.0
0.504581001481
0.443022709929
1.0
0.511485728961
0.445149896103
1.0
0.512002418643
0.444548135324
0.99
0.525999668208
0.447524330326
0.99
0.52657470765
0.447327125491
1.0
0.532981261811
0.450139835484
1.0
0.533417056127
0.450205498124
1.0
0.533417056127
0.450205498124
1.0
0.532533778893
0.447331844864
1.0
0.534307630665
0.443661847232
1.0
0.532441089387
0.441499049093
0.99
0.538031439321
0.427644935076
0.99
0.53750003686
0.427897206688
0.935309538006
0.540329866167
0.421122489239
0.935309538006
0.540642954255
0.421630957343
0.935309538006
0.540642954255
0.421630957343
0.877972586049
0.540956353839
0.420129097987
0.877972586049
0.540711696592
0.420358997158
0.926525003127
0.54110588034
0.417155528833
0.926525003127
0.540801382503
0.417252961733
0.979983812561
0.541492436614
0.415387724245
0.979983812561
0.541147401755
0.416165010612
0.965420373404
0.541582344189
0.415412627612
0.965420373404
0.541582344189
0.415412627612
0.965420373404
0.540848794706
0.415719808204
1.0
0.542249181485
0.41339628037
1.0
0.541634594337
0.413428598583
1.0
0.543017794271
0.411637173404
1.0
0.542429623279
0.411251428231
1.0
0.543821544159
0.410192486236
1.0
0.543609452879
0.410543057831
1.0
0.54387844821
0.410671004303
1.0
0.543892279764
0.410736370489
1.0
0.543892279764
0.410736370489
1.0
0.543999037645
0.410852783237
1.0
0.54366303259
0.409873320404
1.0
0.54381002017
0.410124168632
1.0
0.543519731187
0.409713474953
1.0
0.543837027435
0.409651246114
1.0
0.543694903485
0.409222011798
1.0
0.543752338179
0.409348137129
1.0
0.543491211502
0.408799500374
1.0
0.543491211502
0.408799500374
1.0
0.543936855386
0.408015795067
1.0
0.5436607303
0.408351643765
1.0
0.544029879444
0.407525700862
1.0
0.543892304139
0.408062074632
1.0
0.544143381185
0.408197347138
1.0
0.543978609362
0.408856998359
1.0
0.544313944542
0.408309596196
1.0
0.543916709786
0.408825216882
1.0
0.544182535497
0.409003359966
1.0
0.544182535497
0.409003359966
1.0
0.543679526654
0.409399439563
1.0
0.54399229046
0.409367735828
1.0
0.543569719685
0.409908991297
1.0
0.544035172395
0.409821805234
1.0
0.543631695566
0.409666905854
1.0
0.544288767542
0.41005008662
1.0
0.543680590147
0.409779681469
1.0
0.543680590147
0.409779681469
1.0
0.544309965234
0.409458166097
1.0
0.544229392681
0.409199820298
1.0
0.544732048896
0.408765978335
1.0
0.54469733056
0.408542967965
1.0
0.545137771064
0.40847110608
1.0
0.545222776964
0.408428954692
1.0
0.545604174174
0.408745165806
1.0
0.546144991934
0.408645900274
1.0
0.546144991934
0.408645900274
1.0
0.546444259289
0.408154633904
1.0
0.547034184943
0.407226426606
1.0
0.547479724011
0.406740736288
1.0
0.548115789425
0.405880528992
1.0
0.548704504134
0.404356636564
1.0
0.549661836509
0.403706045603
1.0
0.550101019639
0.402094265841
1.0
0.550101019639
0.402094265841
1.0
0.550977606041
0.401338315883
1.0
0.551639239994
0.399363135611
1.0
0.552593216398
0.397856509956
1.0
0.553302838599
0.395646699535
1.0
0.554260352652
0.394600699301
1.0
0.555095296119
0.392671050973
1.0
0.556192260399
0.391811254342
1.0
0.556903649334
0.388974814005
1.0
0.557976780444
0.387732037584
1.0
0.557976780444
0.387732037584
1.0
0.558443331933
0.38551773872
1.0
0.559447397259
0.384686085078
1.0
0.560281143943
0.381420898909
1.0
0.56111851493
0.381216394887
1.0
0.561701200869
0.378476183383
1.0
0.563134167486
0.377535269076
1.0
0.563714895405
0.375016251581
1.0
0.563714895405
0.375016251581
1.0
0.564754991324
0.374163735908
1.0
0.565415291631
0.372017691325
1.0
0.565969902594
0.371088298116
1.0
0.567031156182
0.368603596496
1.0
0.568353226665
0.367145394124
1.0
0.569008990506
0.365189891266
1.0
0.574243061529
0.365410840972
1.0
0.574917891019
0.362643538064
1.0
0.582675904284
0.363671515616
1.0
0.582675904284
0.363671515616
1.0
0.583375377688
0.361318621904
1.0
0.589042008164
0.361071025186
1.0
0.589808416004
0.358598705535
1.0
0.593051360972
0.356580501573
1.0
0.594361988115
0.351673213203
1.0
0.594442581481
0.34797119997
1.0
0.597918391584
0.336819708829
1.0
0.598098485687
0.334457040481
1.0
0.598098485687
0.334457040481
1.0
0.602111676598
0.322531273405
1.0
0.602783715212
0.320979810032
1.0
0.605109154987
0.312819295336
1.0
0.605785723564
0.31185007833
1.0
0.606308272208
0.307226680822
1.0
0.606498231664
0.305622547556
1.0
0.607055654932
0.302244661662
1.0
0.607532972367
0.300504831323
1.0
0.607532972367
0.300504831323
1.0
0.608169565613
0.297761230067
1.0
0.60820938282
0.29561798232
1.0
0.608777816414
0.293095685019
1.0
0.609186256646
0.291972758354
1.0
0.609606653185
0.290113641239
1.0
0.609792384549
0.288649568824
1.0
0.610182086161
0.286253416843
1.0
0.610538221083
0.284967347351
1.0
0.610538221083
0.284967347351
1.0
0.610679164686
0.283284602907
1.0
0.611088497398
0.28158793913
1.0
0.611390947629
0.279267217666
1.0
0.611712038229
0.277814085976
1.0
0.611999286178
0.275877654324
1.0
0.61185276845
0.273949458666
1.0
0.612202018576
0.270986427528
1.0
0.612202018576
0.270986427528
1.0
0.612728061292
0.269926431978
1.0
0.613034082346
0.26815615191
1.0
0.612770457364
0.265004575578
1.0
0.613178924182
0.262437533835
1.0
0.613026709992
0.259908538501
1.0
0.61352370438
0.256984627067
1.0
0.61295290207
0.252652562437
1.0
0.612958267155
0.25053721572
1.0
0.612866206122
0.248279550682
1.0
0.612866206122
0.248279550682
1.0
0.612951784379
0.245760330537
1.0
0.613179203952
0.243305707966
1.0
0.613345847689
0.24036150844
1.0
0.613685869726
0.23893121493
1.0
0.613856435111
0.235948860871
1.0
0.613742265884
0.23341929764
1.0
0.613674386809
0.231307263379
1.0
0.613674386809
0.231307263379
1.0
0.613368792643
0.22889790749
1.0
0.613666902139
0.225352941539
1.0
0.61442825466
0.225018124757
1.0
0.614641344092
0.222423259585
1.0
0.614640810806
0.220450663923
1.0
0.614814266255
0.218093292351
1.0
0.614818008769
0.216523514741
1.0
0.614756871629
0.214067207366
1.0
0.614756871629
0.214067207366
1.0
0.614063403387
0.211528631516
1.0
0.614125998241
0.209439642616
1.0
0.61348117547
0.206999953825
1.0
0.613431386823
0.203786269236
1.0
0.61275997725
0.201336308762
1.0
0.612776797406
0.199439919567
1.0
0.612252277023
0.198016396756
1.0
0.61197782832
0.196399097009
1.0
0.61197782832
0.196399097009
1.0
0.611616097932
0.195342604053
1.0
0.611487213588
0.193819295282
1.0
0.610901983009
0.192324306625
1.0
0.610614698372
0.19056415852
1.0
0.610221844713
0.189357434381
1.0
0.609966792565
0.187829853808
1.0
0.609454238903
0.186677302629
1.0
0.608966078082
0.185840935819
1.0
0.608966078082
0.185840935819
1.0
0.608102982998
0.184599170611
1.0
0.607796804778
0.184032046923
1.0
0.607135433855
0.183078913382
1.0
0.606732832576
0.181743992358
1.0
0.605585202504
0.180495135981
1.0
0.605482655129
0.179644285682
1.0
0.604890128674
0.179300362187
1.0
0.604594920703
0.1794671793
1.0
0.60348727106
0.178505639866
1.0
0.60348727106
0.178505639866
1.0
0.602911071855
0.179808600452
1.0
0.601106351319
0.181886407881
1.0
0.600622391304
0.182322839315
0.99
0.589694329778
0.173709943514
0.99
0.589483552009
0.17483179336
0.99
0.586311855235
0.194593158294
0.99
0.585795362837
0.195820788418
0.99
0.585795362837
0.195820788418
0.99
0.580543178667
0.20654179737
0.99
0.578588031818
0.211685921517
0.99
0.575937796537
0.220110025686
0.99
0.570256912506
0.239361349262
0.99
0.570838235144
0.246202409154
0.99
0.564465876591
0.270407265107
0.99
0.565341230487
0.278684696124
0.99
0.560781995888
0.30357184432
0.99
0.560781995888
0.30357184432
0.99
0.561179211638
0.306648935908
0.99
0.559003746524
0.323018654776
0.99
0.559834325569
0.326374948948
1.0
0.559441355908
0.334737137029
1.0
0.558964033521
0.334796962129
1.0
0.559126318768
0.34158152082
1.0
0.559078564046
0.343482376449
1.0
0.559346298254
0.345941521692
1.0
0.559226469775
0.346502570865
1.0
0.559226469775
0.346502570865
1.0
0.559180367696
0.347455886732
1.0
0.559078153022
0.348346314818
1.0
0.559192118454
0.349042400878
1.0
0.558977467765
0.350217897624
1.0
0.55910937346
0.3508977859
1.0
0.558934301821
0.352551417428
1.0
0.559015029768
0.353685237282
1.0
0.559015029768
0.353685237282
1.0
0.558728955425
0.354783291849
1.0
0.558729057049
0.355842894678
1.0
0.558234800841
0.356640253138
1.0
0.558047729235
0.357990230206
1.0
0.558172870321
0.360198291898
1.0
0.557949175177
0.362419666888
1.0
0.557580885777
0.363577385497
1.0
0.557274339445
0.365140637887
1.0
0.557274339445
0.365140637887
1.0
0.55752821003
0.367822088991
1.0
0.557260122769
0.369342450179
1.0
0.557018947412
0.370811757725
1.0
0.556738364082
0.373402566347
1.0
0.556848648572
0.376099240906
1.0
0.556397355519
0.378642949844
1.0
0.55616789327
0.380650069748
1.0
0.555833593443
0.38358845476
1.0
0.557388539985
0.384070091855
1.0
0.557388539985
0.384070091855
1.0
0.557254809752
0.385982218639
1.0
0.565457778296
0.387519815679
1.0
0.565036796218
0.390277993847
0.99
0.577496258163
0.393370716695
0.99
0.577125455973
0.395851645182
1.0
0.579538154155
0.393552173353
1.0
0.579297747399
0.395276051012
1.0
0.579297747399
0.395276051012
1.0
0.578955592079
0.391687699573
1.0
0.581861278681
0.382892457192
1.0
0.580370107542
0.380854434383
0.970554805292
0.58264593871
0.371112120875
0.970554805292
0.582252408255
0.371863963234
0.861795373355
0.583682958137
0.366402627205
0.861795373355
0.583267393729
0.36805054062
0.895362253663
0.582613358074
0.365931897269
0.895362253663
0.581828676643
0.366294860524
0.895362253663
0.581828676643
0.366294860524
0.893662973006
0.581363224414
0.365775173713
0.893662973006
0.580708425867
0.366909824322
0.946257289025
0.579804514657
0.368508628414
0.946257289025
0.579277355466
0.36913852429
0.905623957016
0.578963606756
0.370047887153
0.905623957016
0.578418009752
0.37088762735
0.974754743572
0.577791277686
0.373000458466
0.974754743572
0.577791277686
0.373000458466
0.974754743572
0.577512501974
0.373446062451
0.970085326045
0.576778315487
0.375856800906
0.970085326045
0.576562663433
0.376364526362
0.900662179833
0.576311519446
0.377144585998
0.900662179833
0.576186739284
0.378219513164
0.914117191174
0.576036140468
0.378926678929
0.914117191174
0.57576039541
0.378950403111
1.0
0.575124644501
0.381326589223
1.0
0.575124644501
0.381326589223
1.0
0.574922259558
0.381640851788
0.986339100062
0.574555039008
0.382830951296
0.986339100062
0.574209423524
0.382807926701
0.932403045378
0.573983735181
0.383606063139
0.932403045378
0.573710525025
0.383695954731
0.936880439221
0.573053826213
0.385509024791
0.936880439221
0.572759373515
0.385386849446
0.916501847829
0.57319568292
0.386297904292
0.916501847829
0.572933645454
0.386055612428
0.916501847829
0.572933645454
0.386055612428
0.957748214602
0.573039024896
0.386178742161
0.957748214602
0.573081493676
0.38628308884
1.0
0.574374937593
0.384993880863
1.0
0.574174211805
0.385040422658
1.0
0.575466888052
0.384401412789
1.0
0.575384621516
0.384370381379
1.0
0.575257202301
0.384995783719
1.0
0.575257202301
0.384995783719
1.0
0.575034650905
0.385281396135
1.0
0.574705624582
0.385971211006
1.0
0.574620693621
0.385787998619
1.0
0.574274538793
0.386913084024
1.0
0.57434681871
0.387182573335
1.0
0.574192086963
0.387417474767
1.0
0.573785686314
0.38725920227
1.0
0.573521082397
0.387759063747
1.0
0.573521082397
0.387759063747
1.0
0.573401636876
0.387584724196
1.0
0.573330491754
0.388347853959
1.0
0.573334560706
0.388658487975
1.0
0.572941798496
0.389089119631
1.0
0.572759736053
0.388983136834
1.0
0.572388139283
0.390392659463
1.0
0.572548522584
0.390253138574
1.0
0.572231144218
0.390400204538
1.0
0.572231144218
0.390400204538
1.0
0.572039373381
0.39005719804
1.0
0.57159642378
0.390840938338
1.0
0.571713008895
0.39127529962
1.0
0.571428027559
0.391597337313
1.0
0.571466775276
0.391049368436
1.0
0.571122903757
0.392025379863
1.0
0.571113733526
0.391577782358
1.0
0.570882319077
0.391935743135
1.0
0.570882319077
0.391935743135
1.0
0.570927898151
0.391506072628
1.0
0.570554276723
0.391898924718
1.0
0.570594430078
0.391607476159
1.0
0.570259955206
0.391882148506
1.0
0.570178260458
0.391167726372
1.0
0.569613794614
0.391770215354
1.0
0.569472779909
0.391184964601
1.0
0.569093555976
0.391930602141
1.0
0.569093555976
0.391930602141
1.0
0.569155368122
0.391985780706
1.0
0.568819246843
0.392192447508
1.0
0.568813366489
0.392250354737
1.0
0.568501772278
0.392202192306
1.0
0.568667119947
0.391947972498
1.0
0.56830565818
0.392559049227
1.0
0.568714491775
0.392892746237
1.0
0.568138785303
0.393663405302
1.0
0.568138785303
0.393663405302
1.0
0.56839277578
0.393775613469
1.0
0.568240736783
0.394019269639
1.0
0.568279019847
0.393846604862
1.0
0.567973852022
0.394572629246
1.0
0.56805070546
0.393511466227
1.0
0.567909339825
0.393852811999
1.0
0.568334754766
0.39350984106
1.0
0.568334754766
0.39350984106
1.0
0.568264108182
0.39397929404
1.0
0.56822452638
0.39342341183
1.0
0.567987775689
0.393330529895
1.0
0.5683223146
0.393097670084
1.0
0.568433369166
0.392569590606
1.0
0.568737646435
0.392612003263
1.0
0.568530258892
0.392760432383
1.0
0.568897004789
0.391626524119
1.0
0.568725894816
0.391149055075
1.0
0.568725894816
0.391149055075
1.0
0.568777330836
0.39053711494
1.0
0.568775036784
0.390351783298
1.0
0.568981817008
0.389816231652
1.0
0.568966110395
0.389180117659
1.0
0.569003734186
0.388893506575
1.0
0.569045746295
0.388427521797
1.0
0.569531142568
0.388101347774
1.0
0.569531142568
0.388101347774
1.0
0.569663331917
0.38709166323
1.0
0.570013556915
0.38700433295
1.0
0.570014053766
0.387040299469
1.0
0.57028407118
0.386864532096
1.0
0.570260168139
0.386676892495
1.0
0.570634424053
0.386484474792
1.0
0.570605534841
0.3858093447
1.0
0.571266966848
0.385907481503
1.0
0.571309688433
0.385856953215
1.0
0.571833960604
0.386172554552
1.0
0.571833960604
0.386172554552
1.0
0.571982482881
0.385458301416
1.0
0.572104575236
0.384306811664
1.0
0.572010627913
0.384057311999
1.0
0.572151899445
0.383362088001
1.0
0.572248406405
0.382673951071
1.0
0.572455544962
0.38188594896
1.0
0.572641467988
0.381074882125
1.0
0.572641467988
0.381074882125
1.0
0.572912051849
0.380969181575
1.0
0.572976244606
0.380592233461
1.0
0.573327844171
0.380645650395
1.0
0.573446860099
0.379976098701
1.0
0.573656092645
0.380177012219
1.0
0.573803182896
0.37934636381
1.0
0.573698180849
0.379177260175
1.0
0.573742935071
0.378700510821
1.0
0.573742935071
0.378700510821
1.0
0.574306468857
0.3794586862
1.0
0.574313730496
0.379616088144
1.0
0.574312599358
0.378606378661
1.0
0.574407489661
0.378175157803
1.0
0.574383959441
0.378538373485
1.0
0.57426503972
0.378746872443
1.0
0.574592851283
0.379492165555
1.0
0.574688993076
0.379130270489
1.0
0.574688993076
0.379130270489
1.0
0.574677597756
0.37898574933
1.0
0.574600294029
0.378944718877
1.0
0.574703878758
0.378967797876
1.0
0.574791976752
0.378931100892
1.0
0.574741829891
0.378786727533
1.0
0.574769572535
0.378655719596
1.0
0.5746035031
0.378640372418
1.0
0.5746035031
0.378640372418
1.0
0.574651366666
0.378466252699
1.0
0.574813859319
0.379173702146
1.0
0.574867358815
0.378963783528
1.0
0.574834937306
0.379271250359
1.0
0.574927123935
0.378738360392
1.0
0.574844539238
0.379019996277
1.0
0.574806076806
0.378914407397
1.0
0.574716179359
0.379172625184
1.0
0.574602386219
0.379283144025
1.0
0.574602386219
0.379283144025
1.0
0.574435639697
0.379384730375
1.0
0.574466349649
0.37954868339
1.0
0.574074731022
0.379958875736
1.0
0.573948186906
0.380223059367
1.0
0.573498932385
0.379634010759
1.0
0.573430601121
0.38012431069
1.0
0.572550406471
0.379478054088
1.0
0.572417368111
0.379625656868
1.0
0.572417368111
0.379625656868
1.0
0.571878355512
0.379490325588
1.0
0.571618956374
0.379877644515
1.0
0.571430498211
0.380377718704
1.0
0.571286801735
0.381077167405
1.0
0.570361571568
0.380123951528
1.0
0.569980994192
0.380800716778
1.0
0.572667095479
0.383399816879
1.0
0.572430426767
0.383601836793
1.0
0.572430426767
0.383601836793
1.0
0.571986399239
0.383297148211
1.0
0.571425699061
0.384589463356
1.0
0.57071793439
0.384341382206
1.0
0.570342151871
0.385095877498
1.0
0.570101830924
0.385593150597
1.0
0.569774060808
0.38641810644
1.0
0.56914626989
0.385818960895
1.0
0.56914626989
0.385818960895
1.0
0.568492419683
0.386820005626
1.0
0.567994310264
0.386986518126
1.0
0.56768358287
0.387979771384
1.0
0.567320225298
0.388092857413
1.0
0.566799458159
0.38919320896
1.0
0.566585555929
0.389875477677
1.0
0.566244371989
0.390774834226
1.0
0.565501129898
0.390521055875
1.0
0.565320469046
0.390997778934
1.0
0.565320469046
0.390997778934
1.0
0.564855142895
0.390927162793
1.0
0.56436036977
0.392015820851
1.0
0.563963354667
0.392007527053
1.0
0.563497052365
0.393031156909
1.0
0.562923982598
0.392153133649
1.0
0.562727550558
0.3928010911
1.0
0.56221322642
0.392233255607
1.0
0.56221322642
0.392233255607
1.0
0.562072226601
0.393221044076
1.0
0.561792494753
0.392886180342
1.0
0.561235067741
0.393393858436
1.0
0.56055467219
0.392631401974
1.0
0.560391969559
0.392880320046
1.0
0.559794932938
0.392364123704
1.0
0.559453012948
0.393193382038
1.0
0.558693784225
0.393230786915
1.0
0.558175724024
0.39351465022
1.0
0.558175724024
0.39351465022
1.0
0.558177671005
0.393787679996
1.0
0.557890290199
0.39388797747
1.0
0.562263021925
0.399221974975
1.0
0.561932607982
0.399778913554
1.0
0.569718904113
0.411976757589
1.0
0.569396193756
0.41235110727
0.99
0.58087386461
0.432852963849
0.99
0.580499101427
0.433464083977
0.99
0.580499101427
0.433464083977
0.99
0.588787396383
0.449050994014
0.99
0.589191419704
0.449695800307
1.0
0.591557718464
0.457622442416
1.0
0.593968301179
0.459855523384
1.0
0.596837524207
0.470137461105
0.99
0.601670748932
0.476081700576
0.99
0.602976456677
0.48245262385
0.99
0.607973859915
0.48653891905
0.99
0.607973859915
0.48653891905
0.99
0.607576503105
0.486015469829
1.0
0.608378675644
0.490041066777
1.0
0.607771412168
0.489107548718
0.930334084023
0.607617771215
0.492665318688
0.930334084023
0.607285898989
0.49216624666
0.930115498239
0.607367197835
0.495566841681
0.930115498239
0.606888734141
0.494575469919
0.867180248879
0.606961512172
0.4950503106
0.867180248879
0.606961512172
0.4950503106
0.867180248879
0.606542361536
0.494189609372
0.879208969758
0.606449659776
0.495216746207
0.879208969758
0.606307395691
0.494285946806
0.892760487969
0.606277821858
0.496591040934
0.892760487969
0.605944175691
0.495651651588
0.943170368757
0.606056081759
0.496653210043
0.943170368757
0.605401277691
0.495465532476
1.0
0.605758383184
0.496955295895
1.0
0.605758383184
0.496955295895
1.0
0.605489452781
0.496938192338
1.0
0.605725804723
0.496835987122
1.0
0.605198663018
0.495761528585
1.0
0.605671021395
0.495214325854
1.0
0.605219528806
0.494619092445
1.0
0.606500794186
0.493966059934
1.0
0.606032175603
0.493680927921
1.0
0.605955511312
0.493591576164
1.0
0.605955511312
0.493591576164
1.0
0.605766915292
0.494258394133
1.0
0.605500855769
0.494310591132
1.0
0.605122666856
0.493771806602
1.0
0.605014380124
0.493854773565
1.0
0.604466131566
0.493649733501
1.0
0.604178605368
0.493949799625
1.0
0.603921766925
0.493625116198
1.0
0.603811908866
0.493887290495
1.0
0.603811908866
0.493887290495
1.0
0.603700620092
0.493622752935
1.0
0.603489485295
0.49386580031
1.0
0.602838284186
0.493135909747
1.0
0.602574656921
0.493379696776
1.0
0.602269183952
0.493017655191
1.0
0.60206186185
0.493242484917
1.0
0.60206186185
0.493242484917
1.0
0.601474264882
0.491962580998
1.0
0.601374713651
0.491620257445
1.0
0.601080559281
0.491138339713
1.0
0.600890494662
0.491308676692
1.0
0.600513207462
0.49041591136
1.0
0.600295084668
0.490117715593
1.0
0.600513596233
0.491592167203
1.0
0.600185942018
0.491644497437
1.0
0.599530178397
0.489496895479
1.0
0.598880510595
0.490245358911
1.0
0.598880510595
0.490245358911
1.0
0.600123096722
0.490826522277
1.0
0.599685349104
0.490481783973
0.924789010921
0.60105848594
0.492437510893
0.924789010921
0.600584720458
0.493027236338
0.739357634676
0.555683357535
0.440046810612
0.739357634676
0.555025138496
0.440678891716
0.739357634676
0.555025138496
0.440678891716
0.739357634676
0.554518234989
0.441693335988
0.739357634676
0.553875714046
0.445266816387
0.739357634676
0.552437821503
0.450993055118
0.739357634676
0.552437821503
0.450993055118
0.869060460112
0.584390435755
0.534047363546
0.869060460112
0.583105618803
0.538624646734
0.869060460112
0.583105618803
0.538624646734
0.815437278439
0.579392937449
0.555409664092
0.869060460112
0.576343872234
0.558982854214
0.929839003266
0.574534360051
0.559232005691
0.962218656463
0.573663316908
0.559563620091
0.962218656463
0.57298030291
0.559137956925
0.962218656463
0.571982726556
0.559679879291
0.987163646776
0.572262661352
0.563309439192
0.987163646776
0.572262661352
0.563309439192
0.987163646776
0.571333753729
0.563523881341
0.94594727241
0.571646876025
0.566787841843
0.94594727241
0.570802520587
0.566562520238
0.963493819962
0.57116493418
0.572575799528
0.955587103051
0.569103856212
0.569822590226
0.955587103051
0.568907646075
0.573054454332
1.0
0.567731394626
0.571050159102
1.0
0.567711626911
0.572283850001
0.985899421993
0.566401704998
0.570951093838
0.985899421993
0.566401704998
0.570951093838
0.985899421993
0.566320655072
0.570899379389
1.0
0.565218818982
0.569747558208
1.0
0.565266209661
0.569149144893
0.996268403341
0.564361613501
0.569236659412
0.996268403341
0.564259140811
0.568846821793
1.0
0.562885339158
0.566640113992
1.0
0.56277424098
0.566439129868
1.0
0.561481035271
0.564799116055
1.0
0.561481035271
0.564799116055
1.0
0.561429166942
0.564235938135
0.985759659337
0.559950384353
0.563802492455
0.985759659337
0.559771101904
0.56349439601
0.99634587269
0.558855098105
0.562560560632
0.99634587269
0.558534585855
0.562281577665
1.0
0.557531263239
0.560868649623
1.0
0.557306659806
0.560290482426
1.0
0.557306659806
0.560290482426
1.0
0.556164034392
0.558854414267
1.0
0.556037118597
0.558641837564
1.0
0.554436247394
0.556847360841
1.0
0.554064243896
0.556149861394
1.0
0.552941662061
0.554664365297
1.0
0.552505158247
0.554447291567
1.0
0.550548018485
0.54997388643
1.0
0.550308012865
0.549488488887
1.0
0.549168754554
0.548583592502
1.0
0.549168754554
0.548583592502
1.0
0.548847431984
0.548602157021
1.0
0.547367162014
0.547454263478
1.0
0.547039589849
0.546991051399
1.0
0.545837590418
0.545254571231
1.0
0.545633049018
0.544831249659
1.0
0.544323573211
0.543439633315
1.0
0.543972019635
0.543216643482
1.0
0.542203366375
0.539730276582
1.0
0.542203366375
0.539730276582
1.0
0.541590525772
0.539706182877
1.0
0.540426566218
0.538074800432
1.0
0.539949250895
0.537800042516
1.0
0.538861475131
0.53687313452
1.0
0.538549290949
0.536386497111
1.0
0.537441976651
0.534469984628
1.0
0.536692003814
0.534044714933
1.0
0.536692003814
0.534044714933
1.0
0.535548989536
0.532213266794
1.0
0.535163842728
0.532175957074
1.0
0.534425071139
0.531391013363
1.0
0.533886046948
0.531167255238
1.0
0.53254550958
0.529475539833
1.0
0.532244695866
0.529486462549
1.0
0.531132766698
0.527402810118
1.0
0.53065575319
0.527040076947
1.0
0.529565042299
0.526091550536
1.0
0.529565042299
0.526091550536
1.0
0.529110233044
0.526035590266
1.0
0.527619724604
0.523551865744
1.0
0.52703109314
0.523473574978
1.0
0.526525979311
0.523075697376
1.0
0.526033824098
0.522957024213
1.0
0.525102237807
0.521604351311
1.0
0.524436053101
0.521787736566
1.0
0.524436053101
0.521787736566
1.0
0.523476916726
0.520520159943
1.0
0.523094932892
0.519894747905
1.0
0.522132274659
0.518674750243
1.0
0.521616052679
0.518484444253
1.0
0.52044334595
0.516988796578
1.0
0.519804500788
0.517241582255
1.0
0.519053041579
0.515691402585
1.0
0.518666588683
0.515360421017
1.0
0.518269888281
0.515023863303
1.0
0.518269888281
0.515023863303
1.0
0.517778337872
0.514823263132
1.0
0.516945323359
0.514495159954
1.0
0.516331982858
0.515410193749
1.0
0.51541837325
0.513419391686
1.0
0.514972607581
0.513400024446
1.0
0.514494191014
0.512659286035
1.0
0.514253025609
0.512258921268
1.0
0.514253025609
0.512258921268
1.0
0.513479227578
0.511302606159
1.0
0.513052686006
0.511351013122
1.0
0.512359564099
0.510688045823
1.0
0.511940870258
0.51047555503
1.0
0.511573232989
0.509598629351
1.0
0.511346153598
0.509651797651
1.0
0.510754462776
0.508642175521
1.0
0.51047886349
0.508765905599
1.0
0.51047886349
0.508765905599
1.0
0.510045937302
0.507946857742
1.0
0.509689578673
0.507281055228
1.0
0.509128161753
0.506303986322
1.0
0.508822353511
0.505832364686
1.0
0.508354544166
0.50499970468
1.0
0.50826544285
0.504937758911
1.0
0.50775975298
0.504058744121
1.0
0.507660141524
0.503531737334
1.0
0.507270714656
0.502155070852
1.0
0.507270714656
0.502155070852
1.0
0.507113845436
0.501653089192
1.0
0.506749201128
0.500993144692
1.0
0.506695968635
0.500358971843
1.0
0.506558583054
0.500472678299
1.0
0.506348055841
0.500102217006
1.0
0.505737878664
0.498796166165
1.0
0.505737878664
0.498796166165
1.0
0.505707141502
0.498127543536
1.0
0.505567449611
0.497343334683
1.0
0.505623191169
0.496361591272
1.0
0.504665418794
0.495760495343
1.0
0.504560218962
0.495690438964
1.0
0.50459896112
0.495582177861
1.0
0.504466108678
0.495336344628
1.0
0.504071350077
0.494759641093
1.0
0.503990257808
0.494511771091
1.0
0.503990257808
0.494511771091
1.0
0.503944875148
0.494254976877
1.0
0.503833903254
0.49366156391
1.0
0.503299135757
0.493661490092
1.0
0.503386764433
0.493263021891
1.0
0.502920705224
0.492917602281
1.0
0.502650354532
0.493436006369
1.0
0.501735009606
0.492539889931
1.0
0.501754563667
0.492337009395
1.0
0.501501724165
0.492913783889
1.0
0.501501724165
0.492913783889
1.0
0.50156339411
0.492735080352
1.0
0.501195036561
0.492307206032
1.0
0.501053784113
0.492631888505
1.0
0.500451303267
0.492899550637
1.0
0.500438927875
0.492915251271
1.0
0.500044169694
0.492849830501
1.0
0.500003478802
0.492791342517
1.0
0.500003478802
0.492791342517
1.0
0.499274815791
0.492376360606
1.0
0.499214714962
0.492564191058
1.0
0.498795372053
0.492431498307
1.0
0.498609394498
0.492731677208
1.0
0.498330925208
0.492728686359
1.0
0.498203648154
0.492548678552
1.0
0.497890657149
0.492720683619
1.0
0.497772589829
0.493110237823
1.0
0.497158752783
0.493457557733
1.0
0.497158752783
0.493457557733
1.0
0.497054911159
0.493518991768
1.0
0.496613959278
0.493335640248
1.0
0.496315755372
0.493786607844
1.0
0.495455713635
0.493684421937
1.0
0.495454943648
0.493709189509
1.0
0.495103562351
0.493762723367
1.0
0.495131364761
0.494132195929
1.0
0.494962571277
0.494309903074
1.0
0.494962571277
0.494309903074
1.0
0.49474130445
0.494421448482
1.0
0.494547672787
0.494381681068
1.0
0.494510075372
0.494309523955
1.0
0.494348865521
0.494268170863
1.0
0.494251195606
0.494810813679
1.0
0.493672630537
0.495321992497
1.0
0.493569929035
0.495553280893
1.0
0.493569929035
0.495553280893
1.0
0.493182388304
0.495344617094
1.0
0.493021788524
0.495804685649
1.0
0.49257008311
0.495880255475
1.0
0.492611666928
0.495766328587
1.0
0.491810071661
0.495598758664
1.0
0.491755744512
0.496113535328
1.0
0.486929310225
0.493112220864
1.0
0.486717818935
0.493403842139
1.0
0.479807720508
0.490312909331
1.0
0.479807720508
0.490312909331
1.0
0.479769501809
0.490785846766
0.968884670088
0.476367382758
0.4895966428
0.968884670088
0.476172519963
0.489710106199
0.869382103403
0.471203588798
0.488396149117
0.869382103403
0.469704759594
0.490278553234
0.99
0.452341476309
0.484074532661
0.99
0.452341476309
0.484074532661
0.99
0.447624038956
0.49095349196
0.99
0.442436270114
0.489308774108
0.99
0.437356942145
0.498463266544
0.99
0.434726050304
0.498904817638
0.99
0.43009641697
0.507753352091
0.99
0.430044404087
0.507603972864
0.99
0.425890332614
0.517027573644
0.99
0.425972792238
0.51730365069
1.0
0.423482676283
0.521843277517
1.0
0.423482676283
0.521843277517
1.0
0.422872230985
0.521838802373
1.0
0.420827863438
0.527608998281
1.0
0.421081051781
0.527740862969
1.0
0.420666678792
0.530306752216
1.0
0.420452242918
0.530390818672
1.0
0.420730463122
0.530287087248
1.0
0.42124913523
0.531209079932
1.0
0.42124913523
0.531209079932
1.0
0.421505079191
0.531348700019
1.0
0.421829434956
0.531573656013
1.0
0.422097405403
0.53168762949
1.0
0.421507315257
0.531692790913
1.0
0.421632361777
0.531610261914
1.0
0.422101863452
0.532013351385
1.0
0.422228107892
0.532124532849
1.0
0.422239339585
0.531982989931
1.0
0.42239931466
0.532178852471
1.0
0.42239931466
0.532178852471
1.0
0.422850941896
0.532811513426
1.0
0.422906643049
0.532911470321
1.0
0.422748480998
0.532637107487
1.0
0.422874907683
0.532950448001
1.0
0.422675468393
0.533560048928
1.0
0.422637444677
0.533687478556
1.0
0.422801111342
0.533961391401
1.0
0.422937510601
0.53406726611
1.0
0.422801943763
0.533585850472
1.0
0.422801943763
0.533585850472
1.0
0.422813521472
0.533643458525
1.0
0.422678434056
0.533699926896
1.0
0.422801603657
0.53334493342
1.0
0.422786224684
0.533556943362
1.0
0.422708232454
0.533674894464
1.0
0.42278683498
0.53375312054
1.0
0.422950612044
0.533598896501
1.0
0.422950612044
0.533598896501
1.0
0.422756309255
0.533166727415
1.0
0.422771692847
0.533329270572
1.0
0.422959045267
0.53390454712
1.0
0.423019926918
0.533625195058
1.0
0.422749356646
0.533548514811
1.0
0.422736726223
0.533593183942
1.0
0.422520936118
0.533947152974
1.0
0.422520936118
0.533947152974
1.0
0.422528818454
0.53392469555
1.0
0.422732558769
0.533851190878
1.0
0.422782874586
0.53405484363
1.0
0.422330402311
0.533536041776
1.0
0.422306653402
0.533766729479
1.0
0.422241660318
0.53424932086
1.0
0.422239654157
0.534205069774
1.0
0.422186231653
0.534226450386
1.0
0.422186231653
0.534226450386
