1.0
0.335131814099
0.108355053947
1.0
0.335131814099
0.108355053947
1.0
0.748713334924
0.402023619411
1.0
0.748283510878
0.402899213068
1.0
0.748283510878
0.402899213068
1.0
0.748123935499
0.403144451014
1.0
0.747665469907
0.404029115281
1.0
0.747532376407
0.404264912376
1.0
0.74738606667
0.405615214631
0.980671849088
0.747426149439
0.405168048593
0.980671849088
0.747067782379
0.404868729777
0.777504274342
0.330992866577
0.127780866614
0.777504274342
0.330805459309
0.129021241613
0.777504274342
0.330805459309
0.129021241613
0.777504274342
0.330796015571
0.127970480409
0.940369011637
0.331910857515
0.0885087775043
0.940369011637
0.33144831472
0.0906037018903
0.938993929836
0.331877207242
0.0921235918319
0.938993929836
0.331535192449
0.094111871009
0.971334183072
0.330169256827
0.0935193083042
0.971334183072
0.330210890059
0.0942786613232
0.973344091844
0.329650121256
0.095873098482
0.973344091844
0.329707229567
0.0946668518503
1.0
0.33050704584
0.0969407270685
1.0
0.33050704584
0.0969407270685
1.0
0.330245373121
0.0997953442453
0.923627897167
0.329595923946
0.100965981098
0.923627897167
0.329612220372
0.100905317419
0.934844478095
0.328640100746
0.0993377066529
0.934844478095
0.32841241146
0.101359572841
0.944777480812
0.327966302002
0.101107977505
0.944777480812
0.327971981986
0.102279942386
0.959004282241
0.328972923187
0.103791565569
0.959004282241
0.328972923187
0.103791565569
0.959004282241
0.329312768377
0.103621996953
1.0
0.328112008276
0.103921017198
1.0
0.327831081804
0.105248693569
1.0
0.32830920774
0.10601349459
1.0
0.328569076078
0.104625426642
0.951262692627
0.327144451226
0.10800361798
0.951262692627
0.327429143935
0.106245927969
0.951262692627
0.327429143935
0.106245927969
1.0
0.328245986584
0.10613102926
1.0
0.328353019124
0.105266348909
0.984021667277
0.328485879816
0.10291510491
0.984021667277
0.328392884663
0.104795924932
0.93078004522
0.327843452198
0.107222414955
0.93078004522
0.327827111672
0.106950624508
1.0
0.327351760631
0.104851016819
1.0
0.327538637316
0.103673627062
1.0
0.326649626591
0.105772498161
1.0
0.326649626591
0.105772498161
1.0
0.326361415611
0.107419430739
1.0
0.326645876337
0.108540407416
1.0
0.326866822972
0.108186630104
1.0
0.326367767692
0.108006630551
1.0
0.326767690044
0.106333534512
0.975337769956
0.328166025213
0.105151380559
0.975337769956
0.328451785629
0.104353384789
0.975337769956
0.328451785629
0.104353384789
1.0
0.327765225268
0.103938070953
1.0
0.328106621583
0.102941253689
1.0
0.32777343742
0.101602785886
1.0
0.327625858857
0.103138706133
0.991777984676
0.327066078999
0.103649446309
0.991777984676
0.327401780318
0.101271207757
0.991225008968
0.328729463897
0.104150599783
0.991225008968
0.32891886501
0.103131456873
1.0
0.32849357207
0.103539557669
1.0
0.32849357207
0.103539557669
1.0
0.328610603903
0.102632832327
0.954417061796
0.328247691493
0.101013718781
0.954417061796
0.328386316771
0.1000305564
1.0
0.327753602784
0.0999809239306
1.0
0.328009421174
0.098706323579
1.0
0.32718568852
0.0989247538204
1.0
0.327337484977
0.0983890588269
1.0
0.326887290961
0.0976600932437
1.0
0.326887290961
0.0976600932437
1.0
0.326749563342
0.0990089634052
0.995148476494
0.327022280026
0.100464748587
0.995148476494
0.3271635247
0.0988355528974
0.999882461374
0.326635732433
0.0995560142111
0.999882461374
0.32641807718
0.0999602147541
0.989051039407
0.326345990404
0.101740757931
0.989051039407
0.326345990404
0.101740757931
0.989051039407
0.326184482255
0.103261142908
0.993596449701
0.326764956697
0.105033957166
0.993596449701
0.326743172905
0.10802202144
0.803946396115
0.326756942441
0.111578580048
0.803946396115
0.326774757847
0.111075428118
0.874069012819
0.328313007689
0.112215815113
0.874069012819
0.328247808166
0.112559191704
1.0
0.327463035455
0.113519042809
1.0
0.327529296856
0.113306449027
1.0
0.327529296856
0.113306449027
0.926540709998
0.327293151108
0.114329409107
0.926540709998
0.327074835961
0.115982678386
0.995650748387
0.326469262129
0.115623473084
0.995650748387
0.326616176986
0.115607306675
0.986051424691
0.327567438622
0.118153138403
0.986051424691
0.327274354622
0.119039058745
0.911506491558
0.328061627975
0.120867177957
0.911506491558
0.328070341937
0.120715516325
0.913399557461
0.327080611187
0.120636891168
0.913399557461
0.327080611187
0.120636891168
0.913399557461
0.326913780579
0.121394576966
0.923309317366
0.326214687934
0.120798920022
0.923309317366
0.325786982739
0.123651053512
1.0
0.325670135118
0.122158459175
1.0
0.325660712305
0.122501552731
0.936530061246
0.32753615412
0.126191961974
0.936530061246
0.327525506737
0.126036777019
0.983738152022
0.326099625078
0.126102932155
0.983738152022
0.326099625078
0.126102932155
0.983738152022
0.325990782866
0.127551812077
0.863276504659
0.325091877705
0.128539659811
0.863276504659
0.325052119663
0.129547792872
0.830721784588
0.326130934122
0.130596582557
0.830721784588
0.326139807876
0.129922743725
0.938377967052
0.325046157794
0.123849002258
0.938377967052
0.325046157794
0.123849002258
0.938377967052
0.325016902899
0.12537836495
0.979148835618
0.323641796684
0.127184127765
0.979148835618
0.323615718332
0.127497219336
0.965216247437
0.325049968891
0.129724662165
0.965216247437
0.324980962306
0.130503534764
0.99246343573
0.326129438515
0.13238788254
0.99246343573
0.326118551096
0.132488767348
0.980131321352
0.325490225417
0.132104478337
0.980131321352
0.325383248484
0.131722560445
0.980131321352
0.325383248484
0.131722560445
0.896242890826
0.324772647089
0.131521194514
0.896242890826
0.325090486744
0.129965558504
0.872028125332
0.324889548049
0.128635963648
0.872028125332
0.32493817009
0.128677278011
0.978840718539
0.327406558944
0.132702337473
0.978840718539
0.327385689466
0.133922515268
0.860101765245
0.329948625682
0.136935814171
0.860101765245
0.330269763762
0.135510633668
0.968004735459
0.329263339179
0.133686019732
0.968004735459
0.329263339179
0.133686019732
0.968004735459
0.329481322161
0.132621602195
0.909655146061
0.329673595328
0.133402909409
0.909655146061
0.32965355565
0.133740818357
0.988676502924
0.329483189511
0.115799653318
0.988676502924
0.329778379306
0.113029816206
0.95057605339
0.331856672071
0.11690459849
0.95057605339
0.331932145794
0.116858626063
0.95057605339
0.331932145794
0.116858626063
1.0
0.33229208127
0.115601742998
1.0
0.332706083313
0.114579479194
1.0
0.332283393433
0.114375312223
1.0
0.332510170285
0.11378424837
1.0
0.33150528247
0.111848006069
1.0
0.331804353757
0.11005016617
1.0
0.331458879058
0.109353823237
1.0
0.331458879058
0.109353823237
1.0
0.331346528579
0.109686592525
1.0
0.330347848861
0.109013998019
1.0
0.330727353726
0.106788974997
1.0
0.32897467883
0.106413779419
1.0
0.329020947963
0.106352517881
1.0
0.32732792151
0.104973946464
1.0
0.327116079106
0.105776846083
1.0
0.326559766255
0.105159973014
1.0
0.326876267216
0.104527513177
1.0
0.325671123204
0.103423427822
1.0
0.325671123204
0.103423427822
1.0
0.325604090401
0.104686524943
0.990760596015
0.324717867552
0.104743762686
0.990760596015
0.32502701324
0.102594334986
1.0
0.326873218042
0.102825518982
1.0
0.326784152312
0.102232240954
1.0
0.327805315761
0.101413864145
1.0
0.327805315761
0.101413864145
1.0
0.327656665825
0.101237017144
1.0
0.327128748145
0.100478133137
1.0
0.326959873793
0.10159321966
1.0
0.326613522069
0.101087595315
1.0
0.326583094085
0.0995033125527
1.0
0.324337981662
0.0976521847204
1.0
0.324138274533
0.098666817685
1.0
0.323080911173
0.0969434911916
1.0
0.322887939309
0.097786272005
1.0
0.323474203754
0.0993976959973
1.0
0.323474203754
0.0993976959973
1.0
0.323463754998
0.0997287839487
1.0
0.32473987183
0.100732019719
1.0
0.324761797086
0.101101521668
1.0
0.322892631091
0.100730856463
1.0
0.322510105017
0.102599475888
1.0
0.322481886622
0.103635727989
1.0
0.322359886998
0.103750354309
1.0
0.321794365799
0.104690166127
1.0
0.321794365799
0.104690166127
1.0
0.321755303752
0.105143361457
1.0
0.322264790864
0.105967377184
1.0
0.322287686001
0.105970340264
1.0
0.321366809714
0.107352915646
1.0
0.321249049309
0.106742946969
1.0
0.320341221496
0.108012743074
1.0
0.320341221496
0.108012743074
1.0
0.320302292767
0.108417904236
1.0
0.321246790088
0.109657214313
1.0
0.321436970451
0.108205385917
1.0
0.321444322074
0.108479604893
1.0
0.321497449619
0.109559251629
0.948579664031
0.320749787705
0.111220809735
0.948579664031
0.320776913519
0.110933674922
1.0
0.321663405037
0.11235751183
1.0
0.321994030474
0.111244722366
1.0
0.321994030474
0.111244722366
1.0
0.322256267977
0.112656563628
1.0
0.322395345648
0.112249329204
0.99
0.339112756561
0.152901348561
0.99
0.338928110239
0.155368690518
1.0
0.337963666331
0.15491929842
1.0
0.338368030508
0.155030590062
1.0
0.338324698807
0.154448753285
1.0
0.338324698807
0.154448753285
1.0
0.338369165571
0.153432178267
1.0
0.338198812418
0.153174083012
1.0
0.338512682582
0.153065266004
1.0
0.340126914945
0.154656434792
1.0
0.340568707966
0.153639085875
0.997353054141
0.340271106583
0.153610567094
0.997353054141
0.340416615418
0.15290300683
1.0
0.339557040423
0.152573007759
1.0
0.339557040423
0.152573007759
1.0
0.339587851813
0.152743474938
1.0
0.341868521982
0.153509398629
1.0
0.342137456514
0.152302536635
1.0
0.343078323307
0.153181621094
1.0
0.343640481507
0.150561718206
1.0
0.345449532147
0.151659107666
1.0
0.346003811399
0.150579414463
1.0
0.346060495789
0.149296876073
1.0
0.346483749109
0.147874606905
1.0
0.346568548943
0.147188173596
1.0
0.346568548943
0.147188173596
1.0
0.347120887922
0.146076071698
1.0
0.348901471847
0.148234114267
1.0
0.34930703353
0.147008867821
0.987100540988
0.350942638855
0.147597899507
0.987100540988
0.351714946671
0.144275726534
1.0
0.351370487589
0.145098843591
1.0
0.351370487589
0.145098843591
1.0
0.351791056127
0.145506651666
1.0
0.352779221586
0.146396367286
1.0
0.353599249272
0.144104933654
1.0
0.352896270595
0.14367750448
1.0
0.353582597297
0.140810630808
1.0
0.355620774974
0.142428434473
1.0
0.356231749422
0.141136101069
0.967169629411
0.357540277739
0.141047499236
0.967169629411
0.358629342732
0.137503615681
1.0
0.35978330222
0.139454104539
1.0
0.35978330222
0.139454104539
1.0
0.360485083711
0.139369705817
1.0
0.361634517872
0.140166257093
1.0
0.362719790949
0.135830975909
1.0
0.366004287358
0.138430820594
1.0
0.36805999457
0.132530676481
1.0
0.37630558567
0.139821555231
1.0
0.37630558567
0.139821555231
1.0
0.380096410676
0.130861149501
0.969550672998
0.400435921436
0.154526862823
0.969550672998
0.41613524008
0.137274336225
0.969550672998
0.427891791028
0.117321689883
0.977908905659
0.433101344981
0.12858460311
0.977908905659
0.437397314445
0.125996668265
1.0
0.442410913408
0.134918304802
1.0
0.445537860508
0.131274264006
1.0
0.445537860508
0.131274264006
1.0
0.452380840254
0.142114735488
1.0
0.454431268529
0.137651186957
1.0
0.458800188506
0.146446862221
1.0
0.460994981302
0.142365650379
1.0
0.464375251683
0.145380484543
1.0
0.466843930711
0.139959993465
1.0
0.469146661017
0.141951673901
1.0
0.472029326749
0.137093954925
1.0
0.474394829068
0.138183517576
1.0
0.476022407226
0.133892965457
1.0
0.476022407226
0.133892965457
1.0
0.47790520273
0.135095265643
1.0
0.481021116875
0.128417290724
1.0
0.483926459414
0.130640163181
1.0
0.485966105878
0.126890510623
1.0
0.48721348063
0.127989589269
1.0
0.489432763369
0.123223671179
1.0
0.489432763369
0.123223671179
1.0
0.491212652373
0.1256081969
1.0
0.494528046648
0.118867618498
1.0
0.498070818407
0.120570560981
1.0
0.499506144259
0.118053668146
1.0
0.501551279732
0.113848588099
1.0
0.502191710834
0.114858049058
1.0
0.502799223946
0.11446620096
1.0
0.502799223946
0.11446620096
1.0
0.506504840678
0.11958644475
1.0
0.507907311353
0.11737747416
1.0
0.509476925895
0.115365221944
1.0
0.511709000215
0.11146285118
1.0
0.511709000215
0.11146285118
1.0
0.511869643582
0.11207828376
1.0
0.513834676
0.11378918272
1.0
0.514539039928
0.115524958541
1.0
0.514697560805
0.114668875016
1.0
0.514675981864
0.114815897619
1.0
0.513562134525
0.114412741008
1.0
0.515197151786
0.111808551403
1.0
0.515197151786
0.111808551403
1.0
0.515178203273
0.11235498648
1.0
0.515434520584
0.111537860287
1.0
0.515526650439
0.112349302813
1.0
0.51618306625
0.111245223096
1.0
0.516304268843
0.111651836798
1.0
0.516856629726
0.110596368773
1.0
0.517048187279
0.110623390732
1.0
0.516701182368
0.110957566822
1.0
0.516577783891
0.110698464586
1.0
0.516398182399
0.110190228602
1.0
0.516398182399
0.110190228602
1.0
0.516398182399
0.110190228602
1.0
0.519449713592
0.10006066437
1.0
0.519478148715
0.0985106373677
1.0
0.519096358141
0.0973672061584
1.0
0.518813953438
0.096962091267
1.0
0.520289738012
0.0898846768893
1.0
0.520844792761
0.0871973876047
1.0
0.520844792761
0.0871973876047
1.0
0.521283519599
0.0838174389167
1.0
0.522963258898
0.0853482804699
1.0
0.525051156421
0.0781403564758
1.0
0.526142950169
0.073581450824
1.0
0.526632147656
0.073992862965
1.0
0.528535411696
0.0656546286136
1.0
0.529632314532
0.0651794183495
1.0
0.531349038397
0.0586874835584
1.0
0.531382186841
0.058134430242
1.0
0.531382186841
0.058134430242
1.0
0.531549570417
0.0535224501729
1.0
0.532299877049
0.052348291657
1.0
0.533978355966
0.0457145822584
0.824270975863
0.533171564298
0.0420283514668
0.824270975863
0.534687953787
0.0357186338934
0.87028488227
0.535652162839
0.0370317707816
0.87028488227
0.537874122164
0.0319420701504
0.87028488227
0.537874122164
0.0319420701504
0.726676402489
0.53907427805
0.0505561373787
0.726676402489
0.541965999552
0.0408839875043
0.711180264677
0.548860203057
0.0168868568062
0.711180264677
0.550455356319
0.0122484621049
0.711180264677
0.553820219974
0.00315076584618
0.711180264677
0.555714820315
-0.00365582470939
0.685180076118
0.555925369899
-0.00314694520634
0.685180076118
0.555925369899
-0.00314694520634
0.685180076118
0.557954743727
-0.0095958632386
1.0
0.561140962421
-0.00711451082531
1.0
0.562865544306
-0.0127101838209
0.922493842731
0.562815515262
-0.0123325933671
0.922493842731
0.564444577691
-0.0187221993062
1.0
0.566006125746
-0.0190516120659
1.0
0.568864473533
-0.0255924857508
1.0
0.569589788009
-0.0238788829981
1.0
0.569589788009
-0.0238788829981
1.0
0.570034809164
-0.0280178219085
0.9409732083
0.572073089632
-0.025264037026
0.9409732083
0.57389708273
-0.0311119757347
1.0
0.576416165199
-0.031444285726
1.0
0.577703797314
-0.034520441315
1.0
0.579155124185
-0.0332197201895
1.0
0.581391081786
-0.0385701326264
1.0
0.583783994081
-0.037452316549
1.0
0.583783994081
-0.037452316549
1.0
0.586228954383
-0.0443069943287
0.979354486862
0.587726173033
-0.0408326267665
0.979354486862
0.590759799255
-0.0476484306856
1.0
0.592720919756
-0.0464634455682
1.0
0.595006225759
-0.0511913865784
0.961354969325
0.599608478426
-0.0455800242418
0.961354969325
0.599835128174
-0.0477798025873
1.0
0.600892627569
-0.0463952461697
1.0
0.600892627569
-0.0463952461697
1.0
0.603927751747
-0.0529790766022
1.0
0.605414217861
-0.0530057963783
1.0
0.607910053
-0.0596074024449
0.996175795158
0.610184716167
-0.0569343033431
0.996175795158
0.611393270075
-0.0604990046344
1.0
0.613084310758
-0.0591703698232
1.0
0.616686995391
-0.0632128281787
1.0
0.630226612203
-0.0377247798109
1.0
0.630226612203
-0.0377247798109
1.0
0.631516699225
-0.0415022337542
1.0
0.631218075566
-0.0409351416919
0.897927562017
0.628362884669
-0.0439417478642
0.897927562017
0.604010032643
-0.00519278963858
0.961134541442
0.575712761845
-0.0568920341095
0.961134541442
0.541696038585
0.017162504777
0.95421104466
0.516840916097
0.00833512588013
0.95421104466
0.516840916097
0.00833512588013
0.95421104466
0.474460683072
0.125661102054
0.99
0.450750340015
0.103942237305
0.955598173673
0.431927361089
0.0829073232093
0.955598173673
0.420293863461
0.126002393924
0.751189133285
0.456964770162
0.179077547283
0.751189133285
0.453231008043
0.1932766039
0.751189133285
0.453231008043
0.1932766039
1.0
0.419917005462
0.185752354075
1.0
0.416370146054
0.202788895559
1.0
0.415061129707
0.207528994154
1.0
0.415812393097
0.205350454785
1.0
0.415601057758
0.206399785589
1.0
0.415601057758
0.206399785589
1.0
0.414761088241
0.204745567915
1.0
0.414499343106
0.206851572676
1.0
0.413787917157
0.20623121827
1.0
0.413755347994
0.205878876916
1.0
0.412844181395
0.205206350856
1.0
0.412490898997
0.207115395493
1.0
0.41200428238
0.206333200453
1.0
0.41200428238
0.206333200453
1.0
0.412032789065
0.206834162587
1.0
0.411263563201
0.206004332706
1.0
0.410931332535
0.20759404311
1.0
0.411018180914
0.208813483267
1.0
0.411000966531
0.209369862941
1.0
0.409715879383
0.209488492864
1.0
0.409286264959
0.211463954971
1.0
0.409627889014
0.211556791548
1.0
0.409043842441
0.213966558348
1.0
0.409043842441
0.213966558348
1.0
0.408913217271
0.214533812953
1.0
0.408180352814
0.21810749431
1.0
0.408703798095
0.220047096647
1.0
0.408739769157
0.219530582245
1.0
0.408277426215
0.219312101069
1.0
0.40803345399
0.221667010975
1.0
0.406621380597
0.221887933293
1.0
0.406621380597
0.221887933293
1.0
0.406503385191
0.22273963931
1.0
0.407458452587
0.22343711024
1.0
0.407215686239
0.225273835053
1.0
0.406953163486
0.224980508525
1.0
0.407047946889
0.225908997532
0.647261933835
0.40665501733
0.226345721326
0.647261933835
0.406902786588
0.225310342154
1.0
0.40724152344
0.226248457415
1.0
0.407083461181
0.229088019149
1.0
0.407083461181
0.229088019149
1.0
0.40777662702
0.231123182622
1.0
0.407749241646
0.231651969225
1.0
0.407416606991
0.232303654262
1.0
0.407465603135
0.233969419519
1.0
0.408108076462
0.23503130624
1.0
0.408244857198
0.234684564555
1.0
0.408682020577
0.234868496507
1.0
0.408738385158
0.234738019112
1.0
0.408738385158
0.234738019112
1.0
0.408785251577
0.234936920115
1.0
0.408881273828
0.235394756083
1.0
0.409260561087
0.237042807222
1.0
0.409672589756
0.235672501759
1.0
0.409659781625
0.236915478922
1.0
0.409239165822
0.239716362733
1.0
0.409989549659
0.241150219497
1.0
0.410290500492
0.241587933622
1.0
0.410290500492
0.241587933622
1.0
0.410812357651
0.242911468747
1.0
0.41085392048
0.244315016212
1.0
0.410923536178
0.243787788232
1.0
0.41128900263
0.243018958555
1.0
0.411746814421
0.244660567892
1.0
0.411877589961
0.245649426221
1.0
0.412316474762
0.246331988708
1.0
0.412757948395
0.244928697783
1.0
0.412757948395
0.244928697783
1.0
0.412661188455
0.245863284091
1.0
0.412472242534
0.248274692109
1.0
0.412575538468
0.247467753493
1.0
0.413101982684
0.245808720284
1.0
0.413068654501
0.247007538546
1.0
0.412791543559
0.24844818908
1.0
0.413942369436
0.24883248114
1.0
0.414474810386
0.247465069914
1.0
0.414474810386
0.247465069914
1.0
0.415197249828
0.247840074767
1.0
0.415121756334
0.249302252634
1.0
0.414938979115
0.251097467042
1.0
0.414941991625
0.251038989473
1.0
0.415149519262
0.251424040012
1.0
0.415119062564
0.252546603424
1.0
0.414962542293
0.253382338493
1.0
0.415151701657
0.25472549185
1.0
0.415151701657
0.25472549185
1.0
0.415230967849
0.255718449439
1.0
0.415050504676
0.256679776712
1.0
0.416374967096
0.257511953825
1.0
0.416195250822
0.258127055428
1.0
0.415259392046
0.258754839837
1.0
0.415506915685
0.258466261768
1.0
0.414995461657
0.259949694823
1.0
0.41525039296
0.259959514565
1.0
0.41525039296
0.259959514565
1.0
0.415674834911
0.26033329156
1.0
0.415639999645
0.261862378993
1.0
0.415287211172
0.262102452139
1.0
0.414810031119
0.264523669287
1.0
0.415392868551
0.265933746127
1.0
0.41545947124
0.265602310215
1.0
0.41566994275
0.266870674077
1.0
0.415445575841
0.270040673815
1.0
0.415445575841
0.270040673815
1.0
0.416059854384
0.269724408313
1.0
0.416073609225
0.269467765106
1.0
0.415481711754
0.270408508726
1.0
0.414817546088
0.27300538543
1.0
0.414264642393
0.273425445631
1.0
0.414661495212
0.27370311979
1.0
0.415041776605
0.274218887955
1.0
0.414858356173
0.273938447001
1.0
0.414858356173
0.273938447001
1.0
0.414788799275
0.274585101735
1.0
0.414639510927
0.276570464404
1.0
0.414629871922
0.276175051834
1.0
0.414426992103
0.276589174497
1.0
0.413614640063
0.277690869559
1.0
0.41380156484
0.277464320333
1.0
0.414188347038
0.277222365336
1.0
0.413931303903
0.27850044538
1.0
0.413931303903
0.27850044538
1.0
0.413426411821
0.278694036804
1.0
0.413439105223
0.278156383927
1.0
0.413072410501
0.278350029139
1.0
0.413158671092
0.278253376158
1.0
0.41284464657
0.277769109116
1.0
0.412744817191
0.277571324655
1.0
0.413159910737
0.277729963565
1.0
0.413431820105
0.27626728119
1.0
0.413431820105
0.27626728119
1.0
0.413342294117
0.275627261584
1.0
0.413210557694
0.276637232233
1.0
0.41294120325
0.276485288607
1.0
0.412585733594
0.277143489679
1.0
0.412680182689
0.276633808796
1.0
0.412753697634
0.276026686775
1.0
0.411831061432
0.275816857187
1.0
0.411695742051
0.277027145738
1.0
0.411695742051
0.277027145738
1.0
0.41218031006
0.277010673492
1.0
0.412362253396
0.274839028842
1.0
0.412106674632
0.274569474078
1.0
0.411940188131
0.275470578597
1.0
0.411811282871
0.27467652852
1.0
0.411791587702
0.27371747056
1.0
0.412211126999
0.273835378974
1.0
0.412200965766
0.273987872786
1.0
0.412200965766
0.273987872786
1.0
0.412004354261
0.271968900711
1.0
0.412480929964
0.271308622016
1.0
0.412610049249
0.272350755644
1.0
0.412662413927
0.271431733081
1.0
0.412943418935
0.271289841173
1.0
0.412980078159
0.270185666137
1.0
0.412836831818
0.27030080506
1.0
0.413177880511
0.268981373374
1.0
0.413177880511
0.268981373374
1.0
0.413132224048
0.268387474743
1.0
0.413211436163
0.266347860748
1.0
0.413995034373
0.264900717902
1.0
0.414400444584
0.263695225023
1.0
0.414063744546
0.26392157512
1.0
0.414328593162
0.263145813769
1.0
0.415770807024
0.263765811202
1.0
0.415964861248
0.263063391384
1.0
0.415964861248
0.263063391384
1.0
0.416587836418
0.262065394419
1.0
0.417014311331
0.259675708214
1.0
0.417558780547
0.260359163583
1.0
0.41797494885
0.259590843636
1.0
0.41912711185
0.258100203567
1.0
0.41936285649
0.256406915672
1.0
0.41867557876
0.256609311727
1.0
0.419001936239
0.255542036553
1.0
0.419001936239
0.255542036553
1.0
0.420964429112
0.256320692304
1.0
0.422063433452
0.256322782783
1.0
0.429186645359
0.270285531917
0.99
0.435153436446
0.279342839665
0.99
0.451337196565
0.322338342511
0.99
0.469762785757
0.375322123003
0.99
0.482760623073
0.421395527599
0.99
0.490357013046
0.457000371498
0.99
0.490357013046
0.457000371498
0.99
0.494276076614
0.489596151765
0.99
0.498184461035
0.511936725665
0.899414302164
0.495348043314
0.521333835962
0.899414302164
0.497927825973
0.531900689004
0.930346468978
0.498019650835
0.543210577826
0.930346468978
0.498916476505
0.544181986657
0.930346468978
0.498916476505
0.544181986657
0.949246756431
0.498366870107
0.548773407133
0.949246756431
0.49907170398
0.547531728397
0.989468745993
0.500579652881
0.552678841995
0.989468745993
0.501133346898
0.55190711473
1.0
0.501787505252
0.552796222668
1.0
0.502123243504
0.551503281295
1.0
0.504181055685
0.55138528542
1.0
0.50513765625
0.550869750432
1.0
0.505138479179
0.54932361984
1.0
0.505680486949
0.549383914893
1.0
0.505680486949
0.549383914893
1.0
0.505904692956
0.548155037883
1.0
0.506674341952
0.547591751133
1.0
0.506545473787
0.546611627669
1.0
0.506327494763
0.545749131219
1.0
0.506573358388
0.54432461206
1.0
0.507182036366
0.544395941605
1.0
0.507448261504
0.543518181936
1.0
0.507746255053
0.543387928273
1.0
0.507746255053
0.543387928273
1.0
0.507813602659
0.543010712254
1.0
0.508450652354
0.542155872446
1.0
0.509029837233
0.540406431605
1.0
0.508998744503
0.540483882654
1.0
0.508976332902
0.541086779107
1.0
0.509656406523
0.541112025101
1.0
0.510422695469
0.538760691087
1.0
0.510220531814
0.539608788835
1.0
0.510220531814
0.539608788835
1.0
0.510758248425
0.539402255357
1.0
0.512260107686
0.539204281351
1.0
0.512639803305
0.538234661518
1.0
0.512645036984
0.538390275972
1.0
0.512897044705
0.538097635157
1.0
0.513712690277
0.539048375767
1.0
0.5140789453
0.538316073177
1.0
0.5140789453
0.538316073177
1.0
0.514754689472
0.538380810138
1.0
0.515353367062
0.537625750239
1.0
0.515951838167
0.538037434779
1.0
0.51683751614
0.538052777142
1.0
0.517141821163
0.538592204798
1.0
0.517429260103
0.538462434567
1.0
0.51811382456
0.539168898354
1.0
0.518574272402
0.538853541719
1.0
0.518858124226
0.539828117131
1.0
0.518858124226
0.539828117131
1.0
0.519369615588
0.53996849622
1.0
0.520199028973
0.540594007685
1.0
0.520817874085
0.540167429566
1.0
0.521681052052
0.540659312786
1.0
0.5227092529
0.540520581874
1.0
0.523381245434
0.541937019677
1.0
0.524354412506
0.541690301035
1.0
0.524354412506
0.541690301035
1.0
0.525133869807
0.542192107375
1.0
0.526059961971
0.542514005183
1.0
0.526865354661
0.544133894441
1.0
0.527347566634
0.544670665722
1.0
0.527949466216
0.545980259217
1.0
0.528580726626
0.54584949828
1.0
0.528807396764
0.546625376109
1.0
0.52941794322
0.547148382895
1.0
0.529837987711
0.54799313299
1.0
0.529837987711
0.54799313299
1.0
0.530621135631
0.548101374414
1.0
0.531373847268
0.549161688951
1.0
0.531834433484
0.549739192606
1.0
0.532648862005
0.551051025896
1.0
0.533430934656
0.550210226122
1.0
0.533991237641
0.550778607886
1.0
0.533991237641
0.550778607886
1.0
0.534831593537
0.550189814017
1.0
0.53530396853
0.550900271136
1.0
0.536102276407
0.551313986215
1.0
0.536683792661
0.552083697106
1.0
0.537317208844
0.552233070851
1.0
0.537999003067
0.553525922658
1.0
0.541260742205
0.550792436465
1.0
0.542057129407
0.551405347554
1.0
0.542729209653
0.551764846948
1.0
0.542729209653
0.551764846948
1.0
0.543331756919
0.552046342223
1.0
0.544216275014
0.55083517962
1.0
0.544943026365
0.551627691872
1.0
0.545998753878
0.550396502069
1.0
0.546805979085
0.552189832738
1.0
0.547510813579
0.551451850612
1.0
0.548442878044
0.551534111092
1.0
0.549336137231
0.551005208851
1.0
0.550407977222
0.551371695556
1.0
0.550407977222
0.551371695556
1.0
0.55165026352
0.550029150917
1.0
0.552692795732
0.550196250163
1.0
0.553783957621
0.54953130974
1.0
0.554971222201
0.55078469748
1.0
0.556825881571
0.549300064181
1.0
0.558061029714
0.549485111417
1.0
0.558728881736
0.549107520262
1.0
0.559196241495
0.549457503
1.0
0.559196241495
0.549457503
1.0
0.560863339465
0.546759637419
1.0
0.562516506742
0.547209871506
1.0
0.563288833987
0.546604802179
1.0
0.564908263845
0.546683875795
1.0
0.56731251921
0.544664910492
1.0
0.568953136612
0.545429550986
1.0
0.569638225313
0.54362576875
1.0
0.570538231285
0.54411057781
1.0
0.570538231285
0.54411057781
1.0
0.573700616969
0.541038787155
1.0
0.575134801988
0.541311399138
1.0
0.576173841071
0.539603262418
1.0
0.577509445558
0.540267073887
1.0
0.579560901285
0.539239099301
1.0
0.58099245185
0.54053360038
1.0
0.581600148865
0.538485979031
1.0
0.582793280347
0.537993469997
1.0
0.582793280347
0.537993469997
1.0
0.585448854371
0.536495429593
1.0
0.586866584448
0.537327121887
1.0
0.589515010457
0.534138777383
1.0
0.590585678299
0.534414833589
1.0
0.591261931525
0.533264848884
1.0
0.592704003864
0.532371630487
1.0
0.592704003864
0.532371630487
1.0
0.594629221454
0.530207378629
1.0
0.595155627905
0.531215686255
1.0
0.596794940732
0.528930973281
1.0
0.598295400806
0.528959759412
1.0
0.59998291237
0.527306794359
1.0
0.607713750779
0.526961653286
1.0
0.619967438864
0.50804562456
0.99
0.641839700818
0.506338419216
0.99
0.685845140598
0.4383367189
0.99
0.707753224949
0.444015947878
0.99
0.707753224949
0.444015947878
0.875929751917
0.766896216644
0.362702549875
0.875929751917
0.781579570905
0.370927694507
0.890231850263
0.844244316022
0.284301376434
0.890231850263
0.851527927979
0.29502541146
0.880537916685
0.888162555657
0.24719171307
0.880537916685
0.889812967316
0.251174676974
0.924708822389
0.900359572602
0.240984786428
0.924708822389
0.899921724204
0.239745100768
0.924708822389
0.899921724204
0.239745100768
0.926087079426
0.902370319575
0.233595695259
0.926087079426
0.901776719435
0.231802239731
0.908343645846
0.904275334516
0.227655732315
0.908343645846
0.903817647022
0.226320206258
0.915736730754
0.905143627152
0.225362455229
0.915736730754
0.905043059971
0.225351341864
0.933799985998
0.903759468561
0.227797853722
0.933799985998
0.903759468561
0.227797853722
0.933799985998
0.903511565083
0.227522574035
0.934494153111
0.902795070123
0.229939930237
0.934494153111
0.90232202546
0.228413399321
0.925987231961
0.901300835603
0.230436689454
0.925987231961
0.901123311254
0.230434339669
0.940207098674
0.89766159784
0.234832289589
0.940207098674
0.897653427408
0.235255086241
0.932067939532
0.896997346725
0.237110553311
0.932067939532
0.896997346725
0.237110553311
0.932067939532
0.896843800396
0.237236993825
0.942426400496
0.894770021476
0.24097485813
0.942426400496
0.894484016888
0.240563309399
0.955284160414
0.893286064239
0.242162189668
0.955284160414
0.893127571021
0.241919525128
0.943298319494
0.8918504499
0.245780360651
0.943298319494
0.891742543737
0.24600148429
0.933692929981
0.890508917835
0.247899066516
0.933692929981
0.890365039724
0.248272763685
0.933692929981
0.890365039724
0.248272763685
0.947577466937
0.889287374568
0.25131354811
0.947577466937
0.889181371573
0.251427812356
0.9535355893
0.8895004776
0.250889982691
0.9535355893
0.8894514051
0.250776032025
0.929100957585
0.887394983901
0.253609295904
0.929100957585
0.887226272159
0.253598090931
0.942590029289
0.887291045639
0.254322560733
0.942590029289
0.887331126074
0.254762092109
0.942590029289
0.887331126074
0.254762092109
0.941900921008
0.886238124338
0.256393152728
0.941900921008
0.886413528379
0.25748075326
0.953568463152
0.88584263627
0.258121079878
0.953568463152
0.885910632551
0.258340245791
0.94406994036
0.88562567087
0.259411819817
0.94406994036
0.885699402653
0.25984325349
0.952866691868
0.885423225077
0.260713537462
0.952866691868
0.884985797224
0.259134554795
0.952866691868
0.884985797224
0.259134554795
0.94840429729
0.885855823428
0.259501003419
0.94840429729
0.886155738572
0.26062343774
0.941174298974
0.885904250349
0.261142934823
0.941174298974
0.886191424245
0.261858498531
0.942259223244
0.88614998747
0.261718947527
0.942259223244
0.886350334581
0.262669564574
0.947645595445
0.885888657445
0.262511490145
0.947645595445
0.885888657445
0.262511490145
0.947645595445
0.885957983306
0.26269957374
0.949343052598
0.886252538726
0.262117091441
0.949343052598
0.886337306055
0.262495695479
0.938836808387
0.886686265038
0.261693708652
0.938836808387
0.886766270246
0.260798013234
0.941354787121
0.887159341192
0.260935965498
0.941354787121
0.88723231799
0.261185480981
0.932791105413
0.887743346469
0.260537853645
0.932791105413
0.887816171615
0.260258613181
0.932791105413
0.887816171615
0.260258613181
0.944500485432
0.887459685771
0.260508103308
0.944500485432
0.887538595849
0.260461496613
0.941592271454
0.888307610776
0.25802318994
0.941592271454
0.888437726175
0.258086600819
0.935639877032
0.888999053439
0.257038168259
0.935639877032
0.8891996095
0.257193384317
0.923688183496
0.890563388552
0.25482475487
0.923688183496
0.890563388552
0.25482475487
0.923688183496
0.890625100536
0.254702166805
0.923994972164
0.88998999249
0.253880560102
0.923994972164
0.890066269839
0.253956711959
0.933470675034
0.88976037156
0.255119439693
0.933470675034
0.889707605399
0.254492015139
0.931618981187
0.89001688236
0.253377175615
0.931618981187
0.890056384392
0.252871963977
0.919915934677
0.890318743157
0.251621345594
0.919915934677
0.890318743157
0.251621345594
0.919915934677
0.890555809692
0.253141777912
0.925772177379
0.890353129545
0.255191587035
0.925772177379
0.890399015596
0.254563169621
0.936686383107
0.892796512865
0.248358619355
0.936686383107
0.892778527726
0.24823713629
0.928204020829
0.892054837901
0.248490626787
0.928204020829
0.892107589821
0.248520489519
0.924740107929
0.89233732992
0.247354406399
0.924740107929
0.892250602002
0.246644674259
0.924740107929
0.892250602002
0.246644674259
0.928902987443
0.891935744179
0.248903122534
0.928902987443
0.891978582296
0.248916558265
0.929525238451
0.890379391192
0.249601857618
0.929525238451
0.890415599152
0.249861273978
0.928375387354
0.890293909766
0.250731604207
0.928375387354
0.890213158162
0.250202825693
0.930928127814
0.890815100191
0.249163383699
0.930928127814
0.890867686801
0.249125208696
0.930928127814
0.890867686801
0.249125208696
0.937484941457
0.888644988664
0.250658800698
0.937484941457
0.888659368555
0.250182182383
0.916757008724
0.889031035225
0.248685591862
0.916757008724
0.888899009165
0.248028978118
0.931634481172
0.889435012432
0.246473809262
0.931634481172
0.88971021723
0.247561323547
0.926607799995
0.890334034734
0.246363158307
0.926607799995
0.89027593701
0.245892244358
0.926607799995
0.89027593701
0.245892244358
0.926078408005
0.889063853431
0.247358302603
0.926078408005
0.889089061897
0.247099193258
0.929671473626
0.88907319522
0.248086784334
0.929671473626
0.889111155821
0.247964893673
0.926526728889
0.890498266981
0.244679872064
0.926526728889
0.890575205668
0.244957129802
0.92000240424
0.890770079755
0.24533223105
0.92000240424
0.89116995588
0.247325936325
0.92000240424
0.89116995588
0.247325936325
0.927727333585
0.891951622565
0.246680053515
0.927727333585
0.892148986343
0.246857629594
0.916644283689
0.892511334204
0.24631435195
0.916644283689
0.892427123935
0.245654870458
0.926260929125
0.892593178063
0.245814752996
0.926260929125
0.893038692107
0.247777711416
0.926260929125
0.893038692107
0.247777711416
0.938369872601
0.891971629177
0.251253013019
0.938369872601
0.892110319307
0.251755354003
0.927623635346
0.893308502698
0.249238579923
0.927623635346
0.893554164196
0.250294630584
0.919851612173
0.89413835937
0.249444975869
0.919851612173
0.894406172658
0.250312252051
0.9293568441
0.895104570457
0.251055236497
0.9293568441
0.895144591612
0.252084650336
0.921284766316
0.895238556729
0.253887207515
0.921284766316
0.895366732376
0.254483761624
0.921284766316
0.895366732376
0.254483761624
0.9223412059
0.895413941469
0.255175990076
0.9223412059
0.895516061122
0.255239351733
0.927430744764
0.896118950512
0.253799288608
0.927430744764
0.896115916291
0.253775067341
0.921022245982
0.89570605439
0.25660348512
0.921022245982
0.895660941409
0.257040549641
0.92021635858
0.895154107083
0.259586065993
0.92021635858
0.895154107083
0.259586065993
0.92021635858
0.895290406705
0.260041501099
0.93073880188
0.894046349256
0.263666600346
0.93073880188
0.89407491451
0.264127286842
0.950260953041
0.894124723225
0.263641872373
0.950260953041
0.894081980228
0.263714720628
0.947377622548
0.891761177595
0.269124107938
0.947377622548
0.891637922567
0.269251291224
0.951607300216
0.891820742873
0.267979321874
0.951607300216
0.891817671233
0.269147120644
0.951607300216
0.891817671233
0.269147120644
0.943223328915
0.890560139202
0.2715065021
0.943223328915
0.890414685585
0.271276953763
0.941985726843
0.88895896979
0.273338004014
0.941985726843
0.888762547065
0.272936380197
0.948230689848
0.888401552102
0.274231581989
0.948230689848
0.888197826576
0.273082604448
0.95635226419
0.888702696816
0.273081459725
0.95635226419
0.888702696816
0.273081459725
0.95635226419
0.888479815322
0.272516300212
0.947256899736
0.885459707665
0.273595560673
0.947256899736
0.885274266202
0.273109964604
0.950370698597
0.883409419672
0.276826692545
0.950370698597
0.883384219982
0.276835454333
0.938509366814
0.883683834662
0.27356046604
0.938509366814
0.883394058284
0.272158209681
0.945902508616
0.8832208452
0.272321222192
0.945902508616
0.8832208452
0.272321222192
0.945902508616
0.883264057261
0.272848601771
0.943550896778
0.882968900339
0.271967158862
0.943550896778
0.882714942156
0.26991112049
0.941826381803
0.882663437326
0.268348463302
0.941826381803
0.882539447324
0.26759158537
0.928283403053
0.882938333845
0.265842264496
0.928283403053
0.882900280641
0.26472181449
0.924840567753
0.882612887467
0.263643548612
0.924840567753
0.882585318534
0.263127985103
0.924840567753
0.882585318534
0.263127985103
0.933221283687
0.883918223667
0.260678259232
0.933221283687
0.884078620165
0.261345469063
0.932247051633
0.884103225062
0.26032095283
0.932247051633
0.884099142356
0.259078384933
0.941674442584
0.884696465475
0.259503583689
0.941674442584
0.884914046673
0.260702399994
0.944792165558
0.886478439949
0.258784525811
0.944792165558
0.886504741011
0.257861586469
0.944792165558
0.886504741011
0.257861586469
0.919228931255
0.887355487279
0.255154359728
0.919228931255
0.887499430032
0.255607286187
0.936125667126
0.889273959305
0.254117399085
0.936125667126
0.889281172658
0.25310885039
0.923811911583
0.891977936831
0.247670076588
0.923811911583
0.892118292722
0.247993112284
0.923811911583
0.892118292722
0.247993112284
0.919085583052
0.891958689582
0.249149096769
0.919085583052
0.892268305381
0.250288938024
0.936361246017
0.893914573959
0.250272480949
0.936361246017
0.894555343007
0.253624356729
0.943985879665
0.895756263368
0.252658236627
0.943985879665
0.896111646394
0.254048334481
0.9273207084
0.896291030473
0.256914293199
0.9273207084
0.896484752327
0.257891026203
0.922310827194
0.897118513474
0.259179282533
0.922310827194
0.897648169085
0.261922997451
0.922310827194
0.897648169085
0.261922997451
0.933078963889
0.898494108667
0.261788926219
0.933078963889
0.898853692918
0.264162479882
0.935533789413
0.899699881787
0.265379898787
0.935533789413
0.900098758506
0.267466147381
0.940934730475
0.900979290283
0.270140761389
0.940934730475
0.901385294825
0.272999655304
0.940934730475
0.901385294825
0.272999655304
0.95986612397
0.901671568827
0.278035853834
0.95986612397
0.902007189304
0.280105109085
0.9699097487
0.902606837741
0.28084772911
0.9699097487
0.903269644589
0.284568045938
0.982601133343
0.903029522373
0.291918858022
0.982601133343
0.903341320778
0.29465701159
0.988342397578
0.903140919054
0.296982737045
0.988342397578
0.903539393608
0.299477761489
0.978726541973
0.903259101082
0.302918462102
0.978726541973
0.903508360692
0.30610776143
0.978726541973
0.903508360692
0.30610776143
0.992479655944
0.903244948074
0.309174148563
0.992479655944
0.903283230169
0.310208217173
0.990720168763
0.902869910305
0.314024516261
0.990720168763
0.903392129882
0.318093757
1.0
0.901838966501
0.324416981226
1.0
0.902006072862
0.32672938013
0.99942953396
0.90143293891
0.328719585915
0.99942953396
0.90143293891
0.328719585915
0.99942953396
0.901504102199
0.330102099563
1.0
0.899904629251
0.337656361498
1.0
0.899924784781
0.338840945745
1.0
0.899698797621
0.340764087669
1.0
0.899980601206
0.34195243319
1.0
0.900262277069
0.344604752485
1.0
0.903272313737
0.351500979483
1.0
0.903272313737
0.351500979483
0.989414811283
0.923394500162
0.326755820246
0.989414811283
0.927752945949
0.34023965719
0.90748487364
0.9654245098
0.299051442423
0.90748487364
0.968579629359
0.314228542427
0.897447778857
1.01007907485
0.270245416991
0.719250509645
1.01127885064
0.279977349571
0.719250509645
1.02921945406
0.253721981855
0.719250509645
1.02837087566
0.249458388357
0.882837041608
1.03040026696
0.261858541469
0.882837041608
1.03040026696
0.261858541469
0.882837041608
1.03123195269
0.264727004392
0.945458134877
1.03145197469
0.265849980032
0.945458134877
1.03259900896
0.269978142436
0.79028102166
1.03180739278
0.264405046067
0.79028102166
1.03150261375
0.27027712066
0.981224388176
1.02983993031
0.258369592003
0.984014386817
1.02891576269
0.261086964885
0.984014386817
1.02963005015
0.265801171289
0.984014386817
1.02963005015
0.265801171289
0.972386724306
1.02745179269
0.270493961156
0.972386724306
1.02747933499
0.270119427021
0.987235049403
1.02413411291
0.279809204894
0.987235049403
1.02400591225
0.278255334534
0.993221734711
1.01658698633
0.288214558711
0.993221734711
1.01622535971
0.28498975602
1.0
1.01127811478
0.291251255215
1.0
1.01127811478
0.291251255215
0.70509257176
1.01060244756
0.285535164406
0.70509257176
1.00308946871
0.29273017396
0.993503721525
1.00341305298
0.295170520735
0.99434789292
0.997821297709
0.30163486674
0.99434789292
0.997617954591
0.300307701013
1.0
0.990747520045
0.306993531852
1.0
0.990328322592
0.304345291953
1.0
0.984973878851
0.310803954815
0.723887463519
0.984003227667
0.304962852855
0.723887463519
0.976634680567
0.313148427818
0.723887463519
0.976634680567
0.313148427818
1.0
0.976389008997
0.31099499771
1.0
0.971276489893
0.314577271305
1.0
0.970732074331
0.311736880981
1.0
0.963337653848
0.318766831133
1.0
0.962678679702
0.315113360726
1.0
0.957684577554
0.319928698048
1.0
0.957684577554
0.319928698048
1.0
0.957036576186
0.316428339013
1.0
0.952534017178
0.319730511769
0.761507426582
0.951113021184
0.313666411252
0.761507426582
0.945220330856
0.320296523043
1.0
0.945287310507
0.319393392163
0.98650466311
0.941834287019
0.321266995445
0.98650466311
0.941221975401
0.318640358947
1.0
0.934780316625
0.325667589859
1.0
0.934300786664
0.324063723094
1.0
0.934300786664
0.324063723094
1.0
0.929858151006
0.325669966163
1.0
0.92908339476
0.322403295296
1.0
0.924711180606
0.325715164432
1.0
0.924175728984
0.323665997633
1.0
0.919940380068
0.326921666696
1.0
0.919287314488
0.323914681227
1.0
0.917015724875
0.325115523428
1.0
0.917015724875
0.325115523428
1.0
0.916394073583
0.322767345144
1.0
0.913504827649
0.324089069259
1.0
0.913115297573
0.322540515198
1.0
0.90904321995
0.326497980864
1.0
0.908706500146
0.325048776143
1.0
0.906560961507
0.32646927678
1.0
0.906239323325
0.324888630153
1.0
0.905239906386
0.326400208694
1.0
0.905239906386
0.326400208694
1.0
0.904810712589
0.325259852063
1.0
0.901345097067
0.328050438177
1.0
0.898308736978
0.315691282475
1.0
0.878988000059
0.327384980904
0.99
0.868073173034
0.290511135284
0.922478958899
0.798975672933
0.337803204243
0.922478958899
0.777744516062
0.289328437015
0.99
0.714373993906
0.341519844176
0.99
0.690713503623
0.301124124524
0.972103727657
0.648945397898
0.334629487794
0.972103727657
0.648945397898
0.334629487794
0.972103727657
0.629052720458
0.30484397013
0.944523609691
0.602152922653
0.328035529243
0.944523609691
0.595834401444
0.319823406346
0.912727574372
0.585053719785
0.326972073807
0.912727574372
0.584209388921
0.324892939697
0.975364567333
0.587130134879
0.320197910885
0.975364567333
0.587130134879
0.320197910885
0.975364567333
0.587786152963
0.32115153417
0.986076371922
0.585989213743
0.323516070952
0.986076371922
0.586755812669
0.324784275493
0.975629112595
0.586757928127
0.327226659922
0.975629112595
0.586516484336
0.328891168215
0.990558503408
0.587068989997
0.32876271866
0.990558503408
0.586884749986
0.329587030097
0.992450694505
0.586603915816
0.331596573803
0.992450694505
0.586603915816
0.331596573803
0.992450694505
0.586141860233
0.333053636195
1.0
0.585637152724
0.336066977742
1.0
0.585236287884
0.336349577395
1.0
0.584434254387
0.338812594476
1.0
0.583836220385
0.339374504135
1.0
0.582813488947
0.343239291194
1.0
0.582106871046
0.344371765694
1.0
0.581613011161
0.346046527094
1.0
0.580626073289
0.345908113437
1.0
0.580626073289
0.345908113437
1.0
0.57962721282
0.347755252312
1.0
0.578731124114
0.347646587134
1.0
0.577692767476
0.348649833631
1.0
0.576658873574
0.349412727887
0.99537262267
0.575052763636
0.351558860113
0.99537262267
0.573864099007
0.350076519761
1.0
0.572329682518
0.351981068551
1.0
0.572329682518
0.351981068551
1.0
0.571150836214
0.35080668076
1.0
0.569453390174
0.353734139521
1.0
0.568292697474
0.353187734336
1.0
0.567273391428
0.352779634806
1.0
0.5665337124
0.35167658397
1.0
0.565723309328
0.352203947432
1.0
0.564153708942
0.350406816188
0.989315960885
0.562720082687
0.351513415277
0.989315960885
0.561499967783
0.349487471379
1.0
0.560302271158
0.350325148849
1.0
0.560302271158
0.350325148849
1.0
0.559143697726
0.348918341637
0.989781798749
0.55797006097
0.349978002538
0.989781798749
0.556952254837
0.348193226574
0.997504085164
0.555189996488
0.349204652633
0.997504085164
0.553625613904
0.346976605219
1.0
0.553436373783
0.34595899328
1.0
0.553436373783
0.34595899328
1.0
0.552295228387
0.343728860362
1.0
0.549977022178
0.346420853061
1.0
0.549376615584
0.345990599169
1.0
0.548554789335
0.347509407794
1.0
0.547750639464
0.347571381879
0.975524431266
0.54704119445
0.346372744693
0.975524431266
0.545760113567
0.344071575491
0.994457792071
0.545402560198
0.344470401422
0.994457792071
0.545402560198
0.344470401422
0.994457792071
0.544787197494
0.343631756653
1.0
0.542893386409
0.346780873937
1.0
0.542715121486
0.346033302066
1.0
0.542326856189
0.346899830664
1.0
0.541747685184
0.345057753316
1.0
0.540839949944
0.346282921873
1.0
0.540240619337
0.346507308699
1.0
0.539763746504
0.346955191855
1.0
0.539763746504
0.346955191855
1.0
0.539730146701
0.345629358721
1.0
0.539277386445
0.347025499582
1.0
0.53908368811
0.346794698637
1.0
0.538451018228
0.347289406166
1.0
0.538287284789
0.347379774128
1.0
0.538346188879
0.346997673444
1.0
0.538530828414
0.346862351608
1.0
0.537845786405
0.347296460499
1.0
0.537845786405
0.347296460499
1.0
0.537613598752
0.347487772859
1.0
0.537892069895
0.347591798977
1.0
0.538204140935
0.34761008683
1.0
0.537829671468
0.347876332285
1.0
0.537694652351
0.346899886405
1.0
0.538403892137
0.346091388529
1.0
0.538740397275
0.34701952083
1.0
0.539460879107
0.345853286509
1.0
0.539460879107
0.345853286509
1.0
0.5400571363
0.345901854801
1.0
0.540464692801
0.344560213381
1.0
0.54083459217
0.345034395866
1.0
0.542042105129
0.343441279878
1.0
0.542553332128
0.344178182563
1.0
0.542954410886
0.343215088529
1.0
0.543737863323
0.343665401533
1.0
0.544398539318
0.342167714529
1.0
0.544398539318
0.342167714529
1.0
0.545150005256
0.343168248601
1.0
0.546080718369
0.341360225217
1.0
0.546328385507
0.341748477322
1.0
0.546933125757
0.339519330984
1.0
0.543762307221
0.334647589399
1.0
0.537251720948
0.341117005929
0.99
0.517991292519
0.319038584706
0.99
0.493528498377
0.344952039299
0.99
0.493528498377
0.344952039299
0.99
0.465355533301
0.316478327423
0.99
0.441995865536
0.351977711343
0.99
0.413843706081
0.328042963978
0.99
0.395351340983
0.360798624311
0.99
0.395351340983
0.360798624311
0.99
0.348578036474
0.324107124943
0.99
0.337197086282
0.346095944026
0.99
0.333011596945
0.354736957218
0.99
0.331309410615
0.359976479242
1.0
0.331361336023
0.36022906212
1.0
0.331421327887
0.360267745301
1.0
0.331242815699
0.360839846596
1.0
0.33193259381
0.359725433491
1.0
0.331856182328
0.360620609072
1.0
0.331856182328
0.360620609072
1.0
0.331995958491
0.360568312977
1.0
0.331268516669
0.360747468497
1.0
0.331429421718
0.36115978808
1.0
0.331128443589
0.361341474396
1.0
0.331031074641
0.361769647491
1.0
0.330560802858
0.361357333572
1.0
0.330457663476
0.361724801779
1.0
0.330085063978
0.361527217721
1.0
0.330085063978
0.361527217721
1.0
0.329917634455
0.361748378302
1.0
0.329278690267
0.361780075289
1.0
0.329020092166
0.362192400312
1.0
0.328253904498
0.361229615249
1.0
0.327922417421
0.362158374066
1.0
0.327595336367
0.361257500525
1.0
0.327391011634
0.361311035168
1.0
0.326283792922
0.360014942456
1.0
0.326283792922
0.360014942456
1.0
0.326033161515
0.360126114148
1.0
0.325084031327
0.359429002171
1.0
0.324971974584
0.358883310989
1.0
0.324333986796
0.358129158012
1.0
0.32419056952
0.357763143203
1.0
0.324080140154
0.357070521443
1.0
0.323820568556
0.35718470434
1.0
0.323512993583
0.356179600087
1.0
0.323512993583
0.356179600087
1.0
0.323242654381
0.356420235828
1.0
0.322116655472
0.355327280553
1.0
0.322011597544
0.355396036006
1.0
0.321587052362
0.354636952809
1.0
0.321327231625
0.354360032204
1.0
0.320759802374
0.353591189941
1.0
0.320769936558
0.353276003138
1.0
0.319327477449
0.3522591135
1.0
0.319327477449
0.3522591135
1.0
0.319075596459
0.352858749031
1.0
0.319339364126
0.352255597263
1.0
0.319245270874
0.352326026573
1.0
0.320171757616
0.353111335903
1.0
0.320281054394
0.352429454011
1.0
0.319910356716
0.35125058101
1.0
0.319781738506
0.351763106508
1.0
0.319855547668
0.35187907608
1.0
0.319855547668
0.35187907608
1.0
0.319940130765
0.351649202272
1.0
0.319522185214
0.351451195763
1.0
0.319337123356
0.351878668643
1.0
0.319572505949
0.351881556673
1.0
0.31955975117
0.351762286313
1.0
0.319514102603
0.3520407668
1.0
0.319426225953
0.352337914055
1.0
0.319239897891
0.352202926474
1.0
0.319239897891
0.352202926474
1.0
0.31932096053
0.352194733072
1.0
0.318285518282
0.351584398832
1.0
0.318132891275
0.352347078324
1.0
0.319046138343
0.352643659313
1.0
0.319069906053
0.352114654054
1.0
0.318173612679
0.35204843716
1.0
0.317982947635
0.352872036683
1.0
0.318207182925
0.353138633711
1.0
0.318207182925
0.353138633711
1.0
0.318173354007
0.353582359949
1.0
0.318177948153
0.353840967167
1.0
0.318058296164
0.35456791071
1.0
0.317283264366
0.354173056518
1.0
0.317089179729
0.35482386119
1.0
0.316641065727
0.354496550207
1.0
0.316421677167
0.355358015286
1.0
0.316395137171
0.355449692971
1.0
0.316395137171
0.355449692971
1.0
0.316407718806
0.355731192676
1.0
0.315196571375
0.354578909768
1.0
0.314986330104
0.354633686616
1.0
0.313556372521
0.354753358002
1.0
0.313484957929
0.354861000474
1.0
0.31343221533
0.354552293028
1.0
0.313373261017
0.354828373414
1.0
0.315096605901
0.354913100375
1.0
0.315096605901
0.354913100375
1.0
0.314797138661
0.35584811298
1.0
0.314041851245
0.35580203924
1.0
0.314040952339
0.355524635398
1.0
0.313862780753
0.35497231348
1.0
0.31375091951
0.355100028917
1.0
0.314177800262
0.355602183317
1.0
0.314016626014
0.356212618937
1.0
0.314353985117
0.356305116055
1.0
0.314353985117
0.356305116055
1.0
0.314047782313
0.357376691941
1.0
0.313870137349
0.357353304206
1.0
0.313552565187
0.358550903618
1.0
0.313127174651
0.359514139654
1.0
0.312784876918
0.360428189154
1.0
0.312813946624
0.361381635175
1.0
0.31247155685
0.362736955908
