0.955245421825
0.644841347145
0.353553443533
0.836422601415
0.579565798343
0.32109120787
0.836422601415
0.579412044406
0.321106387614
0.836422601415
0.578527243928
0.322388725458
0.836422601415
0.574713307817
0.327381369215
0.803765291127
0.55385601336
0.354273378579
0.803765291127
0.548288437825
0.348626603586
0.803765291127
0.548288437825
0.348626603586
0.945236150346
0.496896760732
0.411783560589
0.920860349947
0.497862392874
0.411873801425
0.874270364165
0.498465721862
0.411438136955
0.874270364165
0.496966513488
0.415077150584
0.965277475436
0.497210405816
0.415157121328
0.965277475436
0.497568099489
0.415538735986
0.98199981102
0.498255250954
0.41628935875
0.98180857147
0.498896912182
0.41620969168
0.98180857147
0.499403275916
0.41804548088
0.98180857147
0.499403275916
0.41804548088
0.991961987007
0.499769317633
0.417985135613
0.984220448261
0.500021303729
0.419652032375
0.983449225041
0.499790130719
0.418265919882
0.983449225041
0.500400083569
0.417357171825
0.941374270317
0.500376099503
0.418309257446
0.941374270317
0.500965341225
0.418140976891
1.0
0.50085866421
0.41771061431
1.0
0.501140807011
0.418194538742
1.0
0.501140807011
0.418194538742
1.0
0.501105576161
0.417384774174
1.0
0.501135340469
0.417560083096
0.900734400691
0.501579619303
0.418944844284
0.900734400691
0.501684245028
0.418437016288
1.0
0.501264764836
0.416531360926
1.0
0.501301665436
0.416158724189
1.0
0.501402551551
0.416448125279
1.0
0.501319895673
0.416558120876
1.0
0.501319895673
0.416558120876
0.999517583755
0.501497229111
0.416388413558
0.999517583755
0.501518470493
0.415636266544
0.954104235123
0.50158915475
0.418221534239
0.954104235123
0.501675407421
0.418697782035
1.0
0.501603773764
0.419328519948
1.0
0.501417704203
0.420091689399
1.0
0.501754636938
0.419622977388
1.0
0.501754636938
0.419622977388
1.0
0.501826743981
0.419207898709
0.925246688907
0.502082022496
0.420753548208
0.925246688907
0.502094099738
0.42065020418
1.0
0.502223093147
0.420832434892
1.0
0.502166534466
0.420687539021
1.0
0.502192681505
0.419818510906
1.0
0.50232027701
0.41979871695
1.0
0.502442813007
0.418868710918
1.0
0.502442813007
0.418868710918
1.0
0.502305408424
0.419237038129
1.0
0.502298200473
0.41896667245
1.0
0.502348342065
0.41842543841
0.992392173969
0.501792647728
0.417451510293
0.992392173969
0.501840285017
0.417211583804
0.951028441267
0.502439917112
0.417727279337
0.951028441267
0.502599321983
0.417356434356
1.0
0.502892561034
0.41801581081
1.0
0.502892561034
0.41801581081
1.0
0.503130377234
0.417653057318
0.990840950789
0.503246218604
0.417441984777
0.990840950789
0.503137768788
0.417759427432
1.0
0.503209175144
0.417600261884
1.0
0.503170501821
0.417484881087
0.950340432739
0.503025062346
0.417072890063
0.950340432739
0.503170929321
0.416950992143
1.0
0.50028257516
0.415787066635
1.0
0.50028257516
0.415787066635
1.0
0.500317294798
0.415397628286
0.923397477035
0.49815501089
0.41379317178
0.923397477035
0.498323292996
0.413111904126
0.866878195443
0.495681048367
0.411937300903
0.866878195443
0.495675349412
0.412122463883
0.897049483253
0.494569324938
0.410076832128
0.897049483253
0.492540215722
0.41325826314
0.922681934637
0.492805506911
0.414620547188
0.922681934637
0.492805506911
0.414620547188
0.922681934637
0.488835420366
0.420669712661
0.913631661392
0.489058946793
0.419941363961
0.913631661392
0.484424855682
0.431089282517
0.950687441263
0.483708036751
0.430060834662
0.935298145945
0.484040990642
0.42894249047
0.935298145945
0.484166065773
0.430909916554
0.971898582905
0.484311969386
0.432265381083
0.971898582905
0.484311969386
0.432265381083
0.971898582905
0.48441974038
0.433675612182
0.99305236626
0.484316031838
0.435484971472
0.99305236626
0.484229002442
0.435512579303
1.0
0.484502831949
0.43703141736
1.0
0.483996975786
0.439108083612
0.991282234858
0.484143388087
0.440362376865
0.991282234858
0.484090992275
0.441072632457
1.0
0.483205018079
0.441988365724
1.0
0.483205018079
0.441988365724
1.0
0.483368235644
0.442306121475
1.0
0.482829488518
0.444264688404
1.0
0.482930923036
0.444758283318
1.0
0.482017089561
0.445832962289
1.0
0.482130673908
0.445938402554
1.0
0.482305865135
0.445803037337
1.0
0.482364413105
0.446014254907
1.0
0.482546464229
0.446745767879
1.0
0.482546464229
0.446745767879
1.0
0.482688020763
0.446631976302
1.0
0.482749080366
0.447022800315
1.0
0.482837319264
0.447005474267
1.0
0.482595264975
0.44682031757
1.0
0.48257359994
0.446655551875
1.0
0.482977448139
0.446872313302
1.0
0.483089727742
0.446771738031
1.0
0.483163097191
0.445954282169
1.0
0.483163097191
0.445954282169
1.0
0.483269108738
0.444684837829
1.0
0.483185085119
0.444745823323
1.0
0.483232797729
0.44472203836
1.0
0.483475756061
0.445757239818
1.0
0.48339615311
0.445780020265
1.0
0.483485206805
0.446463544699
1.0
0.483601677067
0.446430204032
1.0
0.48366299311
0.445793318854
1.0
0.48383907551
0.445794178913
1.0
0.48383907551
0.445794178913
1.0
0.483852807355
0.445817468911
1.0
0.483844470224
0.44579239504
1.0
0.484359895686
0.447008562976
1.0
0.484528906005
0.44686893635
1.0
0.484831350474
0.447154630665
1.0
0.48484059699
0.446899408816
1.0
0.48461750347
0.446119681286
1.0
0.48461750347
0.446119681286
1.0
0.484527881212
0.446061217773
1.0
0.484466896665
0.445814842775
1.0
0.48462583362
0.445319101403
1.0
0.484780859942
0.446232429017
1.0
0.484889731543
0.445991349677
1.0
0.485141218447
0.445956973531
1.0
0.485098530315
0.446163843923
1.0
0.485148915524
0.444975616905
1.0
0.48519244069
0.444568421144
1.0
0.48519244069
0.444568421144
1.0
0.485653136959
0.441802419602
1.0
0.485640727885
0.441600437288
1.0
0.487358232692
0.436092620539
1.0
0.487455421266
0.435604511748
1.0
0.488946890939
0.429457028201
1.0
0.488841626627
0.428844981734
1.0
0.490465525882
0.425458650827
1.0
0.490465525882
0.425458650827
1.0
0.491068594547
0.423289179301
1.0
0.490952751441
0.419829983918
1.0
0.493548499233
0.411763497055
1.0
0.493692670547
0.41100919287
0.99
0.497222663748
0.390487687024
0.99
0.496664493704
0.38981677744
1.0
0.498205564715
0.384703386696
1.0
0.498819349116
0.385932155445
1.0
0.498819349116
0.385932155445
1.0
0.498610935781
0.381450664364
1.0
0.49819817884
0.379981962412
1.0
0.497607665313
0.37963394476
1.0
0.49797412988
0.380372266739
1.0
0.4978779708
0.380937673583
1.0
0.498260275306
0.382783159256
1.0
0.498448570152
0.382113673109
1.0
0.498097703752
0.381042276034
1.0
0.49792043233
0.381642866106
1.0
0.49792043233
0.381642866106
1.0
0.497767958492
0.381870959591
1.0
0.497544004015
0.381882739787
1.0
0.497925100185
0.383197014742
1.0
0.49774815711
0.383662568022
1.0
0.498131697277
0.38425312512
1.0
0.498070438405
0.384942911988
1.0
0.497824065543
0.384674829239
1.0
0.497824065543
0.384674829239
1.0
0.497752241319
0.384757779535
1.0
0.497759784737
0.383642133438
1.0
0.497647516558
0.383664825729
1.0
0.497173190707
0.382306123327
1.0
0.497133670118
0.382583389022
1.0
0.497573138737
0.38390023935
1.0
0.497477042312
0.383925415254
1.0
0.497365602254
0.383001783459
1.0
0.497365602254
0.383001783459
1.0
0.497572163752
0.382061663869
1.0
0.497932200048
0.383102651868
1.0
0.49789402215
0.383515723732
1.0
0.497348001125
0.382317674827
1.0
0.497460967569
0.382269059237
1.0
0.497658743724
0.383093430715
1.0
0.497868965111
0.382934990487
1.0
0.498298322426
0.382261787497
1.0
0.498298322426
0.382261787497
1.0
0.498389785962
0.381424176602
1.0
0.498253075806
0.38131386775
1.0
0.498480099758
0.380382494899
1.0
0.498228754114
0.38050441634
1.0
0.498490259419
0.379907121664
1.0
0.498529520704
0.380057162364
1.0
0.498362264545
0.380226978575
1.0
0.498596278956
0.37933788471
1.0
0.498596278956
0.37933788471
1.0
0.498764566259
0.37856732894
1.0
0.498733293421
0.377693791257
1.0
0.498839691815
0.37716355474
1.0
0.498850025438
0.377773994875
1.0
0.498816777167
0.378159815231
1.0
0.498526728725
0.377796233663
1.0
0.498680006374
0.377316274278
1.0
0.499171960873
0.378603694715
1.0
0.499215837817
0.378452694745
1.0
0.499215837817
0.378452694745
1.0
0.500620407852
0.379164254878
1.0
0.50072889011
0.378410982787
1.0
0.502499072584
0.380836950019
1.0
0.502669777831
0.380716350619
0.860417807311
0.503170378231
0.381158611526
0.860417807311
0.503083082692
0.380814410478
0.860417807311
0.503083082692
0.380814410478
0.99
0.573727430679
0.694783080383
0.99
0.572774606607
0.696292966303
0.99
0.571136973358
0.700117461874
0.753728717363
0.570882333752
0.690163965083
0.753728717363
0.606111010701
0.691080381845
0.753728717363
0.606111010701
0.691080381845
0.753728717363
0.606111010701
0.691080381845
0.753728717363
0.606111010701
0.691080381845
0.753728717363
0.606111010701
0.691080381845
0.76211402191
0.612299139924
0.718880665642
0.76211402191
0.612299139924
0.718880665642
0.76211402191
0.617297494041
0.724915039779
0.76211402191
0.616136346177
0.70438937621
0.76211402191
0.63674681868
0.705761467995
0.76211402191
0.648050851426
0.732113312653
0.76211402191
0.507263977565
0.410938606594
0.76211402191
0.507516972768
0.412533660965
0.76211402191
0.507516972768
0.412533660965
0.76211402191
0.506501516648
0.417936385634
0.717806559096
0.507140679349
0.421851482568
0.767851687254
0.507083250257
0.424907825401
0.767851687254
0.506563163549
0.426495871598
0.766188781662
0.506933760882
0.434008748007
0.766188781662
0.506933760882
0.434008748007
0.766188781662
0.505647646927
0.434160108415
0.825775507571
0.505364242804
0.432033919374
0.825775507571
0.505165249075
0.43372972839
0.818432553282
0.505111778226
0.435239725517
0.818432553282
0.504711619178
0.437008326026
0.86717355866
0.505006430624
0.436018718829
0.86717355866
0.505172098986
0.437805035618
0.86717355866
0.505172098986
0.437805035618
0.869018563709
0.50508803843
0.439952856615
0.869018563709
0.504207669073
0.43973742938
0.891670893337
0.504304302956
0.441708100498
0.891670893337
0.505026245902
0.44799478414
0.868240949498
0.505070291671
0.449350300248
0.868240949498
0.50527832923
0.450375924263
0.884837525898
0.505318863959
0.451477368803
0.884837525898
0.505318863959
0.451477368803
0.884837525898
0.506581829496
0.459556373404
0.881964381296
0.506804586714
0.460163249661
0.881964381296
0.507153909919
0.463308005512
0.920335856546
0.507698134354
0.464304676109
0.920335856546
0.507732133037
0.464304218958
0.885853203274
0.507956718294
0.46482324629
0.885853203274
0.50803182975
0.465894695221
0.905062556388
0.508338904253
0.466712844702
0.905062556388
0.508340984405
0.46794852719
0.905062556388
0.508340984405
0.46794852719
0.901201522738
0.508731919754
0.468495352943
0.901201522738
0.508695244738
0.470234711903
0.93208824336
0.509252284999
0.468812629888
0.93208824336
0.508581744153
0.467187010769
0.950298924531
0.508622758223
0.468132529273
0.950298924531
0.508820550893
0.471402396229
0.91323452281
0.50914179096
0.471733734653
0.91323452281
0.508901505898
0.471117658867
0.91323452281
0.508901505898
0.471117658867
0.896924157073
0.509155702932
0.472056746118
0.896924157073
0.509072705305
0.472172152758
0.918066618886
0.50916361292
0.471019686627
0.918066618886
0.50883659663
0.470785859591
0.960173015824
0.509013267578
0.471180357009
0.960173015824
0.508699084441
0.470080817503
0.923549516225
0.50884105973
0.470043991698
0.923549516225
0.509039035204
0.470303480309
0.923549516225
0.509039035204
0.470303480309
0.948064416523
0.509163473683
0.469520518092
0.948064416523
0.509389638706
0.4695791869
0.92151086837
0.509508340277
0.46886770456
0.92151086837
0.509983543852
0.469628647705
0.935977182854
0.510100783188
0.469551063913
0.935977182854
0.50990170228
0.467689827383
0.921585796575
0.510177606866
0.46728143074
0.921585796575
0.510446529461
0.467768841442
0.921585796575
0.510446529461
0.467768841442
0.920851137143
0.510587273032
0.46692466936
0.920851137143
0.511174393514
0.467583321195
0.915164993482
0.511571942315
0.465844028574
0.915164993482
0.510866271682
0.46451655774
0.922975014958
0.510971161648
0.464136573752
0.922975014958
0.50762221188
0.462211456535
0.903538258639
0.508217948745
0.461149296315
0.896942315419
0.505356974033
0.459546534999
0.896942315419
0.505356974033
0.459546534999
0.896942315419
0.505973147231
0.457380095034
0.916629439719
0.504243762011
0.457425694526
0.907342656025
0.50429267738
0.456840524142
0.901711266423
0.502467535361
0.455507700679
0.901711266423
0.499485420963
0.454899144908
0.960640490867
0.49784176081
0.451976672895
0.971683708642
0.489484767557
0.459839288027
0.971683708642
0.48834691522
0.456021480694
0.971683708642
0.48834691522
0.456021480694
0.934782390353
0.482755567522
0.457766532414
0.934782390353
0.483331519384
0.455686995894
0.92635183593
0.482866395911
0.458592945227
0.92635183593
0.48359272974
0.458659761608
0.934493351747
0.485810953652
0.455754239104
0.934493351747
0.487359904606
0.455687903262
0.924048351719
0.489510598659
0.453212500062
0.924048351719
0.490130711015
0.453496537898
0.924048351719
0.490130711015
0.453496537898
0.960875490617
0.491660930832
0.45018839867
0.960875490617
0.492711344062
0.4502998398
0.941692237428
0.493955870937
0.448579247565
0.941692237428
0.495141040937
0.4498289295
0.962755724585
0.49629312188
0.447887163902
0.962755724585
0.497743193066
0.449140433701
0.944054010934
0.498991125834
0.448019081739
0.944054010934
0.498991125834
0.448019081739
0.944054010934
0.500058828299
0.448760524291
0.962938563213
0.501167807211
0.446398657768
0.962938563213
0.501797757431
0.446908650736
0.957080802405
0.502729056707
0.445235033487
0.957080802405
0.503729626382
0.445053335683
0.955150270949
0.50482454953
0.442938101446
0.955150270949
0.505763061383
0.442776283231
0.941068587345
0.506540334597
0.440814955187
0.941068587345
0.507567251528
0.441503146855
0.941068587345
0.507567251528
0.441503146855
0.936011382812
0.508541389794
0.440383774043
0.936011382812
0.509300376056
0.440342091191
0.956575664299
0.509899638059
0.438486939711
0.956575664299
0.511335869143
0.440335948457
0.934960017449
0.5123761108
0.439306939842
0.934960017449
0.512747749416
0.438708550724
0.919886588365
0.513629267389
0.436920497431
0.919886588365
0.513629267389
0.436920497431
0.919886588365
0.514231060433
0.436985742054
0.943428608274
0.51502144707
0.436269925376
0.943428608274
0.515402969736
0.437504660709
0.934620208865
0.516165108721
0.436706617717
0.934620208865
0.517076166369
0.437258065496
0.924389797809
0.517739016361
0.435796539483
0.924389797809
0.518669688249
0.436983984605
0.933543856392
0.519664355216
0.434239536656
0.933543856392
0.520857748821
0.434765467818
0.933543856392
0.520857748821
0.434765467818
0.930102775896
0.521502880445
0.433602910631
0.930102775896
0.521557501494
0.433045872524
0.927358990291
0.522274463798
0.431998356861
0.927358990291
0.523402955042
0.433555477317
0.966097719559
0.524201472551
0.432465019649
0.966097719559
0.525082618504
0.433342100048
