0.721579918216
0.390627877968
0.31983242729
0.773314588031
0.439944173213
0.359765213771
0.795740259152
0.3194094223
0.339525211672
0.795740259152
0.3194094223
0.339525211672
0.766227781461
0.325005772309
0.34736255739
0.766227781461
0.325005772309
0.34736255739
0.766227781461
0.420736154755
0.359649383443
0.766227781461
0.421113310682
0.362204408763
0.830379759232
0.42069919392
0.370260458444
0.830379759232
0.420596568335
0.372916453386
0.830379759232
0.420729746485
0.373855664214
0.830379759232
0.420729746485
0.373855664214
0.830379759232
0.420593651088
0.373802739575
0.828536625157
0.420800540753
0.378701345618
0.828536625157
0.420439228244
0.379298989204
0.802325464087
0.420515053579
0.383919138514
0.802325464087
0.420515053579
0.383919138514
0.802325464087
0.421187429011
0.392540022884
0.81596354397
0.421468535634
0.395889061121
0.814409516524
0.421838617154
0.398592171367
0.836690055839
0.421664477049
0.402704012496
0.836690055839
0.421664477049
0.402704012496
0.844807056782
0.421968180612
0.404835934675
0.829257965972
0.422173114902
0.408044280157
0.829257965972
0.422908115441
0.41412661712
0.831142491269
0.423049643307
0.417265213202
0.852370927929
0.423479032594
0.419679521026
0.832133466013
0.424652316578
0.425208673654
0.832133466013
0.424909421893
0.428607947216
0.832133466013
0.424909421893
0.428607947216
0.832133466013
0.425182405923
0.433527995255
0.832133466013
0.425606724463
0.436434615005
0.714897966899
0.415956142199
0.441581721493
0.714897966899
0.415744729827
0.444303983793
0.905744084848
0.432965812154
0.470238751766
0.989599862372
0.432895867695
0.472630662988
0.956751920843
0.433682567074
0.475323577872
0.916859129832
0.433819073577
0.476703947067
0.916859129832
0.435845800119
0.481806108575
0.916859129832
0.435845800119
0.481806108575
0.957224230723
0.435501315284
0.482683371665
0.923830805826
0.439172808863
0.486508287882
0.923830805826
0.439411929732
0.487127867865
0.883488531889
0.439160440581
0.486654261813
0.883488531889
0.439624275073
0.488985201709
0.844496624528
0.440289907461
0.490093860419
0.844496624528
0.440306549853
0.490870576689
0.844496624528
0.440306549853
0.490870576689
0.925197876642
0.440982547186
0.502815313727
0.925197876642
0.441383112098
0.50367784552
0.925197876642
0.441281520645
0.503599945659
0.925197876642
0.441281520645
0.503599945659
0.925197876642
0.441607299598
0.504576982751
0.925197876642
0.442062294822
0.506021719713
0.925197876642
0.442392267891
0.50626451653
0.925197876642
0.442589316075
0.506898861003
0.925197876642
0.442667101587
0.50760758452
0.925197876642
0.442974199428
0.507941010907
0.97554715378
0.442998010531
0.510219079139
0.97554715378
0.442998010531
0.510219079139
0.97554715378
0.442910786503
0.510188502434
0.939209077876
0.443072223228
0.510982786658
0.939209077876
0.442963841787
0.510538800829
0.933330330125
0.443655456456
0.511415017732
0.933330330125
0.443812584802
0.511647555066
0.964987618814
0.444116566032
0.512743602264
0.964987618814
0.443773098089
0.512657656595
0.94884312263
0.443887304004
0.512851934185
0.94884312263
0.443887304004
0.512851934185
0.94884312263
0.444226971511
0.513067358629
0.922209521794
0.444678536637
0.512593831191
0.922209521794
0.444590199846
0.512093531675
0.940653927519
0.444894167572
0.513050634217
0.940653927519
0.445076374623
0.513496091635
1.0
0.444866698378
0.514675996552
1.0
0.444791332675
0.514268770995
0.988274346438
0.445526162791
0.514341344003
0.988274346438
0.445526162791
0.514341344003
0.988274346438
0.445364161186
0.514311386001
1.0
0.445046781056
0.514735691752
1.0
0.444853383007
0.515194889472
0.969314294226
0.444905097479
0.514414893343
0.969314294226
0.445191775693
0.514170479688
0.960920512962
0.445354551948
0.513381743911
0.960920512962
0.445162191455
0.512614781026
0.960920512962
0.445162191455
0.512614781026
0.993528132276
0.445185390152
0.513539166474
0.993528132276
0.445170651124
0.513654215234
0.983231132308
0.444956629305
0.51278343879
0.983231132308
0.444867169128
0.512059230087
1.0
0.444557997606
0.512259978449
1.0
0.44463178369
0.511582439055
1.0
0.4445070819
0.510854494112
1.0
0.444700062226
0.511787450792
1.0
0.444700062226
0.511787450792
1.0
0.444433596762
0.512106841251
1.0
0.444527554273
0.512372088552
0.989767647964
0.444494468703
0.512244315411
0.989767647964
0.443951391598
0.51169346616
0.976337063679
0.44402388641
0.51152617523
0.976337063679
0.44386183265
0.510268320557
0.958656836597
0.444104509719
0.51038419782
0.958656836597
0.444042890658
0.510354530859
0.958656836597
0.444042890658
0.510354530859
0.968999317434
0.443825400941
0.510003161544
0.968999317434
0.443521702374
0.509038009747
0.95656938509
0.443771056357
0.508490280155
0.95656938509
0.444353962417
0.509945289732
0.978830751873
0.444250512188
0.510093305972
0.978830751873
0.444154645738
0.510640063259
1.0
0.444012854956
0.510790366595
1.0
0.4444644472
0.510894941871
1.0
0.4444644472
0.510894941871
1.0
0.444223021879
0.510792754001
1.0
0.44364514346
0.509823078033
0.96244794179
0.443239034766
0.509996104974
0.96244794179
0.443512758759
0.510994264578
0.987430019595
0.4434933768
0.51093519757
0.987430019595
0.44329922958
0.509531463401
0.990104934961
0.443135293719
0.509182094412
0.990104934961
0.443015597536
0.508026157245
0.997192315409
0.442673087356
0.507642845333
0.997192315409
0.442673087356
0.507642845333
0.997192315409
0.44321152949
0.508032119977
0.966256254811
0.44290174576
0.507570103511
0.966256254811
0.44286521842
0.507353415053
0.938364166105
0.44311759897
0.506436998807
0.938364166105
0.443300641064
0.506800430043
0.915203172201
0.443496530534
0.506018963031
0.915203172201
0.443371065548
0.505358553167
0.915203172201
0.443371065548
0.505358553167
0.922333965451
0.443711443308
0.504681382813
0.922333965451
0.443994447617
0.504398259719
0.966830603384
0.444550331036
0.503674736805
0.966830603384
0.444678304496
0.503114204592
0.968994293673
0.444712612587
0.502376476985
0.968994293673
0.444769971622
0.502583147384
0.966388338221
0.444795716625
0.502503407576
0.966388338221
0.444696150889
0.502070420437
0.966388338221
0.444696150889
0.502070420437
0.926739541336
0.44464639169
0.501524261398
0.926739541336
0.444489971294
0.500456694686
0.943784944746
0.444423070999
0.500353896419
0.943784944746
0.444308115548
0.500115623751
0.966349825866
0.444850679742
0.499909393243
0.966349825866
0.445362751814
0.500145316257
0.954540046561
0.445826745769
0.499110271876
0.954540046561
0.445767572102
0.498728215648
0.954540046561
0.445767572102
0.498728215648
0.885981029369
0.44594915527
0.498374851439
0.885981029369
0.446129561228
0.498595894558
0.940328613815
0.446468373843
0.498105220906
0.940328613815
0.44640327085
0.498228619122
0.918421636121
0.446127071864
0.497904794045
0.918421636121
0.446482867205
0.497824565402
0.924169821249
0.446947637699
0.496967293866
0.924169821249
0.446890275252
0.495931584047
0.924169821249
0.446890275252
0.495931584047
0.921289925828
0.447279930219
0.495554189551
0.921289925828
0.447218853108
0.495162496142
0.994146502897
0.447433560613
0.495533580741
0.994146502897
0.447391728836
0.495125667202
0.967754257772
0.447968299002
0.494505576054
0.967754257772
0.448056843359
0.49435586258
0.971010981663
0.448020728032
0.493621101084
0.971010981663
0.448020728032
0.493621101084
0.971010981663
0.448338443936
0.493262654402
0.982572852331
0.44900355317
0.492525729181
0.982572852331
0.448953951074
0.492726344211
0.973722996342
0.448738063454
0.49260525635
0.973722996342
0.448823826534
0.49197944072
0.939370055149
0.448195384534
0.491286359237
0.939370055149
0.44800453939
0.491054709648
0.949826944246
0.447887942584
0.490563700221
0.949826944246
0.447758711116
0.490623553647
0.949826944246
0.447758711116
0.490623553647
0.95044806807
0.447892934851
0.489466641173
0.95044806807
0.447785446328
0.48907563069
0.943298513267
0.448080993801
0.488431748738
0.943298513267
0.448112680277
0.488189956569
0.913883251831
0.448660252134
0.487723508239
0.913883251831
0.447998891562
0.486814350122
0.926057732736
0.448355341588
0.486436749444
0.926057732736
0.44786423089
0.486899165055
0.926057732736
0.44786423089
0.486899165055
0.962149196583
0.447366443071
0.487597373544
0.962149196583
0.44689487061
0.488447572557
0.95459273759
0.447080064089
0.487646741149
0.95459273759
0.446389057036
0.488993697264
0.956376066561
0.446469787764
0.489060534573
0.956376066561
0.446069290431
0.488661983941
0.935049238073
0.445815174303
0.489945087316
0.935049238073
0.445895972198
0.490804412556
0.935049238073
0.445895972198
0.490804412556
1.0
0.444545830705
0.495080799235
1.0
0.444754143749
0.495620748288
1.0
0.444307716949
0.499752300646
1.0
0.444065206352
0.499923548051
1.0
0.444577744069
0.502713319717
1.0
0.444772848697
0.502971813863
1.0
0.446195593341
0.504604637348
1.0
0.44630519649
0.505072246411
1.0
0.44630519649
0.505072246411
1.0
0.446632289693
0.50527556717
1.0
0.446694127132
0.504962024863
1.0
0.446729871487
0.506354600891
1.0
0.446711085342
0.505695920362
1.0
0.446658368507
0.506899630777
1.0
0.446691807075
0.508061391405
0.98962673861
0.446628502503
0.508894874821
0.98962673861
0.446628502503
0.508894874821
0.98962673861
0.446532098457
0.508924725487
0.977524833642
0.446635040694
0.509918711947
0.977524833642
0.446641729799
0.509876192882
0.98479843447
0.446602823794
0.510268983655
0.98479843447
0.446483029978
0.510505108306
0.984773447074
0.446458320676
0.510604845394
0.984773447074
0.446428914114
0.511098066141
0.988245979522
0.44638128744
0.511020681335
0.988245979522
0.446378194769
0.511167734349
0.988245979522
0.446378194769
0.511167734349
0.999629266448
0.446402383129
0.511184073231
0.999629266448
0.446429613624
0.510703978135
1.0
0.446512485348
0.511338157235
1.0
0.446870594086
0.511402578755
1.0
0.446656146809
0.510762423655
1.0
0.445822463454
0.509619925541
1.0
0.44594617332
0.50934099229
1.0
0.446183187496
0.509796089557
1.0
0.446183187496
0.509796089557
1.0
0.446110354974
0.509621939401
1.0
0.446239556596
0.50922251644
1.0
0.446398126906
0.509158384288
1.0
0.446393568241
0.508709456429
0.989683424308
0.446507286714
0.508612001201
0.989683424308
0.446822135526
0.509672322571
1.0
0.446747335811
0.509554340019
1.0
0.446932250281
0.509536252832
1.0
0.446932250281
0.509536252832
0.96227880834
0.447016503746
0.509980861479
0.96227880834
0.446847879894
0.509651459919
1.0
0.446926303615
0.508807189079
1.0
0.447042811053
0.508467599051
0.985108639669
0.447118740848
0.508777159734
0.985108639669
0.446839261742
0.507800329309
0.981730337478
0.446808956877
0.50712962711
0.981730337478
0.446476016176
0.506157237008
0.981730337478
0.446476016176
0.506157237008
1.0
0.446310114391
0.505720300079
1.0
0.44665822374
0.506739287047
0.983913365093
0.446798458667
0.506302355782
0.983913365093
0.446712668667
0.505094548675
1.0
0.446628716929
0.50486046331
1.0
0.446815767036
0.504844629255
1.0
0.4469399734
0.504319338401
1.0
0.4469399734
0.504319338401
1.0
0.44672783618
0.503863089995
0.985222857978
0.446663921121
0.504227275375
0.985222857978
0.446017847313
0.503998152099
0.976229708855
0.446095435899
0.503395451183
0.976229708855
0.446469636877
0.503329385561
0.990558864315
0.446522444893
0.503424464848
0.990558864315
0.449457482761
0.50403538553
0.963935467358
0.449348464142
0.504078606927
0.963935467358
0.449348464142
0.504078606927
0.747654675564
0.459689743142
0.505641011028
0.747654675564
0.459766203802
0.505048317452
0.747654675564
0.459608143656
0.505420277579
