0.99
0.533273115122
0.429421114921
0.847435215851
0.45320327578
0.490629152609
0.847435215851
0.45672311954
0.463670438609
0.847435215851
0.464201733846
0.42601103129
0.730776026586
0.512932946795
0.297786608014
0.730776026586
0.512932946795
0.297786608014
0.730776026586
0.512932946795
0.297786608014
0.730776026586
0.512932946795
0.297786608014
0.730776026586
0.512932946795
0.297786608014
0.730776026586
0.512932946795
0.297786608014
0.730776026586
0.512932946795
0.297786608014
0.730776026586
0.512932946795
0.297786608014
0.730776026586
0.512932946795
0.297786608014
0.730776026586
0.512932946795
0.297786608014
0.730776026586
0.512932946795
0.297786608014
0.730776026586
0.512932946795
0.297786608014
0.730776026586
0.512932946795
0.297786608014
0.847435215851
0.507511037959
0.425947233562
0.847435215851
0.507511037959
0.425947233562
0.704045024629
0.292248152524
0.271097069404
0.730284277093
0.651661753143
0.319615461748
0.730284277093
0.495634253459
0.319127783581
0.730284277093
0.492627480334
0.320125589225
0.730284277093
0.492627480334
0.320125589225
0.715176157733
0.528091401228
0.354079224808
0.70843051731
0.529847380716
0.35463793562
0.70843051731
0.495696629888
0.332107193791
0.70843051731
0.496113235774
0.331831047708
0.70843051731
0.497350053772
0.331635413701
0.70843051731
0.497350053772
0.331635413701
0.719212241168
0.497681309658
0.329297108357
0.719212241168
0.497995111393
0.329360668551
0.73807754107
0.497993011792
0.325998167119
0.729542947903
0.528761351059
0.34903665664
0.73807754107
0.480861738932
0.315579946655
0.747402212989
0.481656995277
0.317951139955
0.747402212989
0.481428349121
0.316758350568
0.747402212989
0.481428349121
0.316758350568
0.747402212989
0.481161289757
0.316578243006
0.714279662414
0.48166164757
0.316887534594
0.714279662414
0.481425581562
0.31650067047
0.720049747555
0.481300769985
0.315372382207
0.720049747555
0.48148255508
0.315569796641
0.717253968916
0.48177723468
0.314512442493
0.717253968916
0.481705472513
0.315101240592
0.764354691501
0.481397718482
0.313913785096
0.764354691501
0.481397718482
0.313913785096
0.764354691501
0.481800571299
0.314375924103
0.727311899317
0.482377323964
0.317151998399
0.727311899317
0.482524267655
0.318147097523
0.727311899317
0.482664442042
0.31814292208
0.775507607571
0.482348246798
0.314889050506
0.775507607571
0.481930990911
0.314553999345
0.775507607571
0.481930990911
0.314553999345
0.737635571136
0.481977637352
0.314670761162
0.737635571136
0.482573034033
0.315119031392
0.744672919908
0.482734134692
0.315649301021
0.744672919908
0.482739247674
0.315991769276
0.744672919908
0.482290283044
0.315232833835
0.763112521682
0.482210542779
0.31516475667
0.763112521682
0.482210542779
0.31516475667
0.763112521682
0.48249694346
0.31622879664
0.763112521682
0.482384686233
0.31483453241
0.763112521682
0.482104274329
0.314438265393
0.753497854112
0.482515013442
0.315825908513
0.753497854112
0.482905087925
0.316209380288
0.753497854112
0.483087229597
0.318213365184
0.764837339407
0.482544526701
0.314013588854
0.764837339407
0.482544526701
0.314013588854
0.764837339407
0.482880927521
0.314546292288
0.783619029878
0.482602193115
0.314500239976
0.783619029878
0.482771989686
0.31387824007
0.751524807729
0.483191409273
0.317363765045
0.751524807729
0.483191409273
0.317363765045
0.751524807729
0.482774910848
0.316402946111
0.751524807729
0.482969279289
0.316291792343
0.751524807729
0.483343447571
0.316237458209
0.751524807729
0.482783419013
0.31486865384
0.751524807729
0.482783419013
0.31486865384
0.751524807729
0.482783419013
0.31486865384
0.751524807729
0.525433924098
0.487510578658
0.751332543825
0.52527207276
0.486916065891
0.751332543825
0.52527207276
0.486916065891
0.751332543825
0.52527207276
0.486916065891
0.751332543825
0.52527207276
0.486916065891
0.751332543825
0.52527207276
0.486916065891
0.869907163881
0.583083818716
0.588411199995
0.876137692526
0.499976695717
0.293900131605
0.876137692526
0.499976695717
0.293900131605
0.814459347086
0.498272296607
0.290042499054
0.831125317877
0.498241890666
0.29028898938
0.878676239549
0.497735388087
0.290003886236
0.823967550102
0.531096141629
0.21645875214
0.823967550102
0.533144045829
0.215315322477
0.823967550102
0.543194975021
0.206495652859
0.823967550102
0.543194975021
0.206495652859
0.823967550102
0.571782917416
0.224537629705
0.823967550102
0.571540880925
0.224557393481
0.823967550102
0.571974924318
0.224527121504
0.823967550102
0.571178328415
0.222832691781
0.823967550102
0.571172228827
0.22333438375
0.823967550102
0.57044896888
0.223460039471
0.823967550102
0.570210703135
0.222464470749
0.823967550102
0.570767200136
0.221741026262
0.823967550102
0.571787674418
0.222439910635
0.823967550102
0.571195656886
0.222511823325
0.823967550102
0.571195656886
0.222511823325
0.823967550102
0.570546548789
0.221412663012
0.823967550102
0.570766244627
0.223216078415
0.804636200016
0.569891307393
0.233600604514
0.804636200016
0.570087933312
0.233348897322
0.804636200016
0.569513925522
0.233323342479
0.804636200016
0.569821727993
0.234579904603
0.804636200016
0.569391300995
0.233834609863
0.804636200016
0.569391300995
0.233834609863
0.804636200016
0.567791703939
0.23027976274
0.804636200016
0.523495958434
0.187896250288
0.804636200016
0.523495958434
0.187896250288
0.772189001326
0.428390797464
0.27308160124
0.772189001326
0.428390797464
0.27308160124
0.772189001326
0.392451683555
0.26118485151
0.752694046487
0.38863143149
0.267847861652
0.752694046487
0.38863143149
0.267847861652
0.713992816064
0.394363683616
0.276808178491
0.713992816064
0.394027158172
0.277072901744
0.713992816064
0.394027158172
0.277072901744
0.713992816064
0.393448566806
0.277477026655
0.713992816064
0.393779953021
0.278814594192
0.713992816064
0.394339651971
0.280059141098
0.713992816064
0.393829509377
0.281706123366
0.713992816064
0.39396454235
0.282409575072
0.713992816064
0.39365739511
0.282857811989
0.713992816064
0.394566575464
0.285018560637
0.713992816064
0.394641552948
0.286843122741
0.713992816064
0.394641552948
0.286843122741
0.761040023299
0.396068406329
0.294450549689
0.761040023299
0.396920146907
0.29911091403
0.761040023299
0.397394088885
0.30184459037
0.761040023299
0.398058722913
0.305323435526
0.761040023299
0.398058722913
0.305323435526
0.761040023299
0.399152783037
0.308602451618
0.761040023299
0.398859080317
0.310117745149
0.761040023299
0.398961230822
0.313332225773
