1.0
0.496154109114
0.595463869116
1.0
0.496154109114
0.595463869116
1.0
0.496189646496
0.593138756955
1.0
0.49602078438
0.593371245286
1.0
0.495483768572
0.593200692644
1.0
0.495520582273
0.59330329428
1.0
0.495755877244
0.594225626541
1.0
0.495700672712
0.594426525874
1.0
0.495454170593
0.592045240896
1.0
0.495362262026
0.592302942677
1.0
0.495362262026
0.592302942677
1.0
0.495915980065
0.594585188472
1.0
0.495439163208
0.594951412712
1.0
0.495065005039
0.594538209273
1.0
0.494907257392
0.594487797535
1.0
0.49547171987
0.597957168963
1.0
0.495530603186
0.598347711002
1.0
0.495530603186
0.598347711002
1.0
0.495161625868
0.59921329646
1.0
0.495237582231
0.599152764325
0.99280207597
0.494833324008
0.598473754924
0.99280207597
0.494772530233
0.598328644378
1.0
0.494892430805
0.597262370864
1.0
0.495019821373
0.597354355289
1.0
0.494968038061
0.597055618565
1.0
0.494792806793
0.597069921343
1.0
0.495429887188
0.597331246849
1.0
0.495197428154
0.597368016487
1.0
0.495197428154
0.597368016487
0.978002822552
0.494000457543
0.596338150104
0.978002822552
0.493935498013
0.595987328713
1.0
0.495004512802
0.597783456466
1.0
0.495069766918
0.59794063328
1.0
0.495084110315
0.598331572312
1.0
0.495106995406
0.598335588925
1.0
0.495106995406
0.598335588925
1.0
0.495421192191
0.598512739961
1.0
0.495435681892
0.598615901717
1.0
0.49457843623
0.597621946683
1.0
0.494471443405
0.597710499944
1.0
0.495287583188
0.599252934908
1.0
0.495204832823
0.599615225161
1.0
0.494419997239
0.600909888858
1.0
0.494246610324
0.60076490331
1.0
0.494509445279
0.601576471342
1.0
0.494223164356
0.60147595354
1.0
0.494223164356
0.60147595354
1.0
0.493942318537
0.600213335276
1.0
0.493245839295
0.600092657624
1.0
0.49367424118
0.601099337184
1.0
0.493363666866
0.601731937651
1.0
0.493247194473
0.60269673423
1.0
0.493573639245
0.602346521649
1.0
0.493266039403
0.601325380857
1.0
0.493070100984
0.60123841087
1.0
0.493070100984
0.60123841087
1.0
0.492445491137
0.601208869023
1.0
0.492429149941
0.601217484264
1.0
0.492381309689
0.602401995907
1.0
0.492180778202
0.60218616005
1.0
0.492208606174
0.599918968918
1.0
0.492284979655
0.599988728776
1.0
0.492644286103
0.600114265216
1.0
0.492970519241
0.600014936312
1.0
0.492970519241
0.600014936312
1.0
0.49228912937
0.601146009426
1.0
0.49193458758
0.601035079893
1.0
0.492320380664
0.600462310732
1.0
0.492485910887
0.600165308166
1.0
0.492371017736
0.599143752585
1.0
0.492283807838
0.5990998665
1.0
0.492932225563
0.601194794957
1.0
0.492738512639
0.600627463512
1.0
0.492738512639
0.600627463512
1.0
0.49227333802
0.599836857497
1.0
0.49298851985
0.599893439826
1.0
0.4930182546
0.599015230804
1.0
0.492906358729
0.598817069002
1.0
0.493354865257
0.598221464445
1.0
0.49332773066
0.598279645683
1.0
0.493236796164
0.597420673069
1.0
0.49308617026
0.597594293832
1.0
0.49308617026
0.597594293832
0.981150291033
0.49236966545
0.596349522153
0.981150291033
0.492228873098
0.596256540947
1.0
0.491940660087
0.594816943159
1.0
0.491677624345
0.59420209947
1.0
0.491885089666
0.594569163408
1.0
0.492479988461
0.595026138333
1.0
0.492479988461
0.595026138333
1.0
0.492541929903
0.5969586935
1.0
0.492212430869
0.596617099679
1.0
0.492604828023
0.595829508202
1.0
0.492590371291
0.595843384359
1.0
0.492705746699
0.597287282098
1.0
0.492441558484
0.596750630211
1.0
0.491389013368
0.595564743409
1.0
0.491084335923
0.595098545011
1.0
0.491019704887
0.592643038442
1.0
0.490697100933
0.591930919992
1.0
0.490697100933
0.591930919992
1.0
0.490465324398
0.592748688194
1.0
0.490298128607
0.592057583915
1.0
0.490616604724
0.595807772261
1.0
0.490142107855
0.596298712021
1.0
0.489699384686
0.595490817505
1.0
0.489799285513
0.594589008221
1.0
0.489174172789
0.5936641211
1.0
0.489174172789
0.5936641211
1.0
0.488756387237
0.593059090924
1.0
0.489075136082
0.592354677073
1.0
0.489132012785
0.591742683295
1.0
0.489086993555
0.592726157613
1.0
0.488843457596
0.592369458554
0.992766341218
0.487914213039
0.588672131015
0.992766341218
0.487476420925
0.588151476521
1.0
0.487421988929
0.589211014514
1.0
0.487087585894
0.588984586212
1.0
0.487087585894
0.588984586212
0.941605637729
0.48707930646
0.589128621376
0.941605637729
0.486898776202
0.58918988955
0.99242551549
0.486730726623
0.588644190606
0.99242551549
0.486786881107
0.588810134893
0.849900912606
0.485996159902
0.588074055887
0.849900912606
0.485998225698
0.587400219123
1.0
0.486967400083
0.588138138067
1.0
0.486849031291
0.588013286314
1.0
0.486849031291
0.588013286314
1.0
0.486418874641
0.589829327584
1.0
0.486646635726
0.589897296952
1.0
0.486668564722
0.588989315203
1.0
0.487065409141
0.588979416485
1.0
0.487811178318
0.590443579214
1.0
0.487437355985
0.590244606757
1.0
0.487437355985
0.590244606757
1.0
0.487579910725
0.590668908248
1.0
0.487585305961
0.590800768181
1.0
0.487288255016
0.589086728928
1.0
0.487570542016
0.589176061861
1.0
0.487628153455
0.589928785322
1.0
0.487539678068
0.589998090503
0.952934441177
0.486797998995
0.589064243394
0.952934441177
0.486951632232
0.588899525278
0.952753211538
0.486693820163
0.586750670366
0.952753211538
0.487098072303
0.58727689293
0.952753211538
0.487098072303
0.58727689293
0.957400425746
0.487479139833
0.589474921543
0.957400425746
0.487431266762
0.589279949043
0.906856948461
0.486637006321
0.587656736136
0.906856948461
0.48688495325
0.587815820296
1.0
0.488096731208
0.589193047805
1.0
0.487916832999
0.589361970014
1.0
0.488593092954
0.590709562205
1.0
0.488593092954
0.590709562205
1.0
0.488958349807
0.591095410101
1.0
0.488625468338
0.591854042736
1.0
0.488530162038
0.591978417755
1.0
0.48851884055
0.591303953037
1.0
0.488290066445
0.591740212097
1.0
0.488367139812
0.591624581717
1.0
0.48797144908
0.591994562463
1.0
0.487188813151
0.592887679316
1.0
0.4874871391
0.592608150481
1.0
0.4874871391
0.592608150481
1.0
0.488038242176
0.592199639936
1.0
0.488394268678
0.592161238393
0.848540763926
0.487616421915
0.590839867695
0.848540763926
0.487277680917
0.59030064361
1.0
0.487420723961
0.590558479304
1.0
0.487211841126
0.590350790909
1.0
0.487190278294
0.59091522469
1.0
0.486870820575
0.590888501941
1.0
0.486870820575
0.590888501941
1.0
0.487322062248
0.592247710918
1.0
0.486582830217
0.5917067805
1.0
0.486398001211
0.592723012486
1.0
0.486151533916
0.592708325516
1.0
0.485650312157
0.591659039038
1.0
0.485553137446
0.590924555617
0.998113577562
0.484356132012
0.588782459938
0.998113577562
0.483797528484
0.588721416893
0.998113577562
0.483797528484
0.588721416893
1.0
0.483965378859
0.588498707688
1.0
0.484088983762
0.588662251683
1.0
0.484509323168
0.589736492984
1.0
0.484420692846
0.590348659398
1.0
0.483785809365
0.589944143911
1.0
0.483501085445
0.589709257175
1.0
0.483855011657
0.590393936198
1.0
0.484239871058
0.591309446611
1.0
0.484239871058
0.591309446611
1.0
0.484649060448
0.592337421733
1.0
0.484922538462
0.593098116871
1.0
0.485251721251
0.593495431047
1.0
0.484885950239
0.593919020309
0.978828025798
0.483307226644
0.591474039655
0.978828025798
0.483291420623
0.591989695889
0.978828025798
0.483291420623
0.591989695889
0.988981517849
0.483087217434
0.59070163902
0.988981517849
0.482834887807
0.591570884486
1.0
0.483098524199
0.592147412214
1.0
0.483038347343
0.592880900721
1.0
0.483303890821
0.593704066239
1.0
0.482661473993
0.594299098573
1.0
0.482800810079
0.596940984734
1.0
0.482745602286
0.597553370193
1.0
0.482666774584
0.600337073562
1.0
0.482560051464
0.601172449098
1.0
0.482560051464
0.601172449098
1.0
0.482899293193
0.601138384853
1.0
0.482418728589
0.601573927128
1.0
0.482240066897
0.605102708216
1.0
0.481871804005
0.605136277849
0.993312996295
0.480422571928
0.605143242125
0.993312996295
0.480162746814
0.60675313058
1.0
0.48088538007
0.607738311894
1.0
0.48088538007
0.607738311894
1.0
0.480386649829
0.607902273551
1.0
0.480872376846
0.609525988912
1.0
0.480774754579
0.609156767371
1.0
0.48037841021
0.6095549364
1.0
0.479889490847
0.609464562691
1.0
0.47982989576
0.610260319884
1.0
0.479516439971
0.610600848878
1.0
0.479455380866
0.610372347576
1.0
0.479346890037
0.610517163995
1.0
0.479346890037
0.610517163995
1.0
0.479959696853
0.611992560814
1.0
0.480124686403
0.612586625663
1.0
0.479676729993
0.613319041699
1.0
0.479715260799
0.613774307672
1.0
0.480064335643
0.615481315603
1.0
0.479420296914
0.615550164498
