1.0
0.598681770708
0.461448676218
1.0
0.598591902476
0.462195301688
1.0
0.598244184538
0.461587681821
1.0
0.597959797245
0.462418452389
1.0
0.59800821097
0.462838870291
1.0
0.59800821097
0.462838870291
1.0
0.597839431575
0.462814333847
1.0
0.597492251113
0.462529567713
1.0
0.597302398324
0.463253428024
1.0
0.597325142273
0.46349387405
1.0
0.597185827395
0.463803501046
1.0
0.597088141557
0.465046032561
1.0
0.597050740001
0.465033689054
1.0
0.597050740001
0.465033689054
1.0
0.596957381764
0.464727503831
1.0
0.59673455015
0.465122062412
1.0
0.5963492758
0.464552173695
1.0
0.59629476964
0.465252598429
1.0
0.596217233962
0.46545169393
1.0
0.595932096826
0.466868499947
1.0
0.595872114887
0.467072898754
1.0
0.595704260683
0.468011316285
1.0
0.595863564259
0.468975410559
1.0
0.595863564259
0.468975410559
1.0
0.595637251354
0.469950938449
1.0
0.595628787704
0.469834326431
1.0
0.5953222285
0.47103142601
1.0
0.595640404441
0.471338505772
1.0
0.595445034319
0.471939790289
1.0
0.595402745013
0.471900394681
1.0
0.595227492237
0.472809245367
1.0
0.595594569812
0.472540286266
1.0
0.595594569812
0.472540286266
1.0
0.595525902984
0.473608059415
1.0
0.595834613077
0.47376223695
1.0
0.595807480372
0.473679631986
1.0
0.596172081182
0.473417653681
1.0
0.596189624213
0.47281048609
1.0
0.596507666904
0.473212364311
1.0
0.596535077362
0.473623215714
1.0
0.596535077362
0.473623215714
1.0
0.596863798339
0.473115785715
1.0
0.596832369918
0.473342472173
1.0
0.597248184479
0.47318219359
1.0
0.597450756106
0.472952985578
1.0
0.597915551234
0.473163323623
1.0
0.597988884117
0.472941016235
1.0
0.598409790928
0.473429957182
1.0
0.598587821856
0.473282766609
1.0
0.598846427988
0.472683488471
1.0
0.598846427988
0.472683488471
1.0
0.598885248093
0.473161575121
1.0
0.599132428558
0.473067866381
1.0
0.599268584059
0.472629529064
1.0
0.599235834812
0.470945315267
1.0
0.599411566495
0.470195783523
1.0
0.599852079226
0.469784057488
1.0
0.600089999503
0.468409604538
1.0
0.600089999503
0.468409604538
1.0
0.60006830104
0.467534222433
1.0
0.600182393814
0.46708211667
1.0
0.600646872199
0.466516280385
1.0
0.601049005077
0.465240336757
1.0
0.601278990475
0.464518144057
1.0
0.601513925421
0.46341199129
1.0
0.601221043457
0.461449559497
1.0
0.601493104407
0.459913876782
1.0
0.601838305694
0.459788268197
1.0
0.601815498042
0.458769520023
1.0
0.601815498042
0.458769520023
1.0
0.601928245837
0.458178574636
1.0
0.602124669773
0.456732704494
1.0
0.602613284632
0.456586740991
1.0
0.602863362772
0.454892498775
1.0
0.602887712328
0.454277611182
1.0
0.602780978343
0.453623255891
1.0
0.602780978343
0.453623255891
1.0
0.602573152697
0.453750280676
1.0
0.602719219365
0.452786153759
1.0
0.602667746432
0.452521170039
1.0
0.602733278503
0.451507148061
1.0
0.602922494154
0.451592176902
1.0
0.603298877364
0.450598565193
1.0
0.60295008558
0.450539137662
1.0
0.60295008558
0.450539137662
1.0
0.603019997767
0.449543167966
1.0
0.602907443993
0.449339540439
1.0
0.603107596532
0.448412374471
1.0
0.603250732466
0.448520801975
1.0
0.603182011945
0.448216816519
1.0
0.602835500128
0.44738826498
1.0
0.602837862065
0.446935664223
1.0
0.602527384594
0.447072840579
1.0
0.602486010791
0.446914384438
1.0
0.602027323147
0.446447166765
1.0
0.602027323147
0.446447166765
1.0
0.601958025735
0.446429008447
1.0
0.601848988422
0.447342789977
1.0
0.60170470635
0.447346014581
1.0
0.601647037538
0.448177917913
1.0
0.601481275113
0.448371585811
1.0
0.601184974005
0.449073151376
1.0
0.601021348987
0.449967275291
1.0
0.601021348987
0.449967275291
1.0
0.600590068971
0.450433435261
1.0
0.600498037788
0.450675735011
1.0
0.59999252367
0.451027982319
1.0
0.599413966512
0.452495578233
1.0
0.598929029585
0.45188543517
1.0
0.598496497913
0.452733115999
1.0
0.597792245926
0.452256651565
1.0
0.597508462248
0.453027913834
1.0
0.597508462248
0.453027913834
1.0
0.597144571123
0.453261407328
1.0
0.596614899714
0.454618767259
1.0
0.596195930049
0.455317243361
1.0
0.595837760695
0.456731022938
1.0
0.595410434869
0.456667195894
1.0
0.595238055714
0.457116094074
1.0
0.594403027804
0.456686683079
1.0
0.594117214641
0.457415729091
1.0
0.593330742869
0.457312630588
1.0
0.593330742869
0.457312630588
1.0
0.592864271035
0.458475090977
1.0
0.592450744964
0.458505989759
1.0
0.592004397081
0.459215240553
1.0
0.591640706535
0.458903196243
1.0
0.591208732838
0.459888162787
1.0
0.590903146562
0.460038956747
1.0
0.590763755997
0.460151383203
1.0
0.590763755997
0.460151383203
1.0
0.590223614552
0.459825960824
1.0
0.589782697964
0.460841868844
1.0
0.589045292538
0.460212540195
1.0
0.588698763086
0.460790540522
1.0
0.587913329297
0.460457420453
1.0
0.587423946175
0.461644145116
1.0
0.586939879937
0.461287500099
1.0
0.586844570889
0.461562065005
1.0
0.586424481106
0.461601163259
1.0
0.586424481106
0.461601163259
1.0
0.585592786278
0.462813476741
1.0
0.584954857908
0.4623830079
1.0
0.584759574532
0.462915753321
1.0
0.584205708661
0.46294473558
1.0
0.583886332856
0.463652556613
1.0
0.583606475925
0.46403393011
1.0
0.583385468174
0.464292585895
1.0
0.583385468174
0.464292585895
1.0
0.582898865022
0.463578411572
1.0
0.58248914318
0.464113904878
1.0
0.582617835909
0.464437726293
1.0
0.582226740889
0.465700230493
1.0
0.581903123469
0.46528053042
1.0
0.581860637043
0.465486050575
1.0
0.581732349028
0.466003905276
1.0
0.581460137775
0.466436036616
1.0
0.581460137775
0.466436036616
1.0
0.58137817084
0.466154413447
1.0
0.581022192278
0.466450834647
1.0
0.580837553667
0.466035896206
1.0
0.580870326446
0.465845870764
1.0
0.581455114134
0.466301118756
1.0
0.58143056109
0.466615308384
1.0
0.581437292935
0.466080982574
1.0
0.581450749461
0.465828027202
1.0
0.581796978445
0.466237945217
1.0
0.581796978445
0.466237945217
1.0
0.581691118596
0.46659731516
1.0
0.581842154592
0.466025593317
1.0
0.582161150228
0.465448799467
1.0
0.582443913411
0.465656714431
1.0
0.582417063586
0.465534763965
1.0
0.582981115642
0.466549311202
1.0
0.583350346186
0.465929745574
1.0
0.583350346186
0.465929745574
1.0
0.583409143381
0.466613580188
1.0
0.583667117496
0.466189667662
1.0
0.584126664002
0.466663590154
1.0
0.584466883738
0.466498386856
1.0
0.584520935614
0.466772268566
1.0
0.584779004353
0.466698047706
1.0
0.584970577317
0.467094718968
1.0
0.585373112411
0.466843694294
1.0
0.585373112411
0.466843694294
1.0
0.585263166301
0.467745004445
1.0
0.585508473007
0.467818536311
1.0
0.584996253516
0.468476977787
1.0
0.585355538958
0.468024563587
1.0
0.585049918247
0.46863589097
1.0
0.585137059719
0.469111252284
1.0
0.584798657166
0.469685423378
1.0
0.584726446978
0.469849060021
1.0
0.584726446978
0.469849060021
1.0
0.584022825705
0.470868672561
1.0
0.584054277481
0.47213068391
1.0
0.583425046204
0.472913384776
1.0
0.583579376231
0.474055558833
1.0
0.582815223993
0.475319180243
1.0
0.582781256317
0.476349388417
1.0
0.581528724831
0.476986002274
1.0
0.58154748245
0.477858731515
1.0
0.58154748245
0.477858731515
1.0
0.580622325673
0.478563936108
1.0
0.5803778249
0.480473615918
1.0
0.579399450122
0.481690748137
1.0
0.579306526986
0.483139350197
1.0
0.578441898567
0.483501225063
1.0
0.57835140435
0.48534498808
1.0
0.577390454102
0.486547974996
1.0
0.577442736148
0.488076590229
1.0
0.576278226657
0.487764930815
1.0
0.576278226657
0.487764930815
1.0
0.576141543223
0.489447090833
1.0
0.574855802632
0.489037847688
1.0
0.574792734319
0.491031831212
1.0
0.57415837814
0.491933029942
1.0
0.573968829601
0.493747242463
1.0
0.572825310408
0.49347007064
1.0
0.572703671365
0.494363554846
1.0
0.572703671365
0.494363554846
1.0
0.571442818805
0.492321952962
1.0
0.571358797381
0.493743288166
1.0
0.570393925832
0.492854670608
1.0
0.570167611679
0.493651552039
1.0
0.568213976599
0.491958825217
1.0
0.567907589633
0.492462766806
1.0
0.566505677349
0.491415639591
1.0
0.566505677349
0.491415639591
1.0
0.566095457393
0.491809345897
1.0
0.565346951999
0.490779354635
1.0
0.564790227026
0.491164836981
1.0
0.563732438475
0.489887473239
1.0
0.563417711666
0.489987418492
1.0
0.561862876403
0.488293776023
1.0
0.561672078058
0.488014461249
1.0
0.560227280847
0.486374082465
1.0
0.559925844053
0.48647470464
1.0
0.559925844053
0.48647470464
1.0
0.558141732541
0.484662979749
1.0
0.557462569444
0.484776307415
1.0
0.555868445296
0.483132591056
1.0
0.555503557406
0.48249501017
1.0
0.553790561367
0.480744915305
1.0
0.553214527506
0.481067063379
1.0
0.551511559952
0.479550329674
1.0
0.551317699463
0.479359692992
1.0
0.551317699463
0.479359692992
1.0
0.549702982077
0.477374199013
1.0
0.549275780314
0.47750235079
1.0
0.54778483869
0.475694645471
1.0
0.547514998579
0.475338985834
1.0
0.546503312465
0.473802877113
1.0
0.545898399606
0.474002113516
1.0
0.544701258611
0.472530696786
1.0
0.544467021629
0.472327193431
1.0
0.544467021629
0.472327193431
1.0
0.543783256343
0.470643650614
1.0
0.543531028199
0.47010770652
1.0
0.542342706123
0.468456089355
1.0
0.542233473006
0.468289713524
1.0
0.541743128057
0.466485804519
1.0
0.541489960554
0.466009660439
1.0
0.541219785507
0.464678654756
1.0
0.541368397665
0.463869946252
1.0
0.541368397665
0.463869946252
1.0
0.54132068921
0.462320953161
1.0
0.541385997481
0.461232477173
1.0
0.54139974289
0.459720737609
1.0
0.541370165801
0.458623895327
1.0
0.541077000064
0.456559638623
1.0
0.541389300609
0.455056932782
1.0
0.541509991526
0.452721646667
1.0
0.541509991526
0.452721646667
1.0
0.541799029023
0.451494065762
1.0
0.54177386584
0.449782834825
1.0
0.542060829682
0.447833733094
1.0
0.541977133305
0.446061507035
1.0
0.542089486367
0.444220682993
1.0
0.542586442801
0.442497474538
1.0
0.54261652931
0.4405352258
1.0
0.542759157841
0.439498471603
1.0
0.543106672842
0.437214008609
1.0
0.543106672842
0.437214008609
1.0
0.543246650268
0.435962162698
1.0
0.5433527365
0.434609875883
1.0
0.543549708475
0.433446422885
1.0
0.543673827008
0.431722505575
1.0
0.544006444341
0.430365981707
1.0
0.544335927606
0.428371480367
1.0
0.544904908686
0.428015478374
1.0
0.545164173144
0.426457343729
1.0
0.545164173144
0.426457343729
1.0
0.54538032538
0.425514341275
1.0
0.545681529387
0.424093693375
1.0
0.54619384675
0.423295301756
1.0
0.546736255533
0.421403123611
1.0
0.547062388316
0.42052928253
1.0
0.54713096065
0.418739628296
1.0
0.547574348274
0.418234192427
1.0
0.547907955187
0.416776781558
1.0
0.547907955187
0.416776781558
1.0
0.548324405244
0.415811726164
1.0
0.548735969792
0.414047919717
1.0
0.549025351435
0.413518398433
1.0
0.549236312798
0.412408209728
1.0
0.549742844753
0.41172974735
1.0
0.550049845688
0.410439115175
1.0
0.550320549215
0.409830235352
1.0
0.55068172411
0.408494873974
1.0
0.55068172411
0.408494873974
1.0
0.551260930668
0.408403581849
1.0
0.551349760177
0.407243079822
1.0
0.551774927211
0.407209647434
1.0
0.551941323753
0.406192788095
1.0
0.552491758926
0.4051715657
1.0
0.552842414863
0.403311610395
1.0
0.553312371528
0.402196115708
1.0
0.553400585629
0.401389390662
1.0
0.553400585629
0.401389390662
1.0
0.553822406618
0.40104331508
1.0
0.554112466881
0.400154868736
1.0
0.5547681066
0.399120381531
1.0
0.555232425018
0.396880607457
1.0
0.555739020206
0.395767629427
1.0
0.556002443238
0.394297353747
1.0
0.556455930673
0.393314212998
1.0
0.556875569231
0.39152854738
1.0
0.556875569231
0.39152854738
1.0
0.557430630375
0.390387360797
1.0
0.557737189196
0.388175742724
1.0
0.558172168954
0.386755903669
1.0
0.558439888707
0.384291589099
1.0
0.559074774612
0.383589921401
1.0
0.55920994839
0.382045494417
1.0
0.559612280203
0.381218603263
1.0
0.56011570034
0.378394341368
1.0
0.56011570034
0.378394341368
1.0
0.56072589424
0.377511272046
1.0
0.561164408201
0.375330795159
1.0
0.561585575998
0.374308734163
1.0
0.561851331611
0.371969972888
1.0
0.562181549412
0.370265809327
1.0
0.562385308599
0.368232956311
1.0
0.562840106915
0.367892695631
1.0
0.562990789765
0.366151149148
1.0
0.562990789765
0.366151149148
1.0
0.563332223326
0.364639701584
1.0
0.563739440148
0.362170121635
1.0
0.564090668108
0.361431430695
1.0
0.564273355009
0.359505213461
1.0
0.565054440306
0.35911620433
1.0
0.565170599406
0.357210810887
1.0
0.565380347257
0.356413340386
1.0
0.565571180562
0.35420498793
1.0
0.565571180562
0.35420498793
1.0
0.565565027576
0.35425689283
1.0
0.565571925659
0.3528588789
1.0
0.563013909174
0.356025122
1.0
0.563052997853
0.354497177922
0.99
0.559556130516
0.365281365586
0.99
0.559697034021
0.364012191762
0.99
0.554913549935
0.380948020835
0.99
0.554913549935
0.380948020835
0.99
0.554873894402
0.380435428025
0.99
0.548906443606
0.399207198132
0.99
0.546385890845
0.405287568409
0.99
0.54352375542
0.422317728696
0.99
0.537285458829
0.444307710857
0.99
0.537236722428
0.472839613731
0.99
0.529356927484
0.503547821124
0.99
0.523016831472
0.533279993463
0.99
0.524735665508
0.540343937927
0.99
0.524735665508
0.540343937927
0.99
0.52003577684
0.566606954094
0.957232522669
0.521837322789
0.569229292593
0.957232522669
0.518552554873
0.591070273988
0.99
0.520172564913
0.594795787068
0.99
0.517599483811
0.61352361601
0.99
0.518612164916
0.616265042738
0.99
0.518371395718
0.630413933502
0.99
0.519078595203
0.630012271829
0.99
0.519078595203
0.630012271829
1.0
0.519568257206
0.635910482881
1.0
0.51993177931
0.634882450157
1.0
0.520831677945
0.638318440589
1.0
0.520928053077
0.637910397133
1.0
0.52111817725
0.636795975588
1.0
0.521398998198
0.63623773382
1.0
0.521524676632
0.63441673826
1.0
0.521881660713
0.634215631572
1.0
0.521881660713
0.634215631572
1.0
0.521971180182
0.632480324593
1.0
0.522007065537
0.631552493646
1.0
0.52229452735
0.630264388801
1.0
0.522663786895
0.63048158448
1.0
0.522750736072
0.629687221922
1.0
0.522976719108
0.629189720454
1.0
0.522972600094
0.628115351126
1.0
0.522972600094
0.628115351126
1.0
0.522844276526
0.627899940269
1.0
0.52295013074
0.627266888553
1.0
0.523157998309
0.626943831525
1.0
0.523233111477
0.626196512794
1.0
0.52317653398
0.626325624126
1.0
0.523313038934
0.625380051276
1.0
0.523261278377
0.625292547719
1.0
0.523475477676
0.624805472864
1.0
0.523274635368
0.624996001233
1.0
0.523274635368
0.624996001233
1.0
0.523263170677
0.624457316529
1.0
0.523225421351
0.624493334249
1.0
0.523305786321
0.624437909153
1.0
0.523476380112
0.62447123013
1.0
0.523564476882
0.624237854352
1.0
0.523537145296
0.624498951636
1.0
0.52347627269
0.624558785371
1.0
0.523652922504
0.624933407785
1.0
0.523652922504
0.624933407785
1.0
0.523611676632
0.625007805515
1.0
0.523684907721
0.62548249671
1.0
0.523531212742
0.625418708035
1.0
0.523409248636
0.625609726033
1.0
0.523369780003
0.625908783118
1.0
0.523498953637
0.62615585832
1.0
0.523359746049
0.626844463821
1.0
0.523461690566
0.627271965491
1.0
0.523461690566
0.627271965491
1.0
0.523453249041
0.627802882222
1.0
0.52339090305
0.62796534053
1.0
0.52329931993
0.628110773761
1.0
0.523625222778
0.62867204215
1.0
0.523537397921
0.629458657476
1.0
0.523669191822
0.62957545087
1.0
0.523679358539
0.629572820823
1.0
0.523679358539
0.629572820823
1.0
0.524020982841
0.630081568188
1.0
0.524137181153
0.630140353881
1.0
0.524312645505
0.630394217039
1.0
0.524399128487
0.630780683015
1.0
0.524643630403
0.630817450419
1.0
0.524645995984
0.63063139227
1.0
0.524909102609
0.630367981828
1.0
0.524907167583
0.630479518694
1.0
0.525022303334
0.630264753007
1.0
0.525022303334
0.630264753007
1.0
0.525360199593
0.629736248811
1.0
0.526305498814
0.630352086788
1.0
0.52649750209
0.630478570948
1.0
0.526970325191
0.631081243275
1.0
0.527223985024
0.630723314921
1.0
0.527914790428
0.630729557599
1.0
0.528067992687
0.630759734834
1.0
0.528067992687
0.630759734834
0.947920735572
0.528644535605
0.629319044531
0.947920735572
0.528911624834
0.629404089432
0.858839687977
0.53263396159
0.630548221393
0.858839687977
0.532557856383
0.630482604755
0.855116331633
0.542443791762
0.633996313313
0.855116331633
0.54255353598
0.633865786535
0.855116331633
0.54255353598
0.633865786535
0.766288718135
0.5381137362
0.596885085051
0.766288718135
0.538103261484
0.597338993804
0.766288718135
0.538546237397
0.595724321979
0.766288718135
0.540839334372
0.592005510273
0.766288718135
0.540839334372
0.592005510273
0.766288718135
0.54486895932
0.570767379631
0.744283897979
0.559262129943
0.549515275941
0.744283897979
0.559262129943
0.549515275941
0.691829613575
0.588428714353
0.580790161194
0.691829613575
0.593651463158
0.563992004522
0.691829613575
0.593986702391
0.556945641319
0.691829613575
0.594807340813
0.555046512958
0.604718915787
0.595153914078
0.555553416836
0.604718915787
0.595153914078
0.555553416836
0.604718915787
0.596166800962
0.554363189081
0.980469863813
0.598672883428
0.542121623277
0.980469863813
0.599339936765
0.54336799532
1.0
0.600065421832
0.545244679924
1.0
0.600750026589
0.545535657553
0.994908858782
0.601345435699
0.546695433404
0.994908858782
0.602467181719
0.546035248906
0.998077170494
0.602967071615
0.545342922757
0.998077170494
0.603760648508
0.544551154285
1.0
0.604872795597
0.545591637708
1.0
0.604872795597
0.545591637708
1.0
0.605827187645
0.545427657862
1.0
0.606092209498
0.546231989541
1.0
0.606958328816
0.545593883474
1.0
0.607422853701
0.546413358629
1.0
0.6080812425
0.545527958968
1.0
0.609143124294
0.548223988245
1.0
0.609143124294
0.548223988245
1.0
0.60972400828
0.547174145463
1.0
0.610342557778
0.54732564781
1.0
0.610927978056
0.547057800955
1.0
0.611123755822
0.547841668484
1.0
0.611484739095
0.547830826466
1.0
0.61160593166
0.547488670827
1.0
0.612510726853
0.546494364322
1.0
0.612974870623
0.547587696917
1.0
0.613242605425
0.547603107494
1.0
0.613242605425
0.547603107494
1.0
0.613320721512
0.547547273967
1.0
0.613683571289
0.546636194561
1.0
0.61382836181
0.545851885294
1.0
0.613887539359
0.545738670562
1.0
0.613766456932
0.545937029431
1.0
0.61414589408
0.545381103896
1.0
0.613929873262
0.545162273386
1.0
0.613952865354
0.544624649193
1.0
0.614161661393
0.545193873729
1.0
0.614161661393
0.545193873729
1.0
0.614291634184
0.545475446435
0.987894954829
0.613811055913
0.544668042553
0.987894954829
0.613768503979
0.544074003619
1.0
0.614086620598
0.544778992964
1.0
0.614172064168
0.544913092133
0.960083678008
0.614031350819
0.544260971816
0.960083678008
0.614031350819
0.544260971816
0.960083678008
0.614118051929
0.544154849444
1.0
0.611966976094
0.542102960178
1.0
0.611958440234
0.541654546764
0.99
0.602181264983
0.527911214748
0.99
0.601961245893
0.527876512827
0.99
0.590251332487
0.515887657433
0.99
0.590338821883
0.515434745839
0.99
0.554929945154
0.463916871499
0.99
0.554300658058
0.464035713392
0.99
0.547780802072
0.467672789988
0.99
0.547780802072
0.467672789988
0.99
0.54215219046
0.460810156433
0.99
0.529974489519
0.467539331036
0.99
0.514456517751
0.439778746537
0.99
0.503203289206
0.446694000287
0.99
0.501043086755
0.438160651284
0.99
0.489271288836
0.439851079894
0.99
0.487214111315
0.43258464213
0.99
0.478296502482
0.431967742811
0.99
0.478296502482
0.431967742811
0.99
0.478550738781
0.429417356619
0.99
0.472910966144
0.426790734222
0.99
0.473795949164
0.427763846677
1.0
0.471239360208
0.423674063983
1.0
0.471252924753
0.423266257188
1.0
0.469803641193
0.416961074754
1.0
0.46994116763
0.417519455471
1.0
0.46994116763
0.417519455471
1.0
0.470049806917
0.41295727279
1.0
0.470349848919
0.414015341644
1.0
0.470853521
0.413378407076
1.0
0.470935278705
0.413072329053
1.0
0.471280612283
0.412999206994
1.0
0.471764907821
0.413456668392
1.0
0.472089882217
0.41344421089
1.0
0.472286790873
0.413063677328
1.0
0.472844617181
0.41275775941
1.0
0.472844617181
0.41275775941
1.0
0.473498746559
0.413046492255
1.0
0.473739220572
0.413062045476
1.0
0.474064039001
0.413410497983
1.0
0.474332535458
0.413207284634
1.0
0.474980381439
0.413068460711
1.0
0.475275429841
0.412063321595
1.0
0.475907536249
0.412251451961
1.0
0.476295822683
0.411726480881
1.0
0.476295822683
0.411726480881
1.0
0.476730020808
0.411542593226
1.0
0.47713364705
0.410703646527
1.0
0.477763168624
0.411446277618
1.0
0.478130538272
0.410796557866
1.0
0.478910315359
0.411070779644
1.0
0.479361686206
0.410038545953
1.0
0.479361686206
0.410038545953
1.0
0.480039588719
0.410083712924
1.0
0.480342191451
0.409299314394
1.0
0.480637435625
0.409016662613
1.0
0.481000269908
0.408375258243
1.0
0.481273375136
0.407756593562
1.0
0.481687249026
0.406913080766
1.0
0.482328528495
0.407389473684
1.0
0.482733789735
0.406508492018
1.0
0.483466132774
0.406539142743
1.0
0.483838081989
0.405577194721
1.0
0.483838081989
0.405577194721
1.0
0.484034803927
0.40503310605
1.0
0.484515671051
0.404309141686
1.0
0.484866968263
0.404202870628
1.0
0.485239585022
0.403117717243
1.0
0.48588754444
0.403664109843
1.0
0.486132465995
0.403162708918
1.0
0.486893801287
0.403672889738
1.0
0.486893801287
0.403672889738
1.0
0.487016370869
0.402872532914
1.0
0.487909785143
0.402013890792
1.0
0.488121573714
0.401621207574
1.0
0.489754872038
0.400589585886
1.0
0.489770354138
0.400706133016
0.930351978303
0.491939534487
0.402305558892
0.930351978303
0.491801030651
0.402356760143
0.930351978303
0.491801030651
0.402356760143
0.930351978303
0.491801030651
0.402356760143
0.930351978303
0.491801030651
0.402356760143
0.739869818686
0.495919264658
0.368249798361
0.739869818686
0.495744288148
0.36820685722
0.739869818686
0.495248634291
0.36913263774
0.739869818686
0.495248634291
0.36913263774
0.739869818686
0.494466141886
0.369822277809
0.739869818686
0.492167213568
0.372413588263
0.739869818686
0.488764916528
0.384622283602
0.739869818686
0.527809167858
0.321674510679
0.903731396167
0.557484101659
0.361788013297
0.903731396167
0.557484101659
0.361788013297
0.645286915136
0.578572513106
0.418463101878
0.645286915136
0.578572513106
0.418463101878
0.949788709271
0.579405151104
0.414472010709
1.0
0.580250261096
0.419906485214
1.0
0.58104672744
0.422804890217
1.0
0.581532230662
0.424184644567
1.0
0.581532230662
0.424184644567
1.0
0.581613632014
0.425102736912
1.0
0.581607158688
0.426525491995
1.0
0.581943776137
0.426989760443
1.0
0.582245515757
0.428406771451
1.0
0.58254416403
0.427702654668
1.0
0.582690207581
0.429373287427
1.0
0.583137639399
0.429537710992
1.0
0.583188369539
0.430430160101
1.0
0.583188369539
0.430430160101
1.0
0.583111571554
0.43126464673
1.0
0.582997272099
0.432533310191
1.0
0.583553385636
0.432677451834
1.0
0.583292898725
0.433280767036
1.0
0.583360586986
0.433644719103
1.0
0.583449132936
0.434881725323
1.0
0.583524278745
0.43552643791
1.0
0.583504476196
0.436542207062
1.0
0.583615100945
0.43663315453
1.0
0.583615100945
0.43663315453
1.0
0.583318386496
0.436876880822
1.0
0.583473573202
0.437629867976
1.0
0.583616823319
0.438381734811
1.0
0.58389517505
0.438695823452
1.0
0.583562642046
0.439240751794
1.0
0.58355542019
0.44081293494
1.0
0.583566680895
0.442156667409
1.0
0.583566680895
0.442156667409
1.0
0.583599682803
0.442354161432
1.0
0.583523013338
0.4435742
1.0
0.583414362041
0.444326676454
1.0
0.583174192954
0.444712388064
1.0
0.583170878404
0.445536694077
1.0
0.582901296456
0.445909749048
1.0
0.582790340564
0.447081191237
1.0
0.582851885729
0.448814249234
1.0
0.582851885729
0.448814249234
1.0
0.582756432455
0.450364931021
1.0
0.582486982399
0.451013092924
1.0
0.582175414138
0.451755037203
1.0
0.581803844855
0.451907544465
1.0
0.581893873486
0.452390235927
1.0
0.581842766341
0.452535917885
1.0
0.581769840115
0.454060052654
1.0
0.58160714731
0.45550336163
1.0
0.58160714731
0.45550336163
1.0
0.581392289556
0.45684457998
1.0
0.580921717267
0.45732334529
1.0
0.580761016139
0.458347087749
1.0
0.575793582204
0.455084716969
1.0
0.575604462392
0.456101935099
0.99
0.559608817173
0.441742666588
0.99
0.559326754901
0.442689383807
0.99
0.539122444887
0.427740309048
0.99
0.539122444887
0.427740309048
0.99
0.53892241247
0.429210876675
0.99
0.515516056353
0.413056207671
0.99
0.512437226884
0.416935697352
0.880207745651
0.501934592133
0.414869970195
0.880207745651
0.490678197624
0.429008926201
0.928722243388
0.485315479546
0.42708406472
0.928722243388
0.4663831555
0.450753587513
0.928722243388
0.4663831555
0.450753587513
0.99
0.444756270947
0.4303545409
0.99
0.432322474172
0.452421367244
0.99
0.433219673215
0.453544887777
0.99
0.422397332646
0.47059891733
0.99
0.423717379436
0.471003358979
0.99
0.415237809221
0.482663024785
0.99
0.415070630651
0.483034492378
1.0
0.412110459668
0.48779758456
1.0
0.412507334876
0.488899061264
1.0
0.412507334876
0.488899061264
1.0
0.412326192141
0.490942254017
1.0
0.412927492101
0.492402025535
1.0
0.41400069283
0.491096995344
1.0
0.414432937013
0.491509720884
1.0
0.415188128937
0.491366836224
1.0
0.415206236923
0.492096931583
1.0
0.415496797847
0.492435832719
1.0
0.415496797847
0.492435832719
1.0
0.415782680258
0.493183361864
1.0
0.416037523582
0.492902402538
1.0
0.416242542428
0.493278921952
1.0
0.416489001997
0.492903089806
1.0
0.416526331773
0.493522297574
1.0
0.416768659562
0.493995620549
1.0
0.417135056898
0.494110576748
1.0
0.417568641199
0.493769793322
1.0
0.417749068225
0.494099992937
1.0
0.417891939282
0.493780969311
1.0
0.417891939282
0.493780969311
1.0
0.418196830179
0.494350876805
1.0
0.418388931841
0.494184940951
1.0
0.418519006724
0.494386686042
1.0
0.418609829504
0.494731117997
1.0
0.41888447912
0.494617719828
1.0
0.419047109064
0.494010813902
1.0
0.419044315623
0.494736068009
1.0
0.419044315623
0.494736068009
1.0
0.419218100512
0.494100224546
1.0
0.419016826472
0.493806673967
1.0
0.419015519041
0.494215224189
1.0
0.418964084133
0.494741477828
1.0
0.419074187022
0.494554595832
1.0
0.418907525409
0.494215019657
1.0
0.418833643972
0.494641149193
1.0
0.418833643972
0.494641149193
1.0
0.419197734028
0.495266487995
1.0
0.419144469853
0.495784017942
1.0
0.418191329348
0.49412755261
1.0
0.418330943623
0.49454494772
1.0
0.418161228564
0.494205214397
1.0
0.418081253444
0.494498160829
1.0
0.417967220815
0.494617059827
1.0
0.417924895879
0.495053941464
1.0
0.417830871299
0.494465360113
1.0
0.417830871299
0.494465360113
1.0
0.41789447709
0.494295449926
1.0
0.417975002457
0.49445364938
1.0
0.417917301314
0.494415452804
1.0
0.417674424714
0.49426510111
1.0
0.41760613531
0.494565761367
1.0
0.417192026418
0.492980235037
1.0
0.417166221082
0.49241871785
1.0
0.416820068498
0.491740212295
1.0
0.416820068498
0.491740212295
1.0
0.416861283972
0.491618201258
1.0
0.416600573935
0.491446246822
1.0
0.416548892294
0.491074446167
1.0
0.416264478858
0.490490306031
1.0
0.416199812567
0.490236955494
1.0
0.415667640579
0.490044247919
1.0
0.415808896273
0.48940008785
1.0
0.415349676256
0.488288069299
1.0
0.415311458937
0.487825915981
1.0
0.415311458937
0.487825915981
1.0
0.414964594154
0.487551393627
1.0
0.414980007199
0.487299935389
1.0
0.414530941122
0.486567113742
1.0
0.4145358872
0.486161067545
1.0
0.41458201174
0.486710521809
1.0
0.414478676212
0.48579857838
1.0
0.413876602725
0.484203675914
1.0
0.413876602725
0.484203675914
1.0
0.413883567687
0.4835106556
1.0
0.413995773719
0.482022782752
1.0
0.413801304994
0.481614556239
1.0
0.413071917459
0.480944740902
1.0
0.412896425692
0.481173837416
0.991843171508
0.412693306588
0.481649706145
0.991843171508
0.412474588461
0.482219821238
0.991843171508
0.412474588461
0.482219821238
1.0
0.412346173992
0.481790941697
1.0
0.412271151818
0.480793057556
0.99386722716
0.411322851823
0.478950750111
0.963642886864
0.411271636571
0.478045132655
0.963642886864
0.41213021113
0.478532163665
0.941687991934
0.411911513025
0.477389022896
0.875022953922
0.415304508763
0.478077163067
0.875022953922
0.414983177546
0.478690703005
0.875022953922
0.414983177546
0.478690703005
0.866626883584
0.416938745008
0.464616277885
0.863315918486
0.416914804715
0.464698086119
0.833139768704
0.438005298922
0.48565511528
0.833139768704
0.438118845062
0.485632458631
0.833139768704
0.440042987209
0.482956041171
0.833139768704
0.440042987209
0.482956041171
0.861044006505
0.463924115439
0.51375982927
0.822095600625
0.469602563729
0.503384909772
0.757694168505
0.475890656664
0.498839177128
0.73683544849
0.481697581337
0.492553640024
0.84613377864
0.498046120262
0.469792251701
0.84613377864
0.500635465412
0.471686002024
0.84613377864
0.502344305794
0.472762759884
0.84613377864
0.502344305794
0.472762759884
0.933999081521
0.505499123533
0.469118839585
0.933999081521
0.506424920645
0.470777699508
0.982464596982
0.50645960647
0.473677078851
0.982464596982
0.505991260614
0.474019377147
1.0
0.505418152518
0.477068972904
0.961225310845
0.505436735747
0.475462101862
0.961225310845
0.504756975857
0.479028921594
1.0
0.504879360344
0.479502454137
1.0
0.504501260233
0.481173316429
1.0
0.504501260233
0.481173316429
1.0
0.504359005722
0.481140603301
1.0
0.50424933712
0.480134813683
1.0
0.50439881985
0.479997019799
1.0
0.504146848281
0.480077849933
0.987945412048
0.50376010009
0.479038404817
0.987945412048
0.503819446128
0.478505440345
1.0
0.503790186006
0.477958777046
1.0
0.503790186006
0.477958777046
1.0
0.503680685104
0.477898205993
0.99142358324
0.503983977028
0.477881053792
0.99142358324
0.504181681004
0.476968518955
1.0
0.504219583547
0.476028659097
1.0
0.504652901233
0.474719255761
1.0
0.504563046681
0.473885084192
1.0
0.504833720021
0.472534754916
1.0
0.505296768199
0.472436694118
1.0
0.505480805972
0.471907746803
1.0
0.505480805972
0.471907746803
1.0
0.505196427451
0.472476456935
1.0
0.505385275622
0.471523395398
1.0
0.505484244157
0.470870163641
1.0
0.505871858729
0.470661803951
1.0
0.505728846695
0.470346622565
1.0
0.50615614386
0.469031629968
1.0
0.506203914386
0.468217756538
1.0
0.506606491172
0.467317953057
1.0
0.506606491172
0.467317953057
1.0
0.506687963838
0.467365504905
1.0
0.506858521086
0.466511942655
1.0
0.506961246124
0.467139282608
1.0
0.507242442351
0.466688584124
1.0
0.507160810179
0.466025152761
1.0
0.507399697586
0.464455098239
0.958268386438
0.507303909185
0.464145342011
0.958268386438
0.507303909185
0.464145342011
0.958268386438
0.507412782449
0.464150693842
0.995968397304
0.506975813387
0.462335794164
0.995968397304
0.50749468405
0.460823919705
1.0
0.507959551198
0.461881857676
1.0
0.50779516099
0.460712160673
0.968571876987
0.50755088502
0.461433686173
0.968571876987
0.507621394484
0.460755297709
0.945222325322
0.507701669103
0.460823208254
0.945222325322
0.507894588766
0.460894137414
0.945222325322
0.507894588766
0.460894137414
0.9594310007
0.508134117971
0.46145068501
0.9594310007
0.508130394059
0.461517393488
0.941868056843
0.508424520959
0.4618123167
0.941868056843
0.508731139376
0.461456579447
0.958531054612
0.508214119269
0.461472514638
0.958531054612
0.508098750659
0.461350199774
0.903816613461
0.508125024016
0.461497268157
0.903816613461
0.508125024016
0.461497268157
0.903816613461
0.508116303633
0.461418194224
0.831050173404
0.507535780043
0.459391935504
0.831050173404
0.507554676892
0.459157683191
0.836284048061
0.508125992148
0.458847722876
0.836284048061
0.508170527263
0.459133144006
0.836284048061
0.508170527263
0.459133144006
0.969928073065
0.480344752825
0.380090110179
0.980522606145
0.480464990706
0.380028308502
0.944564939254
0.48028235096
0.379816789005
0.954062842039
0.480274894731
0.37967109424
0.853835855748
0.479948125627
0.380794168287
0.853835855748
0.539795111431
0.221259252965
0.853835855748
0.539795111431
0.221259252965
0.938236917631
0.545240080385
0.191529504789
0.928649007336
0.54407923704
0.178985084893
0.928649007336
0.54407923704
0.178985084893
0.870744663932
0.434251121566
-0.215226035002
0.870744663932
0.435197615719
-0.207295772738
0.788725027685
0.434545451366
-0.209642869689
0.821433485052
0.497485511704
0.428506189253
0.821433485052
0.497485511704
0.428506189253
0.785903368476
3.49633582429
8.06073377596
0.833112735509
0.388361171781
-0.108395447375
0.833112735509
0.388361171781
-0.108395447375
0.794183579337
0.887090170332
1.97051390956
0.794183579337
0.346325965725
-0.209040629996
0.794183579337
0.346325965725
-0.209040629996
0.700814169675
0.35888440914
-0.151954454889
0.858243512298
0.284445047289
-0.309507600805
0.858243512298
0.284362705286
-0.309379781799
0.911746366388
0.286312184182
-0.309388309506
0.911746366388
0.287000149174
-0.310125632201
0.850445068626
0.287723307834
-0.310610013787
0.850445068626
0.28808862297
-0.312815410058
0.910693106213
0.28538642425
-0.310759902536
0.910693106213
0.283860165769
-0.311495977013
0.910693106213
0.283860165769
-0.311495977013
0.810731995008
0.272645273323
-0.292135370504
0.810731995008
0.399061309324
-0.25415750204
0.96995546509
0.393297778765
-0.220454706148
0.96995546509
0.39204015602
-0.225607512537
0.898358010618
0.394739271751
-0.218776824635
0.898358010618
0.395808307782
-0.216253327019
0.878210583147
0.394336609265
-0.197394456175
0.878210583147
0.395824294385
-0.194482842458
0.878210583147
0.395824294385
-0.194482842458
0.869379735257
0.372820191454
-0.155850145749
0.869379735257
0.242615716299
-0.236341994896
0.901262888249
0.246502549069
-0.235457885456
0.856708034982
0.244786785782
-0.238739001925
0.856708034982
0.246994640156
-0.235931796913
0.856708034982
0.246994640156
-0.235931796913
0.820556500555
0.245366183383
-0.251953314865
0.820556500555
0.243844812352
-0.254766046003
0.900255151529
0.246004595519
-0.250837425363
0.900255151529
0.245006496075
-0.251586168617
0.844842893667
0.230355738916
-0.21367907607
0.844842893667
0.231091769557
-0.212776199681
0.889399475337
0.238216186951
-0.237560204144
0.889399475337
0.238197283216
-0.23681534116
0.884679734767
0.238208778976
-0.212069315178
0.884679734767
0.238208778976
-0.212069315178
0.884679734767
0.244643261493
-0.204037760937
0.841859352442
0.24766711149
-0.206539454004
0.841859352442
0.24766711149
-0.206539454004
0.832781152968
0.0952425662406
-0.021899135581
0.832781152968
0.0952425662406
-0.021899135581
0.820433369158
0.0918877380017
-0.0107219259872
0.832781152968
0.0834592687451
0.0158978338582
0.832781152968
0.152001919437
-0.101413181395
0.832781152968
0.138128200501
0.199883547514
0.849104422557
0.553733308671
0.382900969167
0.786278657752
0.842247730107
0.588897430464
0.786278657752
0.842247730107
0.588897430464
0.786278657752
0.842247730107
0.588897430464
0.849104422557
0.484372847146
0.508049048087
0.738462608602
0.468957961991
0.54355774208
0.745583510495
0.464597605295
0.528926206832
0.745583510495
0.464597605295
0.528926206832
