1.0
0.519668800822
0.575522790956
1.0
0.519668800822
0.575522790956
1.0
0.519595564573
0.575623782018
1.0
0.519424492075
0.575706898713
1.0
0.519296947607
0.575288792297
1.0
0.519316165997
0.575117921618
1.0
0.519021104905
0.574765707643
1.0
0.518941942288
0.574848940484
1.0
0.518786212583
0.574617907063
1.0
0.518786212583
0.574617907063
1.0
0.518338139461
0.574264279503
1.0
0.518360183393
0.573911298538
1.0
0.518430659381
0.573955084848
1.0
0.518381066192
0.573682213753
1.0
0.518074074985
0.573518043279
1.0
0.517581559123
0.573351159036
1.0
0.517600164375
0.573569716941
1.0
0.518137302429
0.573674405011
1.0
0.518210771384
0.573739201676
1.0
0.518210771384
0.573739201676
1.0
0.518206751666
0.573413425223
1.0
0.518202706932
0.573509630474
1.0
0.518265171301
0.573363903352
1.0
0.51830753436
0.573371886848
1.0
0.518285206158
0.573299679373
1.0
0.518320477186
0.57363517716
1.0
0.518291533995
0.573533132797
1.0
0.518291533995
0.573533132797
1.0
0.518179288971
0.574140597762
1.0
0.518157979476
0.573944218084
1.0
0.518126907782
0.57396125496
1.0
0.518312755795
0.573956979204
1.0
0.518290422652
0.574021713563
1.0
0.517868710948
0.573608855834
1.0
0.517828553767
0.57386069576
1.0
0.518092678321
0.573975857398
1.0
0.518092678321
0.573975857398
1.0
0.518243664172
0.573997894861
1.0
0.518210726443
0.573888022628
1.0
0.51823565186
0.573825533548
1.0
0.518298788865
0.573984697609
1.0
0.518446803017
0.574974538181
1.0
0.518477457425
0.575109304127
1.0
0.518054427589
0.575663404888
1.0
0.517947712882
0.575464592088
1.0
0.517674931113
0.575337929929
1.0
0.517674931113
0.575337929929
1.0
0.517095392438
0.572090750007
1.0
0.517269459812
0.572371740905
1.0
0.516806971076
0.565437607047
1.0
0.516863154422
0.565286036205
0.99
0.514503127373
0.551196663424
0.99
0.514649912327
0.548558731917
0.99
0.514559512184
0.536192954346
0.99
0.514559512184
0.536192954346
0.99
0.514662731652
0.52657937132
1.0
0.515453021034
0.521621641998
0.99
0.516772611201
0.504439623894
0.99
0.517513967145
0.505504248223
0.99
0.518627801568
0.489278976855
0.99
0.519452642156
0.490992193976
1.0
0.519753624427
0.481951042478
1.0
0.521030574132
0.476747955941
1.0
0.521030574132
0.476747955941
1.0
0.520418724455
0.475487953125
1.0
0.520362420701
0.476167151467
1.0
0.519634674768
0.477708851904
1.0
0.519523259189
0.479344895657
1.0
0.519364400619
0.479532979105
1.0
0.519552042103
0.481104959473
1.0
0.519373935074
0.48266379696
1.0
0.519284947093
0.483481831767
1.0
0.519284947093
0.483481831767
1.0
0.519330208791
0.484288673764
1.0
0.519381479512
0.48601227191
1.0
0.519068107572
0.487158944928
1.0
0.519126552123
0.488345714207
1.0
0.518957326913
0.489363301336
1.0
0.519101934856
0.490715475813
1.0
0.51909172673
0.491209322974
1.0
0.519438193106
0.492726971643
1.0
0.519438193106
0.492726971643
1.0
0.519410844227
0.494028452312
1.0
0.519392793994
0.49468892927
1.0
0.519238826126
0.495809484977
1.0
0.519527986152
0.496856238459
1.0
0.519633979872
0.497378822142
1.0
0.519624020968
0.498294191741
1.0
0.519722829382
0.499008568535
1.0
0.52038433723
0.500047654733
1.0
0.520526678768
0.500622542153
1.0
0.520526678768
0.500622542153
1.0
0.520733554675
0.500821496788
1.0
0.520992880226
0.502064470187
1.0
0.521210437156
0.502605147562
1.0
0.521221399323
0.502793478834
1.0
0.521570882539
0.503106545713
1.0
0.522047221019
0.503583900794
1.0
0.522394439105
0.50417278976
1.0
0.522394439105
0.50417278976
1.0
0.522318383916
0.504566649086
1.0
0.522445388885
0.504785482761
1.0
0.522714882154
0.505012440433
1.0
0.522739674491
0.505376139432
1.0
0.522929075306
0.505890341439
1.0
0.522727565459
0.506468528299
1.0
0.523102654141
0.506354010488
1.0
0.523443844096
0.506131000616
1.0
0.523443844096
0.506131000616
1.0
0.523483121441
0.506269875309
1.0
0.523514980439
0.506531626567
1.0
0.523490571691
0.506542301797
1.0
0.523355532822
0.506454644022
1.0
0.523408692077
0.506338155505
1.0
0.523221943374
0.506375927711
1.0
0.523335551201
0.506345436409
1.0
0.523135024366
0.506225973545
1.0
0.523135024366
0.506225973545
1.0
0.522924698992
0.505869709103
1.0
0.522804627016
0.505627235762
1.0
0.522881786712
0.50547687333
1.0
0.522724449441
0.505262996253
1.0
0.522344197658
0.505416630509
1.0
0.521900078687
0.504691758434
1.0
0.522031229749
0.504850559194
1.0
0.52190321578
0.504900177626
1.0
0.52190321578
0.504900177626
1.0
0.521518128671
0.504221768781
1.0
0.521335991674
0.504073941745
1.0
0.521184202012
0.504081364333
1.0
0.520974917743
0.503734168029
1.0
0.520764064696
0.503776129915
1.0
0.520351981772
0.503125200666
1.0
0.520317528516
0.503147189082
1.0
0.52003675716
0.502955922045
1.0
0.52003675716
0.502955922045
1.0
0.519537988969
0.503233398353
1.0
0.519410458096
0.502931462666
1.0
0.519141163495
0.502844354172
1.0
0.518864205834
0.50272317083
1.0
0.51858658671
0.502780755114
1.0
0.518205020078
0.502236486811
1.0
0.518174830033
0.502629615062
1.0
0.518358403253
0.502272392976
1.0
0.518358403253
0.502272392976
1.0
0.518155047452
0.50153343509
1.0
0.518053952339
0.501122881078
1.0
0.517997310467
0.500558233936
1.0
0.51803946087
0.50041575128
1.0
0.517964055781
0.500119405297
1.0
0.517939819321
0.500331803368
1.0
0.51803723648
0.499886127754
1.0
0.518027150411
0.500337118354
1.0
0.518027150411
0.500337118354
1.0
0.518000439011
0.50044389125
1.0
0.518286273964
0.501440533342
1.0
0.51834272719
0.501700888403
1.0
0.518673171942
0.50276970293
1.0
0.518561091106
0.503669758441
1.0
0.518754050642
0.504235907879
1.0
0.519022065759
0.505363008039
1.0
0.519163285288
0.506841275475
1.0
0.519163285288
0.506841275475
1.0
0.519239481777
0.507464654789
1.0
0.519444818497
0.508053025188
1.0
0.519562454539
0.508915888272
1.0
0.519864027494
0.509881690731
1.0
0.520164049107
0.510563959842
1.0
0.520628413895
0.511629190327
1.0
0.521236727776
0.511735676387
1.0
0.521596922829
0.512641043515
1.0
0.521596922829
0.512641043515
1.0
0.5219994861
0.51336210084
1.0
0.522208193129
0.514148503756
1.0
0.522931204459
0.514593998992
1.0
0.523577240162
0.515759213537
1.0
0.524112307902
0.515688365608
1.0
0.524284196913
0.517917520991
1.0
0.524284196913
0.517917520991
1.0
0.525116145686
0.518969747358
1.0
0.525460323743
0.519507811124
1.0
0.525948232074
0.520621429723
1.0
0.526047367167
0.521848077991
1.0
0.526571287058
0.522821684367
1.0
0.526658715915
0.524473051366
1.0
0.527252494152
0.525412782579
1.0
0.527276596979
0.527219808836
1.0
0.527786063354
0.528576836504
1.0
0.527580053684
0.530038348284
1.0
0.527580053684
0.530038348284
1.0
0.52801170995
0.531957267301
1.0
0.527943569183
0.534005865894
1.0
0.527968611491
0.53577254409
1.0
0.527669489921
0.537297339306
1.0
0.527987846029
0.539210393748
1.0
0.527801490533
0.540474252666
1.0
0.52769014748
0.542194445145
1.0
0.527561226866
0.544141035761
1.0
0.527561226866
0.544141035761
1.0
0.527620058975
0.546848973274
1.0
0.527347558003
0.547589717189
1.0
0.527370571091
0.549510918599
1.0
0.527136457961
0.550555101981
1.0
0.527042758103
0.552346053012
1.0
0.527282358095
0.553748167624
1.0
0.527234923315
0.554724399531
1.0
0.527234923315
0.554724399531
1.0
0.527300938745
0.555415308458
1.0
0.527405149426
0.555929152081
1.0
0.527775770987
0.556961117423
1.0
0.528041404693
0.557472219667
1.0
0.528271059001
0.558140277208
