0.803960411426
0.502207257788
0.847307911341
0.917305331956
0.501886300838
0.848781782726
0.818390746799
0.499837706655
0.848096493845
0.818390746799
0.499837706655
0.848096493845
0.894007975157
0.496096445657
0.842549096473
0.929632739153
0.496112901058
0.845920841608
0.929632739153
0.496112901058
0.845920841608
0.918318255411
0.485232258125
0.789687904455
0.93615689722
0.486241400738
0.788923455087
0.93615689722
0.484340340764
0.786817327859
0.93615689722
0.484569380773
0.786952179876
0.93615689722
0.482606169178
0.78636611051
0.93615689722
0.482606169178
0.78636611051
0.93615689722
0.483205691434
0.785625744013
0.93615689722
0.483418051801
0.785306043513
0.889298240896
0.482951994953
0.786223214125
0.93615689722
0.483337140067
0.786358180367
0.842750717551
0.482317160941
0.785182770379
0.790674203201
0.484301907449
0.774562565063
0.790674203201
0.48486445388
0.791017981077
0.790674203201
0.48486445388
0.791017981077
0.859349707135
0.486458356562
0.794717817342
0.891681429381
0.486237941258
0.796142993406
0.891681429381
0.486237941258
0.796142993406
0.891681429381
0.486885151714
0.805874283812
0.881936244518
0.48788947805
0.806689872967
0.903563245556
0.489344182993
0.808502173409
0.903563245556
0.489344182993
0.808502173409
0.903563245556
0.489344182993
0.808502173409
0.980573929781
0.495220134609
0.786743925062
0.656140456183
0.484134337255
0.809665700275
0.656140456183
0.48383698623
0.809598635676
0.656140456183
0.48383698623
0.809598635676
0.656140456183
0.483937582235
0.811319935774
0.656140456183
0.483460678287
0.812118020726
0.656140456183
0.483146536384
0.816113907687
0.656140456183
0.483386948528
0.817710071329
0.656140456183
0.483337499201
0.818568012565
0.656140456183
0.484143454807
0.818595829568
0.656140456183
0.484813511152
0.818301578339
0.656140456183
0.485102184793
0.817733930173
0.649011271895
0.48520931616
0.817949785272
0.649011271895
0.48520931616
0.817949785272
0.649011271895
0.484813060334
0.816994043114
0.615498484177
0.484919830567
0.81721036175
0.615498484177
0.485514932662
0.818292814989
0.637977252405
0.48572847267
0.818728135075
0.637977252405
0.48638721259
0.818678509349
0.654858929921
0.486493960202
0.818897669008
0.654858929921
0.486747199783
0.818752444692
0.603264267005
0.486853858795
0.818972477469
0.603264267005
0.486853858795
0.818972477469
0.603264267005
0.486417349988
0.818945667388
0.608037982547
0.492811356107
0.822232365993
0.608037982547
0.492679886357
0.823212145176
0.608037982547
0.492679886357
0.823212145176
0.608037982547
0.492732760608
0.824143633818
0.608037982547
0.493109198452
0.824641723382
0.608037982547
0.493427604944
0.825847034588
0.608037982547
0.493121979303
0.826218203275
0.608037982547
0.493534293555
0.824806138301
0.608037982547
0.493534293555
0.824806138301
0.608037982547
0.493534293555
0.824806138301
0.601314861991
0.484095463399
0.811408603009
0.601314861991
0.484520141596
0.811128812189
0.601314861991
0.484520141596
0.811128812189
0.601314861991
0.48455567335
0.812791989485
0.601314861991
0.484983116881
0.813367560691
0.601314861991
0.486023629768
0.812121381241
0.601314861991
0.487156998645
0.813369103415
0.601314861991
0.487740174569
0.811099861895
0.601314861991
0.488527854442
0.810494718207
0.601314861991
0.488561272696
0.811204107735
0.601314861991
0.489914761154
0.808043220075
0.601314861991
0.489914761154
0.808043220075
0.601314861991
0.489914761154
0.808043220075
0.968038764768
0.494952313226
0.803804178606
0.968038764768
0.494952313226
0.803804178606
0.968038764768
0.494952313226
0.803804178606
0.968038764768
0.494952313226
0.803804178606
0.968038764768
0.494952313226
0.803804178606
0.968038764768
0.494952313226
0.803804178606
0.968038764768
0.494952313226
0.803804178606
1.0
0.498399701397
0.807294289004
0.910297283381
0.499858057265
0.809994798673
0.911550229585
0.502125224981
0.8110670153
0.957357017003
0.493564102686
0.815174404779
0.946016822332
0.493677815275
0.816848834484
0.946016822332
0.493677815275
0.816848834484
0.957357017003
0.493797855679
0.81810609033
0.957357017003
0.493883997165
0.818152977357
0.910581183973
0.49399893054
0.819892204705
0.915454294559
0.494034042801
0.821002079298
0.957357017003
0.494037201187
0.822850520591
0.916069708762
0.498984751968
0.786019730966
0.952952129697
0.498390035492
0.788559952793
0.957357017003
0.497523016642
0.789846743913
0.927046861193
0.495642776585
0.791138109597
0.927046861193
0.495642776585
0.791138109597
0.927046861193
0.494811165666
0.792668502904
0.987955379459
0.495563726251
0.794074403118
1.0
0.49509461252
0.794241561601
0.95893915216
0.495178524392
0.795009368263
0.95893915216
0.494394674223
0.793757227546
1.0
0.494536394175
0.793646026642
1.0
0.494227755366
0.794395666732
0.995146383697
0.494266759081
0.795545048503
0.995146383697
0.494266759081
0.795545048503
0.995146383697
0.493685878965
0.796800277856
0.963859075731
0.493014523776
0.797489947938
0.963859075731
0.492796766969
0.800155119763
0.987818114243
0.492587336532
0.802421059036
1.0
0.49308067991
0.801319340127
0.979067546405
0.493057075027
0.803634534894
0.979067546405
0.493057075027
0.803634534894
0.979067546405
0.493025964533
0.802726615528
0.902730691166
0.493041785172
0.803034237056
0.902730691166
0.492923874597
0.802752736365
0.903145885846
0.493351463215
0.805138162783
0.903145885846
0.492589756719
0.808415311493
0.920260602551
0.492755825265
0.808987917042
0.920260602551
0.492933605837
0.807918420978
0.954250007512
0.492831037936
0.808654604334
0.954250007512
0.493067009371
0.807974147786
0.623277561097
0.469484213453
0.79408900311
0.623277561097
0.469484213453
0.79408900311
0.623277561097
0.469513818317
0.794298849743
0.623277561097
0.469383622436
0.79503335275
0.625590245931
0.469039405556
0.794471811239
0.625590245931
0.468760555981
0.794371949333
0.664037055976
0.468423446414
0.794401323319
0.664037055976
0.468813172799
0.793773997205
0.664037055976
0.468813172799
0.793773997205
0.664870368087
0.468473276076
0.793803101253
0.664870368087
0.468540857355
0.793295531793
0.918671921837
0.478335935434
0.774762202567
0.918671921837
0.478323475384
0.774707445686
1.0
0.479118995708
0.776942852491
1.0
0.47870179383
0.778906328985
1.0
0.480104353847
0.780531341454
1.0
0.480174885397
0.779931748245
1.0
0.479573949966
0.779350912842
1.0
0.48008892531
0.778324593554
1.0
0.48008892531
0.778324593554
1.0
0.480500207919
0.779853291337
1.0
0.480425844329
0.779590885051
1.0
0.480045199457
0.779561261519
1.0
0.480112348098
0.779653149127
1.0
0.480841698076
0.779034089787
1.0
0.48069386919
0.779609801475
1.0
0.48069386919
0.779609801475
1.0
0.480230223841
0.781360717237
1.0
0.480313818378
0.779802555204
1.0
0.481090291604
0.779628092313
1.0
0.481236951525
0.780604120387
1.0
0.481353592161
0.780482958157
1.0
0.481381494249
0.780250714659
1.0
0.480944609121
0.779405424819
1.0
0.481413232023
0.778109145228
1.0
0.481317430192
0.777909270932
1.0
0.481469823889
0.77751795921
1.0
0.481469823889
0.77751795921
1.0
0.481706761987
0.777495293908
1.0
0.481703078491
0.77771114268
1.0
0.481679408388
0.776501706951
1.0
0.481909782895
0.777028917372
1.0
0.483110766458
0.778420016437
1.0
0.482837123807
0.778178894064
1.0
0.482575607957
0.779386293053
1.0
0.482788201751
0.77940708369
1.0
0.482788201751
0.77940708369
1.0
0.483077354894
0.779410002729
1.0
0.483207021529
0.779253250469
1.0
0.482124728587
0.779794196735
1.0
0.482327185846
0.780565843575
1.0
0.483568862956
0.780842017986
1.0
0.483502512291
0.780931655687
1.0
0.483562307345
0.782820432478
1.0
0.48358299124
0.783671919828
1.0
0.48358299124
0.783671919828
1.0
0.484256903544
0.785914252803
1.0
0.484377817242
0.78748079574
1.0
0.483783038499
0.787239309313
1.0
0.483730576588
0.788532568148
1.0
0.483728408122
0.789181191457
1.0
0.483776670834
0.791097047109
1.0
0.484905100457
0.792532802305
1.0
0.484905100457
0.792532802305
1.0
0.485372022959
0.793619535739
1.0
0.484636676555
0.794385259844
1.0
0.485101915585
0.794194602354
1.0
0.485621027193
0.795287471129
1.0
0.48543075989
0.797155989613
1.0
0.486180195479
0.798760342427
1.0
0.486758392833
0.799860742584
1.0
0.487465182109
0.801793300193
1.0
0.487554258547
0.803890087195
1.0
0.487554258547
0.803890087195
1.0
0.48937085579
0.807206881062
1.0
0.48950787773
0.809304904029
1.0
0.489794072694
0.81129846375
1.0
0.490426646383
0.814180781108
1.0
0.494139549378
0.822906481762
1.0
0.494629079946
0.827617193524
1.0
0.49711696601
0.838828942987
1.0
0.496941165454
0.850816289583
1.0
0.496941165454
0.850816289583
0.971988751308
0.500397871556
0.861877035998
0.971988751308
0.501094139114
0.869905015714
1.0
0.50434505149
0.876542786651
0.975205695965
0.504298031987
0.880558262187
0.975205695965
0.506383118298
0.882780542326
1.0
0.507756936338
0.886104323344
1.0
0.508064958279
0.886209369497
1.0
0.508064958279
0.886209369497
1.0
0.509931543366
0.887525287659
1.0
0.51116151166
0.888786811525
1.0
0.51306200504
0.891082234235
1.0
0.514580919164
0.892208906474
1.0
0.51539575901
0.893388609783
1.0
0.516295786171
0.895145229044
1.0
0.517445805757
0.895951745032
1.0
0.517445805757
0.895951745032
1.0
0.518682395022
0.897579911349
1.0
0.519210106457
0.898675482828
1.0
0.520434331634
0.899502704234
1.0
0.521203755292
0.901662571641
1.0
0.523446571019
0.903422289361
1.0
0.523856452619
0.90509622956
1.0
0.524583371431
0.905841041529
1.0
0.525212009728
0.906254799741
1.0
0.525473070535
0.906672076485
1.0
0.525832920658
0.906743369861
1.0
0.525832920658
0.906743369861
1.0
0.526663529722
0.908698743437
1.0
0.527405819683
0.90905802504
1.0
0.528602945023
0.908730859267
1.0
0.529353852785
0.909337780895
1.0
0.530459872639
0.910173060793
1.0
0.530400963359
0.910614226893
1.0
0.530400963359
0.910614226893
1.0
0.532115129602
0.911266326941
1.0
0.532287994842
0.911423769511
1.0
0.533120354942
0.911854503059
1.0
0.533855049214
0.912164219836
1.0
0.535086898397
0.91242759692
1.0
0.535397674075
0.912403945734
1.0
0.535605535836
0.911696873192
1.0
0.536010742347
0.911377668812
1.0
0.53777202653
0.911167365593
1.0
0.538707963691
0.910006946064
1.0
0.538707963691
0.910006946064
1.0
0.539368012291
0.909681694122
1.0
0.539827924849
0.908595390197
1.0
0.540406678058
0.907835852776
1.0
0.540652767562
0.907793145344
1.0
0.541624756451
0.906174953965
1.0
0.542230942864
0.905008364181
1.0
0.542785089522
0.90438109751
1.0
0.543241818141
0.902322064327
1.0
0.543241818141
0.902322064327
1.0
0.544067700489
0.901320665436
1.0
0.54458809301
0.899370226738
1.0
0.544793984172
0.897946601262
1.0
0.545099291862
0.89632978267
1.0
0.545881591592
0.894200431986
1.0
0.546041528904
0.893009521686
1.0
0.546041528904
0.893009521686
1.0
0.545005826899
0.89127850413
1.0
0.5456087932
0.888490143217
1.0
0.547312869885
0.887697739398
1.0
0.54758942951
0.88594475431
1.0
0.547085496921
0.884382713669
1.0
0.546885493646
0.88203134755
1.0
0.547422364096
0.881189233178
1.0
0.548252205743
0.880244551692
1.0
0.549879186086
0.879487116495
1.0
0.550108381265
0.877417039151
1.0
0.550108381265
0.877417039151
1.0
0.549893153861
0.875169054435
1.0
0.550356981445
0.873023418802
1.0
0.550670191337
0.871391621838
1.0
0.551196862936
0.869641048462
1.0
0.552291032905
0.868896155538
1.0
0.552868650559
0.867079797982
1.0
0.553836308076
0.865919980688
1.0
0.554217672149
0.864672339707
1.0
0.554217672149
0.864672339707
1.0
0.554911075468
0.86270429317
1.0
0.555774232599
0.861425945098
1.0
0.556482145006
0.859809579672
1.0
0.557007912688
0.857264519325
1.0
0.557941486979
0.855451685471
1.0
0.558329491482
0.852759236825
1.0
0.558329491482
0.852759236825
1.0
0.558999894424
0.852157876598
1.0
0.559771442592
0.849971286971
1.0
0.561300950545
0.848392411006
1.0
0.562048127368
0.84593588173
1.0
0.562639019932
0.844248259736
1.0
0.563595468776
0.842027855701
1.0
0.564323371389
0.839849777939
1.0
0.565037352999
0.837483951477
1.0
0.567376567349
0.836643414017
1.0
0.567790699104
0.83446888115
1.0
0.567790699104
0.83446888115
1.0
0.568242440155
0.83225312948
1.0
0.569210430337
0.829396781447
1.0
0.570487490251
0.827477345734
1.0
0.571295572111
0.824312466786
1.0
0.572863410176
0.82351464861
1.0
0.573536818023
0.820942118607
1.0
0.573536818023
0.820942118607
1.0
0.573901592714
0.818452301992
1.0
0.574747622736
0.815455866193
1.0
0.575837377296
0.813682844546
1.0
0.576613229931
0.810840252727
1.0
0.577605161141
0.809057626742
1.0
0.578213286304
0.806516159174
1.0
0.58004800739
0.805949677038
1.0
0.580720400492
0.802650996543
1.0
0.581590592735
0.800788831454
1.0
0.581590592735
0.800788831454
1.0
0.582468343031
0.799356381246
1.0
0.583796436603
0.798345132207
1.0
0.584240116992
0.796353851045
1.0
0.584631779427
0.794569408437
1.0
0.585474063078
0.792943777514
1.0
0.586683202404
0.791004769326
1.0
0.587703686976
0.787240198601
1.0
0.589139188012
0.786861054843
1.0
0.589139188012
0.786861054843
1.0
0.590055084601
0.78537554395
1.0
0.591252845858
0.784587095227
1.0
0.591747786372
0.783334961574
1.0
0.592930389621
0.78235682399
1.0
0.593628673224
0.779662497533
1.0
0.594541717284
0.779291110476
1.0
0.595460150447
0.777421110589
1.0
0.595460150447
0.777421110589
1.0
0.596967169904
0.776850309151
1.0
0.597366840243
0.77549381394
1.0
0.598017121072
0.773971298506
1.0
0.598718507843
0.771710200426
1.0
0.600500911592
0.771239759683
1.0
0.601242706953
0.769190396215
1.0
0.601768483444
0.767639153039
1.0
0.602290289874
0.765445753809
1.0
0.603973643439
0.765372807968
1.0
0.604886337219
0.76423461911
1.0
0.604886337219
0.76423461911
1.0
0.60558227577
0.763014267269
1.0
0.606839952624
0.760674884943
1.0
0.608384616571
0.760340917074
1.0
0.608698956982
0.758337716505
1.0
0.609923421621
0.757483964463
1.0
0.610661610498
0.755290770659
1.0
0.610868756916
0.754628539724
1.0
0.610868756916
0.754628539724
1.0
0.611526553873
0.752862621609
1.0
0.612195634989
0.751918818845
1.0
0.612337993791
0.750608316717
1.0
0.613197187167
0.748783887334
1.0
0.613648262286
0.747979102196
1.0
0.613789324272
0.748030861236
1.0
0.614301072647
0.745579975032
1.0
0.61530161066
0.74634599546
1.0
0.615716374662
0.745727161409
1.0
0.615716374662
0.745727161409
1.0
0.616007076474
0.744150648359
1.0
0.616108898119
0.74312319657
1.0
0.617052970306
0.741940576043
1.0
0.617971104803
0.740408885478
1.0
0.61868062199
0.740162812617
1.0
0.6193248473
0.739030427105
1.0
0.620302416084
0.737713868227
1.0
0.620727493963
0.735954881631
1.0
0.620727493963
0.735954881631
1.0
0.622186255729
0.736928567026
1.0
0.623335160515
0.735933265506
1.0
0.624112111793
0.734985436236
1.0
0.62407175532
0.734090647519
1.0
0.625385901918
0.733876970534
1.0
0.626445621879
0.733131704197
1.0
0.626445621879
0.733131704197
1.0
0.627580509832
0.733292515567
1.0
0.62929452554
0.731671463498
1.0
0.630585633351
0.732245898673
1.0
0.63030785729
0.731286777744
1.0
0.631227034043
0.731155618197
1.0
0.631934012059
0.730437163242
1.0
0.633056243179
0.73113567122
1.0
0.633393017859
0.729724971814
1.0
0.634641084951
0.730175129998
1.0
0.635282012442
0.730400382681
1.0
0.635282012442
0.730400382681
1.0
0.63623439402
0.7305764451
1.0
0.636915592895
0.728765603118
1.0
0.637789877339
0.72928667195
1.0
0.638596837873
0.729609605465
1.0
0.639219018989
0.728776735339
1.0
0.639196436602
0.729567102781
1.0
0.639196436602
0.729567102781
1.0
0.640020861495
0.730832391423
1.0
0.640643872936
0.729931794275
1.0
0.641879499879
0.729858997658
1.0
0.643103933071
0.727267951302
1.0
0.644226241053
0.725647809851
1.0
0.644544214217
0.725128619351
