1.0
0.519884505112
0.401106690451
1.0
0.516113749968
0.397717542424
1.0
0.514528536573
0.406501469847
1.0
0.514528536573
0.406501469847
1.0
0.513664631539
0.41523299744
1.0
0.514012725597
0.419856711094
1.0
0.514281010171
0.430326810287
1.0
0.515822652703
0.428408296067
1.0
0.515822652703
0.428408296067
1.0
0.515714429447
0.431970535628
1.0
0.515275823666
0.438632654231
1.0
0.515070703244
0.442992046122
1.0
0.515832449526
0.445939716694
0.71682329529
0.537388181569
0.560287959796
0.71682329529
0.537388181569
0.560287959796
0.71682329529
0.537626927143
0.559696240821
0.71682329529
0.538715546657
0.561338372583
0.71682329529
0.538620083732
0.562638268763
0.71682329529
0.538149757734
0.564579095973
0.71682329529
0.538334976958
0.565609763073
0.71682329529
0.538275344597
0.565051576883
0.71682329529
0.538754297234
0.565233509641
0.71682329529
0.539114525138
0.565242535999
0.71682329529
0.539145629568
0.565810400527
0.71682329529
0.539145629568
0.565810400527
0.71237586212
0.539290950329
0.567002634426
0.71237586212
0.539166430057
0.567151292064
0.703342980014
0.539520464686
0.570246355579
0.703342980014
0.539925186235
0.569825320103
0.703342980014
0.540470903643
0.568785458712
0.703342980014
0.540841632489
0.569528368583
0.703342980014
0.540517819909
0.570983435511
0.777964021863
0.539150492638
0.564489669506
0.777964021863
0.539751146182
0.562517011976
0.777964021863
0.539751146182
0.562517011976
0.777964021863
0.539751146182
0.562517011976
0.882842008249
0.536561575275
0.550746441925
0.882842008249
0.536392453644
0.551028775281
0.882842008249
0.536479231044
0.552835059146
0.882842008249
0.536479231044
0.552835059146
0.882842008249
0.53666326336
0.552006575429
0.882842008249
0.536518886982
0.552626643917
0.882842008249
0.536305547085
0.553670926919
0.882842008249
0.536332146794
0.553016833412
0.882842008249
0.536480620049
0.554754677585
0.882842008249
0.536060729769
0.556977738369
0.882842008249
0.536966941702
0.555687932368
0.856504146726
0.537482993864
0.557151559079
0.856504146726
0.537482993864
0.557151559079
0.856504146726
0.53719435518
0.556471467138
0.746872971906
0.541029151613
0.572566746924
0.746872971906
0.54113166631
0.572915758406
0.746872971906
0.541370473963
0.57261767524
0.746872971906
0.541843658146
0.573245589334
0.746872971906
0.541707585691
0.572674102712
0.746872971906
0.541304330697
0.573899886627
0.746872971906
0.541432491418
0.573505691365
0.746872971906
0.541432491418
0.573505691365
0.911658401309
0.538263712352
0.557285769416
0.911658401309
0.538502256443
0.558355038453
0.911658401309
0.538623759788
0.55918722643
0.911658401309
0.538266004164
0.558850327736
0.911658401309
0.538266004164
0.558850327736
0.911658401309
0.538830701678
0.558702558207
0.911658401309
0.538852548389
0.559255839729
0.836900732129
0.538794576236
0.559254666815
0.836900732129
0.539087918571
0.560153505974
0.836900732129
0.539390593911
0.55847474935
0.836900732129
0.539390593911
0.55847474935
0.807281321825
0.540850974485
0.56687066232
0.807281321825
0.540404780405
0.567738708475
0.807281321825
0.540798869613
0.566843792907
0.807281321825
0.540392577207
0.568198340372
0.807281321825
0.540652673614
0.567371463817
0.807281321825
0.540721300105
0.567012690017
0.807281321825
0.540721300105
0.567012690017
0.716115410342
0.542731840657
0.577122720133
0.716115410342
0.542869717228
0.577169584647
0.859617480894
0.539694551825
0.559237652935
0.859617480894
0.539907564179
0.55926998297
0.907625235545
0.540114773323
0.560650093102
0.907625235545
0.540292772172
0.560811588901
0.907625235545
0.540292772172
0.560811588901
0.734935679019
0.543619209013
0.589418880072
0.734935679019
0.543244879871
0.589896801341
0.734935679019
0.543236041651
0.591226856207
0.734935679019
0.541080947339
0.599126755418
0.734935679019
0.537461254189
0.613661382329
0.88400279461
0.533640002685
0.601817071819
0.88400279461
0.530640385755
0.614957836164
0.88400279461
0.529802227035
0.624658080166
0.634081106203
0.529480348491
0.644701323337
0.634081106203
0.529480348491
0.644701323337
0.634081106203
0.529295992974
0.648603249316
0.634081106203
0.529087806317
0.649406533493
0.623601968316
0.528806606153
0.649123388828
0.623601968316
0.528587812203
0.648992495092
0.836477449187
0.529880386074
0.643585222107
0.836477449187
0.530602381856
0.643976388298
0.814211242913
0.531257587536
0.646433078429
0.814211242913
0.531257587536
0.646433078429
0.814211242913
0.531001969714
0.647282231363
0.811358049985
0.531115727706
0.647800057575
0.811358049985
0.531456714831
0.646684634464
0.793275766716
0.531520991665
0.647765744944
0.793275766716
0.531673341826
0.646953822319
0.818138464794
0.531908986563
0.647790052109
0.818138464794
0.532067099687
0.648141018726
0.818138464794
0.532067099687
0.648141018726
0.842971377925
0.532136085887
0.648423441252
0.842971377925
0.532101469754
0.648804412471
0.821811963298
0.532147305287
0.649009828404
0.821811963298
0.532383554232
0.648706337243
0.822595163652
0.532701936349
0.649710259458
0.822595163652
0.532475784116
0.650064516414
0.957818848341
0.510740509098
0.617780538944
0.957818848341
0.510706687935
0.617439066552
0.868455956759
0.511817669819
0.618617762991
0.868455956759
0.511907581736
0.618595127827
0.868455956759
0.511907581736
0.618595127827
0.913612069109
0.513285653052
0.619625019965
0.913612069109
0.513365731118
0.619484785616
0.916188799319
0.514833160276
0.620272063599
0.916188799319
0.514732076218
0.620351882496
0.885473981766
0.515329076848
0.620995833247
0.885473981766
0.512320099731
0.624051520229
0.885473981766
0.512320099731
0.624051520229
0.992385582033
0.511606503931
0.625288485912
0.992385582033
0.501542481734
0.636021641771
0.833711171772
0.50104900845
0.635923207145
0.833711171772
0.491989004183
0.648658916623
0.820972303397
0.487147578351
0.654027142887
