0.957277126004
0.39289384999
0.387616265401
0.99
0.391751394618
0.38894500508
0.99
0.384590347483
0.407017202346
0.99
0.384590347483
0.407017202346
0.99
0.385605569311
0.407982687074
0.99
0.37941617789
0.423517001995
0.99
0.379716546451
0.423321401537
0.99
0.376335660442
0.432649919816
0.99
0.375666888129
0.432831298851
1.0
0.375210685022
0.435694454551
0.89340638391
0.375552356312
0.436946887333
0.89340638391
0.375523769457
0.437140466447
0.89340638391
0.375523769457
0.437140466447
0.887314928304
0.375723338842
0.438192543321
0.887314928304
0.375703797177
0.438822709833
1.0
0.374462262602
0.439069207065
1.0
0.374314368834
0.439948237149
1.0
0.374380130746
0.440513439698
1.0
0.374324714976
0.44071756491
1.0
0.374324714976
0.44071756491
1.0
0.374384489524
0.441759873203
1.0
0.374392737772
0.442071269538
1.0
0.374586593087
0.44206171864
1.0
0.374684885639
0.442999673413
0.940269740616
0.37502949085
0.443814734973
0.940269740616
0.374912133078
0.444630021135
1.0
0.374943200225
0.445585769458
1.0
0.374975040395
0.446398225334
1.0
0.374334481896
0.446949242294
1.0
0.374267934322
0.447885474851
1.0
0.374267934322
0.447885474851
0.850709847089
0.376375368108
0.448881732493
0.850709847089
0.37635441363
0.449394670443
0.979811267057
0.375345310748
0.450543706676
0.979811267057
0.375477802712
0.450965595926
1.0
0.375533953773
0.45242435326
1.0
0.37555677897
0.453277791829
0.824336004844
0.375979172364
0.453964448097
0.824336004844
0.375979172364
0.453964448097
0.824336004844
0.375913855618
0.454491016004
0.780197121228
0.376712887157
0.455571393854
0.780197121228
0.376816159394
0.456253675978
0.99
0.375294804202
0.457562947051
0.99
0.375387150354
0.458470991804
0.919544302248
0.376435390118
0.459058555278
0.919544302248
0.376296609812
0.460752802708
1.0
0.375204079352
0.461249558676
1.0
0.375274120807
0.462254828617
1.0
0.375274120807
0.462254828617
1.0
0.374982056249
0.463027121622
1.0
0.375014685867
0.463640677274
1.0
0.375202808304
0.465065642041
1.0
0.375117314902
0.465851939754
0.978021184178
0.375568186644
0.46722870163
0.978021184178
0.375664131357
0.468779396157
0.937811342333
0.376163833137
0.469389822201
0.937811342333
0.376204177704
0.470136063943
0.937811342333
0.376204177704
0.470136063943
1.0
0.376322182547
0.471058702064
1.0
0.376320877017
0.471886361462
1.0
0.376328249443
0.472372576031
1.0
0.376358853555
0.473292101937
0.82782956302
0.376373292287
0.474144661008
0.82782956302
0.376342450277
0.474885650628
1.0
0.376436997857
0.476429619598
1.0
0.376444912551
0.476880267021
1.0
0.376444912551
0.476880267021
1.0
0.376593788452
0.478779015102
1.0
0.376512549473
0.480653972866
0.770256585727
0.378424745345
0.481967641118
0.770256585727
0.37858057826
0.482728167325
0.801457728547
0.378594112982
0.483993260147
0.801457728547
0.378609992868
0.484137834213
1.0
0.378981002486
0.484115311743
1.0
0.379071690749
0.484858611537
1.0
0.379071690749
0.484858611537
1.0
0.379615578694
0.486145314938
1.0
0.379704256767
0.486854574435
1.0
0.380151767269
0.48849887357
1.0
0.380203349237
0.48898897049
0.945247367201
0.381108463771
0.489443920874
0.945247367201
0.381259607461
0.490850227309
1.0
0.380451638426
0.491768146827
1.0
0.380488588989
0.491795532663
1.0
0.380488588989
0.491795532663
1.0
0.38119427624
0.492787858764
1.0
0.381273175318
0.493253451642
1.0
0.382843163601
0.494366778089
1.0
0.382975304405
0.495536974346
0.990031281553
0.384034210157
0.496306508515
0.990031281553
0.384282377967
0.496481667923
0.911346903319
0.386093375116
0.497679437846
0.911346903319
0.38610547039
0.498206033052
0.911346903319
0.38610547039
0.498206033052
1.0
0.385754758263
0.499590745627
1.0
0.38588766188
0.500321501409
1.0
0.386262670558
0.501112672159
1.0
0.386349437206
0.501006506429
1.0
0.386977416981
0.502142886074
1.0
0.38716161592
0.502281454584
1.0
0.387748901855
0.503393397641
1.0
0.38803447545
0.503640522978
1.0
0.38803447545
0.503640522978
1.0
0.388574083085
0.50459416899
1.0
0.388745108069
0.504915559817
1.0
0.390420632789
0.505210903777
1.0
0.390470491662
0.50516262306
0.825946318631
0.392092235861
0.506721686947
0.825946318631
0.392438371064
0.507233847532
1.0
0.393038418268
0.508184305248
1.0
0.393068061463
0.508119656809
1.0
0.393068061463
0.508119656809
1.0
0.393852613163
0.509187150065
1.0
0.394219113442
0.509088817959
1.0
0.394946151746
0.510283217041
1.0
0.395227154502
0.510626027894
1.0
0.396429544718
0.511664508117
1.0
0.396605596359
0.511890825278
1.0
0.396804498916
0.512639672309
1.0
0.397138061135
0.512213155588
1.0
0.397138061135
0.512213155588
1.0
0.397336034941
0.513690581496
1.0
0.397497028514
0.514540173149
1.0
0.399368836861
0.515053390319
1.0
0.399595600461
0.514462947548
1.0
0.401724391808
0.515946648292
1.0
0.401943806143
0.5159765833
0.98980824304
0.403181170467
0.517475502704
0.98980824304
0.403403169914
0.517429709746
0.98980824304
0.403403169914
0.517429709746
0.977903410559
0.4040731347
0.51853009789
0.977903410559
0.404527434802
0.518110595577
1.0
0.40513026719
0.519827521973
1.0
0.405197424682
0.520371028979
1.0
0.406765522914
0.521283912481
1.0
0.407106525136
0.521714807824
1.0
0.40734472377
0.522469073885
1.0
0.40734472377
0.522469073885
1.0
0.407653589416
0.522568688155
1.0
0.408249901179
0.52356944633
0.995054898206
0.408387389773
0.523617980111
0.995054898206
0.411165638157
0.525231960694
1.0
0.411515407553
0.525342023043
1.0
0.412658636152
0.527205102732
1.0
0.412951928145
0.527688383851
1.0
0.414545946041
0.529642759591
1.0
0.414809807324
0.529876914171
1.0
0.414809807324
0.529876914171
1.0
0.415443886003
0.530932352383
1.0
0.41581720001
0.530524002309
1.0
0.417493585447
0.532142319761
1.0
0.417794845839
0.532561911954
1.0
0.419866348381
0.533461386641
1.0
0.420125923483
0.533028588155
1.0
0.420851803115
0.534906458754
1.0
0.420851803115
0.534906458754
1.0
0.421137786133
0.535860324347
1.0
0.422637409446
0.536904345761
1.0
0.422900850582
0.537008203314
0.987974222955
0.425387636009
0.538856871365
0.987974222955
0.425546503615
0.539216497984
1.0
0.427313209544
0.541082537379
1.0
0.427695515049
0.541143576568
1.0
0.429228633674
0.542442147818
1.0
0.429228633674
0.542442147818
1.0
0.429518393537
0.542960359684
1.0
0.430820440464
0.544615606337
1.0
0.431298080001
0.544945860636
1.0
0.433546487588
0.547733934513
1.0
0.433876235165
0.548267522556
1.0
0.435672465643
0.549938179356
1.0
0.435958812537
0.550883595862
1.0
0.437637779758
0.55302175764
1.0
0.437832604926
0.553231058278
1.0
0.437832604926
0.553231058278
1.0
0.439758956433
0.55568795456
1.0
0.439984983916
0.556917779194
1.0
0.442571729952
0.559034435396
1.0
0.442817000281
0.560243890624
1.0
0.445840449195
0.561086500101
1.0
0.446047506245
0.561746056767
0.998175265287
0.448871118901
0.565597458362
0.998175265287
0.448871118901
0.565597458362
0.998175265287
0.449117644921
0.567677913666
1.0
0.452067341301
0.571114438703
1.0
0.452138389025
0.572073060556
1.0
0.454639803643
0.574000119105
1.0
0.454569472663
0.574772304855
1.0
0.456327145152
0.577432574953
1.0
0.45640986811
0.577683492963
1.0
0.459706183717
0.581297431144
1.0
0.460099882214
0.582492452013
1.0
0.460099882214
0.582492452013
1.0
0.465253636311
0.585743525236
1.0
0.46554132046
0.588510396446
1.0
0.469319376623
0.592227704132
1.0
0.469877553476
0.594076843009
1.0
0.471787367589
0.596207505385
1.0
0.472300969362
0.598248975624
1.0
0.473367885025
0.597163529618
1.0
0.473367885025
0.597163529618
1.0
0.474728749541
0.595251282368
0.946578760483
0.476773966423
0.597183583209
0.946578760483
0.478282276047
0.597045295031
0.990886846371
0.480119516782
0.601792360363
0.990886846371
0.480809141862
0.600833549159
0.943832455597
0.482717010434
0.60239697222
0.943832455597
0.483616402374
0.602102857967
0.909202822518
0.485439060777
0.605368671605
0.909202822518
0.485439060777
0.605368671605
0.909202822518
0.486149869532
0.6050368922
1.0
0.4882912105
0.608558896426
1.0
0.488974351743
0.608385139195
0.941114803502
0.490643972448
0.611325539384
0.941114803502
0.491075893102
0.612600218105
0.941114803502
0.491075893102
0.612600218105
1.0
0.491339374802
0.608107366548
1.0
0.492591402102
0.610863177691
1.0
0.492591402102
0.610863177691
1.0
0.493457172215
0.611367684319
1.0
0.495713491254
0.617563506029
1.0
0.497708692145
0.622404210956
1.0
0.498646577504
0.623820180477
1.0
0.498646577504
0.623820180477
1.0
0.499688650001
0.625838340287
1.0
0.500750398358
0.625595438169
1.0
0.501273232858
0.628984964844
0.994455169297
0.50207356613
0.629821622964
0.994455169297
0.50207356613
0.629821622964
0.957542730714
0.503475832592
0.630944931919
1.0
0.504468476436
0.630919583011
1.0
0.504431636021
0.634020440259
1.0
0.504945880813
0.633386557438
1.0
0.504945880813
0.633386557438
1.0
0.505740194732
0.634859198002
0.9058755537
0.50654431797
0.636646780316
1.0
0.50700658865
0.636286846625
1.0
0.506545295952
0.637865632778
1.0
0.506545295952
0.637865632778
1.0
0.506405999286
0.638579837886
1.0
0.505012206095
0.6368222401
1.0
0.503658196724
0.637065733851
1.0
0.501667119393
0.640819615744
0.849477762648
0.501301419397
0.642565448364
0.849477762648
0.501301419397
0.642565448364
1.0
0.501711191295
0.63932208204
1.0
0.50224156723
0.641255438539
1.0
0.50269292794
0.639729282176
1.0
0.50269292794
0.639729282176
1.0
0.502536945184
0.639774661253
0.963144699326
0.498675074152
0.635723521953
0.963144699326
0.498719265821
0.635979428831
0.963144699326
0.498618129547
0.635898984609
0.963144699326
0.49859406574
0.635153808831
0.946599415119
0.498665574951
0.635519282245
0.963144699326
0.498758326137
0.634020579706
0.963144699326
0.498597568452
0.63448331003
1.0
0.496835605591
0.631088182466
1.0
0.496835605591
0.631088182466
1.0
0.496832091546
0.629528583757
1.0
0.495120394455
0.626041464819
1.0
0.49515721864
0.626096831224
1.0
0.493607179718
0.623942047326
1.0
0.493750968032
0.623028039977
1.0
0.492389624364
0.621366695775
1.0
0.492312901694
0.619616854684
1.0
0.492312901694
0.619616854684
1.0
0.490784549835
0.618661096401
1.0
0.490981299948
0.617842249035
1.0
0.490967297731
0.616198466047
1.0
0.491097590162
0.615579526737
1.0
0.490617538352
0.614761850947
1.0
0.490894826189
0.613059103924
1.0
0.490125889599
0.612124677177
1.0
0.490253577083
0.610545625659
1.0
0.490253577083
0.610545625659
1.0
0.489536925854
0.609678655039
1.0
0.489669575433
0.608226857407
1.0
0.488585460097
0.60704445135
1.0
0.488675381937
0.606667878167
1.0
0.488084291871
0.604292417709
1.0
0.48823425247
0.602612338525
0.989325145294
0.487545116664
0.600684244737
0.989325145294
0.487452508803
0.599078839226
1.0
0.487214785481
0.600155258901
1.0
0.487214785481
0.600155258901
1.0
0.487366472086
0.599193255708
1.0
0.487322336637
0.598280401069
1.0
0.487434209452
0.596773480988
1.0
0.486749703324
0.59521333628
1.0
0.486868279635
0.592728133945
1.0
0.485930895787
0.591066834744
1.0
0.485794261472
0.591379089862
1.0
0.485794261472
0.591379089862
1.0
0.485717870812
0.591311540389
1.0
0.485860987983
0.590153134151
1.0
0.485526741344
0.589278996687
0.906793779655
0.485685544017
0.588007459552
0.906793779655
0.485347176341
0.587506950202
0.95873285076
0.485462655649
0.586930516645
