1.0
0.541028395282
0.585553278077
1.0
0.541028395282
0.585553278077
1.0
0.541491233872
0.58594596881
1.0
0.541808349631
0.586511647924
1.0
0.54247533752
0.586499191634
1.0
0.542807806884
0.586742309599
1.0
0.543152136701
0.587594646036
1.0
0.543548046097
0.587930699812
1.0
0.543888360134
0.588277306048
1.0
0.544191227857
0.588028962301
1.0
0.544191227857
0.588028962301
1.0
0.54460341929
0.588331634862
1.0
0.544787143963
0.588088230015
1.0
0.546003209135
0.589377902639
1.0
0.546429654963
0.589039363611
0.623605042257
0.546182062896
0.589089811635
0.623605042257
0.546403222292
0.58880101591
1.0
0.547727211586
0.588786222088
1.0
0.548151527446
0.587971643822
1.0
0.548151527446
0.587971643822
1.0
0.548851423198
0.588552701715
1.0
0.54902968914
0.588834798499
1.0
0.549166519564
0.589031456378
1.0
0.5497239269
0.589320034309
1.0
0.550503518563
0.591449216679
1.0
0.550961954943
0.591309489279
1.0
0.552073519922
0.592139101111
1.0
0.552260674525
0.591919301947
1.0
0.552260674525
0.591919301947
1.0
0.552188240622
0.591585895193
1.0
0.552298820238
0.592200505061
1.0
0.55306390641
0.592180162138
1.0
0.553860327558
0.59146170281
1.0
0.55424430843
0.591794811797
1.0
0.554042729959
0.591969245885
1.0
0.554042729959
0.591969245885
1.0
0.554020502896
0.591837381476
1.0
0.55465926916
0.591106394575
1.0
0.555306266675
0.591548412831
1.0
0.555290296639
0.591180548572
1.0
0.555686744174
0.591305752877
1.0
0.556167015541
0.590035417909
1.0
0.556355875822
0.589264649375
1.0
0.556245029883
0.588090038312
1.0
0.55622889776
0.58824463002
1.0
0.55622889776
0.58824463002
1.0
0.556653720628
0.587217060498
1.0
0.556950832824
0.586656069874
1.0
0.557045119147
0.585610565755
1.0
0.557682608373
0.585487481561
1.0
0.557902503957
0.58517072167
1.0
0.558202222539
0.584995104904
1.0
0.558258566559
0.584312554855
1.0
0.558013748116
0.584019474015
1.0
0.558544529195
0.582705151568
1.0
0.558544529195
0.582705151568
1.0
0.558882709788
0.582507907708
1.0
0.559401874618
0.581895017291
1.0
0.559458134486
0.582773676383
1.0
0.559788725882
0.581933701439
1.0
0.560593068777
0.582145964868
1.0
0.560978642917
0.581825035488
1.0
0.561342271421
0.581607605505
1.0
0.561342271421
0.581607605505
1.0
0.561579628405
0.580677443255
0.658522285061
0.561559566528
0.580840489309
0.658522285061
0.561751277234
0.579617180368
1.0
0.561755263386
0.577561481085
1.0
0.561734246274
0.577262362144
1.0
0.5623786357
0.57797582578
1.0
0.562982149866
0.577095564349
1.0
0.562982149866
0.577095564349
1.0
0.563264511242
0.576968428221
1.0
0.563297775936
0.576362592382
1.0
0.564198459486
0.576689225046
1.0
0.564543667497
0.575832690909
1.0
0.564693006943
0.576820648907
1.0
0.564772171031
0.576529288055
1.0
0.565530171358
0.576662915735
1.0
0.565681625823
0.576006632005
1.0
0.565366863893
0.575666668744
1.0
0.565819521285
0.574638465378
1.0
0.565819521285
0.574638465378
1.0
0.566349680023
0.573728507417
1.0
0.566765438779
0.573197956924
1.0
0.567175950873
0.573393024072
1.0
0.567129053064
0.573106189278
1.0
0.567373448285
0.573244492006
1.0
0.567567310359
0.572997387803
1.0
0.567888518327
0.573615378616
1.0
0.567888518327
0.573615378616
1.0
0.567983658594
0.573418949756
1.0
0.56777281156
0.573062844628
1.0
0.568156901809
0.572411590369
1.0
0.568842236601
0.572934387431
1.0
0.568993768445
0.573227578294
1.0
0.569200744194
0.573217946695
1.0
0.56962616156
0.572371880469
1.0
0.569776538596
0.572125678976
1.0
0.569959730284
0.572164628874
1.0
0.569959730284
0.572164628874
1.0
0.570790776166
0.573308377678
1.0
0.571228724439
0.57243480831
1.0
0.571638760184
0.573052770835
1.0
0.571877546975
0.573555573974
1.0
0.572108441202
0.574650682928
1.0
0.57239409016
0.574238025785
1.0
0.572822390778
0.573976316597
1.0
0.57296841928
0.574062944064
1.0
0.57296841928
0.574062944064
1.0
0.573031418518
0.574453733695
1.0
0.572928430052
0.574615431186
1.0
0.573314875012
0.575357809987
1.0
0.573589999703
0.575435998541
1.0
0.574601429902
0.57703040525
1.0
0.574696357544
0.57784034007
1.0
0.574769396891
0.578179550361
1.0
0.574769396891
0.578179550361
1.0
0.575134869608
0.5785589455
1.0
0.575134111792
0.578794083012
1.0
0.575356264251
0.579526146846
1.0
0.57534091395
0.579859988175
1.0
0.575525244683
0.580305899602
1.0
0.575672830563
0.581277811626
1.0
0.575824513465
0.581472890604
1.0
0.575966175505
0.582386146426
1.0
0.576230248168
0.582901521919
1.0
0.576230248168
0.582901521919
1.0
0.576034792014
0.584128733831
1.0
0.576417650293
0.584848550374
1.0
0.576766523403
0.585101068691
1.0
0.577094492515
0.585448139308
1.0
0.57689527906
0.584947242116
1.0
0.577024382811
0.585491418495
1.0
0.577024382811
0.585491418495
1.0
0.576511062205
0.583838704021
1.0
0.576672271448
0.583675907119
1.0
0.575454508324
0.583778876248
1.0
0.575681221862
0.584605420926
1.0
0.575416727894
0.584403046976
1.0
0.57590234203
0.584385768429
1.0
0.576058531941
0.583683623763
1.0
0.576231849866
0.583663153985
1.0
0.576338396862
0.584059723915
1.0
0.576414628598
0.583826653055
1.0
0.576414628598
0.583826653055
1.0
0.576532459083
0.584848375856
1.0
0.576984963314
0.585445689808
1.0
0.577003014639
0.585320554104
1.0
0.577462541945
0.585281273447
1.0
0.577719699571
0.586167081232
1.0
0.578117420073
0.586266871367
1.0
0.577727500059
0.585172809172
1.0
0.577967177597
0.585121509823
1.0
0.577967177597
0.585121509823
1.0
0.578222863034
0.584757045131
1.0
0.578514740228
0.584692368037
1.0
0.578385236502
0.584743737715
1.0
0.578622676765
0.584883028403
1.0
0.578348316905
0.585814119751
1.0
0.578504134538
0.586316962833
1.0
0.578675101331
0.586482447511
1.0
0.578675101331
0.586482447511
1.0
0.578950179141
0.585632514622
1.0
0.580130431099
0.587463473857
1.0
0.580834782257
0.586944538848
1.0
0.580715721374
0.587203224179
1.0
0.580847709661
0.588297105413
1.0
0.58075820685
0.590112869404
1.0
0.580818638597
0.591235684138
1.0
0.581407818791
0.59357969012
1.0
0.581702364518
0.594043261919
1.0
0.581702364518
0.594043261919
1.0
0.582325846421
0.596477518359
1.0
0.582686764905
0.597366204932
1.0
0.58188210955
0.605690186957
1.0
0.582135939336
0.606646271189
0.99
0.581892928833
0.62517482194
0.99
0.581902706595
0.629803722272
0.99
0.581902706595
0.629803722272
1.0
0.582154643038
0.640346574307
1.0
0.580874726342
0.650381433454
1.0
0.582511767331
0.656858144509
0.897075767393
0.581681251475
0.66654493211
0.897075767393
0.582271094769
0.666967054322
0.886922278003
0.58283885723
0.674368310861
0.886922278003
0.582836893767
0.675493536911
0.895544874864
0.583283532279
0.67889606704
0.895544874864
0.583283532279
0.67889606704
0.895544874864
0.582764976085
0.677101177924
0.912073627383
0.58291570862
0.677405674104
0.912073627383
0.582678686105
0.678893393147
1.0
0.582935466844
0.683592503083
1.0
0.582489808602
0.684533470262
1.0
0.583054152333
0.687572633943
1.0
0.582068156537
0.687935824559
1.0
0.582116207004
0.691292237941
1.0
0.580931494511
0.692593183289
1.0
0.580024772576
0.696257842554
1.0
0.580024772576
0.696257842554
1.0
0.579343877798
0.69671887825
1.0
0.578851527036
0.698680258294
1.0
0.578214690567
0.699194640469
1.0
0.577350660289
0.70238985173
1.0
0.576744450191
0.703108125205
1.0
0.576213806772
0.704741907201
1.0
0.576213806772
0.704741907201
1.0
0.575919307388
0.705559341141
1.0
0.575337396697
0.708202774374
1.0
0.575207033022
0.709999687184
1.0
0.574724422136
0.712142535892
1.0
0.574363338507
0.712881579947
1.0
0.574074923384
0.714855684467
1.0
0.573675338855
0.715898957152
1.0
0.573030938321
0.718546736561
1.0
0.573328421164
0.719031239373
1.0
0.57335509425
0.720870610781
1.0
0.57335509425
0.720870610781
1.0
0.573157144992
0.720983241853
1.0
0.572793972937
0.722142290165
1.0
0.573356713596
0.723338806543
1.0
0.573051756028
0.725206020631
1.0
0.573339620233
0.725874372828
1.0
0.573297513351
0.725591349299
1.0
0.573297513351
0.725591349299
1.0
0.573865337023
0.725444443877
1.0
0.573850409969
0.726229578178
1.0
0.57472013048
0.725639047447
1.0
0.574773958175
0.725395362083
1.0
0.575474058273
0.725875521078
1.0
0.576165790553
0.725922060626
1.0
0.577081327554
0.727071257634
1.0
0.577412045666
0.726465753676
1.0
0.577412045666
0.726465753676
1.0
0.578251102136
0.726214842692
1.0
0.578654595288
0.725693358134
1.0
0.579569027911
0.724575946441
1.0
0.580278759024
0.724285437124
1.0
0.581542396805
0.723316738419
1.0
0.581611520431
0.722707098851
1.0
0.58280225844
0.72183454441
1.0
0.583661414973
0.719597793605
1.0
0.584569111064
0.719068398124
1.0
0.584990201899
0.718360775086
1.0
0.584990201899
0.718360775086
1.0
0.586069234649
0.717787393032
1.0
0.586573532443
0.716044563312
1.0
0.587782066011
0.715541667324
1.0
0.58862947769
0.713946904298
1.0
0.59010761447
0.714276832957
1.0
0.59082331816
0.712823649843
1.0
0.59082331816
0.712823649843
1.0
0.591523107741
0.712396774119
1.0
0.592341530658
0.710765944805
1.0
0.593301653668
0.710813299724
1.0
0.594026907074
0.709694667527
1.0
0.594328433888
0.709045527022
1.0
0.594941652652
0.707650139549
1.0
0.595326443505
0.707392402934
1.0
0.595613510173
0.705988059266
1.0
0.595613510173
0.705988059266
1.0
0.596005747817
0.704299505562
1.0
0.596303946953
0.703604791169
1.0
0.596627488248
0.703757184824
1.0
0.596808109572
0.703203292482
1.0
0.59708714233
0.702661938204
1.0
0.597385627012
0.70172085809
1.0
0.597226710717
0.700361201361
1.0
0.597315720081
0.700197766993
1.0
0.596816855729
0.699709144088
1.0
0.596816855729
0.699709144088
1.0
0.596886507449
0.699259925423
1.0
0.59667602631
0.69919466115
1.0
0.596498244918
0.699208164093
1.0
0.595618912311
0.698237437536
1.0
0.595171538672
0.698544238602
1.0
0.594036886133
0.697485835213
1.0
0.593378586285
0.696809737352
1.0
0.593378586285
0.696809737352
1.0
0.591987997303
0.696038928108
1.0
0.591631140629
0.696033603009
1.0
0.590575962155
0.694273751452
1.0
0.589879955824
0.695117875174
1.0
0.587985622337
0.693844058227
1.0
0.587183119499
0.693624471236
1.0
0.585651584806
0.692415805396
1.0
0.584614131093
0.693670253958
1.0
0.582533018098
0.692914725386
1.0
0.581471215696
0.693305243057
1.0
0.581471215696
0.693305243057
1.0
0.579567427719
0.691294358764
1.0
0.578431972588
0.691974271895
1.0
0.575962544349
0.689756265991
1.0
0.574721898141
0.691452853138
1.0
0.57158991065
0.688715306431
1.0
0.570278030117
0.689484088355
1.0
0.570278030117
0.689484088355
1.0
0.568039958044
0.68946047499
1.0
0.567042650467
0.690744581174
1.0
0.565156371504
0.69212455093
1.0
0.563736025824
0.693961608292
1.0
0.559280093469
0.700747456999
1.0
0.557623559091
0.70198973773
1.0
0.551704052315
0.708285324422
1.0
0.549726846151
0.714146868969
1.0
0.549726846151
0.714146868969
1.0
0.544607537766
0.720572739779
1.0
0.541313939219
0.732651304209
1.0
0.538871441221
0.739037514853
1.0
0.536567863649
0.747635221569
1.0
0.534757447444
0.748205645467
1.0
0.532697434803
0.754916526168
1.0
0.529892749067
0.74871467332
1.0
0.529082630794
0.754750927341
1.0
0.529082630794
0.754750927341
1.0
0.526303383094
0.751103399027
1.0
0.525886451064
0.750118804746
1.0
0.523487023218
0.74631208211
1.0
0.52194809614
0.742951956345
1.0
0.520032782215
0.739894785093
1.0
0.519150158957
0.740600010907
1.0
0.515819238751
0.73765497287
1.0
0.515119003548
0.735937508004
1.0
0.515119003548
0.735937508004
1.0
0.514017454349
0.731168087489
1.0
0.513211107797
0.728757042022
1.0
0.511189493154
0.724367795824
1.0
0.510576904742
0.7222249986
1.0
0.509955499053
0.718322824355
1.0
0.509543747253
0.715613458574
1.0
0.508798482006
0.713770659891
1.0
0.508329959001
0.711045065437
1.0
0.508329959001
0.711045065437
1.0
0.511548213778
0.713768669511
1.0
0.511097446688
0.710238736369
1.0
0.514441246392
0.71527471001
1.0
0.515007419615
0.713192464524
1.0
0.514703711923
0.715556436387
1.0
0.515940652132
0.714525558364
1.0
0.515882953414
0.714811766545
1.0
0.517109858209
0.713950009463
1.0
0.517109858209
0.713950009463
1.0
0.517777202886
0.713373880061
1.0
0.518395615911
0.71299660021
1.0
0.518951676625
0.710231273718
1.0
0.519174138706
0.711674505035
1.0
0.51728432076
0.705119480716
1.0
0.517975590549
0.70376834324
1.0
0.516442850102
0.699141714521
1.0
0.516640920277
0.697192729306
1.0
0.516640920277
0.697192729306
1.0
0.514107173991
0.689974602134
1.0
0.513637140727
0.684195368748
0.977516081837
0.512574295511
0.680610214625
0.977516081837
0.51171763164
0.676498920364
0.869728472182
0.510368132434
0.670871717566
0.869728472182
0.509846240218
0.666858138772
0.885406296047
0.508196713466
0.661990279401
0.885406296047
0.507783860184
0.657553782218
0.822262946932
0.507715783802
0.653677153706
0.822262946932
0.507715783802
0.653677153706
0.822262946932
0.506705473272
0.648973495234
0.99
0.508063616572
0.639321553289
0.99
0.507134032673
0.635684361917
0.99
0.52461770167
0.664136414289
0.99
0.524504206156
0.663206871286
0.99
0.536991017145
0.686420707393
0.99
0.540462992322
0.689840973077
0.99
0.540462992322
0.689840973077
0.99
0.565198976073
0.731858812969
0.99
0.573000272765
0.746581026486
0.99
0.58051138959
0.759474706057
0.99
0.592199780456
0.777462240046
0.99
0.599177459997
0.790026439603
0.99
0.608263816454
0.803726201253
0.99
0.614632441989
0.813972924917
0.99
0.625136782824
0.835900395377
0.99
0.625136782824
0.835900395377
0.99
0.631673428626
0.846529845949
0.99
0.633523763724
0.848417042968
0.935871049816
0.635924897555
0.850333273141
0.935871049816
0.63569518437
0.850208617256
0.99
0.643310161231
0.862342710412
0.99
0.639744790091
0.857209815277
1.0
0.641283752668
0.860158862732
1.0
0.639461222473
0.854959036193
1.0
0.639461222473
0.854959036193
1.0
0.638883576254
0.853432254881
1.0
0.635807977262
0.850066526663
1.0
0.633888480114
0.845249584548
1.0
0.63138576813
0.841326196398
1.0
0.629973135675
0.837202498903
1.0
0.627822226184
0.833970450415
1.0
0.626746896358
0.830579414102
1.0
0.624035948021
0.825794745501
1.0
0.624035948021
0.825794745501
1.0
0.622684765549
0.823415394171
1.0
0.620838545834
0.819783040882
1.0
0.619669177768
0.816920523048
1.0
0.617460769411
0.812732312096
1.0
0.61671872994
0.809580471098
1.0
0.614732869212
0.80656625563
1.0
0.613819979085
0.803713438304
1.0
0.611456194397
0.801074933682
1.0
0.611456194397
0.801074933682
1.0
0.610384267688
0.799016454156
1.0
0.608950309872
0.79667343695
1.0
0.608262888229
0.79496150596
1.0
0.606652822684
0.793584800422
1.0
0.605427004351
0.79265897076
1.0
0.60453192367
0.791702779069
1.0
0.603476023217
0.7906720003
1.0
0.60254180786
0.789793012343
1.0
0.60254180786
0.789793012343
1.0
0.601670396994
0.789105374927
1.0
0.600550272169
0.788687809641
1.0
0.60018079756
0.788934491076
1.0
0.599348113707
0.789175178789
1.0
0.59843687334
0.789645701798
1.0
0.597975475712
0.789958275152
1.0
0.597603076649
0.789355241222
1.0
0.596890951257
0.790919244118
1.0
0.596890951257
0.790919244118
1.0
0.596520212535
0.791904190026
1.0
0.596299626526
0.794116618618
1.0
0.596121660943
0.795676116121
1.0
0.59655468171
0.799583706095
1.0
0.595894798687
0.800761269335
1.0
0.599350498676
0.813703516114
1.0
0.599605232279
0.814638418631
1.0
0.603450428423
0.824896505144
1.0
0.603298110308
0.829266387426
1.0
0.603298110308
0.829266387426
1.0
0.603129095692
0.836483044797
1.0
0.603951336378
0.842544594625
1.0
0.604170117147
0.84682958615
0.924266295749
0.605599736908
0.849594893045
0.924266295749
0.606117184337
0.853572640546
0.868179565916
0.60672607161
0.857315243667
0.868179565916
0.607151639119
0.862708714226
0.868179565916
0.607151639119
0.862708714226
0.943477034265
0.607619888866
0.868929834303
0.943477034265
0.607901552365
0.875005783951
0.999795699325
0.608256472798
0.879115566949
0.999795699325
0.608807528341
0.884347955838
1.0
0.609429682542
0.889951240225
1.0
0.609926993257
0.89593746422
0.972077045515
0.610139750822
0.898644992668
0.972077045515
0.610508928414
0.904540552948
0.972077045515
0.610508928414
0.904540552948
1.0
0.611371066606
0.909269788519
1.0
0.612250600865
0.916208916169
1.0
0.6118269935
0.923174926133
1.0
0.613141657264
0.930670213424
1.0
0.613299186843
0.93367988126
1.0
0.614966864686
0.941068980394
0.86141617432
0.615085884748
0.944349365216
0.86141617432
0.617393412038
0.951300824732
0.86141617432
0.617393412038
0.951300824732
0.842193182539
0.617432343774
0.95520815719
0.842193182539
0.618816106264
0.960698545249
0.99
0.6174831126
0.983130653374
0.99
0.615086606515
0.984049587646
1.0
0.614639423431
0.990732561065
0.99
0.600702517787
0.970645365454
0.99
0.599756666435
0.976391844684
0.99
0.599756666435
0.976391844684
0.871145509496
0.539267360723
0.915061831962
0.871145509496
0.536109712878
0.913675067939
0.871145509496
0.529278855003
0.896137282737
0.871145509496
0.521775245806
0.874999005747
0.92094557347
0.503047004324
0.852774219248
0.92094557347
0.496574517511
0.831027922077
0.92094557347
0.496574517511
0.831027922077
0.99
0.472907372583
0.79308897496
0.99
0.467613313404
0.772883675732
0.99
0.463875171679
0.753746060124
0.98533821708
0.446072121415
0.723511137498
0.98533821708
0.443151686933
0.705059566871
0.98533821708
0.440170571214
0.689007498558
0.98533821708
0.440170571214
0.689007498558
0.99
0.422169834507
0.654972972697
0.89878118596
0.421161756615
0.649450499588
0.99
0.418284413703
0.633769483911
0.951435097495
0.412084921381
0.626908314446
0.951435097495
0.411001682968
0.619196347086
0.978144030226
0.405553444631
0.612962885848
0.978144030226
0.403959341492
0.607018439096
0.857492466266
0.398855277555
0.60156033888
0.857492466266
0.398855277555
0.60156033888
0.857492466266
0.396702387255
0.601478371895
0.98796446553
0.3929526365
0.59395021949
0.672625747537
0.388392340278
0.595524534569
0.672625747537
0.387020876404
0.591345826253
0.672625747537
0.383310475954
0.585397493303
0.732221317403
0.383032711592
0.57835795665
0.732221317403
0.380422721892
0.573610602445
0.732221317403
0.380422721892
0.573610602445
0.655548169062
0.378691970261
0.590086997876
0.655548169062
0.379332123578
0.588945639399
0.68367028566
0.379049101914
0.574447645767
0.68367028566
0.382340362644
0.578224484649
0.676651275732
0.381917176702
0.585634330853
0.676651275732
0.380517443592
0.584721745796
0.977444954597
0.381296958394
0.588284696881
0.896207970397
0.38036390747
0.590274556857
0.896207970397
0.38036390747
0.590274556857
0.896207970397
0.380114427811
0.593467468827
0.994615220512
0.374088041833
0.592917316151
0.994615220512
0.373863533094
0.595986334984
1.0
0.37069702485
0.598299259701
1.0
0.370398951055
0.602900629931
1.0
0.36788236388
0.604116803802
1.0
0.367640126895
0.608120601984
1.0
0.368908324964
0.611413022824
1.0
0.368908324964
0.611413022824
1.0
0.368745431308
0.614232751072
1.0
0.369999113423
0.616155306713
1.0
0.369743757678
0.619770556425
1.0
0.373004640805
0.625017427499
1.0
0.373319044093
0.625687658481
1.0
0.37593942314
0.627400247479
1.0
0.376066782853
0.628399840298
1.0
0.379192456114
0.630777211257
1.0
0.379192456114
0.630777211257
1.0
0.379422875925
0.631127642934
1.0
0.380413398829
0.631138020192
1.0
0.380673094938
0.630827173838
1.0
0.382374102068
0.630558169743
1.0
0.382595299954
0.629883283889
1.0
0.384487754159
0.62943539068
1.0
0.384632577915
0.628331125141
1.0
0.386330855146
0.628590091036
1.0
0.386330855146
0.628590091036
1.0
0.386639135967
0.626830629513
1.0
0.3889363025
0.624824437091
1.0
0.3890315892
0.622892141715
1.0
0.391394253666
0.622532517456
1.0
0.39164608832
0.619825787226
1.0
0.392931937128
0.616712994947
1.0
0.393275302678
0.614039724908
1.0
0.396610257059
0.611955886857
1.0
0.396610257059
0.611955886857
1.0
0.396940322778
0.608175441055
1.0
0.39813931768
0.603257514405
1.0
0.398434429128
0.598402377883
1.0
0.402020102958
0.595943166359
1.0
0.402545607489
0.590000253338
1.0
0.40497983059
0.585751825273
1.0
0.405529010527
0.578420641127
1.0
0.412855329951
0.577002680595
1.0
0.412855329951
0.577002680595
1.0
0.413649014784
0.569006922951
0.99
0.439420941835
0.576366848005
0.99
0.440204615278
0.568901655507
0.99
0.464088685544
0.575650272371
0.99
0.466844267187
0.56708994638
0.99
0.489478507169
0.574807629441
0.99
0.499487065335
0.558234648373
0.99
0.515159211733
0.559317139806
0.99
0.515159211733
0.559317139806
0.99
0.526915098621
0.539309352328
0.99
0.543943523834
0.543383770407
0.99
0.555913002836
0.522653990458
0.99
0.573244320728
0.524962043465
0.99
0.584958800151
0.497401996026
0.99
0.584958800151
0.497401996026
0.99
0.606100763188
0.496718983693
0.99
0.616252868869
0.474377781124
0.99
0.625530633178
0.453099607227
0.99
0.631172915111
0.438477556328
1.0
0.634906906361
0.437977856949
1.0
0.639793544634
0.422474221499
1.0
0.643077884312
0.419681133927
1.0
0.645364007113
0.406640539372
1.0
0.645364007113
0.406640539372
1.0
0.645364007113
0.406640539372
0.99
0.676986275404
0.416886287244
0.99
0.680180573436
0.404659286892
0.99
0.68382567485
0.392329215456
0.99
0.687979126046
0.379166900307
0.99
0.692087576025
0.368445891202
0.604650374076
0.699659678136
0.348516941936
0.604650374076
0.702228166798
0.352146003194
0.604650374076
0.702228166798
0.352146003194
0.604650374076
0.707128888773
0.359958495558
1.0
0.720724707797
0.346878408657
1.0
0.724048323248
0.354156488404
1.0
0.725896171124
0.359245363269
1.0
0.725896171124
0.359245363269
1.0
0.728049596043
0.367414338351
1.0
0.729550849231
0.374872058393
1.0
0.730987900944
0.382162197802
1.0
0.731818832668
0.388457032482
1.0
0.731285287927
0.394401768784
1.0
0.731285287927
0.394401768784
0.99
0.705469257804
0.370391517878
0.99
0.706189202087
0.373335889024
0.99
0.70338899927
0.381523819143
1.0
0.651291563415
0.332896885857
0.99
0.63535429074
0.365459254934
0.99
0.612832641953
0.411726515702
0.99
0.612832641953
0.411726515702
0.99
0.599214239964
0.441410334336
0.99
0.598796160785
0.443796076746
0.99
0.589333357235
0.465167990001
0.99
0.592285870899
0.470113565565
1.0
0.58936083841
0.477133482372
1.0
0.591032692168
0.479202824147
1.0
0.592265029073
0.477586996388
1.0
0.592353502363
0.477362214309
1.0
0.592353502363
0.477362214309
1.0
0.592075113033
0.477708742447
1.0
0.593007666753
0.478210582628
1.0
0.593099240805
0.477240490559
1.0
0.593868732138
0.47690596522
1.0
0.594341389784
0.474955682333
1.0
0.594701610442
0.473778749358
1.0
0.594438312794
0.471951756083
1.0
0.594839345691
0.470103309916
1.0
0.594839345691
0.470103309916
1.0
0.595012359831
0.467598064263
1.0
0.594943026536
0.46451669497
1.0
0.594895184359
0.461939737135
1.0
0.594649485797
0.459056681183
1.0
0.595045266809
0.454989240877
1.0
0.595650554707
0.451917131668
1.0
0.595965657771
0.448445164288
1.0
0.595589136719
0.445202516192
1.0
0.595589136719
0.445202516192
1.0
0.595571663008
0.442593946822
1.0
0.596163707636
0.440582686617
1.0
0.596547151374
0.437552280975
1.0
0.5963472424
0.435469912135
1.0
0.596206503936
0.432902981584
1.0
0.596458786822
0.431141649112
1.0
0.596458786822
0.431141649112
1.0
0.596056432379
0.429661799281
1.0
0.595714250743
0.427209991253
1.0
0.596008569348
0.424926292129
1.0
0.596052156064
0.42396599414
1.0
0.595969010036
0.421441780993
1.0
0.595943713815
0.418838099151
1.0
0.595892389843
0.416402923415
1.0
0.595663366729
0.414538741686
1.0
0.595772008958
0.412326234556
1.0
0.595772008958
0.412326234556
1.0
0.596212590127
0.411297493507
1.0
0.596513984955
0.408180108677
1.0
0.596381085353
0.406604933632
1.0
0.596834437811
0.404277104181
1.0
0.597598616392
0.402431320718
1.0
0.597860192461
0.400581202153
1.0
0.592154386103
0.39230704922
1.0
0.592681949472
0.388937045691
0.99
0.571644241664
0.359289990648
0.99
0.571644241664
0.359289990648
0.99
0.570372112865
0.360024763804
1.0
0.568633009722
0.360265194106
0.99
0.559823442879
0.373335594477
0.99
0.558024227575
0.370349341819
0.99
0.550460195186
0.382768553383
0.99
0.550509872484
0.379512259217
1.0
0.551685595199
0.376076605324
1.0
0.552015948112
0.37471035644
1.0
0.552015948112
0.37471035644
1.0
0.553348425501
0.369646787121
1.0
0.553075683437
0.367758054994
1.0
0.553407244854
0.364273436042
1.0
0.554829411001
0.364194527527
1.0
0.555051392483
0.361958571868
1.0
0.556471216434
0.36262145321
1.0
0.556766662068
0.3601003055
1.0
0.557129865496
0.358856616829
1.0
0.557129865496
0.358856616829
1.0
0.557905485288
0.354981298677
1.0
0.558627749111
0.354856395255
1.0
0.558940918046
0.352567511236
1.0
0.558795669563
0.352017539924
1.0
0.558973733211
0.350721818854
1.0
0.560904854789
0.35278665732
1.0
0.561440707558
0.350298047398
1.0
0.561856010416
0.35039338141
1.0
0.561856010416
0.35039338141
1.0
0.562185999621
0.348918634833
1.0
0.563024641064
0.350003187649
1.0
0.563434911608
0.347935714017
1.0
0.564622790638
0.350876949268
1.0
0.565113380145
0.350232903355
1.0
0.566906654468
0.356034449103
1.0
0.567028907507
0.356156742408
1.0
0.567294594527
0.35576339083
1.0
0.567294594527
0.35576339083
1.0
0.567367341484
0.357035290909
1.0
0.567739013878
0.356788435369
1.0
0.568055271029
0.358416979982
1.0
0.568107988442
0.359102126972
1.0
0.568818435125
0.363536571265
1.0
0.568818435125
0.363536571265
1.0
0.569245859349
0.364620899049
1.0
0.56954873941
0.364984947535
1.0
0.571557856432
0.371772544571
1.0
0.57157214081
0.372674282395
1.0
0.572022319293
0.3726790514
1.0
0.572386609398
0.374758257526
1.0
0.57248671953
0.375598785403
1.0
0.573217055393
0.376769146336
1.0
0.573217055393
0.376769146336
1.0
0.573046787102
0.37800016125
1.0
0.57300548029
0.37823251806
1.0
0.573026290441
0.378437591364
1.0
0.572163327516
0.37862188113
1.0
0.57218395288
0.378935162715
1.0
0.572207259117
0.380020922643
1.0
0.572151045199
0.380407972996
1.0
0.572151045199
0.380407972996
1.0
0.572168025524
0.380338523254
1.0
0.572385801684
0.381522792641
1.0
0.572374837817
0.381519965208
1.0
0.571925416129
0.382003556455
1.0
0.571788877463
0.382347049593
1.0
0.572089350878
0.382369108482
1.0
0.57207566787
0.382275311237
1.0
0.570992362133
0.382338122722
1.0
0.57092798589
0.382177451555
1.0
0.57092798589
0.382177451555
1.0
0.570641295536
0.382348492443
1.0
0.570123279702
0.382607245815
1.0
0.569716363064
0.383391609765
1.0
0.571212105041
0.387024982654
1.0
0.571134278239
0.387261272424
1.0
0.571134278239
0.387261272424
1.0
0.569232452808
0.386294104601
1.0
0.568973089847
0.387065742
1.0
0.568376441549
0.38770714315
1.0
0.568315636738
0.387637214802
1.0
0.568150903666
0.388348158685
1.0
0.567747236062
0.388372248367
1.0
0.567408782883
0.388813293506
1.0
0.566509493013
0.388587627065
1.0
0.566509493013
0.388587627065
1.0
0.566329111703
0.388688081041
1.0
0.566458509774
0.389856633417
1.0
0.566138587326
0.39040912839
1.0
0.565053653841
0.389603701557
1.0
0.564936331064
0.389381592737
1.0
0.56589463309
0.391111824374
1.0
0.565554449052
0.392004329335
1.0
0.564343736638
0.391145451479
1.0
0.5642021063
0.391757559062
1.0
0.5642021063
0.391757559062
1.0
0.564441988907
0.392306000231
1.0
0.564382381125
0.392386905949
1.0
0.563936721141
0.391624390801
1.0
0.563752764084
0.391820238498
1.0
0.564009335209
0.392192548942
1.0
0.563954265691
0.391768070809
1.0
0.563616179376
0.392610871898
1.0
0.563616179376
0.392610871898
1.0
0.563385975154
0.393056386642
1.0
0.563444876468
0.390244276228
1.0
0.563462311152
0.390132905358
1.0
0.562802963858
0.389593087562
1.0
0.56237320846
0.389875884912
1.0
0.562927250776
0.388010360714
1.0
0.562795818331
0.386562455683
1.0
0.562795818331
0.386562455683
1.0
0.56307541341
0.385156728634
1.0
0.563016266702
0.383463191445
1.0
0.562280727263
0.379696973132
1.0
0.562510823912
0.377833673167
1.0
0.562820835689
0.376044542925
1.0
0.562360244331
0.374610523149
1.0
0.56227891522
0.371933342445
1.0
0.562737711411
0.367693756982
1.0
0.563002636244
0.365397926908
1.0
0.563120531478
0.362756861584
1.0
0.563120531478
0.362756861584
1.0
0.563375295931
0.360503548876
1.0
0.563463050569
0.356882503205
1.0
0.564332698819
0.356339717085
1.0
0.564566690085
0.354045109694
1.0
0.566281584111
0.354981734597
1.0
0.566697188609
0.351931202455
1.0
0.566788408805
0.35019250416
1.0
0.567004543409
0.34691239794
1.0
0.567004543409
0.34691239794
1.0
0.566690021459
0.343398685145
1.0
0.567051674344
0.341134538403
1.0
0.569083761967
0.341576661989
1.0
0.569848803615
0.337751926267
1.0
0.56992877094
0.336071830058
1.0
0.570234952126
0.33417930444
1.0
0.571181715999
0.333694681727
1.0
0.571181715999
0.333694681727
0.991267066374
0.571907943164
0.330976248422
0.991267066374
0.573837259553
0.334304789977
0.982345553522
0.574228553792
0.331984976122
