0.983101801278
0.509400279672
0.681040003411
0.943287954604
0.523165979997
0.689000634865
0.943287954604
0.533768028039
0.680416882383
0.943287954604
0.533768028039
0.680416882383
0.99
0.537624500625
0.683039645962
1.0
0.541525183445
0.679521192871
0.99803087612
0.54023055268
0.679178956523
0.99803087612
0.541168568009
0.680426024233
0.988725303309
0.539506364697
0.679404581949
0.988725303309
0.539770847319
0.679863707975
1.0
0.540141149184
0.680470266688
1.0
0.539975635237
0.68070544686
1.0
0.539975635237
0.68070544686
0.988639554516
0.538582612368
0.680193729959
0.988639554516
0.538461902266
0.680894151548
0.997917162851
0.538791922723
0.680712694579
0.997917162851
0.538803724769
0.681003328752
1.0
0.537820293886
0.681240942617
1.0
0.537273669733
0.681754075684
0.989896661163
0.536948992863
0.68169160961
0.989896661163
0.536906438658
0.682163814151
0.989896661163
0.536906438658
0.682163814151
1.0
0.537350953197
0.682033748051
1.0
0.536809684517
0.681026045246
0.983043944323
0.535624826088
0.68154494611
0.983043944323
0.535152415921
0.680197307303
0.991916439802
0.535241734934
0.679384426331
0.991916439802
0.534871021548
0.678839361476
1.0
0.533242001374
0.677914140773
1.0
0.533634564786
0.678011477873
0.990606568581
0.533981233374
0.67851023068
0.990606568581
0.533981233374
0.67851023068
0.990606568581
0.534051646882
0.677928925954
0.96720211078
0.534337520008
0.677420460192
0.96720211078
0.534462090049
0.677196590165
0.999615260729
0.534210471921
0.676827072282
0.999615260729
0.534172314307
0.676802111157
0.992312930045
0.532919346961
0.676105374771
0.992312930045
0.533398465787
0.676293268127
0.990513435844
0.533416802178
0.675770441105
0.990513435844
0.533416802178
0.675770441105
0.990513435844
0.533161454594
0.67583452086
1.0
0.53313573538
0.675611157039
1.0
0.533808583013
0.676408065178
0.997743846219
0.533611453509
0.676392031617
0.997743846219
0.533215989783
0.676245949232
0.978423950285
0.532993725716
0.676127638117
0.978423950285
0.532993725716
0.676127638117
0.978423950285
0.533205020785
0.676162749873
1.0
0.533522472339
0.676678733149
1.0
0.533546153424
0.676823890968
1.0
0.532991191548
0.676375204841
1.0
0.532765937157
0.676720558963
1.0
0.532976198887
0.676166177925
1.0
0.533117521569
0.676587403952
0.995869441939
0.532503963047
0.677401431262
0.995869441939
0.532388019259
0.677501624205
1.0
0.532339816103
0.677257626027
1.0
0.532339816103
0.677257626027
1.0
0.532142316982
0.677966688395
0.997244083787
0.531907304177
0.678125034086
0.997244083787
0.531858277265
0.678892695922
0.988634093631
0.532366683821
0.680090971984
0.988634093631
0.532333199515
0.681709717615
0.986197408633
0.531870794683
0.681040727419
0.986197408633
0.531508798747
0.684513712661
0.986966207121
0.531160574873
0.684783154863
0.986966207121
0.531160574873
0.684783154863
0.986966207121
0.531326580395
0.686919774426
0.997857553073
0.53231762815
0.687969124666
0.997857553073
0.532432122118
0.68873812651
0.989909559017
0.531980066954
0.688678075898
0.989909559017
0.531820303328
0.689824096095
0.986701357473
0.531260128806
0.68923176823
0.986701357473
0.531260128806
0.68923176823
0.986701357473
0.531238004957
0.689903029444
0.993437704353
0.53132988903
0.691334011315
0.993437704353
0.531349503425
0.691988825511
0.982979626556
0.53110905623
0.691147582126
0.982979626556
0.530943991352
0.692645644319
0.993475936656
0.530852501228
0.694032246852
0.993475936656
0.531157570194
0.694186580123
1.0
0.530477825964
0.693641854061
1.0
0.530467462987
0.695032793213
1.0
0.530960641174
0.695237025315
1.0
0.530960641174
0.695237025315
1.0
0.530814253236
0.693990628618
0.995744565066
0.530661229211
0.69351792076
0.995744565066
0.530542905675
0.693636684849
0.992776407445
0.530594756786
0.693222170952
0.992776407445
0.53071618869
0.694351521083
0.994145966769
0.530512946189
0.694688178272
0.994145966769
0.530512946189
0.694688178272
0.994145966769
0.5308125772
0.694366870189
0.993997378404
0.53115763671
0.695409397867
0.993997378404
0.53069999848
0.695597345722
0.996233932274
0.531148842511
0.693823108006
0.996233932274
0.531215689379
0.693441751382
0.994253333228
0.531107827231
0.694465264125
0.994253333228
0.531138442204
0.694580744174
0.976292493665
0.530210826089
0.692591651763
0.976292493665
0.529956582099
0.693069576068
1.0
0.53046545479
0.693004918193
1.0
0.53046545479
0.693004918193
1.0
0.530587707059
0.692229296717
0.992155817563
0.530787949655
0.692449507543
0.992155817563
0.530789548412
0.6930481638
1.0
0.530369761708
0.691702632253
1.0
0.530530657473
0.691234803247
1.0
0.530267801017
0.691210200066
1.0
0.530301653931
0.69081803271
1.0
0.530289712105
0.690659087792
1.0
0.530289712105
0.690659087792
1.0
0.530143387916
0.689885270505
1.0
0.529597524246
0.689381419048
1.0
0.529536164584
0.688027904976
0.999954684241
0.530133470488
0.687877436593
0.999954684241
0.530074935598
0.688173739127
1.0
0.529301579636
0.68777598024
1.0
0.529301579636
0.68777598024
1.0
0.528992648592
0.687265478628
1.0
0.529168127341
0.686411371416
1.0
0.528963950701
0.686217169221
1.0
0.528604247309
0.686986295577
1.0
0.528683858954
0.686664727909
1.0
0.528355854499
0.685901397702
1.0
0.52852708267
0.685696842079
1.0
0.528196743809
0.686255585892
1.0
0.528240988486
0.686367245506
1.0
0.527715592578
0.686235353085
1.0
0.527715592578
0.686235353085
1.0
0.527614433957
0.687037316065
0.997594386675
0.527907138665
0.686906768786
0.997594386675
0.527937345103
0.686940663778
1.0
0.527681186597
0.686617371846
1.0
0.527486859446
0.68647333159
0.997365510537
0.527601753849
0.685957004829
0.997365510537
0.527601753849
0.685957004829
0.997365510537
0.527383931211
0.685267714414
0.996856660924
0.52721140708
0.685067723533
0.996856660924
0.52718447165
0.684958923039
1.0
0.526659248713
0.685221404898
1.0
0.52651861272
0.685454678645
0.989675199637
0.527170443269
0.685414404229
0.989675199637
0.526918611308
0.685365837759
1.0
0.526385326999
0.685579994121
1.0
0.52626577986
0.685541445169
1.0
0.526346246019
0.684894378821
1.0
0.526346246019
0.684894378821
1.0
0.526300704477
0.684679356183
1.0
0.525836280314
0.684829554596
1.0
0.525849499287
0.684617831158
1.0
0.526786525064
0.684576278308
1.0
0.526545861547
0.685347046579
1.0
0.526017830886
0.685936906724
1.0
0.525856953475
0.686226169674
1.0
0.525798094422
0.685646421813
1.0
0.525798094422
0.685646421813
1.0
0.525812540393
0.68512142576
1.0
0.525445219543
0.685585663379
1.0
0.525538748022
0.686018125171
0.996502988195
0.526215518686
0.685852135332
0.996502988195
0.526219152842
0.68548189843
1.0
0.525754189553
0.685807084934
1.0
0.525754189553
0.685807084934
1.0
0.525851445658
0.68632641556
1.0
0.525910777268
0.687053874745
1.0
0.52587009912
0.686370121598
1.0
0.52575168673
0.686178976167
1.0
0.526091576491
0.686243444043
1.0
0.526401231495
0.686685165087
1.0
0.526095700313
0.688394546878
1.0
0.526159786473
0.688722819079
1.0
0.526374763949
0.687827555741
1.0
0.526439105914
0.686561380465
1.0
0.526439105914
0.686561380465
1.0
0.526351245761
0.686396275284
1.0
0.526586305804
0.687799576495
1.0
0.526729059934
0.688160991873
1.0
0.526845920051
0.688495852126
1.0
0.526742820965
0.689046370205
1.0
0.526396401724
0.689066731206
1.0
0.526396401724
0.689066731206
1.0
0.526693623492
0.688862562951
1.0
0.526887162079
0.689053328341
1.0
0.526708387977
0.68955389828
0.99691503766
0.526557833211
0.688990160646
0.99691503766
0.526681886706
0.689166141493
0.997722469078
0.526898397583
0.69013310843
0.997722469078
0.526934692573
0.690046900668
1.0
0.526840578261
0.689780611092
1.0
0.526840578261
0.689780611092
1.0
0.526665927269
0.69029223685
1.0
0.526736517299
0.689936836858
1.0
0.526857708816
0.68978272617
1.0
0.526616089253
0.690780924311
1.0
0.526817460638
0.691211965865
1.0
0.527422598865
0.690911299097
1.0
0.527353412538
0.691056767765
1.0
0.527027414974
0.691308970283
1.0
0.526796544465
0.69100052266
0.997599590605
0.526806472832
0.691213291671
0.997599590605
0.526806472832
0.691213291671
0.997599590605
0.526846828954
0.692891376773
1.0
0.527349923652
0.692936220821
1.0
0.527506800418
0.693642361752
0.991992134467
0.527437793217
0.693488489477
0.991992134467
0.527132053332
0.693478435495
1.0
0.527032471498
0.694387676082
1.0
0.527032471498
0.694387676082
1.0
0.527172280825
0.694400382423
0.993334272339
0.527557127625
0.69468965009
0.993334272339
0.527584707826
0.694788323607
0.998526841632
0.526908161921
0.694512798798
0.998526841632
0.526615896289
0.694211562763
1.0
0.52724885904
0.694317479541
1.0
0.52753048633
0.694550756723
0.977388261043
0.527060399751
0.694612373372
0.977388261043
0.526948723229
0.695035914192
1.0
0.52695361428
0.695888575522
1.0
0.52695361428
0.695888575522
1.0
0.527100734738
0.696135035623
1.0
0.527782595603
0.695812002101
1.0
0.527767024684
0.695793473736
1.0
0.527654562089
0.695869448282
1.0
0.52733563535
0.695929024728
0.967886810069
0.527133031162
0.695366892143
0.967886810069
0.527133031162
0.695366892143
0.967886810069
0.527164394578
0.695354183692
1.0
0.526686671991
0.696256896709
1.0
0.526416052545
0.695851492982
1.0
0.527467854772
0.695743641103
1.0
0.527706533638
0.695871165072
1.0
0.528302082166
0.697176893528
1.0
0.528464346013
0.698721662497
0.986172993624
0.532677955068
0.707165176398
0.986172993624
0.532677955068
0.707165176398
0.986172993624
0.532964053807
0.716034944238
