1.0
0.472837385352
0.394030255725
0.99
0.477313872728
0.388215534532
0.99
0.478033711482
0.388643573773
1.0
0.47989376031
0.386426576226
1.0
0.47990605483
0.385444366132
1.0
0.480333508879
0.384542632343
1.0
0.479825209283
0.384217728214
1.0
0.479825209283
0.384217728214
1.0
0.482002306137
0.379504471621
1.0
0.482368568661
0.380039385371
1.0
0.482738941154
0.37966442671
1.0
0.482718918981
0.380115558708
1.0
0.482861284328
0.380024863854
1.0
0.483214271113
0.380593645633
1.0
0.483456709207
0.38039058341
1.0
0.483456709207
0.38039058341
1.0
0.483144370511
0.380376006958
1.0
0.483111480059
0.380614159433
1.0
0.483414684708
0.380536077259
0.968866483542
0.483547011576
0.3803203344
0.968866483542
0.484371567934
0.379685859431
1.0
0.484328324277
0.379691029301
1.0
0.483759853802
0.381331458134
1.0
0.483953448774
0.381678215498
1.0
0.483872641998
0.381166152167
1.0
0.483872641998
0.381166152167
1.0
0.483796671766
0.381129098162
1.0
0.484386828419
0.381137578757
1.0
0.484460934898
0.380925574484
1.0
0.484064360821
0.380546743958
1.0
0.484027528354
0.380528025899
1.0
0.484295043774
0.380999754856
1.0
0.484434915498
0.380894869442
1.0
0.484269575387
0.38198735617
1.0
0.484269575387
0.38198735617
1.0
0.484224441823
0.382379811499
1.0
0.484614219464
0.382084197612
1.0
0.484884215372
0.381363808257
1.0
0.485324200835
0.380923508036
1.0
0.485403376716
0.381309626927
1.0
0.484410166558
0.381866820802
1.0
0.484282089137
0.382291293375
1.0
0.484282089137
0.382291293375
1.0
0.48490398937
0.382168373168
1.0
0.484901577167
0.382030904189
1.0
0.484968841879
0.381559093917
1.0
0.48496276659
0.38153570233
1.0
0.484900126682
0.382558157324
1.0
0.484832204644
0.382914440025
1.0
0.484405246119
0.381844500734
1.0
0.484412228938
0.381618670944
1.0
0.484411579869
0.380933892572
1.0
0.484411579869
0.380933892572
1.0
0.484536157225
0.381123577987
1.0
0.484385132585
0.382283432593
1.0
0.484257723061
0.382111539356
1.0
0.485850205235
0.384863622088
0.991804905527
0.48587705541
0.38495512546
0.991804905527
0.490358071557
0.395644341114
1.0
0.490352022914
0.39611306446
1.0
0.493389351236
0.406376686762
1.0
0.493389351236
0.406376686762
1.0
0.493383589981
0.406272465348
1.0
0.493126908483
0.410686014282
1.0
0.493158117704
0.410579232912
1.0
0.492515761228
0.410085516687
1.0
0.493267382783
0.411691466996
1.0
0.49341969773
0.410949108771
1.0
0.493987464257
0.413581447286
1.0
0.494577349253
0.415507865147
1.0
0.494577349253
0.415507865147
0.879968970231
0.494414143575
0.417151953686
0.879968970231
0.494825580627
0.416661042492
0.99
0.495136368135
0.426025136702
0.99
0.495136927321
0.426139922449
1.0
0.49523019486
0.425027258207
1.0
0.494363676739
0.424166161199
1.0
0.494589031737
0.423879890297
1.0
0.495210672821
0.42401861983
1.0
0.495210672821
0.42401861983
1.0
0.495178630577
0.424029497351
1.0
0.495090528614
0.423618669977
1.0
0.494984748022
0.424121160461
1.0
0.494578510484
0.424963951138
1.0
0.494814992971
0.424206912937
1.0
0.495650370295
0.424668855177
1.0
0.495472433736
0.424924767339
1.0
0.495472433736
0.424924767339
1.0
0.49604692149
0.425262817957
1.0
0.4958455004
0.425456608295
1.0
0.49449665504
0.425870683863
1.0
0.494695651492
0.426437688783
1.0
0.495217787167
0.4247876129
1.0
0.495263943035
0.424638175317
1.0
0.494573627568
0.425467710434
1.0
0.494316125119
0.425937505215
1.0
0.494298975724
0.425998506458
1.0
0.494298975724
0.425998506458
1.0
0.494510191676
0.425010182721
1.0
0.494929972428
0.424819345367
1.0
0.494755368127
0.425073974594
1.0
0.494862360635
0.424704350389
1.0
0.494914907709
0.424807659799
1.0
0.495768975373
0.424499438378
1.0
0.495802564032
0.424975953725
1.0
0.495802564032
0.424975953725
1.0
0.495436783073
0.42538849538
1.0
0.495363359276
0.42550829253
1.0
0.494259147125
0.42563699193
1.0
0.4942030484
0.425742728244
1.0
0.494379525396
0.426186224578
1.0
0.494488379222
0.425992957481
1.0
0.495941486697
0.426143774018
1.0
0.495811891406
0.426148643576
1.0
0.494367456406
0.425206376911
1.0
0.494367456406
0.425206376911
1.0
0.494457976282
0.424899568763
1.0
0.494804716224
0.424927336739
1.0
0.494855650768
0.424973628714
1.0
0.494410468312
0.425756164676
1.0
0.49448071673
0.426381587429
1.0
0.493913829247
0.424404203154
1.0
0.493642239149
0.423936955212
1.0
0.493647113792
0.424718938107
1.0
0.493647113792
0.424718938107
1.0
0.493578689651
0.425153568577
1.0
0.493827345624
0.424762144297
1.0
0.49376692456
0.42508591549
1.0
0.493110412564
0.425064239014
1.0
0.493240324823
0.424263196803
1.0
0.493740381119
0.424642800747
1.0
0.49369748953
0.42486019759
1.0
0.49369748953
0.42486019759
1.0
0.494328254887
0.425003747882
1.0
0.494372901109
0.42509943981
1.0
0.49339307038
0.425185780501
1.0
0.493223615375
0.4258376491
1.0
0.493593373081
0.425779906629
1.0
0.493502948518
0.426044894764
1.0
0.493107176101
0.425800290451
1.0
0.493272725139
0.425116509588
1.0
0.492869674051
0.424629163282
1.0
0.492869674051
0.424629163282
1.0
0.492720401429
0.425045039224
1.0
0.492690340755
0.42585680064
1.0
0.492830604263
0.425003821787
1.0
0.49266694023
0.42417549274
1.0
0.492550554807
0.424425650786
1.0
0.493431641951
0.424985024101
1.0
0.49339754478
0.425111401568
1.0
0.49339754478
0.425111401568
1.0
0.49234660523
0.424150996012
1.0
0.492178366951
0.424698170835
1.0
0.493348111179
0.425242866338
1.0
0.493427506465
0.425175246324
1.0
0.49265024944
0.425151211493
1.0
0.492588342142
0.425092149564
1.0
0.492438142184
0.424714197535
1.0
0.492425492248
0.424583807838
1.0
0.492620287021
0.425487256494
1.0
0.492620287021
0.425487256494
1.0
0.492591609952
0.425793064772
1.0
0.493284063372
0.425491142782
1.0
0.49331843513
0.424992271834
1.0
0.492602670897
0.424690625316
1.0
0.492267976094
0.425053290579
1.0
0.491633303625
0.422015826215
1.0
0.491908810741
0.421492010177
1.0
0.491613477856
0.411947283199
1.0
0.491613477856
0.411947283199
1.0
0.491595915154
0.4115431286
1.0
0.489075458563
0.400765877354
1.0
0.488924775167
0.401743718935
1.0
0.489262176816
0.396833131815
1.0
0.489389813766
0.396234337056
1.0
0.489447528904
0.397453423394
1.0
0.48974394782
0.39290891885
1.0
0.48974394782
0.39290891885
1.0
0.489991673672
0.393087671464
1.0
0.490323751417
0.385438860697
1.0
0.490984140742
0.385990914087
1.0
0.491185701459
0.379084009683
1.0
0.490930076626
0.377916315622
0.998232723703
0.490821348055
0.376102818699
0.998232723703
0.490455025188
0.37575992516
0.998232723703
0.490455025188
0.37575992516
1.0
0.49035754073
0.375952782909
1.0
0.490727978713
0.375331634326
1.0
0.490779459682
0.375599734327
1.0
0.491127326773
0.377295010304
1.0
0.491178093779
0.376747610244
1.0
0.490871535721
0.375884195547
1.0
0.491007398451
0.374780829305
1.0
0.490448839719
0.373565014431
1.0
0.490510527447
0.373134583507
1.0
0.490311286725
0.372541180867
1.0
0.490311286725
0.372541180867
1.0
0.49037988064
0.372293860129
1.0
0.491514723286
0.373257763458
1.0
0.491378997926
0.374054109716
1.0
0.490397792844
0.374004454904
1.0
0.490448943576
0.373407905504
1.0
0.491106000181
0.373120119662
1.0
0.491169096135
0.373071752418
1.0
0.491610581985
0.373310079722
1.0
0.491610581985
0.373310079722
1.0
0.491821140156
0.372130775705
1.0
0.490905577198
0.371577446317
1.0
0.49087257472
0.37160142334
1.0
0.491437598655
0.371405889566
1.0
0.491392629351
0.372045698487
1.0
0.490349927444
0.373021562811
1.0
0.49022341841
0.373163084197
1.0
0.490054099374
0.3728411301
1.0
0.490054099374
0.3728411301
1.0
0.489939845342
0.373685380954
1.0
0.490005083208
0.373667534897
1.0
0.489863015868
0.374169749974
1.0
0.490993373694
0.375174325855
1.0
0.491011456626
0.374861724421
1.0
0.490547726329
0.374861624227
0.991203228083
0.490497812459
0.374730178151
0.991203228083
0.490586297395
0.375287913242
0.991203228083
0.490586297395
0.375287913242
1.0
0.490539304887
0.37569598442
1.0
0.489250716298
0.374466862316
1.0
0.489130317735
0.375277535578
1.0
0.489221846251
0.375854418577
1.0
0.489156334982
0.37622273671
1.0
0.489121953002
0.377034071694
1.0
0.489105717957
0.377548479895
1.0
0.489092713094
0.377102456509
1.0
0.489092713094
0.377102456509
1.0
0.488890133561
0.37771091897
1.0
0.488332327509
0.378151422604
1.0
0.48837239137
0.37871102893
1.0
0.488030000561
0.378380403847
1.0
0.488053737605
0.377824948625
1.0
0.487989269725
0.377893983943
1.0
0.48784778296
0.378218739629
1.0
0.48784778296
0.378218739629
1.0
0.488668425146
0.380123705113
1.0
0.488714872618
0.379885294636
1.0
0.488111943647
0.379004081648
1.0
0.488153806151
0.379626855713
1.0
0.488211251168
0.379354803333
1.0
0.487965193832
0.380277740198
1.0
0.487194942806
0.380223727022
1.0
0.487244588926
0.380612877148
1.0
0.487244588926
0.380612877148
1.0
0.487672980025
0.381071760737
1.0
0.487609528963
0.380271602981
1.0
0.48775956752
0.379989838395
1.0
0.487802953041
0.379522465514
1.0
0.487906556292
0.379284463442
1.0
0.487902503173
0.379950705331
1.0
0.487795097991
0.380571977871
1.0
0.487746613049
0.380698254131
1.0
0.487746613049
0.380698254131
1.0
0.487372023055
0.379038192559
1.0
0.487316387109
0.379861886588
1.0
0.486744725191
0.381211114041
1.0
0.486691125332
0.381062941868
1.0
0.486641159346
0.381428427608
1.0
0.486429273115
0.38140297346
1.0
0.486908953247
0.380198243972
1.0
0.486979753029
0.379767295491
1.0
0.486501227521
0.380036625035
1.0
0.486501227521
0.380036625035
1.0
0.486560483432
0.38030406175
1.0
0.48623029152
0.380690334818
1.0
0.486060095619
0.380493095598
1.0
0.485509349683
0.37888954099
1.0
0.485327970988
0.379345519307
1.0
0.484617559607
0.379725820295
1.0
0.484617559607
0.379725820295
1.0
0.484545877529
0.380131679566
1.0
0.485441161932
0.379633273696
1.0
0.48530607867
0.3793727875
1.0
0.483735004372
0.378526301235
1.0
0.48369821704
0.378729562058
1.0
0.484275380285
0.378576849833
1.0
0.484269805513
0.378828586305
1.0
0.48369423262
0.37863004777
1.0
0.483772725057
0.37839923602
1.0
0.482775905002
0.377093441381
1.0
0.482775905002
0.377093441381
1.0
0.482503311384
0.376720147731
1.0
0.482444555634
0.377122572183
1.0
0.4825492852
0.376865818136
1.0
0.483470762539
0.377888571177
1.0
0.483542257718
0.377381387961
1.0
0.483149696545
0.37557461428
1.0
0.48287328265
0.375399820268
1.0
0.48287328265
0.375399820268
1.0
0.48272076348
0.377014568054
1.0
0.482910452372
0.376663630606
1.0
0.484193984643
0.38135948284
1.0
0.484030388861
0.38204867599
1.0
0.486854635275
0.392195014746
1.0
0.48699637978
0.39127878408
1.0
0.488520169454
0.399720676307
1.0
0.488520169454
0.399720676307
1.0
0.488345461449
0.400452033393
1.0
0.487429408614
0.403254365087
1.0
0.487442643648
0.404388701805
1.0
0.487828404212
0.403201140277
1.0
0.488308092501
0.406259662502
1.0
0.487372236741
0.405699224395
0.940783092954
0.487688205229
0.407792309711
0.940783092954
0.488115926664
0.40731011984
0.881990396043
0.487889933578
0.411459961977
0.881990396043
0.487796722026
0.412083079351
0.881990396043
0.487796722026
0.412083079351
0.960337818747
0.487720535841
0.41458093083
0.960337818747
0.487553323826
0.414512686724
1.0
0.48778616227
0.414995631341
1.0
0.487928562139
0.414192235181
1.0
0.488176507627
0.414136405746
1.0
0.48866280735
0.41431234864
1.0
0.488539329379
0.414866297797
1.0
0.488539329379
0.414866297797
1.0
0.488523522666
0.414321616459
1.0
0.488593470554
0.413584758965
1.0
0.488871580006
0.414014727053
1.0
0.488886512423
0.414619653231
1.0
0.489132499016
0.414089949596
1.0
0.48903873204
0.414866836571
1.0
0.488816311561
0.415670049395
1.0
0.488583888655
0.416351480541
1.0
0.489111860361
0.415873642639
1.0
0.489111860361
0.415873642639
1.0
0.48912499538
0.415427347429
1.0
0.489198349467
0.416121935322
1.0
0.488993747519
0.417337429716
1.0
0.489334320123
0.418171277812
1.0
0.48908315182
0.419015254847
1.0
0.488081796845
0.419083468789
1.0
0.488011496528
0.419324295967
1.0
0.488011496528
0.419324295967
1.0
0.489661804264
0.42147708165
1.0
0.489444260776
0.421614202432
1.0
0.489813138371
0.421533378636
1.0
0.489724985075
0.422242888171
1.0
0.490185620331
0.423540239737
1.0
0.490014426666
0.424644598829
1.0
0.489757890178
0.424233041463
1.0
0.489700741814
0.424600773883
1.0
0.489694542878
0.425627395342
1.0
0.489694542878
0.425627395342
1.0
0.489578239491
0.426413426686
1.0
0.48992366014
0.426500187765
1.0
0.489840294351
0.426967915568
1.0
0.489831137898
0.427750400404
1.0
0.490099704018
0.427562165484
1.0
0.490973141823
0.428549627518
1.0
0.490545143105
0.430100510957
1.0
0.490545143105
0.430100510957
1.0
0.490766581244
0.431078761561
1.0
0.49072550624
0.430788534053
1.0
0.491162448461
0.43094091137
1.0
0.49116816975
0.431742752268
1.0
0.490440297569
0.43268565452
1.0
0.490449926655
0.433242622444
1.0
0.491592465692
0.432445821715
1.0
0.491592465692
0.432445821715
1.0
0.491682901605
0.432750687639
1.0
0.491587785862
0.433414522582
1.0
0.491818041947
0.433468970635
1.0
0.492176084593
0.433276303805
1.0
0.492080936955
0.432597573375
1.0
0.491319197637
0.432254916537
1.0
0.49125189785
0.432750010941
1.0
0.491816606546
0.432485249781
1.0
0.491816606546
0.432485249781
1.0
0.491916331888
0.432349056449
1.0
0.491727120019
0.43137938243
1.0
0.491770208422
0.431614196882
1.0
0.491795828238
0.433483437327
1.0
0.491978963888
0.432501170187
1.0
0.492746574585
0.431356302534
1.0
0.492670817462
0.431696623071
1.0
0.491245426201
0.430292242467
1.0
0.491364711817
0.430239161341
1.0
0.492208282954
0.430103737828
1.0
0.492208282954
0.430103737828
1.0
0.492153161576
0.429871277407
1.0
0.491725612374
0.428689780645
1.0
0.491769751056
0.428676311418
1.0
0.492285714052
0.430390180593
1.0
0.492303002751
0.430388160197
1.0
0.491167747844
0.429776559105
1.0
0.491167747844
0.429776559105
1.0
0.49130248648
0.428245456156
1.0
0.491745599347
0.427422013555
1.0
0.491945802204
0.426649408879
1.0
0.491471494273
0.426877069084
1.0
0.491469994832
0.426433125845
1.0
0.492158542511
0.425829616302
1.0
0.492203300822
0.425355893598
1.0
0.492441431925
0.425631608894
1.0
0.492589274922
0.424990372362
1.0
0.491718764081
0.423767758042
1.0
0.491718764081
0.423767758042
1.0
0.491844986812
0.42365790536
1.0
0.491751320939
0.424454392831
1.0
0.491617020117
0.424654848115
1.0
0.491420331757
0.424665355651
1.0
0.491317914459
0.425263647916
1.0
0.490243165788
0.42394065269
1.0
0.490243165788
0.42394065269
1.0
0.490610432774
0.422979628364
1.0
0.491066447733
0.423416489377
1.0
0.491190218488
0.423237944686
1.0
0.490180004179
0.421507465377
1.0
0.490072829531
0.422185021762
1.0
0.49044685711
0.423091216401
1.0
0.490487313684
0.423024877966
1.0
0.489533687055
0.420683839883
1.0
0.489533687055
0.420683839883
1.0
0.489543185347
0.420086344573
1.0
0.490421155738
0.421267057956
1.0
0.490349875298
0.421516489669
1.0
0.489001408801
0.419923451364
1.0
0.489205428658
0.419628173832
1.0
0.489349498472
0.41906389977
0.969504475827
0.489236675189
0.419028583464
0.969504475827
0.488797902564
0.418530945617
1.0
0.488856956571
0.417604107864
1.0
0.489387700035
0.417406310133
1.0
0.489387700035
0.417406310133
1.0
0.489475496464
0.417504418894
1.0
0.489345267207
0.416840410793
1.0
0.489224242014
0.416005407781
1.0
0.487765204439
0.414754133757
1.0
0.487920505504
0.414895928569
1.0
0.487611881526
0.413724677692
1.0
0.487611881526
0.413724677692
1.0
0.487506216739
0.413177633197
1.0
0.487306410812
0.413323049001
1.0
0.487290837566
0.413544123138
1.0
0.486386670734
0.411691315977
1.0
0.486348474877
0.41145224289
1.0
0.486439225817
0.411943429609
1.0
0.486341133427
0.412070836142
1.0
0.484431138115
0.410106346975
1.0
0.484431138115
0.410106346975
1.0
0.484087520306
0.409712484902
1.0
0.48368400463
0.409289755458
1.0
0.483519088651
0.409313040466
1.0
0.482729319653
0.409082660776
1.0
0.482507651476
0.409325920017
1.0
0.481602677731
0.408704524562
1.0
0.481337176233
0.408539131595
1.0
0.480798792008
0.40762423122
1.0
0.480798792008
0.40762423122
1.0
0.48062719733
0.407746490661
1.0
0.481124721302
0.408861004812
1.0
0.48087328371
0.408992088048
1.0
0.479559420483
0.408225010299
1.0
0.479457069711
0.408691599178
1.0
0.479270151778
0.409391530528
1.0
0.478827956585
0.409913493895
1.0
0.477611432337
0.409214604464
1.0
0.477424171148
0.409374203132
1.0
0.477397101544
0.409438036896
1.0
0.477397101544
0.409438036896
0.954098868638
0.477128088527
0.41029724543
0.954098868638
0.47709185338
0.4109785254
1.0
0.476896369361
0.411183424694
1.0
0.475830211621
0.410618889444
0.998672403121
0.475628299567
0.411599872404
0.998672403121
0.475608910409
0.411878667667
1.0
0.475529959284
0.411873656278
1.0
0.475529959284
0.411873656278
1.0
0.475961598393
0.412251311435
1.0
0.475806905099
0.412814916218
1.0
0.473798536803
0.411399041959
1.0
0.473691588846
0.411941573749
1.0
0.474028636323
0.411484371971
0.997816355989
0.473922144347
0.41128667139
0.997816355989
0.474256709803
0.41101155417
0.997816355989
0.474256709803
0.41101155417
1.0
0.474210017195
0.410891250319
1.0
0.473527089329
0.40967786814
1.0
0.473599652103
0.410078408287
1.0
0.473065481332
0.410125065981
1.0
0.473198725966
0.409788039041
1.0
0.473360980884
0.409550572552
1.0
0.473389976037
0.409781270301
1.0
0.473147180175
0.409589914178
1.0
0.473147180175
0.409589914178
0.989054902283
0.474317010446
0.40597636368
0.989054902283
0.477422918473
0.406043634508
1.0
0.477650149892
0.40479083212
1.0
0.480774165963
0.403583399247
1.0
0.480681447162
0.403051210562
1.0
0.481075005399
0.402607718544
1.0
0.481395438522
0.401898601414
1.0
0.480391601532
0.400272077371
1.0
0.480391601532
0.400272077371
1.0
0.480588107756
0.39954606821
1.0
0.480108144097
0.399996608022
1.0
0.48111508648
0.397815161818
1.0
0.481562043435
0.39757355001
0.986761644756
0.482303105057
0.396150401163
0.986761644756
0.482223287909
0.39672315494
0.968296881534
0.48236218519
0.395773076061
0.968296881534
0.482189317938
0.394594318113
0.968296881534
0.482189317938
0.394594318113
1.0
0.482308371357
0.39402267378
1.0
0.482398402328
0.393976029258
1.0
0.482347140554
0.393315881019
1.0
0.482237685965
0.392692328882
1.0
0.482276330826
0.392935605941
1.0
0.481766586323
0.393105963705
1.0
0.481869231776
0.392198632877
1.0
0.482258213822
0.393233544514
1.0
0.482258213822
0.393233544514
1.0
0.482267706185
0.393643777014
1.0
0.482588778301
0.39383168197
1.0
0.482502397186
0.39421202494
1.0
0.481449076149
0.393013182682
1.0
0.481412895122
0.393137390913
1.0
0.481315810221
0.393738991775
1.0
0.481324160081
0.393493333292
1.0
0.481825373374
0.393586542594
1.0
0.481825373374
0.393586542594
1.0
0.481865669496
0.393919740728
1.0
0.48174733517
0.393904401399
1.0
0.481954633124
0.393593315462
1.0
0.48134866209
0.393229702095
1.0
0.481185277163
0.393419413632
1.0
0.48196159167
0.393876194872
1.0
0.482035021651
0.393896372846
1.0
0.481860262056
0.393405381151
1.0
0.481900532614
0.39349908055
1.0
0.481900532614
0.39349908055
1.0
0.480882762208
0.393282420716
1.0
0.480761303718
0.393135639186
1.0
0.481418777876
0.392782250425
1.0
0.481438938984
0.393746562437
1.0
0.480927674447
0.393473934826
0.974754372702
0.480939116864
0.392451562312
0.974754372702
0.481503947557
0.391965048391
0.974754372702
0.481503947557
0.391965048391
1.0
0.481527617954
0.3924098485
1.0
0.481273862178
0.391495887625
1.0
0.48133035847
0.3910980495
1.0
0.481394175267
0.390916936644
1.0
0.481159289913
0.391112078169
1.0
0.481359720838
0.390100971976
1.0
0.48134198587
0.389726984025
1.0
0.481291775179
0.389230808629
0.89210144826
0.481340685296
0.389109502375
0.89210144826
0.481340685296
0.389109502375
0.89210144826
0.481095118563
0.389465340267
0.983054766178
0.481333260702
0.389216786205
0.983054766178
0.481370427506
0.389514274015
1.0
0.48121037373
0.389386675609
1.0
0.482072643065
0.38932175264
1.0
0.482131412329
0.388792272854
1.0
0.476635105774
0.381999363773
1.0
0.476635105774
0.381999363773
0.991929670744
0.476787984071
0.382229108522
0.991929670744
0.471404834411
0.373834419183
1.0
0.47155732745
0.373138080416
1.0
0.467739706601
0.367231464263
0.954373589558
0.46774740252
0.366796422552
0.954373589558
0.467272906158
0.366645585174
1.0
0.466835197221
0.365981514119
1.0
0.466575011575
0.366338043596
1.0
0.465066641104
0.365751486468
1.0
0.466669995376
0.366270778209
1.0
0.466669995376
0.366270778209
1.0
0.465285125129
0.366008613917
1.0
0.465390472255
0.366736677119
1.0
0.464765794434
0.365883026524
1.0
0.464074875358
0.365614444325
1.0
0.464066022435
0.365654143586
1.0
0.463277409483
0.36550158861
1.0
0.463277409483
0.36550158861
0.998734574739
0.463210995066
0.365447971693
0.998734574739
0.463086461211
0.367267326445
1.0
0.46294685826
0.368558089284
1.0
0.46279282891
0.36832619865
1.0
0.462746487537
0.368210269718
1.0
0.46393566837
0.37030012196
1.0
0.463715694506
0.370578010391
1.0
0.46478858805
0.371460426022
1.0
0.46478858805
0.371460426022
1.0
0.464471454784
0.372827940144
1.0
0.465447547398
0.375066019217
1.0
0.465156511269
0.376440795948
1.0
0.466287488437
0.378422737258
1.0
0.465746989328
0.379665037113
0.860555458686
0.467238886748
0.380182300902
