1.0
0.331769645063
0.481707134701
1.0
0.331813065058
0.481890331675
1.0
0.331813065058
0.481890331675
1.0
0.331740766001
0.482126282945
1.0
0.331622088314
0.482195558083
1.0
0.331587072282
0.482494458593
1.0
0.331279834773
0.482744268006
1.0
0.331169901798
0.483186416765
1.0
0.331398363853
0.483511574843
1.0
0.331316862055
0.484219181968
1.0
0.331337740395
0.485009484809
1.0
0.331337740395
0.485009484809
1.0
0.331097170247
0.486561158018
1.0
0.331590067054
0.48800408386
1.0
0.331275253191
0.489612196927
1.0
0.334128650035
0.492571055317
1.0
0.333448737409
0.495299744477
1.0
0.335308409895
0.498421332895
1.0
0.334619967371
0.500907031153
0.968800104585
0.746175270765
0.512447829524
0.968800104585
0.746175270765
0.512447829524
0.968800104585
0.744720105396
0.515215673069
0.88065201929
0.743264492713
0.504676622313
0.808667134973
0.0687410092226
0.0384052742949
0.808667134973
0.104077705592
-0.0549481393485
0.808667134973
0.104077705592
-0.0549481393485
0.789071443052
50.157320787
63.6019395608
0.789071443052
50.157320787
63.6019395608
0.872821770628
0.29169094787
0.0602417162439
0.915595078137
0.301851710446
0.0325356796741
0.915595078137
0.301851710446
0.0325356796741
0.853333407272
0.537404225788
-0.38415606239
0.853333407272
0.616200893577
-0.325181474913
0.797158812285
0.564897396462
-0.366599364565
0.797158812285
0.564897396462
-0.366599364565
0.853333407272
0.540418615126
-0.117291549759
0.845353449025
0.341703664805
0.481805184162
0.784942238704
0.335964219262
0.548714229237
0.923750060781
0.33941202189
0.509511601115
0.923750060781
0.338563688157
0.504991608239
0.986288694508
0.338139578547
0.509512927888
1.0
0.337201305586
0.508229949561
1.0
0.337201305586
0.508229949561
1.0
0.337347035925
0.511007083692
1.0
0.336836113657
0.510504230792
1.0
0.336702919792
0.513831158614
1.0
0.335608345249
0.512401273031
1.0
0.335617305935
0.517084455428
1.0
0.333294310741
0.512904078123
1.0
0.333346450897
0.51447735548
1.0
0.331646307448
0.512131053884
1.0
0.331646307448
0.512131053884
1.0
0.331765189408
0.511865666309
1.0
0.331958988718
0.51247424421
1.0
0.332058062565
0.512501685063
1.0
0.331343369391
0.513028516961
1.0
0.331396149583
0.513426589932
1.0
0.331633643286
0.51355220668
1.0
0.331776129512
0.513151148722
1.0
0.331776129512
0.513151148722
1.0
0.330945752363
0.511925197386
1.0
0.331157206348
0.511041913567
1.0
0.33104728231
0.51058230255
1.0
0.331280015433
0.509723196775
1.0
0.331273552317
0.509501166449
1.0
0.331294213485
0.50910114669
1.0
0.331532556346
0.509549447626
1.0
0.331540688851
0.509487143694
1.0
0.331199803824
0.509252454457
1.0
0.331199803824
0.509252454457
1.0
0.331366864077
0.50857015555
1.0
0.331695956487
0.507943259354
1.0
0.33187164383
0.507112681387
1.0
0.330939737964
0.506792467078
1.0
0.331000355558
0.506672780097
1.0
0.331633370196
0.50690921835
1.0
0.331704308879
0.506885070835
1.0
0.331798659803
0.507303406682
1.0
0.331798659803
0.507303406682
1.0
0.331848736001
0.507106820092
1.0
0.331870457145
0.506672162622
1.0
0.331934232419
0.50653425501
1.0
0.331997325034
0.506711236438
1.0
0.332069003291
0.506705663728
1.0
0.331851558089
0.506449934726
1.0
0.331975093596
0.505978937626
1.0
0.332256553975
0.50641325174
1.0
0.332256553975
0.50641325174
1.0
0.332325942898
0.505864109243
1.0
0.332525240377
0.505830771701
1.0
0.33255964829
0.506220112273
1.0
0.333057201037
0.50614413997
1.0
0.33308239064
0.505794356694
1.0
0.331855455326
0.504620646696
1.0
0.331882973992
0.504454248192
1.0
0.331912499022
0.505207103503
1.0
0.331912499022
0.505207103503
1.0
0.331908625855
0.505542328496
1.0
0.332493835777
0.505115337385
1.0
0.332530113068
0.504740714706
1.0
0.333079250776
0.504846086851
1.0
0.333066948456
0.504763945486
1.0
0.332374910146
0.504207304369
1.0
0.332384921656
0.504200049949
1.0
0.332458850657
0.504003210029
1.0
0.332458850657
0.504003210029
1.0
0.332484779525
0.504224137367
1.0
0.332463166659
0.504425313965
1.0
0.332515147931
0.504007680777
1.0
0.332286735642
0.504088070213
1.0
0.332260807358
0.504362831705
1.0
0.331724379058
0.504500962321
1.0
0.331743087848
0.504542215617
1.0
0.331888060594
0.50398949701
1.0
0.331888060594
0.50398949701
1.0
0.33196337651
0.503540793659
1.0
0.332081272262
0.503034366277
1.0
0.332001207985
0.503373835156
1.0
0.332151393845
0.503697860104
1.0
0.332223161198
0.503026242769
1.0
0.332235584252
0.502723326173
1.0
0.332294687105
0.502720449723
1.0
0.332295201834
0.502671806587
1.0
0.332295201834
0.502671806587
1.0
0.332264686095
0.502749352204
1.0
0.332384326159
0.503005254595
1.0
0.332422779622
0.503117714704
1.0
0.33229248665
0.503580088077
1.0
0.332292905137
0.50362273649
1.0
0.331947763213
0.50237842262
1.0
0.332040781627
0.502111921374
1.0
0.33167797534
0.502552316398
1.0
0.33167797534
0.502552316398
1.0
0.331726586596
0.502238399264
1.0
0.332593549925
0.503179893442
1.0
0.332585613175
0.503409562442
1.0
0.332422974783
0.503148315735
1.0
0.332492765798
0.50322047991
1.0
0.332499964854
0.502923646544
1.0
0.332576472535
0.502763615664
1.0
0.332823107507
0.503350745684
1.0
0.332823107507
0.503350745684
1.0
0.332891978123
0.503376741602
1.0
0.333176956255
0.503977256776
1.0
0.333118532207
0.504517394883
1.0
0.333448413269
0.505444716655
1.0
0.333440007059
0.50559970545
1.0
0.333211875683
0.504761010232
1.0
0.333422228954
0.503960923377
1.0
0.332832344352
0.504218885577
1.0
0.332832344352
0.504218885577
1.0
0.332811646422
0.504569288055
1.0
0.332701115541
0.504121516195
1.0
0.332657900834
0.50473345209
1.0
0.330995047522
0.505327066862
1.0
0.330923656551
0.506008211487
1.0
0.33089984901
0.50646154768
1.0
0.330975361718
0.506387364152
1.0
0.331083760943
0.506742668343
1.0
0.331083760943
0.506742668343
1.0
0.330975802346
0.507248230132
1.0
0.331057124882
0.507721281297
1.0
0.331211804512
0.507466052929
1.0
0.33108402815
0.507674950884
1.0
0.331123517819
0.507945017553
1.0
0.330723770747
0.507308060406
1.0
0.330758844417
0.507347880132
1.0
0.331156798326
0.507090541383
1.0
0.331156798326
0.507090541383
1.0
0.331135650402
0.507727082385
1.0
0.33150682432
0.509068809658
1.0
0.331512363359
0.508926817952
1.0
0.331460700171
0.508582576187
1.0
0.331564226193
0.508844327841
1.0
0.331868083195
0.509232018191
1.0
0.331875013792
0.509373141847
1.0
0.332190944988
0.509850450837
1.0
0.332190944988
0.509850450837
1.0
0.332261378087
0.510068693204
1.0
0.332436819532
0.509852461571
1.0
0.332449010393
0.509960810881
1.0
0.332495410368
0.509951921417
1.0
0.332531091863
0.509859392403
1.0
0.331959751019
0.509433140482
1.0
0.332012596254
0.509333355419
1.0
0.332128732247
0.50951025343
1.0
0.332128732247
0.50951025343
1.0
0.332165264604
0.509648997927
1.0
0.332536175422
0.509962653972
1.0
0.332482763399
0.510307323547
1.0
0.332507932691
0.510569282771
1.0
0.332532421294
0.510285528191
1.0
0.332772269672
0.510322005581
1.0
0.332876733991
0.510274673677
1.0
0.332936447105
0.510494683382
1.0
0.332936447105
0.510494683382
1.0
0.333012925587
0.510670825273
1.0
0.33337593915
0.510618737476
1.0
0.333406662387
0.510448420845
1.0
0.333300504226
0.51054361384
1.0
0.333328951476
0.510643971135
1.0
0.332471983138
0.51045607251
1.0
0.332502074712
0.510631603337
1.0
0.333195717781
0.511706619046
1.0
0.333195717781
0.511706619046
1.0
0.333245683007
0.511791513657
1.0
0.334195466707
0.51138423496
1.0
0.334206099784
0.511488574673
1.0
0.334590866819
0.512378330062
1.0
0.334665463662
0.512227415819
1.0
0.334704026512
0.512518852369
1.0
0.334708772126
0.512798786261
1.0
0.334434444746
0.512335741292
1.0
0.334434444746
0.512335741292
1.0
0.334416870314
0.512645700263
1.0
0.334775710325
0.512944029489
1.0
0.334890519223
0.512996599007
1.0
0.335085891673
0.513952800033
1.0
0.335120249853
0.514094847289
1.0
0.335473503822
0.516119242528
1.0
0.335519215969
0.516224530673
1.0
0.33587166824
0.515721112568
1.0
0.33587166824
0.515721112568
1.0
0.33592808458
0.515775123646
1.0
0.335775302505
0.514677662324
1.0
0.335821042733
0.514940592337
1.0
0.335857245114
0.514945902475
1.0
0.335837504639
0.515490961634
1.0
0.336180147814
0.515721269056
1.0
0.336126692145
0.515598916355
1.0
0.335999961818
0.516046265875
1.0
0.335999961818
0.516046265875
1.0
0.336083028369
0.515735380748
1.0
0.335900271303
0.51519542361
1.0
0.335856553091
0.515239108356
1.0
0.335745557899
0.515709959436
1.0
0.335782189652
0.515704721902
1.0
0.335053700559
0.515555074854
1.0
0.335060784827
0.515360969903
1.0
0.336206157311
0.516084304347
1.0
0.336206157311
0.516084304347
1.0
0.336226925417
0.515602930649
1.0
0.335489781042
0.513655076096
1.0
0.335518595321
0.513294681439
1.0
0.336013228112
0.513474017171
1.0
0.336085714304
0.513133308477
1.0
0.336466488091
0.513241965108
1.0
0.336563073997
0.512766865332
1.0
0.336874325839
0.512715279348
1.0
0.336874325839
0.512715279348
1.0
0.337014722281
0.512198138338
1.0
0.337221844729
0.512313109151
1.0
0.337378453597
0.511927164445
1.0
0.33763417927
0.511937351141
1.0
0.337872393618
0.511547455728
1.0
0.339339304308
0.512184028567
1.0
0.339403115005
0.511967167513
1.0
0.339764051513
0.512204175076
1.0
0.339764051513
0.512204175076
1.0
0.339919643848
0.511932831958
1.0
0.341231597106
0.512746283374
1.0
0.341540050517
0.512147980922
1.0
0.342271052845
0.512613897983
1.0
0.342548264074
0.512314581995
1.0
0.343708058076
0.513023266165
1.0
0.343988658775
0.512649771046
1.0
0.345389166115
0.514478979039
1.0
0.345389166115
0.514478979039
1.0
0.345617181909
0.514470555951
1.0
0.346728875288
0.515136696181
1.0
0.347070152919
0.514732128896
1.0
0.347610367037
0.515058665818
1.0
0.347918086138
0.515134841243
1.0
0.350416716283
0.51788534586
1.0
0.350660669039
0.517816150787
1.0
0.35084493257
0.519064992105
1.0
0.35084493257
0.519064992105
1.0
0.351102506999
0.519213948218
1.0
0.352745090945
0.519949961553
1.0
0.353252621663
0.519258485781
1.0
0.354246053397
0.520172523798
1.0
0.354551070782
0.520267352546
1.0
0.356184985284
0.521610858215
1.0
0.356505267739
0.520929032274
1.0
0.357764806109
0.522034191305
1.0
0.357764806109
0.522034191305
1.0
0.358239640006
0.521830811369
1.0
0.359609086413
0.523392660877
1.0
0.359960272538
0.523553984373
1.0
0.361137938213
0.524362065725
1.0
0.361533216823
0.523928949525
1.0
0.362783071499
0.525221144297
1.0
0.363230290198
0.525002027651
1.0
0.364025184164
0.525560126435
1.0
0.364025184164
0.525560126435
1.0
0.36444535299
0.525732117566
1.0
0.366286633695
0.527052031195
1.0
0.366702384058
0.526544568898
1.0
0.367927572182
0.527741331039
1.0
0.368458318628
0.527399844346
1.0
0.370136566985
0.528831015925
1.0
0.370395011186
0.52900308701
1.0
0.371542073932
0.530537662716
1.0
0.371542073932
0.530537662716
1.0
0.371851280316
0.530648439717
1.0
0.373107243069
0.531157803257
1.0
0.373719032726
0.530885691649
1.0
0.37438848863
0.532193283673
1.0
0.374752841694
0.531733163
1.0
0.378647469728
0.535897356715
1.0
0.379699175136
0.536212119562
1.0
0.379699175136
0.536212119562
1.0
0.389506723818
0.547185326153
1.0
0.39156215107
0.547186536366
1.0
0.399497238243
0.559729081501
0.974761241357
0.402701659358
0.568685597118
0.974761241357
0.404166082853
0.575701984895
0.974761241357
0.40528111796
0.578929502664
0.974761241357
0.40551909847
0.57828316608
1.0
0.406319912682
0.581141381116
1.0
0.407291519806
0.58121084726
1.0
0.407291519806
0.58121084726
1.0
0.407943445551
0.581446971864
1.0
0.408343029935
0.581669192517
1.0
0.40866892312
0.581261356477
1.0
0.409315716771
0.58109825529
1.0
0.409649581298
0.581002415933
1.0
0.40982764212
0.580354610087
1.0
0.409840279892
0.579922585866
1.0
0.408784186121
0.579140133579
1.0
0.408784186121
0.579140133579
1.0
0.409064812885
0.577856441897
1.0
0.409118109456
0.578107556539
1.0
0.409364628446
0.577684101204
1.0
0.41124712056
0.577545149553
1.0
0.411575747139
0.576638302508
1.0
0.411371818416
0.575639375874
1.0
0.411488505112
0.574817688889
1.0
0.410701111982
0.573399899612
1.0
0.410701111982
0.573399899612
1.0
0.410814267193
0.571628046163
1.0
0.411252741304
0.570040629802
1.0
0.411514784801
0.568306205947
1.0
0.411565532506
0.567950103576
1.0
0.411756968394
0.567042591584
1.0
0.411110317709
0.56497522152
1.0
0.411447259065
0.563388539492
1.0
0.410797767144
0.56166325306
1.0
0.410797767144
0.56166325306
1.0
0.410898804045
0.560045079157
1.0
0.410855243584
0.557745509756
1.0
0.410959915025
0.55567858936
1.0
0.410950915396
0.554648884265
1.0
0.411226935524
0.552699257461
1.0
0.410514594534
0.550327843858
1.0
0.410814062716
0.548297072491
1.0
0.410131763232
0.546348044899
1.0
0.410131763232
0.546348044899
1.0
0.410129912208
0.545149888513
1.0
0.409606176297
0.543317518895
1.0
0.409954419364
0.540297532653
1.0
0.409473699223
0.537287252013
1.0
0.40981373869
0.535113997671
1.0
0.408348027553
0.531690946576
1.0
0.408348027553
0.531690946576
1.0
0.408453092274
0.528707704237
1.0
0.407158367115
0.52527484699
1.0
0.407337905008
0.522430901466
1.0
0.406311193809
0.519650510461
1.0
0.404800327913
0.516203760097
1.0
0.405261976351
0.51303634985
1.0
0.405205196249
0.51034765622
1.0
0.404663601143
0.5075403519
1.0
0.405088469795
0.504656494867
1.0
0.404507321706
0.501128962311
1.0
0.404507321706
0.501128962311
1.0
0.404733157582
0.497858679663
1.0
0.405058897673
0.495213399088
1.0
0.40546264244
0.49177573069
1.0
0.405140193642
0.488389621699
1.0
0.405554935367
0.484678753425
1.0
0.405771068663
0.48108626864
1.0
0.406076961327
0.477803134699
1.0
0.406076961327
0.477803134699
1.0
0.405778412992
0.475812708256
1.0
0.406300430514
0.472134230165
1.0
0.407243746572
0.470000513825
1.0
0.4078616497
0.465620042293
1.0
0.408059839735
0.462185527292
1.0
0.408657227961
0.458669397415
1.0
0.409356057791
0.455801978682
1.0
0.409964629301
0.451480826647
1.0
0.409964629301
0.451480826647
1.0
0.410577471185
0.448584319058
1.0
0.411380895845
0.443848836565
1.0
0.412606138028
0.441391316196
1.0
0.413380275653
0.437756909563
1.0
0.414934433527
0.435638090143
1.0
0.415766278361
0.431398410299
1.0
0.416833484446
0.428329871466
1.0
0.417594843341
0.423405338999
1.0
0.418284980038
0.421135868031
1.0
0.418284980038
0.421135868031
1.0
0.419358377129
0.415669593152
1.0
0.42050100476
0.412936329428
1.0
0.421501235363
0.408040390559
1.0
0.422870900812
0.40527083743
1.0
0.423517852867
0.400989837117
1.0
0.425028242535
0.398604015813
1.0
0.425983481982
0.393042527446
1.0
0.427782198231
0.391108662858
1.0
0.427782198231
0.391108662858
1.0
0.428629955006
0.386268341763
1.0
0.429821403216
0.383546716053
1.0
0.430735152502
0.378991598265
1.0
0.432615223134
0.376651398755
1.0
0.43335670217
0.372296230684
1.0
0.434077055718
0.37036506303
1.0
0.435111618098
0.365802010599
1.0
0.438014890251
0.365336994803
1.0
0.438014890251
0.365336994803
1.0
0.438908761819
0.36100886574
1.0
0.440825348389
0.359659469131
1.0
0.441430316253
0.356476437527
1.0
0.44331586342
0.355472770898
1.0
0.44430192075
0.351171421408
1.0
0.446799640723
0.350052903609
1.0
0.447244567809
0.347943319781
1.0
0.449216739208
0.347156811139
1.0
0.449216739208
0.347156811139
1.0
0.449951638903
0.343575733304
1.0
0.451304771596
0.343262337981
1.0
0.451802224775
0.341374717652
1.0
0.453842507127
0.340805112772
1.0
0.454574123491
0.338224246504
1.0
0.456149425141
0.337644793507
1.0
0.456782848502
0.33580268409
1.0
0.458592960353
0.336217453917
1.0
0.458592960353
0.336217453917
1.0
0.459148316674
0.334254955897
1.0
0.461007309246
0.33466935806
1.0
0.461226730006
0.333899107106
1.0
0.462145311742
0.334093271785
1.0
0.462606907713
0.332230798355
1.0
0.463798398508
0.33255199164
1.0
0.464308290371
0.331157753234
1.0
0.465525442867
0.33102025301
1.0
0.465525442867
0.33102025301
1.0
0.465811008481
0.329941465499
1.0
0.466627099964
0.330287549078
1.0
0.466798244671
0.330417748654
1.0
0.467521884364
0.330518031082
1.0
0.467755516909
0.32970329072
1.0
0.468453535257
0.330185618341
1.0
0.468540425222
0.329159475806
1.0
0.468519018376
0.328964714654
1.0
0.468519018376
0.328964714654
1.0
0.468662643491
0.32862200918
1.0
0.46891125998
0.328440699779
1.0
0.469062001699
0.328242284874
1.0
0.469447986424
0.327874425909
1.0
0.469553164587
0.327353942613
1.0
0.469426915676
0.327465197201
1.0
0.469426915676
0.327465197201
1.0
0.469746819007
0.326557015013
1.0
0.469977862364
0.326659791289
1.0
0.469768217851
0.327641675014
1.0
0.469645455017
0.327670749228
1.0
0.469501963915
0.327681683555
1.0
0.469215449067
0.32802829466
1.0
0.469356465541
0.328117842234
1.0
0.469014843832
0.32834079737
1.0
0.469014843832
0.32834079737
1.0
0.468935921217
0.328665681237
1.0
0.468801918715
0.327463467285
1.0
0.468890717412
0.32784759082
1.0
0.4686685588
0.327631201102
1.0
0.468373909143
0.328804473244
1.0
0.467198362015
0.329817247477
1.0
0.4668682864
0.330599152149
1.0
0.466009515565
0.330366951624
1.0
0.466009515565
0.330366951624
1.0
0.465859994736
0.331032675432
1.0
0.465611216771
0.330732201192
1.0
0.465802015049
0.330649541624
1.0
0.46505208273
0.330556435415
1.0
0.464954859088
0.331414387212
1.0
0.464847566526
0.330762530887
1.0
0.464952788133
0.330751793698
1.0
0.46455430282
0.330919042693
1.0
0.464401285662
0.331671112874
1.0
0.464319187165
0.332673104677
1.0
0.464319187165
0.332673104677
1.0
0.46450757974
0.332199600012
1.0
0.464604353621
0.331827753315
1.0
0.464722918671
0.331856592758
1.0
0.46478169929
0.332555723285
1.0
0.464895534421
0.33218622493
1.0
0.465235405825
0.331955097059
1.0
0.465561390579
0.331340573633
1.0
0.46558341543
0.332459302383
1.0
0.46558341543
0.332459302383
1.0
0.465832452532
0.331645565593
1.0
0.46643663507
0.329774855674
1.0
0.46697609127
0.328670954507
1.0
0.467484775742
0.329256184403
1.0
0.468141945624
0.327823716708
1.0
0.468783134517
0.328189829249
1.0
0.46919475236
0.326313927711
1.0
0.46919475236
0.326313927711
1.0
0.47021338684
0.326298259416
1.0
0.470895300073
0.324959228843
1.0
0.471987785391
0.324476584977
1.0
0.472724878289
0.322358019966
1.0
0.473678605511
0.322744370909
1.0
0.474437831837
0.320467870542
1.0
0.475629310663
0.319503693052
1.0
0.476217863654
0.317215554421
1.0
0.477155467952
0.317078828947
1.0
0.477155467952
0.317078828947
1.0
0.478143211035
0.313913989717
1.0
0.478950344782
0.313087690377
1.0
0.4799135361
0.31080566889
1.0
0.481110616159
0.31092304597
1.0
0.482166399208
0.307544817974
1.0
0.483542598217
0.307119715286
1.0
0.484555470098
0.304350924906
1.0
0.484555470098
0.304350924906
1.0
0.48598357506
0.30400659959
1.0
0.486489293298
0.301362024179
1.0
0.487667322663
0.300758373997
1.0
0.488464055972
0.298278886406
1.0
0.490108912075
0.296607660758
1.0
0.490962817642
0.29413441444
1.0
0.492031216014
0.292627255104
1.0
0.492031216014
0.292627255104
1.0
0.492547348291
0.289231217159
1.0
0.493446498743
0.289073487936
1.0
0.494850888959
0.284389903251
1.0
0.497110768425
0.283997559616
1.0
0.497704973622
0.282170973058
1.0
0.499039344415
0.280861396955
1.0
0.499565014017
0.278473068325
1.0
0.500906874543
0.27724017173
1.0
0.501982388609
0.273979835289
1.0
0.503559259292
0.272640541297
1.0
0.503559259292
0.272640541297
1.0
0.504431183607
0.268454881069
1.0
0.505218336932
0.266086268294
1.0
0.505966066693
0.262955912317
1.0
0.50745184455
0.261970114726
1.0
0.508258937384
0.257530225556
1.0
0.50886740695
0.256876702501
1.0
0.509256328932
0.254799554205
1.0
0.510183426475
0.253782575646
1.0
0.510183426475
0.253782575646
1.0
0.510626711456
0.250716260906
1.0
0.511666031799
0.249907816188
1.0
0.512128876203
0.24780408569
1.0
0.512583426651
0.246724710184
1.0
0.513063716027
0.243560071092
1.0
0.513495919931
0.242070594009
1.0
0.513857567317
0.239871025721
1.0
0.514139134241
0.238945157896
1.0
0.514139134241
0.238945157896
1.0
0.513848462219
0.237594216362
1.0
0.51426644485
0.236065477799
1.0
0.514587122665
0.234007857922
1.0
0.514748002729
0.229483235586
1.0
0.515289310193
0.226974960732
1.0
0.515921338843
0.225832261667
1.0
0.515749390271
0.224442818883
1.0
0.516381144078
0.225399313326
1.0
0.516381144078
0.225399313326
1.0
0.516537655208
0.223617659149
1.0
0.517049178221
0.222271966218
1.0
0.517071452858
0.220855200711
1.0
0.517470650164
0.220306992045
1.0
0.517254124085
0.219368401339
1.0
0.517276560466
0.217620793223
1.0
0.517276560466
0.217620793223
1.0
0.517404282079
0.215884965401
1.0
0.5179979248
0.215127066474
1.0
0.518403803109
0.212972063477
1.0
0.519215572756
0.211777061338
1.0
0.519180310511
0.210972355484
1.0
0.518322490551
0.208471563829
1.0
0.517959115093
0.207608187666
0.976440402446
0.518612383736
0.204894446295
0.976440402446
0.518386789754
0.204250648504
1.0
0.518196394535
0.205734471092
1.0
0.518196394535
0.205734471092
1.0
0.51797855184
0.204744261775
1.0
0.518621013137
0.20775618051
0.99
0.510599959681
0.243781022831
0.99
0.5046990088
0.239309081391
0.99
0.5046990088
0.239309081391
0.99
0.471638872784
0.288397259447
0.874469320299
0.462483357205
0.342647868117
0.882714116874
0.45373318445
0.38463553418
0.882714116874
0.443937729647
0.406344312207
0.973311264202
0.434597985544
0.44360434549
0.973311264202
0.426989569797
0.4664818613
0.99
0.424796864514
0.491650926552
0.99
0.424796864514
0.491650926552
0.99
0.420575541293
0.514864798498
0.99
0.4150877581
0.544717867228
0.99
0.413337860341
0.566118011488
0.99
0.408535519402
0.591748589567
0.99
0.408246303118
0.610295313501
0.99
0.404740178623
0.631950481569
0.99
0.405091982543
0.644634163814
1.0
0.403213438235
0.655067467699
1.0
0.404316216765
0.660091897946
1.0
0.403250329752
0.666289450601
1.0
0.403250329752
0.666289450601
1.0
0.404056943706
0.663657146594
1.0
0.404331951028
0.660036608393
1.0
0.406262746595
0.658772529517
1.0
0.406338784849
0.655653306701
1.0
0.407447117491
0.653594763168
1.0
0.40778441568
0.652047237203
1.0
0.40778441568
0.652047237203
1.0
0.408087763622
0.650968601301
1.0
0.408213206531
0.648960407331
1.0
0.409084424635
0.648091068707
1.0
0.409177640867
0.64678452115
1.0
0.409606274568
0.645586951123
1.0
0.409670956043
0.644613538269
1.0
0.409918649952
0.643459157884
1.0
0.410147776788
0.642301902216
1.0
0.410204897905
0.641569984245
1.0
0.410256810384
0.639943996499
1.0
0.410256810384
0.639943996499
1.0
0.411201771602
0.640218476352
1.0
0.41148128972
0.639249267131
1.0
0.412166160366
0.637806502342
1.0
0.412297194468
0.636695479036
1.0
0.412927279148
0.635691336529
1.0
0.413008325367
0.634756079303
1.0
0.413485316727
0.633526898835
1.0
0.413485316727
0.633526898835
1.0
0.413805855596
0.631895686339
1.0
0.414505811775
0.631737264273
1.0
0.414583716056
0.630384836491
1.0
0.414775017195
0.629908577418
1.0
0.414817010075
0.629328392343
1.0
0.415401395477
0.628205955734
1.0
0.415656483555
0.627389122393
1.0
0.415656483555
0.627389122393
1.0
0.415532655983
0.626364972077
1.0
0.415557906087
0.626035626454
1.0
0.416261972803
0.625945338805
1.0
0.416438310175
0.625060768603
1.0
0.416513862858
0.624167898837
1.0
0.416710441352
0.623334709696
1.0
0.417294258356
0.622877787811
1.0
0.417351881889
0.622132357115
1.0
0.417587424793
0.621883057359
1.0
0.417631763347
0.620674614681
1.0
0.417631763347
0.620674614681
1.0
0.417860772822
0.620266421075
1.0
0.417968866085
0.620095296637
1.0
0.418043233878
0.619928110983
1.0
0.418180310368
0.619180298307
1.0
0.418222262931
0.61830998773
1.0
0.418272823398
0.617846760357
1.0
0.41846001369
0.617026211726
1.0
0.41846001369
0.617026211726
1.0
0.418557840783
0.616642952305
1.0
0.419363379238
0.616799846111
1.0
0.419508450653
0.616622238497
1.0
0.419813007047
0.616895744106
1.0
0.419882686872
0.616038796116
1.0
0.419870093199
0.614534199952
1.0
0.42003486371
0.614164176564
1.0
0.420166866015
0.614571895512
1.0
0.420116128212
0.614191345157
1.0
0.420116128212
0.614191345157
1.0
0.420694917607
0.613957990938
1.0
0.420754850394
0.613484718751
1.0
0.420917608247
0.613175580873
1.0
0.421009019928
0.612437480236
1.0
0.421014892333
0.612437892763
1.0
0.421093162539
0.611939407204
1.0
0.42077746337
0.611466225739
1.0
0.420695049272
0.611518465776
1.0
0.420695049272
0.611518465776
1.0
0.420190963277
0.611100572803
1.0
0.420349128198
0.610256837754
1.0
0.420553207933
0.609905108137
1.0
0.420571017486
0.609622090938
1.0
0.420540993514
0.608744038387
1.0
0.420628472756
0.60842314157
1.0
0.420628472756
0.60842314157
1.0
0.420170044218
0.608021341311
1.0
0.420064027201
0.607832933537
1.0
0.420184521207
0.607480034078
1.0
0.420293241168
0.606294590404
1.0
0.420316382376
0.605884003771
1.0
0.420458938839
0.605100251233
1.0
0.420796426856
0.605128873673
1.0
0.420952336033
0.604472286062
1.0
0.420463620213
0.603707391938
1.0
0.420463620213
0.603707391938
1.0
0.42042876391
0.603497763134
1.0
0.420484906222
0.603616842208
1.0
0.420531434216
0.603573049403
1.0
0.419972959625
0.603325458699
1.0
0.420059620984
0.603156905283
1.0
0.420281058117
0.602992810909
1.0
0.420385205247
0.60301310298
1.0
0.420385205247
0.60301310298
1.0
0.420919190669
0.603022445842
1.0
0.420905566636
0.602941915096
1.0
0.421226429742
0.602231605234
1.0
0.421383184393
0.601038859652
1.0
0.424570537695
0.598965049732
1.0
0.426173741814
0.594418883087
0.99
0.434795918984
0.585815922993
0.99
0.441722984756
0.562694689923
0.99
0.441722984756
0.562694689923
0.99
0.453521523615
0.544558117742
0.99
0.463058952836
0.50791108335
0.99
0.468184530693
0.491885645998
0.99
0.4751470481
0.465087947338
0.99
0.47527673299
0.456483877494
1.0
0.476811633223
0.448288790892
1.0
0.476635052515
0.444904728808
1.0
0.476916277193
0.44085256629
1.0
0.476977297444
0.441326348916
1.0
0.476977297444
0.441326348916
1.0
0.47762853268
0.440408545982
1.0
0.476847341331
0.440120736569
1.0
0.477339375611
0.439605053174
1.0
0.477678986225
0.440455975034
1.0
0.478456321945
0.440209562965
1.0
0.478448834094
0.440453182108
1.0
0.478843318224
0.440373320818
1.0
0.478843318224
0.440373320818
1.0
0.477994072725
0.440418854564
1.0
0.478398199388
0.440459361981
1.0
0.479660436725
0.441855794623
1.0
0.479972825484
0.442229954633
1.0
0.480637310747
0.442998757303
1.0
0.48117606982
0.442363785792
1.0
0.480978306809
0.442994927638
1.0
0.481267812516
0.443219515833
1.0
0.481267812516
0.443219515833
1.0
0.481607271552
0.44391528781
1.0
0.481827715377
0.444158793923
1.0
0.482029051784
0.445686940147
1.0
0.482408751706
0.446112151721
1.0
0.482993595938
0.447265975904
1.0
0.483107999461
0.447769810915
1.0
0.483149128513
0.448913643656
1.0
0.483539297153
0.448755558039
1.0
0.483539297153
0.448755558039
1.0
0.483506216143
0.449244419466
1.0
0.483656586659
0.450032899367
1.0
0.484391142304
0.450254849171
1.0
0.48479366042
0.4504535118
1.0
0.485355303817
0.451535143544
1.0
0.485244892155
0.451876995717
1.0
0.485207448266
0.452560615946
1.0
0.485611580872
0.452610017562
1.0
0.485611580872
0.452610017562
1.0
0.486637552073
0.45318027465
1.0
0.486615395566
0.453398277488
1.0
0.486547056009
0.45358563538
1.0
0.486753831285
0.453132076977
1.0
0.48768115785
0.453560652964
1.0
0.487836200117
0.453434025393
1.0
0.487431232604
0.453380069398
1.0
0.487566436401
0.452749459461
1.0
0.488452144869
0.453388462905
1.0
0.488469864005
0.453119510792
1.0
0.488469864005
0.453119510792
1.0
0.488811548952
0.452539169108
1.0
0.488848535553
0.452209218372
1.0
0.488921559293
0.452065515569
1.0
0.488910279596
0.451690448115
1.0
0.489533184333
0.451586271138
1.0
0.4896495973
0.450978958298
1.0
0.4896495973
0.450978958298
1.0
0.489769539642
0.451133877683
1.0
0.489824641849
0.450880211566
1.0
0.490283429486
0.450489812596
1.0
0.490378974027
0.449844972098
1.0
0.490340336285
0.449622287735
1.0
0.490471495127
0.449016396218
1.0
0.490796053778
0.449059120147
1.0
0.490493151359
0.448935047073
1.0
0.490493151359
0.448935047073
1.0
0.490992162662
0.44890005317
1.0
0.49134843991
0.448067996407
1.0
0.491571608104
0.447990179739
1.0
0.491391965148
0.447726237928
1.0
0.491974854523
0.447632817431
1.0
0.49204126819
0.447582194179
1.0
0.492287484473
0.447422087286
1.0
0.49246106992
0.446621131992
1.0
0.49246106992
0.446621131992
1.0
0.492257330773
0.446219515262
1.0
0.492133647228
0.446038192977
1.0
0.492841573988
0.446371356714
1.0
0.492947490425
0.44603086098
1.0
0.493583211555
0.446025070753
1.0
0.49374449381
0.445683673508
1.0
0.494389374648
0.445789920204
1.0
0.494483451209
0.445565673914
1.0
0.494483451209
0.445565673914
1.0
0.493861958178
0.444577215628
1.0
0.49379110917
0.444233042062
1.0
0.49470169705
0.445124192529
1.0
0.494781608386
0.44451818489
1.0
0.494953757261
0.44421123112
1.0
0.494806052483
0.443746198817
1.0
0.495033619768
0.443786698958
1.0
0.495131153907
0.443305007641
1.0
0.495787321523
0.442723928123
1.0
0.495787321523
0.442723928123
1.0
0.495889179671
0.44215805819
1.0
0.495993157736
0.442076051354
1.0
0.49594310528
0.441613400493
1.0
0.496179596103
0.441502711484
1.0
0.496176867962
0.441435829994
1.0
0.496302179506
0.441137267719
1.0
0.496394875778
0.441088230005
1.0
0.496394875778
0.441088230005
1.0
0.496303169358
0.440902584288
1.0
0.496271594307
0.440512107292
1.0
0.496790000628
0.440559839314
1.0
0.496895048045
0.440416532523
1.0
0.497163223028
0.44060859713
1.0
0.497225685735
0.440365479256
1.0
0.497215417754
0.440366738072
1.0
0.497093807137
0.440776917281
1.0
0.497093807137
0.440776917281
1.0
0.497105844648
0.441093589332
1.0
0.497298040485
0.440880711522
1.0
0.497465652061
0.440781125818
1.0
0.49729242434
0.441316716598
1.0
0.497590897162
0.441896277958
1.0
0.497776324846
0.441649705242
1.0
0.49801111964
0.441801271773
1.0
0.497923586391
0.442138764825
1.0
0.498444015027
0.442929961136
1.0
0.498444015027
0.442929961136
1.0
0.49849154021
0.443461287801
1.0
0.498498722595
0.444398767799
1.0
0.498475527706
0.444171923306
1.0
0.498501905506
0.4438270606
1.0
0.498435179102
0.444350144408
1.0
0.498605568554
0.444751165353
1.0
0.498454272309
0.445137763401
1.0
0.498454272309
0.445137763401
1.0
0.498621134557
0.445641044392
1.0
0.498488325828
0.446051258664
1.0
0.49845055698
0.4461443963
1.0
0.498419874963
0.446601122895
1.0
0.498641948772
0.447236238748
1.0
0.49844053866
0.447521119463
1.0
0.498171301631
0.447494196721
1.0
0.498012586467
0.447871296641
1.0
0.498012586467
0.447871296641
1.0
0.498154185492
0.447440245173
1.0
0.498086724237
0.447500579777
1.0
0.49805744189
0.448195424644
1.0
0.497993640977
0.44883316259
1.0
0.497844026879
0.449028904174
1.0
0.497849026375
0.449498977995
1.0
0.497890611824
0.450021032807
1.0
0.497536071847
0.450556500014
1.0
0.497536071847
0.450556500014
1.0
0.497695641208
0.451450808317
1.0
0.497607687876
0.452056823613
1.0
0.497309764781
0.452587749072
1.0
0.497080516027
0.45364578678
1.0
0.497160228144
0.453995632354
1.0
0.497100542923
0.454453181052
1.0
0.497306207958
0.455110993778
1.0
0.497271365376
0.455108201348
1.0
0.497271365376
0.455108201348
1.0
0.497362033617
0.455802743789
1.0
0.49706459472
0.456603414385
1.0
0.497575364108
0.457174637019
1.0
0.497411356135
0.45800696122
1.0
0.497539646289
0.458776168324
1.0
0.497590916877
0.459269255658
1.0
0.498113114843
0.460304290564
1.0
0.497960653815
0.461434015546
1.0
0.497960653815
0.461434015546
1.0
0.498334673922
0.46224027539
1.0
0.498072979871
0.463532228285
1.0
0.498186679333
0.46458139208
1.0
0.498029558077
0.465713043741
1.0
0.498922451765
0.467125514538
1.0
0.498820979846
0.467976335779
1.0
0.499731738793
0.468748928757
1.0
0.499427899288
0.469435045041
1.0
0.499427899288
0.469435045041
1.0
0.499315634687
0.471021171671
1.0
0.498886706298
0.472669559986
1.0
0.499144931548
0.473493895974
1.0
0.498861460246
0.47518219516
1.0
0.50026022913
0.476710071144
1.0
0.499728518268
0.478232839819
1.0
0.500109363812
0.479444107503
1.0
0.499294296171
0.481554654351
1.0
0.499294296171
0.481554654351
1.0
0.500595470352
0.484187396327
1.0
0.499144912393
0.486301072811
1.0
0.499771044734
0.485562425912
1.0
0.497511474893
0.491389755727
0.791701097723
0.452319700377
0.407141924563
0.791701097723
0.45052813317
0.412181719868
0.791701097723
0.45052813317
0.412181719868
0.791701097723
0.45052813317
0.412181719868
0.791701097723
0.45052813317
0.412181719868
0.707399877384
-100.0
-100.0
0.707399877384
100.0
100.0
0.707399877384
14.1909577038
11.6882799429
0.707399877384
-100.0
-100.0
0.707399877384
-100.0
-100.0
0.979533718681
0.56941041354
0.377383887916
0.99
0.56110042345
0.443492634014
0.652991400571
0.567036687566
0.501269707311
0.652991400571
0.567680001108
0.498207717727
0.99
0.571529985572
0.495002024353
0.99
0.571529985572
0.495002024353
0.99
0.57170801302
0.498317969667
0.686057213501
0.571652855834
0.499690513789
0.686057213501
0.572682520714
0.499128521605
0.980526263658
0.572192753742
0.4988416527
0.980526263658
0.572571260982
0.499897515943
0.980526263658
0.574057171844
0.496026304007
1.0
0.573614120991
0.495498497253
1.0
0.573614120991
0.495498497253
1.0
0.573607385297
0.496880364061
1.0
0.573919974543
0.498340097913
1.0
0.574496984088
0.498077730288
1.0
0.574544736713
0.499330883637
1.0
0.574613235292
0.499848151904
1.0
0.574694843646
0.501021164813
1.0
0.574980924349
0.501728803747
1.0
0.574911051085
0.503796316454
1.0
0.574911051085
0.503796316454
1.0
0.575072326221
0.504834445859
1.0
0.575423336745
0.505718383715
1.0
0.57575778678
0.505863912314
1.0
0.575597833813
0.507464815367
1.0
0.575502857872
0.507848012587
1.0
0.575208631075
0.508229844822
1.0
0.575311092833
0.50843153985
1.0
0.575354766042
0.509374350175
1.0
0.575354766042
0.509374350175
1.0
0.57535450339
0.510250632025
1.0
0.575247490671
0.510964551586
1.0
0.575164777575
0.512510143779
1.0
0.574768241201
0.513863087669
1.0
0.574382406696
0.516175171686
1.0
0.573974154013
0.516415593251
1.0
0.57420099579
0.517344656287
1.0
0.574135624462
0.518288107672
1.0
0.574135624462
0.518288107672
1.0
0.573787036615
0.519196321022
1.0
0.573579009423
0.519650125238
1.0
0.57315962597
0.520592428106
1.0
0.57258650338
0.520754647634
1.0
0.572140406053
0.522314225021
1.0
0.571336385667
0.523354483936
1.0
0.570983430958
0.524413083396
1.0
0.570782040222
0.525035027946
1.0
0.570782040222
0.525035027946
1.0
0.570581667992
0.52612734364
1.0
0.569245170363
0.525727054657
1.0
0.568659950823
0.527092866991
1.0
0.567783539963
0.527509275552
1.0
0.567469084131
0.528660043304
1.0
0.566846085621
0.529081413542
1.0
0.566412450012
0.529914950543
1.0
0.565745150576
0.529233817489
1.0
0.565745150576
0.529233817489
1.0
0.565414780949
0.530209140246
1.0
0.564733332061
0.530492613716
1.0
0.56427574527
0.53130892395
1.0
0.563042998943
0.530975257044
1.0
0.562712519827
0.531450952805
1.0
0.562086502109
0.532299321636
1.0
0.561566455507
0.533071008566
1.0
0.560267469178
0.532697617976
1.0
0.560267469178
0.532697617976
1.0
0.559695523585
0.533740961376
1.0
0.559203425251
0.532846969897
1.0
0.558552376965
0.533881077148
1.0
0.557105718396
0.533803086962
1.0
0.556855059323
0.534156681696
1.0
0.556107584633
0.533595463487
1.0
0.555500779229
0.533981169002
1.0
0.554826724054
0.533224072486
1.0
0.554826724054
0.533224072486
1.0
0.554214083166
0.534080672304
1.0
0.552633357571
0.532731824728
1.0
0.552385637464
0.532084501456
1.0
0.551826264707
0.531504491951
1.0
0.551392681835
0.531469690614
1.0
0.550506258954
0.530329686367
1.0
0.54990397781
0.530732021429
1.0
0.549214783894
0.528989002742
1.0
0.549214783894
0.528989002742
1.0
0.548959186998
0.529102819672
1.0
0.548047455484
0.527925575751
1.0
0.547791916123
0.527455211595
1.0
0.546400662032
0.527019801257
1.0
0.546168700176
0.525639265807
1.0
0.545297757463
0.525204661722
1.0
0.544845543793
0.52457249771
1.0
0.543488681693
0.524138437758
1.0
0.543488681693
0.524138437758
1.0
0.543149790051
0.52345767388
1.0
0.542629565482
0.522409560712
1.0
0.542303820493
0.521807592274
1.0
0.541903071317
0.520607628514
1.0
0.541802735402
0.520718413131
1.0
0.541154663284
0.518025437371
1.0
0.540991836815
0.517506630968
1.0
0.540339570406
0.516017644352
1.0
0.540339570406
0.516017644352
1.0
0.54032222807
0.515587641791
1.0
0.540461395084
0.515184108756
1.0
0.540674406321
0.51429565065
1.0
0.540569811792
0.51394419827
1.0
0.54016977014
0.513605508869
1.0
0.539955547671
0.513448055852
1.0
0.540074978688
0.512638348552
1.0
0.539735891808
0.511061320799
1.0
0.539735891808
0.511061320799
1.0
0.539664996369
0.51061561971
1.0
0.539094990953
0.510129401869
1.0
0.539306389189
0.509415578924
1.0
0.538994496134
0.509191513246
1.0
0.538880724825
0.50915447203
1.0
0.538732825774
0.509374457452
1.0
0.538848511171
0.509313338061
1.0
0.538897065932
0.509989113725
1.0
0.538897065932
0.509989113725
1.0
0.538556461735
0.510331368441
1.0
0.53815914236
0.509942604431
1.0
0.538160247726
0.510242458673
1.0
0.537973176605
0.510329241034
