1.0
0.512864215662
0.484582198653
1.0
0.512871879814
0.484513844475
1.0
0.512871879814
0.484513844475
1.0
0.513007111271
0.484674052839
1.0
0.513072654074
0.484840794986
1.0
0.512949124366
0.484906435246
1.0
0.512944374149
0.484996134655
1.0
0.513122289686
0.484930487065
1.0
0.513148981024
0.485020057032
1.0
0.513081942093
0.485323091419
1.0
0.513059314213
0.48525271939
1.0
0.513059314213
0.48525271939
1.0
0.513041987105
0.485436527649
1.0
0.513051867662
0.485450349831
1.0
0.513084415633
0.485192545417
1.0
0.513021278899
0.485276537722
1.0
0.51308063944
0.485293456364
1.0
0.513140318629
0.48529304771
1.0
0.512914878011
0.485669424742
1.0
0.51288367036
0.4857286425
1.0
0.51288367036
0.4857286425
1.0
0.513191669681
0.485163402938
1.0
0.513321989542
0.485166788877
1.0
0.513262807624
0.485189257022
1.0
0.513215743862
0.48514713494
1.0
0.513247082224
0.484977244427
1.0
0.513197568585
0.484956430294
1.0
0.513045615024
0.485700875249
1.0
0.513045615024
0.485700875249
1.0
0.513087909545
0.485773206794
1.0
0.513263199539
0.485451365537
1.0
0.513243624482
0.485470088727
1.0
0.513208129508
0.485481224753
1.0
0.513108033988
0.485399940232
1.0
0.513207654947
0.485059532683
1.0
0.513287909512
0.484915850409
1.0
0.51332692538
0.485016954127
1.0
0.51332692538
0.485016954127
1.0
0.513366097523
0.485138314829
1.0
0.513479819246
0.48522772388
1.0
0.513534532161
0.485353853067
1.0
0.513206163712
0.485103195656
1.0
0.513141168142
0.485001082477
1.0
0.513102088323
0.485144892475
1.0
0.513092772122
0.485155070748
1.0
0.513090403776
0.485330926881
1.0
0.513057846042
0.48524544616
1.0
0.513057846042
0.48524544616
1.0
0.512968854532
0.485421577362
1.0
0.512998309403
0.485467661892
1.0
0.513179412221
0.485336173228
1.0
0.513169256682
0.485331013277
1.0
0.513123632169
0.485221001857
1.0
0.513133003629
0.485065949267
1.0
0.513046790503
0.485038167589
1.0
0.513039490349
0.485181387566
1.0
0.513039490349
0.485181387566
1.0
0.513057550709
0.485374605447
1.0
0.51303677686
0.485343461137
1.0
0.5128960719
0.485187687201
1.0
0.512863630149
0.485150261191
1.0
0.512917056948
0.485158893259
1.0
0.512965247951
0.485213978172
1.0
0.512965247951
0.485213978172
1.0
0.513019291381
0.485301324208
1.0
0.512950476615
0.485275620672
1.0
0.512843628288
0.485277467299
1.0
0.512847641404
0.48535434619
1.0
0.512776335005
0.485541920019
1.0
0.512744104217
0.485655342957
1.0
0.512818938455
0.485470419921
1.0
0.512773343121
0.485514387542
1.0
0.512581950365
0.485768919286
1.0
0.512654629291
0.485729160204
1.0
0.512654629291
0.485729160204
1.0
0.512542407206
0.485744370427
1.0
0.512536002353
0.48573244535
1.0
0.512637565434
0.48598926707
1.0
0.512557782576
0.486013749191
1.0
0.512554151188
0.486088995284
1.0
0.512551259369
0.486157545604
1.0
0.512463418462
0.486322332371
1.0
0.512422429195
0.486331171835
1.0
0.512422429195
0.486331171835
1.0
0.512270230715
0.486376361405
1.0
0.51229737601
0.486496108956
1.0
0.512490275739
0.486430204171
1.0
0.512455622258
0.486464899374
1.0
0.512079294228
0.486988024107
1.0
0.511990588278
0.486975091868
1.0
0.512098570755
0.487112130593
1.0
0.512170629511
0.487122342761
1.0
0.512170629511
0.487122342761
1.0
0.51194228177
0.487189778678
1.0
0.511937316074
0.487319705319
1.0
0.511989215936
0.487549684629
1.0
0.512009354718
0.487558638593
1.0
0.512003957527
0.48756908349
1.0
0.511953233725
0.487509731957
1.0
0.511764913346
0.487732181957
1.0
0.51174882087
0.487833324935
1.0
0.51174882087
0.487833324935
1.0
0.511744529099
0.487927195746
1.0
0.511870246222
0.488058395952
1.0
0.512079698047
0.487688406634
1.0
0.5119741375
0.487655336767
1.0
0.5118950024
0.488100844724
1.0
0.511823970625
0.488231082497
1.0
0.511888339622
0.488527134199
1.0
0.511888339622
0.488527134199
1.0
0.512057664864
0.488536402537
1.0
0.511836354801
0.488332738035
1.0
0.511801831043
0.488392347445
1.0
0.511744501394
0.488486313119
1.0
0.511713296712
0.488538912589
1.0
0.511695424272
0.488889139715
1.0
0.511713722287
0.488919551907
1.0
0.511625266582
0.489094866327
1.0
0.511607887867
0.489233660545
1.0
0.511607887867
0.489233660545
1.0
0.511446614067
0.489300402778
1.0
0.511507720804
0.489253617608
1.0
0.51177822767
0.489581623259
1.0
0.511731765516
0.489745729789
1.0
0.511581092306
0.489897121427
1.0
0.511473923254
0.489720469332
1.0
0.511410062616
0.489650241834
1.0
0.511410062616
0.489650241834
1.0
0.511411963573
0.488745916918
1.0
0.511232638251
0.489220164312
1.0
0.510552716947
0.485104570589
1.0
0.510487091248
0.484957667039
0.99
0.509344223041
0.478904296829
0.99
0.509358545367
0.4780339328
1.0
0.508797678928
0.474507089412
1.0
0.509252714124
0.466131076162
1.0
0.509292141126
0.465244344817
1.0
0.509292141126
0.465244344817
1.0
0.508293509077
0.45355273823
1.0
0.508641976832
0.454238650717
1.0
0.507418774269
0.443959632429
1.0
0.507472016829
0.444005451105
1.0
0.506282826594
0.440683026329
1.0
0.506142657145
0.440620269202
1.0
0.506114499147
0.440345121327
1.0
0.506117604605
0.440391408911
1.0
0.506117604605
0.440391408911
1.0
0.505962328286
0.440841602028
1.0
0.505957733981
0.440959401588
1.0
0.505872820122
0.440739422885
1.0
0.505997866253
0.441032610458
1.0
0.505969905302
0.441211712431
1.0
0.506041714436
0.441322854596
1.0
0.506041714436
0.441322854596
1.0
0.505737419617
0.442047350968
1.0
0.505710343614
0.442201589425
1.0
0.505810368759
0.442236240479
1.0
0.505780612009
0.442360448381
1.0
0.505552529512
0.44302380423
1.0
0.505560589401
0.443242736837
1.0
0.505523270655
0.443821704391
1.0
0.505414471517
0.44390630289
1.0
0.505556405428
0.443676785295
1.0
0.505724157832
0.443904194102
1.0
0.505724157832
0.443904194102
1.0
0.50585531893
0.444228548809
1.0
0.505801071121
0.444260253612
1.0
0.505646603695
0.444892486863
1.0
0.505706838285
0.445067481182
1.0
0.505567808982
0.445409284129
1.0
0.505675862593
0.445665873947
1.0
0.505727370418
0.446151799987
1.0
0.505791944624
0.446226019627
1.0
0.505791944624
0.446226019627
1.0
0.505726860771
0.446502430645
1.0
0.505798813135
0.446863151518
1.0
0.506021831506
0.446885915153
1.0
0.506033787439
0.446991309723
1.0
0.506219882884
0.446859109258
1.0
0.506215028892
0.44712019351
1.0
0.506215028892
0.44712019351
1.0
0.506337033967
0.447393834584
1.0
0.506384935366
0.447511614545
1.0
0.506741495968
0.447476790555
1.0
0.506832598968
0.447741524884
1.0
0.506868591501
0.448535284227
1.0
0.506795582161
0.448799109634
1.0
0.506823123832
0.449404494793
1.0
0.506821649243
0.449827973047
1.0
0.50687601942
0.450780140612
1.0
0.506801935614
0.451108952457
1.0
0.506801935614
0.451108952457
1.0
0.506426708523
0.452216686088
1.0
0.506354123645
0.452540312866
1.0
0.506305356955
0.453562947865
