1.0
0.400619282151
0.501142176328
1.0
0.40066319266
0.501159474391
1.0
0.400866830662
0.501595409177
1.0
0.401058861212
0.501301731931
1.0
0.401811268749
0.501865345657
1.0
0.401857179391
0.502117686176
1.0
0.402371407609
0.502235522033
1.0
0.402390881083
0.502307116733
1.0
0.402693807798
0.502896083404
1.0
0.402693807798
0.502896083404
1.0
0.402649880398
0.503086278719
1.0
0.403146762091
0.503891021929
1.0
0.403230526504
0.503700116911
1.0
0.403708151103
0.504258683004
1.0
0.403868439451
0.504166217754
1.0
0.404440977883
0.504174841494
1.0
0.404587214681
0.504290690368
1.0
0.405466582804
0.505074423027
1.0
0.405515259836
0.504805274784
1.0
0.405515259836
0.504805274784
1.0
0.405881894457
0.504444459598
1.0
0.405851417985
0.504899820015
1.0
0.410361427987
0.500528054421
1.0
0.410328749557
0.500515661004
0.99
0.42024061731
0.494200381055
0.99
0.420355251594
0.494243715891
0.99
0.43236614967
0.487862440819
0.99
0.43236614967
0.487862440819
0.99
0.432458902014
0.487779491999
0.99
0.441785608288
0.477859114333
0.99
0.442238894979
0.474177044142
0.99
0.453162761036
0.467134687797
0.99
0.456266414464
0.451949753492
0.99
0.466013658858
0.451762340721
0.99
0.470665442093
0.431458484475
0.99
0.476578195799
0.434243195486
0.99
0.481118694123
0.411256279042
0.99
0.481118694123
0.411256279042
0.99
0.48280351761
0.412604200866
0.99
0.48758663752
0.387494417622
