1.0
0.522764501738
0.708312299073
1.0
0.522278651164
0.708575906808
0.940136103193
0.52226297425
0.70850866304
0.940136103193
0.522662828805
0.707744112971
1.0
0.522686313604
0.70780601172
1.0
0.523344679516
0.708629292769
1.0
0.523336216629
0.70861641201
1.0
0.523150593808
0.707974499451
1.0
0.523150593808
0.707974499451
1.0
0.523150469945
0.707970967272
1.0
0.523303537704
0.708338027738
1.0
0.523301587652
0.708346930964
1.0
0.523571090978
0.708244659214
1.0
0.523574313937
0.708262796603
1.0
0.523649192276
0.708491215898
1.0
0.523647674848
0.708473232583
1.0
0.523647674848
0.708473232583
1.0
0.523647152886
0.708218782432
1.0
0.523638126578
0.70823068559
1.0
0.523820658226
0.70852464654
1.0
0.523823458897
0.708520946881
1.0
0.523545378833
0.708977398047
0.958381185397
0.523525019584
0.708917502398
0.958381185397
0.523193918699
0.709094518893
1.0
0.523207394265
0.709149402186
1.0
0.523487017827
0.708276183992
1.0
0.523487017827
0.708276183992
1.0
0.523496313039
0.708291864064
1.0
0.523552688469
0.7080094545
1.0
0.523540719406
0.70799597805
1.0
0.523621941798
0.708360376044
1.0
0.523631929744
0.708346761689
1.0
0.523691768224
0.707995113398
1.0
0.523682370713
0.707993815477
1.0
0.523404844632
0.708042853125
1.0
0.523404844632
0.708042853125
1.0
0.523403605188
0.708068507515
1.0
0.523274210769
0.707746197534
1.0
0.523271970731
0.707748291901
1.0
0.523658132398
0.708216453797
1.0
0.523663330392
0.708198913186
1.0
0.523534211251
0.708152506694
1.0
0.52352998663
0.708129801096
1.0
0.523140238956
0.707727633763
1.0
0.523140238956
0.707727633763
1.0
0.523137854016
0.707800251699
1.0
0.523131648555
0.707726263255
1.0
0.525519492213
0.707881430335
1.0
0.52550719439
0.707871085026
1.0
0.536919879347
0.711903373777
1.0
0.536926414489
0.711908846859
1.0
0.54663265893
0.714398600506
1.0
0.54663265893
0.714398600506
1.0
0.54664740199
0.714395585432
1.0
0.552764824853
0.714522262217
0.870846672224
0.552918395599
0.714422541139
0.870846672224
0.554080608857
0.715180361367
1.0
0.554300913285
0.715077904995
1.0
0.553559656533
0.713857451731
1.0
0.553666002114
0.713802796291
1.0
0.553838892051
0.714442878211
1.0
0.553838892051
0.714442878211
1.0
0.55388627837
0.714434484585
1.0
0.554139281924
0.714228803495
1.0
0.554127443796
0.7142189903
1.0
0.553810824775
0.713924563636
1.0
0.553805957834
0.713907201362
1.0
0.554186612303
0.714276258834
1.0
0.554178381483
0.71424484629
1.0
0.554330864457
0.713796318378
1.0
0.554330864457
0.713796318378
1.0
0.55432392904
0.713825790205
1.0
0.55393994838
0.714304396536
1.0
0.553946353697
0.714310190569
1.0
0.553989427076
0.714383014562
1.0
0.553984902325
0.714414317255
1.0
0.554183232683
0.714468650792
1.0
0.554187685224
0.714478543732
1.0
0.553610370626
0.714485706126
1.0
0.553610370626
0.714485706126
1.0
0.553618668853
0.714515690658
1.0
0.553779992139
0.714400146363
1.0
0.553793092073
0.714348848664
1.0
0.55363136447
0.713557113828
1.0
0.553630847948
0.713612710079
1.0
0.554230388059
0.714289685429
1.0
0.554210920926
0.714306969577
1.0
0.554210920926
0.714306969577
1.0
0.543527318983
0.704666489097
1.0
0.543541519763
0.704634623862
0.99
0.511348857788
0.678489113513
0.99
0.511342583554
0.678492781264
0.99
0.475537487057
0.652169728811
0.872025250097
0.475430848302
0.651776619802
0.872025250097
0.439983625856
0.629648061504
0.99
0.439719016516
0.629317983923
0.99
0.426453127072
0.622136165661
0.99
0.426453127072
0.622136165661
0.99
0.426121713129
0.621805463294
0.99
0.426885688327
0.62369247376
0.978838113948
0.426561589504
0.623322379891
0.978838113948
0.430406444628
0.623318244615
1.0
0.430323038194
0.623374433768
1.0
0.430583693117
0.623503103269
0.98777371972
0.430589874664
0.623518467285
0.98777371972
0.430589874664
0.623518467285
0.98777371972
0.430686240087
0.623980632458
1.0
0.430663073124
0.623979894894
1.0
0.430652879144
0.62351987347
1.0
0.430647675345
0.623464215428
1.0
0.430239396131
0.625590704838
1.0
0.430231544618
0.625634942788
1.0
0.430185734038
0.625666516957
1.0
0.430192900402
0.625656495789
1.0
0.431114484713
0.624394124922
1.0
0.431114484713
0.624394124922
1.0
0.431108645304
0.62439612033
1.0
0.431384831393
0.624012465023
1.0
0.431389703772
0.62404121108
1.0
0.430812688054
0.623827510168
1.0
0.430807474688
0.623834982516
1.0
0.431577359764
0.624672411334
0.997131921872
0.431575036602
0.62467024452
0.997131921872
0.431959022105
0.625484851993
0.997131921872
0.431959022105
0.625484851993
1.0
0.431960055222
0.625508567751
1.0
0.431252092267
0.624946222117
1.0
0.431248696488
0.624965773563
1.0
0.4263493051
0.622661982272
1.0
0.426359529949
0.62267380257
1.0
0.411674559693
0.614528131277
1.0
0.411679683688
0.614514047599
1.0
0.411679683688
0.614514047599
1.0
0.39476481891
0.604995358152
1.0
0.394698686227
0.604949161636
1.0
0.382264889755
0.599368595678
1.0
0.382112243329
0.599250831389
1.0
0.382616370422
0.59918752134
1.0
0.382421313142
0.599258299445
1.0
0.381281867876
0.598770104895
1.0
0.381205301355
0.598790871758
1.0
0.382477598484
0.598944948135
1.0
0.382477598484
0.598944948135
1.0
0.382488745488
0.598952595388
1.0
0.382052987373
0.598849068621
1.0
0.382042187717
0.598856434268
1.0
0.384517551346
0.599450323498
1.0
0.384516946755
0.599429201641
1.0
0.385009143628
0.601071572816
1.0
0.385011897301
0.601101402505
1.0
0.382450343978
0.598788539918
1.0
0.382450343978
0.598788539918
1.0
0.382441204622
0.598786988658
1.0
0.382122711451
0.59860056392
1.0
0.382134655544
0.598574799628
1.0
0.38192608548
0.598862220645
1.0
0.381923380563
0.598844486961
1.0
0.381827615288
0.598743028502
1.0
0.381823852638
0.598746923683
1.0
0.383146106402
0.598698184483
1.0
0.383146106402
0.598698184483
1.0
0.383146532197
0.598713547608
1.0
0.382135103752
0.598963123086
1.0
0.382130361227
0.59897903513
1.0
0.384530813156
0.600367349602
1.0
0.384533011331
0.600394890196
1.0
0.385329723349
0.60150168702
1.0
0.385326530717
0.601486557061
1.0
0.383676898756
0.599091946514
1.0
0.383676898756
0.599091946514
1.0
0.383689088438
0.599078851078
1.0
0.383429453787
0.598640885983
1.0
0.383422004717
0.59866173489
1.0
0.383284668117
0.599130086197
1.0
0.383288355914
0.59912160323
1.0
0.383673041899
0.599157989781
1.0
0.383672888719
0.599151407041
1.0
0.384228091705
0.599265213342
1.0
0.384228091705
0.599265213342
1.0
0.384224360991
0.599273405501
1.0
0.386634053574
0.599726126645
1.0
0.386631271241
0.59977285644
0.99
0.412467765133
0.608444333789
0.99
0.412465919531
0.608390456474
0.99
0.465192303184
0.632647579713
0.99
0.465192303184
0.632647579713
0.99
0.465231425751
0.632609035934
0.99
0.553508215663
0.660136773474
0.99
0.553768028412
0.659979665178
0.71495415346
0.535418707753
0.67971745387
0.71495415346
0.535418707753
0.67971745387
0.71495415346
0.616172042056
0.700146896191
0.99
0.637840745102
0.680896334284
0.99
0.638426099618
0.680406165824
0.99
0.640663895238
0.679846090762
0.93978521501
0.640808949668
0.679617504808
0.93978521501
0.639501776069
0.679160766507
0.99
0.639907453119
0.678924590368
0.99
0.639907453119
0.678924590368
0.99
0.639869536511
0.678304480543
1.0
0.639921889445
0.67827570564
1.0
0.639923337941
0.678728631675
1.0
0.639887818685
0.678747242393
1.0
0.640042617931
0.678423507249
1.0
0.640041034791
0.678435593553
1.0
0.639992448286
0.67823336609
1.0
0.63999565614
0.678222047369
1.0
0.639967740392
0.678258700586
1.0
0.639967740392
0.678258700586
1.0
0.639975460155
0.678281150633
1.0
0.639995580478
0.678482148246
1.0
0.639993368744
0.678513881108
1.0
0.639954873431
0.678530764408
1.0
0.639960264645
0.678507160185
1.0
0.639960264645
0.678507160185
1.0
0.640004993086
0.678119421198
1.0
0.6400214214
0.678114617353
1.0
0.611811191136
0.6983434605
1.0
0.611810252476
0.69831909435
1.0
0.611810761946
0.698307768206
1.0
0.611688090887
0.697661411132
1.0
0.611688052772
0.697673392164
1.0
0.611688052772
0.697673392164
1.0
0.611963246576
0.698209388165
1.0
0.6119597632
0.69825305782
1.0
0.614236822125
0.699742054369
1.0
0.614234990335
0.699758446026
1.0
0.61403018257
0.699265279316
1.0
0.614042042297
0.699260435731
1.0
0.61402564973
0.699701080704
1.0
0.614025176755
0.699717607136
1.0
0.614090539219
0.699560921108
1.0
0.614090539219
0.699560921108
1.0
0.614100241003
0.699550222842
1.0
0.613823970561
0.699420048923
1.0
0.613807959011
0.699423375535
1.0
0.613447733594
0.69968088705
1.0
0.613450417128
0.699690376924
1.0
0.613762087371
0.699767649398
1.0
0.613768147391
0.699743371195
1.0
0.613667218293
0.699759219273
1.0
0.613667218293
0.699759219273
1.0
0.613659320528
0.699795340782
1.0
0.613783669812
0.699618479672
1.0
0.613783281211
0.699595510609
1.0
0.613701284699
0.699731715841
1.0
0.613703598992
0.699735076169
1.0
0.613761147811
0.700098243265
1.0
0.613767738519
0.700079137887
1.0
0.613801156908
0.700010764567
1.0
0.613785241697
0.700036679168
1.0
0.613785241697
0.700036679168
1.0
0.613629370596
0.699678071357
1.0
0.613644879778
0.699664061317
1.0
0.616398036871
0.702861282484
1.0
0.616374674526
0.702866573345
1.0
0.620123259812
0.711868704041
1.0
0.620136577619
0.711863508217
1.0
0.619795840061
0.714953502404
1.0
0.619795840061
0.714953502404
1.0
0.619818734314
0.71503673282
1.0
0.619544539755
0.713864513885
1.0
0.619558890929
0.71412072541
1.0
0.619531335505
0.713280924911
1.0
0.619520635259
0.713390702336
1.0
0.619599445163
0.713341703107
1.0
0.619597435864
0.71333762307
1.0
0.6196075728
0.713701815273
1.0
0.6196075728
0.713701815273
1.0
0.619603210878
0.713691561083
1.0
0.619608906733
0.713324216372
1.0
0.61961924772
0.713288741267
1.0
0.619874505162
0.713978433186
1.0
0.619867868305
0.714022070124
1.0
0.619477465925
0.713502130946
1.0
0.619476922924
0.713481385454
1.0
0.619234982682
0.713284652717
1.0
0.619238179943
0.713314046866
1.0
0.619238179943
0.713314046866
1.0
0.619203344789
0.71331133168
1.0
0.619200307383
0.71332947827
1.0
0.61912402868
0.712326458876
1.0
0.619125298836
0.712277862401
1.0
0.618884314039
0.711993326187
1.0
0.618881018095
0.712016319594
1.0
0.618520123228
0.711972499363
1.0
0.618520123228
0.711972499363
1.0
0.618518260418
0.711943365064
1.0
0.618497291668
0.71178043415
1.0
0.618497742559
0.711781437707
1.0
0.618419072254
0.711577989003
1.0
0.618417695944
0.711589149736
1.0
0.618163071943
0.713008567969
1.0
0.618154424532
0.712997802687
1.0
0.618191365884
0.712083242872
1.0
0.618191365884
0.712083242872
1.0
0.618202485939
0.712072556841
1.0
0.617846382536
0.711108654884
1.0
0.617834101115
0.71110565369
1.0
0.617541308061
0.711111843711
1.0
0.617542707215
0.711124535156
1.0
0.617377644133
0.710760881454
1.0
0.617362274901
0.710794682456
1.0
0.616724787399
0.710280865005
1.0
0.616728898848
0.710263793716
1.0
0.616728898848
0.710263793716
1.0
0.61636912695
0.709681831929
1.0
0.616358544765
0.709702403968
1.0
0.615799568548
0.710142355884
1.0
0.615777539438
0.710161628178
1.0
0.615324619427
0.709558469916
1.0
0.615321574966
0.709552125718
1.0
0.615321574966
0.709552125718
1.0
0.614721001544
0.710077219562
1.0
0.614713375057
0.710051639267
1.0
0.61454417061
0.709430732755
1.0
0.614539356351
0.709473879669
1.0
0.614189232137
0.708783940459
1.0
0.614166634731
0.708774121967
1.0
0.613234311437
0.708376014503
1.0
0.613228644361
0.70836999099
1.0
0.612353177538
0.708186217134
1.0
0.61204501364
0.707556684164
1.0
0.61204501364
0.707556684164
1.0
0.611370417177
0.70763831091
1.0
0.611358488137
0.707662081121
1.0
0.610772541283
0.707939986388
1.0
0.610739679748
0.707943427074
1.0
0.609963925329
0.706967689516
1.0
0.609945123876
0.706970108379
1.0
0.609352095053
0.706822270141
1.0
0.609352095053
0.706822270141
1.0
0.609339443943
0.706823371077
1.0
0.608714560722
0.706227850031
1.0
0.60868821539
0.706269099512
1.0
0.607412623638
0.706286122051
1.0
0.607405149654
0.706289244643
1.0
0.606242893693
0.705439121315
1.0
0.606224437112
0.705469218222
1.0
0.605566749119
0.705312881807
1.0
0.605561012033
0.705297888842
1.0
0.605561012033
0.705297888842
1.0
0.604310467663
0.704343798124
1.0
0.604298376039
0.704297105957
1.0
0.603134454742
0.70343028046
1.0
0.603092691863
0.703489731325
1.0
0.602448845779
0.702970632517
1.0
0.602435669301
0.702968564075
1.0
0.601519179002
0.703328230009
1.0
0.601519179002
0.703328230009
1.0
0.601488017484
0.703324701402
1.0
0.599806950318
0.702390412258
1.0
0.5997690623
0.702443078487
1.0
0.598531049534
0.702383883256
1.0
0.598507319293
0.702382946143
1.0
0.597306153454
0.701422316888
1.0
0.597282971377
0.701423840549
1.0
0.596120451157
0.700654670024
1.0
0.596120451157
0.700654670024
1.0
0.59608992257
0.700679477057
1.0
0.594806496603
0.700847954413
1.0
0.594777965489
0.700876325143
1.0
0.593730527476
0.700726522474
1.0
0.593713804993
0.700740711098
0.795554535737
0.590128002329
0.700024805476
0.795554535737
0.590103276302
0.700053968077
1.0
0.591233537496
0.699607416742
1.0
0.591233537496
0.699607416742
