0.84341055702
100.0
100.0
0.84341055702
100.0
100.0
0.882782315487
100.0
100.0
0.882782315487
100.0
100.0
0.898023009191
100.0
100.0
0.898023009191
100.0
100.0
0.855202005167
100.0
100.0
0.855202005167
100.0
100.0
0.855202005167
100.0
100.0
0.886565171537
100.0
100.0
0.886565171537
100.0
100.0
0.912565426944
100.0
100.0
0.912565426944
100.0
100.0
0.916743409429
100.0
100.0
0.916743409429
100.0
100.0
0.92146795031
100.0
100.0
0.92146795031
100.0
100.0
0.92146795031
100.0
100.0
0.854552083712
100.0
100.0
0.854552083712
100.0
100.0
0.926630584245
100.0
100.0
0.926630584245
100.0
100.0
0.886323584433
100.0
100.0
0.886323584433
100.0
100.0
0.895573406855
100.0
100.0
0.895573406855
100.0
100.0
0.895573406855
100.0
100.0
0.875961057721
100.0
100.0
0.875961057721
100.0
100.0
0.828399084554
100.0
100.0
0.828399084554
100.0
100.0
0.819339573598
100.0
100.0
0.819339573598
-100.0
-100.0
0.866872420721
-100.0
-100.0
0.866872420721
-100.0
-100.0
0.866872420721
-100.0
-100.0
0.873241799327
-100.0
-100.0
0.873241799327
-100.0
-73.0270710501
0.944850605801
-100.0
-72.982414521
0.944850605801
-28.8725124919
-19.2202420736
0.913835732354
-27.434666255
-18.1707019344
0.913835732354
-25.2456146631
-16.6248829516
0.793233431883
-10.1458721342
-6.31546882395
0.793233431883
-9.61405411061
-5.95822888758
0.793233431883
-9.61405411061
-5.95822888758
0.917814042909
-16.0614178971
-10.2715589876
0.917814042909
-12.4338786417
-7.86855834673
0.871730659962
-12.7784338058
-8.09967867131
0.871730659962
-21.5837379308
-13.8968774328
0.916873906109
-22.0417266923
-14.2018788255
0.916873906109
0.363535401636
0.488336628865
0.907322532896
0.363343213245
0.489210044987
0.907322532896
0.364806397523
0.491234692277
0.907322532896
0.364806397523
0.491234692277
0.861961488058
0.364375348241
0.492718754284
0.861961488058
0.365664958066
0.491968072669
0.887134655884
0.36552276489
0.493796786686
0.887134655884
0.368281851981
0.500305684891
0.883455251486
0.368112081904
0.501706767305
0.883455251486
0.369771519256
0.503258618006
0.915329282713
0.369830375645
0.503385454445
0.915329282713
0.370433533398
0.5005097247
0.915329282713
0.370433533398
0.5005097247
0.901090944356
0.370481106747
0.501882687025
0.901090944356
0.368300064155
0.503606116062
0.910374066382
0.36804770331
0.504989812034
0.910374066382
0.368557750238
0.504184035089
0.897868160132
0.3681900306
0.506118368871
0.897868160132
0.368073980086
0.507332093887
0.880929226394
0.368210662865
0.507302793519
0.880929226394
0.368752412531
0.506794530306
0.880929226394
0.368752412531
0.506794530306
0.899471902161
0.368441804715
0.508910039087
0.899471902161
0.369015538422
0.506698581572
0.898059594226
0.369144355583
0.506153206611
0.898059594226
0.367076149066
0.50563938485
0.883642620057
0.366979953909
0.505464497516
0.883642620057
0.367156251674
0.505193814772
0.916987238175
0.367113486244
0.506272273478
0.916987238175
0.381793199355
0.512522452476
0.916987238175
0.381793199355
0.512522452476
0.906821729606
0.381555605819
0.513200636937
0.906821729606
0.41834262972
0.489607535708
0.88233368486
0.418146966705
0.490117530126
0.88233368486
0.489551458945
0.5310725083
0.885842480546
0.489554573772
0.531378318685
0.885842480546
0.583182465747
0.581666975621
0.888449086232
0.585153657821
0.580204384474
