1.0
0.575275508309
0.665346378302
1.0
0.580786565921
0.662067660158
0.99
0.595856701829
0.652173048608
0.99
0.612261109922
0.640364661744
0.99
0.626615182716
0.628178709821
0.99
0.626615182716
0.628178709821
1.0
0.631877172388
0.621895081379
1.0
0.635360620219
0.618122968978
1.0
0.634612492848
0.618508937063
1.0
0.634612205297
0.618509528891
1.0
0.634450052111
0.617949513068
1.0
0.634449848463
0.61794912219
1.0
0.634336507818
0.618177242421
1.0
0.634336277222
0.618176984199
1.0
0.634336277222
0.618176984199
1.0
0.634079869296
0.618282353544
1.0
0.634079227236
0.618282155674
1.0
0.633802731309
0.61768385787
1.0
0.633391102157
0.617806864918
1.0
0.633390816261
0.617806752137
1.0
0.63305042337
0.617536674437
1.0
0.633050286999
0.617537283379
1.0
0.633050286999
0.617537283379
1.0
0.632510732974
0.617516867854
1.0
0.632510416178
0.617517171608
1.0
0.631892301257
0.617742273021
1.0
0.631892114137
0.617741925647
1.0
0.631510696396
0.618317129783
1.0
0.631510429958
0.6183178474
1.0
0.631329939814
0.618359928299
1.0
0.6313295485
0.618357406292
1.0
0.630750168765
0.619589758286
1.0
0.630750168765
0.619589758286
1.0
0.630749856427
0.619588282084
1.0
0.630748341948
0.619259926353
1.0
0.630748235009
0.619262038529
1.0
0.63014984469
0.615483827046
1.0
0.63014984469
0.615483827046
1.0
0.61682689246
0.606299945647
1.0
0.615741319811
0.607973181522
1.0
0.615741319811
0.607973181522
1.0
0.61496106068
0.615301354469
1.0
0.614454664602
0.614411960215
1.0
0.613274896177
0.613283752627
1.0
0.612374482867
0.614064961005
1.0
0.612374482867
0.614064961005
1.0
0.611430555233
0.615564118336
1.0
0.610576351324
0.614142040364
1.0
0.608254768399
0.612027387072
