0.870763980718
0.426616993911
0.656078959832
0.99
0.426465050334
0.655847617609
0.99
0.39830968466
0.640011993296
0.99
0.397928276402
0.63981322038
0.99
0.390517659836
0.638114431243
0.99
0.390174045616
0.637958189401
0.99
0.390174045616
0.637958189401
0.99
0.394198280468
0.639487486227
1.0
0.394068116468
0.639242690607
1.0
0.39575437299
0.63908866889
0.98343905754
0.395687126282
0.639084560315
0.98343905754
0.397571039364
0.640131268135
1.0
0.39752948466
0.640189000467
1.0
0.396824981454
0.641018929862
1.0
0.396796576691
0.640996431568
1.0
0.397488155276
0.64118058628
1.0
0.397488155276
0.64118058628
0.964999741508
0.397476584934
0.641229156216
0.964999741508
0.397349860731
0.641883427768
1.0
0.397350519019
0.641889279507
1.0
0.397443508867
0.64122704508
1.0
0.397443744042
0.641230612088
1.0
0.398392809422
0.641879525671
1.0
0.398390421164
0.641928143612
1.0
0.398981347269
0.641690793555
1.0
0.398981347269
0.641690793555
0.99796367836
0.398989695314
0.64170406943
0.99796367836
0.39962112492
0.643395779938
1.0
0.399623673449
0.643377756141
1.0
0.399563796245
0.643335569925
0.996454134544
0.399556570977
0.643373149756
0.996454134544
0.399185299332
0.643774056899
1.0
0.399183371931
0.643783931768
1.0
0.399183371931
0.643783931768
1.0
0.401270278284
0.645501197019
1.0
0.401273343057
0.645534345566
1.0
0.400368321222
0.644596781057
0.998605982456
0.400360636186
0.644630342343
0.998605982456
0.402252862968
0.645039810937
1.0
0.402259307442
0.645045564449
1.0
0.401890263942
0.646212564213
1.0
0.401889497243
0.646218603378
1.0
0.402501948261
0.646589683922
1.0
0.402501948261
0.646589683922
1.0
0.402494642603
0.646612831953
1.0
0.402492989712
0.646482578807
0.973220546985
0.402492047386
0.646496556793
0.973220546985
0.402509911797
0.64705333253
1.0
0.402508682755
0.647050214013
1.0
0.40333275475
0.647605086522
1.0
0.403335396796
0.647614790605
1.0
0.403425810703
0.648220949777
1.0
0.403425810703
0.648220949777
0.945458275889
0.403424536287
0.648220324337
0.945458275889
0.402455514964
0.647939014604
1.0
0.402454141183
0.647967725487
1.0
0.404251423115
0.648104699126
1.0
0.404251236529
0.648110609034
1.0
0.404400919472
0.649614403769
1.0
0.404405412264
0.649659443537
1.0
0.404409307671
0.649837892906
1.0
0.404409307671
0.649837892906
1.0
0.404404402322
0.649837651937
1.0
0.404767248263
0.649855573203
1.0
0.404761818485
0.649852626394
1.0
0.404861063272
0.650315454323
1.0
0.404865766103
0.650357810231
1.0
0.405254826306
0.650613982411
1.0
0.405253330869
0.650598748046
1.0
0.405253330869
0.650598748046
1.0
0.405540130797
0.651502409848
1.0
0.405543231444
0.651533137789
1.0
0.405490446248
0.650049085647
1.0
0.405491239048
0.650051151267
1.0
0.405982196349
0.650728186817
1.0
0.40598542062
0.650755386542
1.0
0.406314830929
0.652234866822
1.0
0.406315492217
0.652237764019
1.0
0.407132712926
0.652440635651
1.0
0.407132712926
0.652440635651
1.0
0.40713754318
0.652466163418
1.0
0.406385879138
0.652130032566
1.0
0.406376397752
0.652126241769
1.0
0.406648884634
0.651982057285
1.0
0.406659546225
0.651930103808
1.0
0.406801081453
0.652337163207
0.992547621224
0.406801959583
0.652357563099
0.992547621224
0.407481298838
0.65208577526
0.992547621224
0.407481298838
0.65208577526
1.0
0.407473489324
0.652130753962
1.0
0.407497981212
0.652311903097
1.0
0.407502985586
0.652275822542
1.0
0.407990673225
0.65184234296
1.0
0.407999128667
0.651828552194
1.0
0.408184851835
0.651963443982
1.0
0.408182413271
0.651985588202
1.0
0.408182413271
0.651985588202
1.0
0.408114458521
0.652248335188
1.0
0.408104445657
0.652280808367
1.0
0.408654678184
0.651998011805
1.0
0.408663415967
0.651987557764
1.0
0.408654825076
0.651654204696
1.0
0.408655512497
0.651615560961
1.0
0.408001318931
0.650529569858
1.0
0.408004959088
0.65054722396
1.0
0.402557807656
0.646711948655
1.0
0.402557807656
0.646711948655
1.0
0.402560691268
0.646689468848
1.0
0.395921945028
0.640350805796
1.0
0.395918892296
0.640326236027
1.0
0.393933246971
0.638757544392
1.0
0.393883991073
0.63864456023
1.0
0.393399932766
0.63728659002
1.0
0.393321676534
0.637163379891
1.0
0.393758646391
0.636962759567
1.0
0.393758646391
0.636962759567
1.0
0.393760261553
0.636947130091
1.0
0.392909466053
0.635651815716
0.94563789213
0.392909345142
0.635620913309
0.94563789213
0.392436723829
0.635316736465
1.0
0.392443869905
0.635315668809
1.0
0.392148424429
0.634858840577
1.0
0.392142682897
0.6348716599
1.0
0.392142682897
0.6348716599
1.0
0.391414270643
0.634705704889
1.0
0.391413569195
0.634687752936
1.0
0.39305861532
0.635730253251
0.969559192226
0.393063591641
0.63571216567
0.969559192226
0.392491582624
0.635359467094
0.992510314378
0.392491204742
0.635355591021
0.992510314378
0.392093663397
0.634332782148
1.0
0.39209905668
0.634303183409
1.0
0.392058161094
0.633772118814
1.0
0.392058161094
0.633772118814
1.0
0.392045400359
0.633813908325
1.0
0.391910681377
0.634538502995
1.0
0.391917161064
0.634529975478
1.0
0.392124311674
0.633960270573
1.0
0.392125657797
0.63391251438
1.0
0.391579237565
0.633670229644
1.0
0.391586024261
0.633678834394
1.0
0.391586024261
0.633678834394
1.0
0.391289443237
0.632530428305
1.0
0.391283625383
0.632503533608
1.0
0.390997516591
0.631695102879
1.0
0.39099275132
0.631710036992
1.0
0.390790128482
0.631384901391
1.0
0.39080066296
0.631367803162
1.0
0.39047019936
0.631017925561
1.0
0.390468567675
0.630974509467
1.0
0.390147351214
0.629950831505
1.0
0.390147351214
0.629950831505
1.0
0.390148041341
0.630000824602
1.0
0.390267482451
0.630352248682
1.0
0.390274586419
0.630276270098
1.0
0.390157310217
0.629789680161
1.0
0.390149340545
0.62975709798
1.0
0.389933779842
0.629535822947
1.0
0.389928888625
0.62955737897
1.0
0.389928888625
0.62955737897
1.0
0.389905519879
0.629085829216
1.0
0.389903335833
0.629094307559
1.0
0.389638111168
0.629442002125
1.0
0.389640765598
0.629385266901
1.0
0.388795892057
0.629977533318
0.99970444065
0.388788101906
0.63002883738
0.99970444065
0.389096549962
0.630382348829
0.99970444065
0.389096549962
0.630382348829
1.0
0.389099974457
0.630397556106
1.0
0.389619565462
0.631118133985
1.0
0.389614767567
0.631132464889
1.0
0.389928064679
0.63147317765
1.0
0.389912731106
0.631465943639
1.0
0.390592493831
0.631819662568
1.0
0.390601966982
0.631866612514
1.0
0.391863063391
0.632811396516
1.0
0.39186259235
0.632795128013
1.0
0.39186259235
0.632795128013
1.0
0.390363395965
0.632671244085
1.0
0.390365011671
0.632692712434
1.0
0.390448691184
0.634125947401
1.0
0.39045116743
0.634198573233
1.0
0.390342514445
0.633952660135
1.0
0.390339820246
0.63391685077
1.0
0.390025720633
0.633376834126
1.0
0.390031912459
0.633376856119
1.0
0.389710100226
0.633512483938
1.0
0.389710100226
0.633512483938
1.0
0.38970489123
0.633523799061
1.0
0.390286659243
0.633590213217
1.0
0.390277442947
0.633588307898
1.0
0.390327138383
0.633635218613
1.0
0.390337406851
0.633651580814
1.0
0.389853147633
0.634071764649
1.0
0.389853147633
0.634071764649
1.0
0.389846334545
0.634080407831
1.0
0.390957914189
0.634786977527
1.0
0.390966267041
0.634767633841
1.0
0.391309118064
0.634752180197
1.0
0.391308184108
0.634765985679
1.0
0.390102497851
0.634615167585
1.0
0.390103664246
0.634628185272
1.0
0.391375420981
0.634507129516
1.0
0.391374711603
0.634510059906
1.0
0.392467281289
0.634507311567
1.0
0.392467281289
0.634507311567
0.981876210403
0.392472366672
0.634477499507
0.981876210403
0.392281867454
0.634869092848
1.0
0.392274980827
0.634861369695
1.0
0.392450372227
0.634773066849
1.0
0.392462311262
0.634781692807
1.0
0.392824622719
0.634018923022
1.0
0.392830065713
0.634011822938
1.0
0.391998770535
0.634078669247
1.0
0.391998770535
0.634078669247
1.0
0.392001235915
0.634056259585
1.0
0.392312403682
0.635031931209
1.0
0.392313954785
0.635031481932
1.0
0.3908519111
0.633222539662
0.990485156693
0.390858250022
0.633216369535
0.990485156693
0.392641384895
0.633509869054
1.0
0.392651484822
0.633476647859
1.0
0.392360946141
0.633227362776
1.0
0.392360946141
0.633227362776
1.0
0.39237119416
0.63324375029
1.0
0.392763073462
0.63238824117
1.0
0.392766961323
0.632383686055
1.0
0.392855341088
0.632650564652
1.0
0.392850434449
0.632648737467
1.0
0.393229681034
0.632913412718
1.0
0.393239191595
0.632886084426
1.0
0.393239191595
0.632886084426
1.0
0.393557366066
0.633155758744
1.0
0.393559736501
0.633148729499
1.0
0.395148538958
0.632688553608
1.0
0.395155090274
0.632673815581
1.0
0.395143497207
0.632978402347
1.0
0.395152958036
0.632936396916
1.0
0.396960546909
0.633666771768
1.0
0.396970598435
0.633694084088
1.0
0.397948106126
0.632942385578
1.0
0.397948106126
0.632942385578
