0.99
0.501533558463
0.437421006087
0.99
0.498590588169
0.444009136799
0.99
0.498788327897
0.44452267074
0.99
0.498788327897
0.44452267074
1.0
0.499504595906
0.445299977297
1.0
0.500809960725
0.444981677422
1.0
0.501097267375
0.445444703856
1.0
0.501326982108
0.445755869911
1.0
0.501550642306
0.444930370985
1.0
0.50161221005
0.44427529431
1.0
0.50161221005
0.44427529431
1.0
0.501502709457
0.444271885161
1.0
0.501584224019
0.44429413087
1.0
0.501584224019
0.44429413087
1.0
0.501726573996
0.445669947406
1.0
0.501763580251
0.445959440354
1.0
0.501894503856
0.446848278984
1.0
0.501994731588
0.447466546444
1.0
0.501994731588
0.447466546444
1.0
0.502066565696
0.44679893313
1.0
0.502080186259
0.446929062654
1.0
0.502156805809
0.445982111078
1.0
0.50172060541
0.445381128516
1.0
0.50172060541
0.445381128516
1.0
0.501728980908
0.445524108274
1.0
0.501612533799
0.445929504629
1.0
0.501560689793
0.446326194873
1.0
0.501459680055
0.446373790377
1.0
0.501101257507
0.44457368436
0.992670030837
0.500909563922
0.443691492757
0.964043935106
0.500899012162
0.443682860131
1.0
0.500276727184
0.442846788019
1.0
0.500276727184
0.442846788019
1.0
0.500271819519
0.442217742135
1.0
0.499970517913
0.441420866595
1.0
0.499824329316
0.441027681735
1.0
0.499542651665
0.440499399054
1.0
0.499331319075
0.439794667096
1.0
0.498954846769
0.438819152333
1.0
0.498665242912
0.438220155452
1.0
0.498665242912
0.438220155452
1.0
0.498665242912
0.438220155452
1.0
0.498812719008
0.437302782937
1.0
0.498189229572
0.435841503755
1.0
0.498081615139
0.433682803969
1.0
0.497785848762
0.432588526112
1.0
0.497748917371
0.43199193668
1.0
0.497908937732
0.430672083857
1.0
0.497531071713
0.429560273201
1.0
0.49792827254
0.427790226996
1.0
0.497995042959
0.427483966029
1.0
0.497995042959
0.427483966029
1.0
0.498356313672
0.42623802573
0.967344142957
0.497960879953
0.42596958654
1.0
0.49786108243
0.425968048117
1.0
0.49786108243
0.425968048117
1.0
0.49845608748
0.42322787227
1.0
0.498137878832
0.423337993948
1.0
0.497284807081
0.423294440549
1.0
0.497284807081
0.423294440549
1.0
0.496408753952
0.424191596545
1.0
0.493784627534
0.422487765029
0.99
0.480255112285
0.450364682282
0.99
0.480255112285
0.450364682282
0.99
0.475131789745
0.447968601158
0.99
0.47238054271
0.447085567317
0.99
0.470795357634
0.447046607145
0.948592643996
0.467777480783
0.453234825291
0.948592643996
0.447430531485
0.448520091234
0.948592643996
0.444669681163
0.448183204238
0.950291880273
0.444300099979
0.44969797166
0.912533255856
0.444593422877
0.448469558286
0.912533255856
0.444204954061
0.448625360438
1.0
0.444273119667
0.448400725474
1.0
0.444563872159
0.447828961205
1.0
0.444799844512
0.447634316794
1.0
0.444330171908
0.446955449197
1.0
0.444829442631
0.44552220909
1.0
0.444802623012
0.445562878358
0.906048654209
0.445895216517
0.445956312098
0.906048654209
0.446202760894
0.446035455895
0.972313477521
0.445522267339
0.445388932609
0.972313477521
0.445522267339
0.445388932609
0.976558746945
0.445718837805
0.445428375751
0.976558746945
0.446291902377
0.446099011932
0.981861232218
0.44615827123
0.446595252307
0.981861232218
0.446188329488
0.447348874077
0.997516237391
0.446323616049
0.447611828997
0.997516237391
0.446323616049
0.447611828997
0.97686084612
0.446453646681
0.448109276474
0.97686084612
0.447296990055
0.44813165034
1.0
0.447806000849
0.446981410982
0.975595661387
0.447960152313
0.446446460931
1.0
0.448104065031
0.446082495917
0.940205400466
0.447466245156
0.447195505009
0.940205400466
0.447244716696
0.447412030859
1.0
0.447775224195
0.446206267093
1.0
0.447818464075
0.446047928963
1.0
0.447818464075
0.446047928963
1.0
0.447373191602
0.445684662145
0.981455050459
0.447029275788
0.446365921727
1.0
0.44699879458
0.446755659299
0.984862452099
0.446715163754
0.447081534715
0.976554320274
0.446821247924
0.446873784821
0.984862452099
0.446867963934
0.446167332546
0.984862452099
0.447194277326
0.446042405592
0.967137602418
0.447533665869
0.446307545037
0.967137602418
0.448486452118
0.445434394797
0.99
0.466552424065
0.4556946849
0.99
0.466552424065
0.4556946849
0.99
0.481818054598
0.435884531823
0.99
0.496340252994
0.448471031851
0.99
0.496340252994
0.448471031851
0.99
0.496506121176
0.448812524301
0.99
0.496342891944
0.449783482946
1.0
0.495232966402
0.446444028558
1.0
0.49461061371
0.447981433875
1.0
0.49461061371
0.447981433875
1.0
0.494512101709
0.44837194566
1.0
0.494512101709
0.44837194566
1.0
0.494656332682
0.448762632543
1.0
0.495104613369
0.447304789299
1.0
0.494901261738
0.44750415081
1.0
0.494752072991
0.448527238353
1.0
0.494907092267
0.448246671472
1.0
0.494896749317
0.448472111346
1.0
0.495169795054
0.44825918904
1.0
0.495152633603
0.448600239453
1.0
0.495152633603
0.448600239453
1.0
0.494989447877
0.449264429506
1.0
0.49519706007
0.449420819038
1.0
0.495108825766
0.450143867379
1.0
0.495170550284
0.450201635712
1.0
0.495160157978
0.450344666544
1.0
0.495003064814
0.451426481493
0.975844919291
0.494983608759
0.451461781632
1.0
0.494505339474
0.450958162323
1.0
0.494329669429
0.451450612955
1.0
0.494325423751
0.451924678433
1.0
0.494191704425
0.452438647679
1.0
0.493935402547
0.452270210928
1.0
0.493769848469
0.452613832406
1.0
0.493612594321
0.452878360447
1.0
0.493364444121
0.453829889807
1.0
0.493221668794
0.453926114177
1.0
0.493048445325
0.454755616365
1.0
0.492729907959
0.454714679922
1.0
0.49269359599
0.455324446766
1.0
0.492610576104
0.455378771466
1.0
0.492401626567
0.456092581919
1.0
0.492401626567
0.456092581919
1.0
0.492019925894
0.455712578773
1.0
0.491868548591
0.456786097344
1.0
0.491631358841
0.457053613948
1.0
0.491247608153
0.458590716787
1.0
0.491180762977
0.459225110462
1.0
0.490368997014
0.459846720558
1.0
0.490368997014
0.459846720558
1.0
0.489881895936
0.462322257094
0.966072647972
0.489175103535
0.463913407175
0.966072647972
0.489175103535
0.463913407175
0.966072647972
0.489175103535
0.463913407175
0.966072647972
0.489200424118
0.464988659797
0.966072647972
0.489214360454
0.464929837925
0.966072647972
0.489340104846
0.465019645119
0.966072647972
0.489318521999
0.464747015146
1.0
0.48949372739
0.465498387582
1.0
0.489731129437
0.46649234882
1.0
0.489621776742
0.466978935756
1.0
0.490062089004
0.467957841067
1.0
0.490312203516
0.468804803772
0.936025142198
0.490544659191
0.469392707456
0.936025142198
0.490539099488
0.470221689538
0.936025142198
0.490539099488
0.470221689538
1.0
0.490786373115
0.471038603694
1.0
0.490940743203
0.471904530451
1.0
0.491060647952
0.472861455918
1.0
0.491164609247
0.473338575336
1.0
0.491211460931
0.474855553542
1.0
0.491211460931
0.474855553542
1.0
0.491275032562
0.475273114601
1.0
0.491248825165
0.476346191017
1.0
0.491998267276
0.477674885881
1.0
0.492226747574
0.478571313971
1.0
0.492226747574
0.478571313971
1.0
0.492365019927
0.480022001726
1.0
0.492262508024
0.481268771571
1.0
0.49229928922
0.482075476886
1.0
0.492356809689
0.481919958261
0.95741927918
0.492854801442
0.48250202433
0.95741927918
0.493088024945
0.482731239274
0.95741927918
0.493088024945
0.482731239274
1.0
0.492924877327
0.4829890602
1.0
0.493190151726
0.48320427609
1.0
0.493423872818
0.4833643954
1.0
0.493423872818
0.4833643954
0.877549195281
0.493784197364
0.483421438858
1.0
0.493627459955
0.483585302627
0.966097037518
0.494172202768
0.483959423784
0.966097037518
0.494172202768
0.483959423784
0.966097037518
0.494172202768
0.483959423784
0.966097037518
0.494718731971
0.482043386917
1.0
0.493246462427
0.489091810534
0.993022286313
0.497924623846
0.482705210552
0.993022286313
0.498164283593
0.482371265153
0.993022286313
0.498444531405
0.482223360782
0.993022286313
0.498481788425
0.481567319163
0.993022286313
0.498704486203
0.48097467661
0.993022286313
0.498704486203
0.48097467661
0.993022286313
0.498940608226
0.480777599301
0.993022286313
0.499098775343
0.480555413349
0.959553687148
0.49973317664
0.481325112748
0.959553687148
0.500177774565
0.48094578401
0.959553687148
0.500177774565
0.48094578401
0.959553687148
0.500129759083
0.481606586434
0.959553687148
0.500478166132
0.481216075187
0.959553687148
0.500478166132
0.481216075187
0.959553687148
0.500478166132
0.481216075187
0.959553687148
0.500680885203
0.481066335314
1.0
0.50119455522
0.481531181335
1.0
0.501379260135
0.482151294043
1.0
0.501396173739
0.48267810904
1.0
0.501484047086
0.483287280872
1.0
0.501299590237
0.484621021026
1.0
0.499221111271
0.48850569498
1.0
0.49912261927
0.489498499954
1.0
0.49861006441
0.491893087221
1.0
0.49809764706
0.494378994345
0.96744466903
0.496921243886
0.495760564067
0.96744466903
0.49643278318
0.498255620097
0.997485556813
0.495415101432
0.498821889923
0.997485556813
0.495397532566
0.500062277713
0.997485556813
0.495397532566
0.500062277713
1.0
0.494930667472
0.50002479142
1.0
0.494570583447
0.501249168091
0.928533818519
0.49439754492
0.501376991091
1.0
0.493949850876
0.501434072691
1.0
0.493618039513
0.501446762805
1.0
0.493500079325
0.500582822228
1.0
0.493500079325
0.500582822228
1.0
0.493150357156
0.501234179015
1.0
0.4927328992
0.50072731894
1.0
0.492011239465
0.501984578406
1.0
0.491143720238
0.501339904186
0.96534532892
0.489991048461
0.500490658799
0.96534532892
0.489317438837
0.501464924603
0.940987704905
0.488688068493
0.500857295209
1.0
0.487611745463
0.50028442909
1.0
0.487611745463
0.50028442909
1.0
0.487265412621
0.500657227232
1.0
0.484231459288
0.499172163736
1.0
0.483263228086
0.500549547849
1.0
0.482440957084
0.501585310783
1.0
0.480458658109
0.500374241994
1.0
0.479512969436
0.502569718551
1.0
0.479512969436
0.502569718551
1.0
0.478713090949
0.502109911308
1.0
0.477551256956
0.502041182666
1.0
0.476296623711
0.501065225643
1.0
0.476180765682
0.501391524554
1.0
0.475865855619
0.501032705729
1.0
0.476090813239
0.50099085382
1.0
0.476090813239
0.50099085382
1.0
0.475419906351
0.500785958705
1.0
0.47533181139
0.501665036997
1.0
0.475503597779
0.501470686356
1.0
0.475574706341
0.501587797808
1.0
0.476008722955
0.50116096521
1.0
0.476792515366
0.501149236075
1.0
0.476792515366
0.501149236075
1.0
0.477560331204
0.500097614255
1.0
0.478186206159
0.498786979708
0.988061162414
0.480476027977
0.499088434772
0.988061162414
0.480969752564
0.497887164192
0.988061162414
0.481375740501
0.497443977879
0.988061162414
0.482516006589
0.494797770848
1.0
0.484113644109
0.494318071306
1.0
0.484113644109
0.494318071306
1.0
0.484829700911
0.492513215356
1.0
0.489098176574
0.491555645321
1.0
0.489694279302
0.489583788295
1.0
0.490716130183
0.486918688855
1.0
0.490716130183
0.486918688855
1.0
0.492049157341
0.483283519762
1.0
0.492518316514
0.481521771921
1.0
0.493753200424
0.480951901851
1.0
0.495008560014
0.477534893488
1.0
0.499385437943
0.477570056478
1.0
0.500241081755
0.474152470744
1.0
0.501759482738
0.469960141498
1.0
0.502963444404
0.46686074758
1.0
0.502963444404
0.46686074758
1.0
0.506354536336
0.467607126389
1.0
0.50957751456
0.460772661221
1.0
0.512223695674
0.460229190878
1.0
0.513768065793
0.460021273052
1.0
0.5157647635
0.454493332822
1.0
0.518881059992
0.45582085127
1.0
0.520626091339
0.452037808794
1.0
0.525290071495
0.453410908336
1.0
0.527768876198
0.448788698185
1.0
0.527768876198
0.448788698185
1.0
0.529264808919
0.445473467785
1.0
0.532620022865
0.445357431425
1.0
0.534105610986
0.442265056021
1.0
0.535158923848
0.439938930812
1.0
0.538106249374
0.441001535105
1.0
0.539049875219
0.439217054086
1.0
0.540272842663
0.437051944644
1.0
0.541854034791
0.437049692178
1.0
0.541854034791
0.437049692178
1.0
0.542652072201
0.43503116824
1.0
0.546432768609
0.436465941557
1.0
0.547929996968
0.433211799809
1.0
0.550383459071
0.428846320233
1.0
0.551352253851
0.42917369514
1.0
0.552697290511
0.429074974184
1.0
0.553346149975
0.427509282139
1.0
0.555413607924
0.428498690603
1.0
0.55707398826
0.426054690398
1.0
0.557925873057
0.425551118881
0.987191872478
0.55910030543
0.423097590952
0.987191872478
0.56115815783
0.424349566744
1.0
0.561833389065
0.423016684412
1.0
0.562334050405
0.422823589077
1.0
0.562334050405
0.422823589077
1.0
0.562921382057
0.422463441115
1.0
0.564402363921
0.423318344789
1.0
0.564757520516
0.422595352018
1.0
0.564757520516
0.422595352018
