1.0
0.458287325572
0.767393797948
1.0
0.459521762631
0.769563475695
1.0
0.45920671222
0.769994853869
1.0
0.458547174495
0.769006650551
0.917859651645
0.45862727416
0.768650720093
0.917859651645
0.459245526916
0.768681983144
0.906211525987
0.459178626137
0.769126809276
0.906211525987
0.460265315354
0.768747429753
0.906211525987
0.460265315354
0.768747429753
0.951225979901
0.460417551232
0.768648496008
0.951225979901
0.459944604398
0.769767431871
0.934710689241
0.459871458706
0.771045063494
0.934710689241
0.461678659074
0.771516951244
0.979555929163
0.461921953311
0.77166883006
0.979555929163
0.460958974816
0.770935331383
0.957297145282
0.460692317826
0.771237808163
0.957297145282
0.461258788686
0.770912914022
0.957297145282
0.461258788686
0.770912914022
0.973189797673
0.461171429809
0.771650915368
0.973189797673
0.461472636668
0.770424285036
0.984726749505
0.461343727945
0.770922252926
0.984726749505
0.462485205454
0.772775673887
1.0
0.462519877643
0.772744440589
1.0
0.462235877768
0.771725128077
0.952416121973
0.462287754666
0.771639510254
0.952416121973
0.463814197227
0.772146174339
0.952416121973
0.463814197227
0.772146174339
0.952487233004
0.463800637679
0.772163272594
0.952487233004
0.463425318355
0.771924000765
1.0
0.463301257096
0.77106221809
1.0
0.46481477086
0.771767151877
1.0
0.464957896159
0.771394053245
1.0
0.466821245421
0.770726207168
1.0
0.466891450772
0.77059486594
1.0
0.464784123719
0.76852117937
0.966530415899
0.464885062741
0.768886919686
0.966530415899
0.464885062741
0.768886919686
0.966530415899
0.458399056719
0.751715274879
0.935098950262
0.458599379323
0.750473858093
0.935098950262
0.439316915098
0.702799085858
0.99
0.439458119081
0.702769342367
0.99
0.439458119081
0.702769342367
0.99
0.423224559998
0.654587842033
0.855729875733
0.423257688346
0.651924042128
0.855729875733
0.410605402783
0.603441290469
0.99
0.410658955444
0.60341044275
0.99
0.402273408389
0.561295201229
0.99
0.404223385448
0.540947391699
0.99
0.395662984187
0.503144085864
0.78606964783
0.402127306799
0.399326206599
0.78606964783
0.402127306799
0.399326206599
0.78606964783
0.398408867393
0.368437974343
0.78606964783
0.397746113462
0.366404160054
0.78606964783
0.400769362849
0.371068272012
0.78606964783
0.401670488192
0.372037959178
0.842256764368
0.403120069483
0.348966689294
0.842256764368
0.402502155283
0.349295424318
0.848995118616
0.402900871213
0.339601535187
0.848995118616
0.402900871213
0.339601535187
0.848995118616
0.404496256725
0.339177365494
0.850950566887
0.404714879614
0.340460742561
0.850950566887
0.408219951525
0.34120331189
0.815920998272
0.408245023312
0.340995321493
0.815920998272
0.406434352044
0.344081160332
0.711341654299
0.406769851628
0.335631712041
0.711341654299
0.406748388426
0.335536620444
0.759114929692
0.406698839555
0.33400272111
0.759114929692
0.407451281106
0.334451035148
0.759114929692
0.407451281106
0.334451035148
0.818641103735
0.407289980311
0.338130384545
0.818641103735
0.407496573555
0.338527005048
0.818641103735
0.407224814974
0.338458993955
0.816537922146
0.407113166333
0.340780176258
0.816537922146
0.40787462445
0.341011782195
0.816537922146
0.40787462445
0.341011782195
0.851243401731
0.407830242481
0.34104848373
0.851243401731
0.407235463185
0.342667184379
0.866534294438
0.407317625916
0.358363061115
0.866534294438
0.408807432055
0.358762251125
0.754250266317
0.409035320439
0.336337437564
0.754250266317
0.409450060357
0.335656484818
0.754250266317
0.409718519098
0.336767283449
0.785361942338
0.409448666073
0.34078491951
0.785361942338
0.409999547356
0.341987581946
0.785361942338
0.409999547356
0.341987581946
0.765084943129
0.410134420057
0.340567014578
0.765084943129
0.409345076609
0.339164152637
0.877896720406
0.409132966411
0.345999598481
0.877896720406
0.410147615034
0.347539995338
0.899468511181
0.410002588245
0.352122291137
0.899468511181
0.411426883723
0.352531117833
0.825845023107
0.411315117535
0.350354492717
0.825845023107
0.411315117535
0.350354492717
0.825845023107
0.411798708001
0.351866483398
0.776207869439
0.412194662877
0.3433534627
0.776207869439
0.41016854752
0.341453356935
0.831806202452
0.410148865219
0.356862417923
0.831806202452
0.399125007125
0.353003640644
0.774610653436
0.399229889489
0.338273628097
0.774610653436
0.399229889489
0.338273628097
0.774610653436
0.381739738032
0.329065022606
0.976869533899
0.380956929363
0.345541455327
0.976869533899
0.364303854018
0.338327010783
1.0
0.364554938187
0.335199330673
1.0
0.345100673987
0.323755690387
0.908077976563
0.344322289094
0.325285623284
0.908077976563
0.337274484669
0.320767045302
0.796667638145
0.336027758256
0.331450242168
0.796667638145
0.33721972802
0.333657905945
0.99
0.331166636271
0.346776615976
0.99
0.331166636271
0.346776615976
0.99
0.332070914574
0.347019980458
0.921679546293
0.32893704826
0.345065274961
0.921679546293
0.32916543381
0.345371659808
0.921679546293
0.330370522405
0.345175756581
0.943048729074
0.330409897777
0.345934525607
0.943048729074
0.330540772739
0.347518796642
0.992681459239
0.330814579827
0.346411916161
0.992681459239
0.330814579827
0.346411916161
0.992681459239
0.331103611915
0.346488490506
0.959736102592
0.331205481973
0.345911894897
0.959736102592
0.331979709022
0.345844571601
0.92772844915
0.332097539605
0.345531565548
0.92772844915
0.334338775283
0.347246447823
0.924944699931
0.334572950402
0.346881272617
0.924944699931
0.335003286051
0.347412414768
0.925248175809
0.335012722564
0.347417811216
0.925248175809
0.336624956037
0.347589542239
0.925248175809
0.336624956037
0.347589542239
0.90264644077
0.336893860567
0.346059782812
0.90264644077
0.338917212167
0.348448049727
0.927281137663
0.338935022402
0.348708167115
0.927281137663
0.338004595503
0.348462143158
0.930574524207
0.338318904584
0.347125911916
0.930574524207
0.339151450792
0.347216567751
0.939880758771
0.339123702944
0.347546439525
0.939880758771
0.339123702944
0.347546439525
0.939880758771
0.338730669964
0.348090278488
0.939941119145
0.338766846022
0.34828073436
0.939941119145
0.340669689753
0.349544457854
0.936865825778
0.340801553023
0.349307774288
0.936865825778
0.340376385125
0.349020244723
0.88136532829
0.340478586523
0.348728372952
0.88136532829
0.34042805276
0.348575678415
0.881157702237
0.340466272719
0.34852502798
0.881157702237
0.340466272719
0.34852502798
0.881157702237
0.33997125631
0.348451369165
0.942490173443
0.340001300103
0.348538678749
0.942490173443
0.342128072272
0.350321945887
0.947802918701
0.342263143092
0.351018534928
0.947802918701
0.340987188031
0.349756356505
0.998940031184
0.341140712157
0.34903351088
0.998940031184
0.339093705811
0.346609930471
0.909148274289
0.339144817887
0.346179978278
0.909148274289
0.339144817887
0.346179978278
0.909148274289
0.329677371853
0.338133035166
0.906772015908
0.329664684921
0.338387209007
0.906772015908
0.327450440053
0.337156257529
0.903317050515
0.327497277819
0.337613521589
0.903317050515
0.327175304677
0.338603180425
0.913382340746
0.327091388493
0.337542554658
0.913382340746
0.327509562201
0.336813423981
0.913382340746
0.327509562201
0.336813423981
0.963123386242
0.326971355494
0.33692037814
0.963123386242
0.326305404094
0.336577437694
0.886400884492
0.325399565828
0.339071239781
0.886400884492
0.326261101787
0.34095026429
0.970822071789
0.32616281772
0.342069882667
0.970822071789
0.324844577373
0.341110303689
0.995160760195
0.324865435643
0.341088065415
0.995160760195
0.325383141218
0.340510337952
0.948324476908
0.325415783372
0.339858538363
0.948324476908
0.326349482682
0.339711958786
0.948324476908
0.326349482682
0.339711958786
0.984986914077
0.326174341837
0.341362294476
0.984986914077
0.32437759579
0.341394115712
0.982252652235
0.324368376978
0.340948216826
0.982252652235
0.32517883875
0.34119800589
0.966574306161
0.325189040633
0.341185389225
0.966574306161
0.324938058739
0.341997661544
0.919896253875
0.324898842206
0.342596114608
0.919896253875
0.324898842206
0.342596114608
0.919896253875
0.325594261184
0.343213809976
0.92074256894
0.325615134675
0.342510699557
0.92074256894
0.324522455503
0.342130016729
0.90791595486
0.32443214199
0.342511339556
0.90791595486
0.323175686266
0.342021675274
0.910181988032
0.323252093697
0.341493523524
0.910181988032
0.324223792266
0.341171527291
0.910181988032
0.324223792266
0.341171527291
0.959648524503
0.324109405988
0.341517329582
0.959648524503
0.323261863714
0.341480371061
0.924728622015
0.323316762551
0.340922951807
0.924728622015
0.323349789301
0.340244893254
0.933485200285
0.323269715263
0.341190976046
0.933485200285
0.324035534043
0.341251049801
0.906895065245
0.323935334503
0.34189636927
0.906895065245
0.322845531675
0.34266018555
0.961596225451
0.322863972716
0.34270827065
0.961596225451
0.321489977202
0.33992913869
0.961596225451
0.321489977202
0.33992913869
0.912237055041
0.321500765529
0.339377611729
0.912237055041
0.323331325353
0.34190650226
0.930591727453
0.323275566814
0.341672235465
0.930591727453
0.322307473967
0.340427895724
0.952575050009
0.322279543396
0.340471114593
0.952575050009
0.322596264353
0.34154620628
0.952575050009
0.322596264353
0.34154620628
0.93635606777
0.322543316728
0.342316890224
0.93635606777
0.323081404457
0.34160377018
0.925240514689
0.323036946459
0.340882406607
0.925240514689
0.323349318303
0.340836876424
0.941254174159
0.323285670404
0.341585807239
0.941254174159
0.322411893978
0.341599969619
0.951985165643
0.322414452097
0.341359187963
0.951985165643
0.322107284989
0.340074725962
0.972110871994
0.322025929705
0.340586814464
0.972110871994
0.322025929705
0.340586814464
0.972110871994
0.321165457977
0.340258029012
0.978323946125
0.321128331688
0.340363226364
0.978323946125
0.326213050032
0.346311363046
0.973922099682
0.326225431776
0.346406800507
0.973922099682
0.335669390363
0.364917395766
1.0
0.335691763859
0.363495763825
1.0
0.340751276963
0.373193469982
0.972185459548
0.34072073943
0.373230227314
0.972185459548
0.34072073943
0.373230227314
0.972185459548
0.342545910136
0.37832827276
0.961254755938
0.342589530082
0.37914525061
0.961254755938
0.340483293623
0.376160618338
0.963700322586
0.340948514864
0.377221871279
0.963700322586
0.341251244817
0.377310315214
0.865772440259
0.341969644554
0.376529572128
0.865772440259
0.343132865693
0.377852343396
0.865772440259
0.343132865693
0.377852343396
0.882312929731
0.343475140881
0.379410564427
0.882312929731
0.343286792931
0.379311230605
0.87668477626
0.343222274002
0.382898445283
0.87668477626
0.342309535658
0.380910193454
0.951164509608
0.342425251299
0.381436283689
0.951164509608
0.344748661974
0.381685146639
0.909881926606
0.344575512331
0.383868970319
0.909881926606
0.342579163116
0.383934108808
0.93525596636
0.342502995131
0.385139301793
0.93525596636
0.344515014187
0.385876207345
0.93525596636
0.344515014187
0.385876207345
0.934516057803
0.344409756033
0.387133381603
0.934516057803
0.344758769995
0.386877425754
0.957345018702
0.344770306114
0.386839016814
0.957345018702
0.343905903077
0.386370692669
0.960952090734
0.344009880045
0.385611379969
0.960952090734
0.346039669296
0.38759821353
0.960952090734
0.346039669296
0.38759821353
0.955238585171
0.345873039817
0.386961152233
0.955238585171
0.345331938102
0.386788195864
0.94479961051
0.34541188195
0.386743904111
0.94479961051
0.345807825964
0.386170782935
0.941355087905
0.345710892648
0.387112526053
0.941355087905
0.34592580383
0.387838683714
0.94443124783
0.345936563287
0.388213738416
0.94443124783
0.346304358796
0.388907229019
0.94443124783
0.346304358796
0.388907229019
1.0
0.346217836667
0.38943082629
1.0
0.347001930276
0.388434171869
0.939823418532
0.346881537418
0.388688449337
0.939823418532
0.346121002972
0.389583106249
0.964883477526
0.346193063574
0.389703161458
0.964883477526
0.346584339157
0.389494301153
0.981350873885
0.346434601344
0.390489132655
0.981350873885
0.346913266732
0.390823734221
0.961385995071
0.346882422718
0.390716041833
0.961385995071
0.346882422718
0.390716041833
0.961385995071
0.345993555761
0.389907143181
0.957175717547
0.345877762337
0.39036286905
0.957175717547
0.347316083957
0.390883450104
1.0
0.347205900942
0.391729954553
1.0
0.345363549742
0.390225823339
0.952385983484
0.345208746341
0.390518787699
0.952385983484
0.345735373095
0.390400688443
0.952385983484
0.345735373095
0.390400688443
0.981969620561
0.345812581446
0.38980123236
0.981969620561
0.345164036297
0.390319725373
1.0
0.345144111624
0.390730703978
1.0
0.345804294835
0.389939883194
1.0
0.345715359968
0.390219421129
1.0
0.344731641747
0.389116867583
1.0
0.344748124448
0.388540118662
1.0
0.334907277945
0.37395585398
1.0
0.334810978526
0.374344446705
1.0
0.334810978526
0.374344446705
1.0
0.323796871845
0.358404427898
1.0
0.323766108556
0.359354078985
1.0
0.320857336024
0.352865354973
1.0
0.320798454507
0.353030556577
1.0
0.320764008809
0.35560391625
1.0
0.320520818566
0.354837468959
1.0
0.321380324457
0.353433544389
1.0
0.321380324457
0.353433544389
1.0
0.32101868074
0.352144998447
1.0
0.320291435587
0.350467697417
1.0
0.320013991314
0.349155837672
1.0
0.320498147268
0.350314566198
0.993943511389
0.320309499878
0.349817520964
0.993943511389
0.320216989671
0.349429935116
1.0
0.320004844251
0.349200750341
1.0
0.320004844251
0.349200750341
1.0
0.320105289974
0.348501100262
1.0
0.320204434902
0.347071483468
1.0
0.320091052321
0.347524445833
0.946339021718
0.319982588114
0.34750402001
0.946339021718
0.320969349466
0.346272462993
1.0
0.320940145259
0.345544054582
1.0
0.320994666414
0.346234603978
1.0
0.320923217451
0.345092002102
1.0
0.320553815287
0.343660471665
1.0
0.320553815287
0.343660471665
1.0
0.320621695744
0.34206687287
1.0
0.320419020373
0.34268497607
1.0
0.320467193734
0.342006437762
1.0
0.321089896661
0.342107505404
1.0
0.321107624896
0.34176886259
1.0
0.319956824719
0.340570274505
1.0
0.3199987722
0.34007538563
1.0
0.3199987722
0.34007538563
1.0
0.318347977273
0.338289577996
1.0
0.318357305543
0.337289583496
1.0
0.319464201589
0.338010897972
1.0
0.319459364526
0.337450664393
1.0
0.319855898066
0.337804595871
1.0
0.319847627943
0.337739056745
1.0
0.320487322488
0.338067419279
1.0
0.32051712146
0.337825627874
1.0
0.32051712146
0.337825627874
1.0
0.319669518485
0.33710991152
1.0
0.319730045996
0.337309220494
1.0
0.318919574602
0.335376280167
1.0
0.318884981662
0.335370350868
1.0
0.321347546743
0.337514730458
1.0
0.321433582346
0.337404390312
1.0
0.320029193803
0.335431598777
0.990878190662
0.32002295824
0.335099313018
0.990878190662
0.318641052474
0.335027734197
0.990878190662
0.318641052474
0.335027734197
1.0
0.31872624864
0.333822511492
1.0
0.321138426897
0.333110283354
1.0
0.321112604031
0.333148635281
1.0
0.320081635391
0.332883966585
1.0
0.320164145739
0.33230153872
1.0
0.320415239843
0.332197304115
0.993884829528
0.320497906129
0.331595842346
0.993884829528
0.320974014438
0.331909511731
0.993884829528
0.320974014438
0.331909511731
1.0
0.32093014503
0.332585814577
1.0
0.321001551819
0.332606715302
0.987961528403
0.321153073616
0.331442769957
0.987961528403
0.321042398404
0.331813227648
1.0
0.32099674925
0.33165914373
1.0
0.320835095656
0.331795992209
1.0
0.320850619122
0.332297624249
1.0
0.322005068481
0.333099056774
1.0
0.322005068481
0.333099056774
1.0
0.321991250466
0.333553950739
1.0
0.320332942603
0.332598487267
1.0
0.320245884316
0.332803783888
1.0
0.32076427114
0.332843516443
1.0
0.320846014511
0.332231705426
1.0
0.321101513225
0.332792384267
1.0
0.321129723835
0.332848421793
1.0
0.31963250609
0.331495767752
1.0
0.31963250609
0.331495767752
1.0
0.319577958479
0.331416665334
1.0
0.321436200409
0.332702461444
1.0
0.321388530552
0.333127989114
1.0
0.319492329041
0.331298067829
1.0
0.319598373316
0.331010264813
1.0
0.320202605696
0.3314813525
0.952047328913
0.320241545467
0.330837275997
0.952047328913
0.320241545467
0.330837275997
0.952047328913
0.318475272498
0.33218406871
0.97137088853
0.318473894094
0.331756239938
0.97137088853
0.322162941419
0.333494332222
0.998765861798
0.322209746777
0.333806529117
0.998765861798
0.320021133359
0.331774671326
0.964661379165
0.319865290612
0.332188087172
0.964661379165
0.32031031754
0.332942819964
0.967743636266
0.320287335027
0.332616856463
0.967743636266
0.319537136766
0.332509447289
0.967743636266
0.319537136766
0.332509447289
1.0
0.319502055051
0.333265594751
1.0
0.31997841029
0.334248406457
0.986095879489
0.319908142545
0.335348939778
0.986095879489
0.319355759414
0.335311110589
1.0
0.319285983891
0.33563684928
1.0
0.317989562291
0.335376280612
1.0
0.317985639584
0.335296331888
1.0
0.318271859786
0.335372745584
1.0
0.318271859786
0.335372745584
1.0
0.318139322513
0.336395177184
1.0
0.317869728253
0.336247924023
1.0
0.317846912698
0.336177400473
1.0
0.318223336188
0.336117954736
1.0
0.318251048162
0.336070677425
1.0
0.31773550962
0.335972335558
0.936906315201
0.317687768819
0.336093018642
0.936906315201
0.317687768819
0.336093018642
0.936906315201
0.318206678431
0.335764256349
1.0
0.318150223578
0.336326489582
1.0
0.31852469789
0.337087147365
1.0
0.318518278494
0.337092562988
1.0
0.317877500021
0.337365875059
0.95483175567
0.317961699616
0.336467606272
0.95483175567
0.316859954706
0.33607556934
1.0
0.316970153089
0.335382069852
1.0
0.316841825359
0.333853907933
1.0
0.316841825359
0.333853907933
1.0
0.316694433866
0.334757710531
1.0
0.317410467982
0.335726508534
0.987108031177
0.317281357568
0.336419888295
0.987108031177
0.316284786351
0.335701663041
1.0
0.316367126851
0.335430223712
1.0
0.317292239149
0.334300166858
0.999577435737
0.317179782622
0.334715015966
0.999577435737
0.317284267565
0.336658210159
0.999577435737
0.317284267565
0.336658210159
1.0
0.317319559203
0.336929311773
1.0
0.318116118582
0.336729184674
0.927123764181
0.318212729413
0.335288940292
0.927123764181
0.317005070614
0.334255366985
1.0
0.317023437598
0.33470161461
1.0
0.316868107097
0.33343702881
0.975267475481
0.316734754738
0.334259239153
0.975267475481
0.316456012382
0.336062560749
0.975267475481
0.316456012382
0.336062560749
0.965176870007
0.316610385409
0.334875218326
0.965176870007
0.31882597425
0.336594315564
1.0
0.318843881272
0.336246233519
1.0
0.320150483738
0.336186106782
1.0
0.320244552588
0.335132718204
1.0
0.323224079905
0.338281253475
1.0
0.323103423651
0.338868676566
0.979983161472
0.32547071221
0.335729819033
0.979983161472
0.32547071221
0.335729819033
0.979983161472
0.325322910857
0.336159961103
0.979983161472
0.325322910857
0.336159961103
0.979983161472
0.325322910857
0.336159961103
1.0
0.34979153097
0.340611037142
1.0
0.349059753907
0.339826254044
1.0
0.34721953539
0.341298710253
1.0
0.34721953539
0.341298710253
1.0
0.344824777391
0.345192530399
0.872394539789
0.428254851271
0.54879828763
0.872394539789
0.427919326152
0.551111204092
0.855487692429
0.475407957801
0.598890565764
0.872394539789
0.473113693274
0.570313910353
0.872394539789
0.473113693274
0.570313910353
0.718747605628
0.476814988794
0.551948581069
0.736901307813
0.490796825536
0.54435024992
0.849296226778
0.589699208857
0.438609222748
0.705574697232
0.437732259845
0.608485404627
0.705574697232
0.467207856152
0.697816060811
0.99
0.474463294593
0.703951136619
0.975326237787
0.46977534738
0.745302886681
0.729092816596
0.46174361011
0.757258499871
0.729092816596
0.461997264805
0.764918217283
0.729092816596
0.461997264805
0.764918217283
1.0
0.461860161621
0.790747906587
1.0
0.462397098535
0.794176902307
1.0
0.463297659573
0.793635698439
1.0
0.458533498668
0.789196355051
1.0
0.458643682909
0.791372469594
1.0
0.457375192271
0.791136826836
1.0
0.457722455563
0.792756376997
1.0
0.457722455563
0.792756376997
1.0
0.45716082412
0.793926416446
1.0
0.457580339533
0.793893165983
1.0
0.456364378068
0.792409548953
1.0
0.456595446491
0.792607063173
1.0
0.455279381383
0.793614642632
1.0
0.455492073708
0.793258467007
1.0
0.455452135551
0.793489200291
1.0
0.455665743876
0.793797952587
1.0
0.454868877063
0.7943994415
1.0
0.454868877063
0.7943994415
1.0
0.454828783962
0.794840560582
1.0
0.454084141595
0.792821289069
1.0
0.454122430906
0.7935507018
1.0
0.453631650407
0.795037099816
1.0
0.453738812082
0.795209070443
1.0
0.45496365219
0.79339164215
1.0
0.454866308585
0.793282922572
1.0
0.454866308585
0.793282922572
1.0
0.453548334199
0.793799433078
1.0
0.453687879609
0.7935268397
1.0
0.453611575356
0.793473731847
1.0
0.453755895004
0.793731527125
1.0
0.453373116204
0.792177770468
1.0
0.453402601169
0.791547936113
1.0
0.453919977213
0.792190239311
1.0
0.454174825114
0.791253169804
1.0
0.454174825114
0.791253169804
1.0
0.453313052534
0.790323299926
1.0
0.453663915201
0.790300517699
1.0
0.453751690545
0.790014415948
1.0
0.453854843702
0.789125452126
1.0
0.453683567661
0.788663679225
1.0
0.453660933687
0.788325838002
1.0
0.45298317909
0.784060089075
1.0
0.453046960004
0.784318816227
1.0
0.453046960004
0.784318816227
1.0
0.443024221311
0.766466010719
1.0
0.443117775519
0.765929590468
0.99
0.418078904479
0.718732284561
0.99
0.418366161722
0.718198873599
0.99
0.391626587695
0.665454127794
0.99
0.391639080781
0.665323406944
0.99
0.365884675484
0.618796477099
0.99
0.365884675484
0.618796477099
0.99
0.366516360389
0.614211934296
0.99
0.344528010899
0.568910010715
0.786200888901
0.345993418457
0.553094137029
0.786200888901
0.329272691169
0.511198270013
0.99
0.332466201523
0.443922747566
0.99
0.321702153338
0.412848940608
0.99
0.315858256264
0.393478806505
0.99
0.318211377837
0.396559605508
0.99
0.318714914733
0.379342632949
0.99
0.318714914733
0.379342632949
0.99
0.317806197211
0.380069732126
0.99
0.318757166027
0.348823374207
0.99
0.319680187737
0.348503967845
0.99
0.321148894245
0.348807238464
1.0
0.321469447418
0.34458906031
1.0
0.321503783019
0.343935694763
1.0
0.321698612391
0.341784600968
1.0
0.322468467322
0.342178085501
1.0
0.322468467322
0.342178085501
1.0
0.322595809377
0.340022400434
1.0
0.324270120434
0.341286577811
1.0
0.324492068517
0.339660998146
1.0
0.323783019395
0.337810200253
1.0
0.323949542569
0.336876373003
1.0
0.324327143154
0.338152796611
1.0
0.324327143154
0.338152796611
0.996277092851
0.324408164315
0.336606535312
0.996277092851
0.324945793235
0.33465725223
1.0
0.324919486143
0.334723743478
1.0
0.32521780228
0.33503145181
0.992172976451
0.325231403369
0.335373216595
0.992172976451
0.325393240977
0.335962727843
1.0
0.325457093664
0.335889917615
1.0
0.326984644894
0.336285628941
1.0
0.327088203195
0.335187097904
1.0
0.327088203195
0.335187097904
1.0
0.326245747747
0.334124879618
0.976945658728
0.326282580322
0.333559077322
0.976945658728
0.327514134616
0.334085194651
1.0
0.327496103225
0.333286075572
1.0
0.327239341645
0.332287759994
0.973556992531
0.327349303069
0.331876255695
0.973556992531
0.326665325139
0.331549566456
0.971808819241
0.326674918323
0.331460672267
0.971808819241
0.326674918323
0.331460672267
0.971808819241
0.328063765208
0.331344963294
1.0
0.328042589483
0.331745520311
1.0
0.329015337294
0.333925282638
1.0
0.329045358268
0.333670075108
1.0
0.328477573507
0.333500220281
0.985776099157
0.328450529409
0.333369745898
0.985776099157
0.329047874998
0.334230770261
0.985776099157
0.329047874998
0.334230770261
0.982554166752
0.329046466494
0.333653273872
0.982554166752
0.32941885355
0.333639685228
1.0
0.329440805213
0.333485606631
1.0
0.329694252579
0.333601878862
0.983873861926
0.329644523278
0.33359183587
0.983873861926
0.330382450079
0.335470066525
0.965513194561
0.33022189762
0.336699119833
0.965513194561
0.331432580239
0.337332291547
1.0
0.331312018133
0.338284277356
1.0
0.331312018133
0.338284277356
1.0
0.331690310024
0.338086027358
0.989406251346
0.331610612258
0.338887061286
0.989406251346
0.331662630771
0.339349845665
1.0
0.33155289473
0.339954018436
1.0
0.330940906302
0.340533415556
1.0
0.330864768254
0.341017354337
1.0
0.331415904791
0.340986731759
1.0
0.331415904791
0.340986731759
0.991047943351
0.331456813225
0.340771869412
0.991047943351
0.331859017859
0.342041914535
1.0
0.331770682781
0.34263860076
1.0
0.331126987506
0.34167153736
1.0
0.331129851884
0.342226691853
1.0
0.331632800784
0.343488986597
0.96542449493
0.331577094234
0.343831686174
0.96542449493
0.331282875994
0.344478949019
1.0
0.331266012166
0.344711181082
1.0
0.332595822078
0.346356684997
1.0
0.332595822078
0.346356684997
0.999813126296
0.332476160685
0.346967825322
0.999813126296
0.332263000369
0.34728830695
0.975287999362
0.332291825365
0.347119416623
0.975287999362
0.33209362073
0.345577348093
1.0
0.332071696736
0.34620619731
1.0
0.332364628529
0.348073912727
1.0
0.332393779259
0.347768786638
1.0
0.332393779259
0.347768786638
1.0
0.332277038599
0.347978106062
0.978429486494
0.33227559799
0.347957800399
0.978429486494
0.331987954153
0.347942213959
0.985925922449
0.331910256929
0.348453958621
0.985925922449
0.332083201431
0.349253140594
0.961606618813
0.332087936847
0.349457482834
0.961606618813
0.332232259692
0.348217511078
0.961606618813
0.332232259692
0.348217511078
0.980006685379
0.332236600374
0.348470119935
0.980006685379
0.33227998978
0.348529932733
0.982001418715
0.332196719537
0.349102757842
0.982001418715
0.331926498132
0.34924494399
1.0
0.33188884153
0.349477172928
1.0
0.332062481358
0.350065876556
1.0
0.332083503303
0.350076299766
1.0
0.332192187818
0.350624239938
1.0
0.332163103797
0.350436918215
1.0
0.330643861706
0.350438421401
1.0
0.330643861706
0.350438421401
0.998084361808
0.330637615979
0.350610761358
0.998084361808
0.333297522715
0.352500127291
0.997203871165
0.333339856947
0.35254034244
0.997203871165
0.334879574469
0.352618306667
0.947364898503
0.334942432236
0.351878806983
0.947364898503
0.342232451087
0.3509877524
1.0
0.342140256215
0.352351273788
1.0
0.352027339917
0.354499392037
