1.0
0.490249987047
0.489102612212
1.0
0.490324601717
0.48971520352
1.0
0.490430394158
0.490571454017
1.0
0.490431222267
0.4903606622
1.0
0.490250140071
0.490215540143
1.0
0.490374404471
0.490341026835
1.0
0.490501383287
0.490610786452
1.0
0.490370008906
0.491005389599
1.0
0.490370008906
0.491005389599
1.0
0.490181510704
0.491131215095
1.0
0.490440439487
0.491128477086
1.0
0.490652188957
0.491506383459
1.0
0.490609186527
0.492382996586
1.0
0.490022835825
0.492140317902
1.0
0.490061245526
0.491913328802
1.0
0.489963519176
0.49231380931
1.0
0.48994486926
0.492940063352
1.0
0.48994486926
0.492940063352
1.0
0.489749008914
0.493026324079
1.0
0.489761980179
0.492877032335
1.0
0.489865401703
0.492963562989
1.0
0.48984530634
0.49339057745
1.0
0.489455534751
0.493551285094
1.0
0.489491587375
0.49363797625
1.0
0.484170828146
0.48893533135
1.0
0.484039883603
0.489621228871
0.99
0.469036710903
0.475509892727
0.99
0.469036710903
0.475509892727
0.99
0.469041610161
0.475523249114
0.99
0.449742623915
0.455349192018
0.99
0.448453230297
0.455851788143
0.99
0.427203435673
0.434857124182
0.99
0.421856938248
0.438269742169
0.99
0.409497696466
0.426145640498
0.99
0.401845184442
0.431359372498
0.99
0.401845184442
0.431359372498
0.99
0.401744517263
0.432628287177
0.99
0.393596440162
0.439680093467
0.99
0.39407697154
0.439709573719
0.99
0.388838282201
0.443323456409
0.99
0.388772297134
0.444204809442
1.0
0.388167770313
0.445369680079
1.0
0.387998264133
0.445549185921
1.0
0.387998264133
0.445549185921
1.0
0.388142458068
0.445711180848
1.0
0.389668506306
0.446462320939
1.0
0.389840136631
0.446398401604
1.0
0.390003115584
0.447248269739
1.0
0.390003568602
0.447991803818
1.0
0.390189359525
0.448483705919
1.0
0.390216795408
0.44880076443
1.0
0.390300247509
0.4492113023
1.0
0.390261009616
0.449394776931
1.0
0.390692724112
0.449651148763
1.0
0.390692724112
0.449651148763
1.0
0.390756025695
0.450028103439
1.0
0.39008137389
0.450243038386
1.0
0.390049481216
0.450941137739
1.0
0.390000176098
0.451283065765
1.0
0.38986738686
0.451498463029
1.0
0.392589212888
0.453632537153
1.0
0.392589212888
0.453632537153
1.0
0.392627561037
0.45364346048
0.99
0.406084649907
0.461887508056
0.99
0.406169690092
0.462098211345
0.99
0.429621921084
0.478576263028
0.99
0.42979127073
0.478734507069
0.99
0.45013276405
0.493100083416
0.99
0.453401566994
0.488995882163
