0.893230283395
0.384656771071
0.673255482093
0.893230283395
0.384457827917
0.672168024886
1.0
0.384298489601
0.673822139916
1.0
0.384506757785
0.673726947788
0.820007565437
0.384663242628
0.672626568091
0.820007565437
0.384707509715
0.672007277566
0.820007565437
0.384707509715
0.672007277566
0.99
0.391712397003
0.70145675358
0.99
0.392004487226
0.702144492072
0.99
0.391948144875
0.701964230083
0.99
0.391948144875
0.701964230083
0.99
0.393101284578
0.702898901438
0.99
0.393318173089
0.703330503535
0.99
0.39357334123
0.703219378928
0.99
0.394698091813
0.704459199541
0.99
0.395252585894
0.705641822869
0.99
0.396746994972
0.707177921726
1.0
0.397712938618
0.704985297716
1.0
0.398245519283
0.706062239421
1.0
0.398245519283
0.706062239421
1.0
0.399072916931
0.705097779321
1.0
0.400713000416
0.706424545739
1.0
0.401802536607
0.705654820804
1.0
0.402632463663
0.708292854498
1.0
0.403613638222
0.706400408546
1.0
0.405099126659
0.707471510823
1.0
0.406417619347
0.706199875007
1.0
0.407294413171
0.707362972403
1.0
0.407294413171
0.707362972403
1.0
0.408225751379
0.706563137571
1.0
0.410246581197
0.709088440932
1.0
0.411490334626
0.708239487521
1.0
0.412570421133
0.709809123815
1.0
0.413527909428
0.709328615546
1.0
0.414573632044
0.711395349723
1.0
0.41588393415
0.710444389815
1.0
0.416222220843
0.7118750769
1.0
0.416222220843
0.7118750769
1.0
0.417390510915
0.711029943936
1.0
0.418788372323
0.711964128279
1.0
0.419492919713
0.710741019086
1.0
0.421417412097
0.71258570847
1.0
0.422931301003
0.71178146268
1.0
0.423970903163
0.712929423225
1.0
0.424942410005
0.712068256541
1.0
0.424942410005
0.712068256541
1.0
0.426114215278
0.713832034949
1.0
0.427024124176
0.712211482337
1.0
0.427887765537
0.712595635534
1.0
0.429124113173
0.711978761076
1.0
0.431136478684
0.713895379519
1.0
0.432164364392
0.712369090731
1.0
0.433700299853
0.714103664791
1.0
0.434783587759
0.712685619453
1.0
0.435612977392
0.713711207138
1.0
0.435612977392
0.713711207138
1.0
0.436596051903
0.713373980216
1.0
0.438603634247
0.714355925377
1.0
0.439768823594
0.713079655252
1.0
0.440782128349
0.714546210176
1.0
0.442033728406
0.713097591657
1.0
0.445242843023
0.714058071471
1.0
0.446368668891
0.712380025474
1.0
0.446368668891
0.712380025474
1.0
0.447316941672
0.713053167111
1.0
0.448629380604
0.711981415964
1.0
0.449569696895
0.712913405094
1.0
0.450965367856
0.711633751692
1.0
0.453417955905
0.712657750041
1.0
0.454454073857
0.711155079646
1.0
0.455263314947
0.71126526343
1.0
0.456789743186
0.708989217352
1.0
0.459091008479
0.709524993556
1.0
0.459091008479
0.709524993556
1.0
0.460470015716
0.707400813797
1.0
0.46259685353
0.709217737961
1.0
0.464037259375
0.707465182908
1.0
0.465609400983
0.707635017058
1.0
0.466760429012
0.705920353838
1.0
0.468643879353
0.70659694922
1.0
0.46977247326
0.704539326979
1.0
0.471133344443
0.7044455192
1.0
0.471133344443
0.7044455192
1.0
0.472535532577
0.70187693611
1.0
0.474837322628
0.702178506111
1.0
0.476266426352
0.699995215137
1.0
0.477745149468
0.699752892687
1.0
0.479032841841
0.697236967602
1.0
0.480477613794
0.697284913026
1.0
0.481886234756
0.694399766116
1.0
0.483645017331
0.694214464645
1.0
0.483645017331
0.694214464645
1.0
0.485164897612
0.691466235224
1.0
0.487711775466
0.691921874158
1.0
0.489075442042
0.688917011564
1.0
0.490692843318
0.688934126838
1.0
0.491936557357
0.686238416899
1.0
0.492812807694
0.685686579186
1.0
0.492812807694
0.685686579186
1.0
0.493805296849
0.683123624693
1.0
0.495326738082
0.683558415362
1.0
0.496750921977
0.680925561537
1.0
0.498900572352
0.680753070681
1.0
0.500255600452
0.677455742816
1.0
0.501569017352
0.678146654074
1.0
0.502834606773
0.67509945183
1.0
0.503927055422
0.673736467857
1.0
0.504812849337
0.671634680286
1.0
0.506315904417
0.671043686071
1.0
0.506315904417
0.671043686071
1.0
0.507395934191
0.668387069834
1.0
0.508277699749
0.668357722873
1.0
0.509551634166
0.665867990288
1.0
0.511962067435
0.665549070814
1.0
0.51275226335
0.663082910588
1.0
0.513849568311
0.663273046482
1.0
0.513849568311
0.663273046482
1.0
0.51456074815
0.66136951821
1.0
0.516207710522
0.66046611051
1.0
0.517816924537
0.657832312866
1.0
0.518859411018
0.658546405383
1.0
0.518909545438
0.655594841054
1.0
0.519674394766
0.654519726839
1.0
0.520296489617
0.652439705515
1.0
0.521724931344
0.652719962044
1.0
0.522531264736
0.650824845272
1.0
0.523159589305
0.650779915198
1.0
0.523159589305
0.650779915198
1.0
0.52422150764
0.648545296519
1.0
0.525225343396
0.647855941008
1.0
0.52581187016
0.645843099792
1.0
0.527325698545
0.645510827386
1.0
0.527886448856
0.643415600414
1.0
0.527877182565
0.642838324977
1.0
0.528605214164
0.640793164493
1.0
0.530373768065
0.641288285672
1.0
0.530373768065
0.641288285672
1.0
0.531140691412
0.639577556297
1.0
0.531524924024
0.639100344233
1.0
0.532277149315
0.63713967885
1.0
0.53331016041
0.638656965262
1.0
0.53387659611
0.63736966082
1.0
0.534619376271
0.637078149379
1.0
0.535664428004
0.634945843225
1.0
0.536403229703
0.634997270299
1.0
0.536403229703
0.634997270299
1.0
0.537334080583
0.633264726761
1.0
0.538402003583
0.633106691666
1.0
0.539159941463
0.631207788685
1.0
0.539376941128
0.631768894129
1.0
0.539671082657
0.631061881865
1.0
0.540120927574
0.630618623879
1.0
0.540653568518
0.629390711202
1.0
0.540653568518
0.629390711202
1.0
0.541379973968
0.629736581817
1.0
0.542167865229
0.62845181523
1.0
0.543254058206
0.628010656489
1.0
0.543591182724
0.626453308319
1.0
0.543892390205
0.62678278559
1.0
0.544889879222
0.625024556026
1.0
0.545169844724
0.625273588818
1.0
0.545206447043
0.624722084172
1.0
0.545206447043
0.624722084172
