0.99
0.618076426863
0.723576669418
0.99
0.621449040296
0.707082392462
0.99
0.620943398912
0.691382983327
1.0
0.62077357328
0.688209247841
1.0
0.617832002654
0.690659473148
1.0
0.62004459655
0.690445417089
1.0
0.616400736653
0.692670016662
1.0
0.616873719197
0.691619703886
1.0
0.615093820028
0.691548429599
1.0
0.615187546536
0.691414989078
1.0
0.615187546536
0.691414989078
1.0
0.61551266012
0.691698818642
1.0
0.615687784673
0.693106917252
1.0
0.616102179919
0.693413868555
1.0
0.615607610902
0.692581973809
1.0
0.614624358268
0.693389779431
1.0
0.615344465275
0.693101936166
1.0
0.615344465275
0.693101936166
1.0
0.614784420201
0.694390375528
1.0
0.615187528304
0.695062978613
1.0
0.615296991367
0.694609406389
1.0
0.615487800157
0.694626675227
1.0
0.61527013265
0.69496231665
1.0
0.615511307087
0.695304205554
1.0
0.61533938825
0.695489433609
1.0
0.615357055522
0.695017965792
1.0
0.615357055522
0.695017965792
1.0
0.615290014059
0.69516945643
1.0
0.615412311487
0.694709235023
1.0
0.615273129012
0.694601943139
1.0
0.615340103017
0.695547284567
1.0
0.614747292957
0.696184089148
1.0
0.614775594994
0.695770455339
1.0
0.614757313066
0.696062582677
1.0
0.615099191441
0.696755629342
1.0
0.614672427398
0.697152886492
1.0
0.614672427398
0.697152886492
1.0
0.615067069141
0.696633097835
1.0
0.614806704014
0.696993418
1.0
0.614592778487
0.698104704166
1.0
0.614569527271
0.698200967895
1.0
0.6147340155
0.697457661229
1.0
0.614489798495
0.697602132234
1.0
0.614489798495
0.697602132234
1.0
0.614475048795
0.69748326449
1.0
0.6141634312
0.697989962713
1.0
0.614319684529
0.698716817035
1.0
0.614482815993
0.698630248407
1.0
0.615103858644
0.698786078032
1.0
0.61215927696
0.702130834432
1.0
0.611607816073
0.702055196237
1.0
0.611494536095
0.702330161969
1.0
0.612481937878
0.703114003894
1.0
0.612536605392
0.702946728617
1.0
0.612096508395
0.702748499902
1.0
0.612096508395
0.702748499902
1.0
0.611775783445
0.703220440693
1.0
0.611714907624
0.703632103924
1.0
0.611693205392
0.703819037984
1.0
0.611949040282
0.704041200507
1.0
0.611718580814
0.704313284132
1.0
0.612087198002
0.704485949786
1.0
0.612087198002
0.704485949786
1.0
0.61211916186
0.704826852834
1.0
0.611766649776
0.704749131934
1.0
0.612117015584
0.704651483543
1.0
0.61502478199
0.703611867781
1.0
0.619340861583
0.696551418352
1.0
0.624128688078
0.692691125535
1.0
0.629429252972
0.681655786995
1.0
0.629995104427
0.678302662693
1.0
0.629995104427
0.678302662693
