1.0
0.50173710509
0.504817158213
1.0
0.501765192192
0.504824498172
1.0
0.501677810515
0.504759984279
1.0
0.50169933986
0.50466556073
1.0
0.50177922962
0.504769670455
1.0
0.501836845344
0.504573006229
1.0
0.501836845344
0.504573006229
1.0
0.50182209874
0.504517605843
1.0
0.50175226616
0.504529078153
1.0
0.501748331941
0.504559962121
1.0
0.501778687244
0.504587691816
1.0
0.501858432163
0.504569290797
1.0
0.501782932578
0.504717311597
1.0
0.501673337294
0.504633470025
1.0
0.501681447689
0.504455653207
1.0
0.501681447689
0.504455653207
1.0
0.501795262313
0.504548928487
1.0
0.501748445656
0.504685518168
1.0
0.501700035255
0.504614552195
1.0
0.501743365875
0.504724259698
1.0
0.501739741896
0.504721934312
1.0
0.501711564189
0.504509434922
1.0
0.501711564189
0.504509434922
1.0
0.501720928093
0.504455224058
1.0
0.501669497042
0.504593622755
1.0
0.501697849967
0.504635082112
1.0
0.501769119339
0.504480863207
1.0
0.501761844485
0.504503166511
1.0
0.501666187948
0.504493762916
1.0
0.501682055731
0.504539271999
1.0
0.501735832906
0.50466715746
1.0
0.501573774059
0.504492496041
1.0
0.501501053871
0.504563768435
1.0
0.501501053871
0.504563768435
1.0
0.501210050191
0.50420615095
1.0
0.501034429373
0.502936596636
1.0
0.499098484307
0.500245365608
0.99
0.497854682352
0.498293023942
0.99
0.494323392941
0.493279094752
0.7199783781
0.493101572779
0.490665437488
0.7199783781
0.491975952327
0.48940655858
0.7199783781
0.491975952327
0.48940655858
0.7199783781
0.491971818085
0.489229038337
0.600200030661
0.49195830302
0.489136202213
0.600200030661
0.49215534589
0.489127160482
0.899473726075
0.492072304968
0.491774578106
0.899473726075
0.491553804118
0.491113767858
0.921745955223
0.491420870971
0.491016760008
0.921745955223
0.491300765784
0.490691807925
0.929419806689
0.491242726156
0.490673291467
0.929419806689
0.49071623485
0.49002080287
0.929419806689
0.49071623485
0.49002080287
1.0
0.490688447851
0.489825164806
1.0
0.490491121518
0.489661813491
1.0
0.490289488893
0.48977783112
1.0
0.490197737856
0.489756257193
1.0
0.490192176386
0.489881907252
1.0
0.490395564258
0.490132028748
1.0
0.490423827451
0.490157551791
1.0
0.490404224759
0.48996430394
1.0
0.490404224759
0.48996430394
1.0
0.490409807972
0.490019398341
1.0
0.490380947651
0.490124044165
1.0
0.490300782183
0.490385704579
1.0
0.490379806862
0.490362161292
1.0
0.490473175755
0.490152779277
1.0
0.490415418076
0.490167753109
1.0
0.490321450547
0.490169331028
1.0
0.490321450547
0.490169331028
1.0
0.490384251297
0.490237292733
1.0
0.490394106984
0.49026706828
1.0
0.490353150973
0.490160980027
1.0
0.490398182856
0.489999649609
1.0
0.490433854826
0.490200341893
1.0
0.490390133831
0.490273708386
1.0
0.490490201615
0.490212841877
0.988579972801
0.490482666887
0.490219988032
0.988579972801
0.490496352785
0.490284754032
0.988579972801
0.490496352785
0.490284754032
1.0
0.490449139813
0.490093608247
1.0
0.490416005982
0.490062134746
1.0
0.490461925706
0.489963400446
1.0
0.490456482942
0.489970644068
1.0
0.490446752104
0.489953875691
1.0
0.490477498947
0.489963850189
1.0
0.490447422858
0.489973274924
1.0
0.490447422858
0.489973274924
1.0
0.490431033184
0.489921397468
0.999918385659
0.490356350295
0.489785997772
0.999918385659
0.490333621398
0.48971272239
1.0
0.490304326036
0.489799684361
1.0
0.490542146584
0.489908440469
0.936299969486
0.490532604135
0.489762216958
0.936299969486
0.490347840203
0.489738732602
0.98711874024
0.49035012071
0.489682754816
0.98711874024
0.49035012071
0.489682754816
0.98711874024
0.490331633283
0.489667138838
1.0
0.49029838983
0.489581170754
1.0
0.490273102176
0.489556248305
1.0
0.490324424216
0.48970847294
1.0
0.490322031941
0.489628975104
1.0
0.490401735884
0.489346958062
1.0
0.490462091047
0.48936202984
1.0
0.490398882336
0.48956457192
1.0
0.490337084709
0.489546358798
1.0
0.490337084709
0.489546358798
0.942189325615
0.490398384643
0.489719670808
0.942189325615
0.490423000084
0.489735375659
1.0
0.490425548326
0.489681137937
1.0
0.490393696964
0.489895145609
1.0
0.490369115664
0.490036311169
1.0
0.49042544812
0.489765137332
0.996210156484
0.490551402498
0.489587007041
0.996210156484
0.490551402498
0.489587007041
0.996210156484
0.490537023207
0.489579364618
1.0
0.490490809638
0.489617425567
1.0
0.490542899225
0.489701309262
1.0
0.490586675428
0.48968100451
1.0
0.490543540964
0.489520474368
1.0
0.490504755902
0.489531287833
1.0
0.490536542557
0.489600745462
1.0
0.490555421155
0.489353187147
1.0
0.490545093486
0.489216794574
1.0
0.490545093486
0.489216794574
0.959102952725
0.490514643313
0.489272490119
0.959102952725
0.49048436848
0.489302133119
1.0
0.490500881173
0.489327560129
1.0
0.490436899439
0.489457638292
1.0
0.490418401129
0.489229732562
1.0
0.490512463332
0.489113116563
1.0
0.490562354663
0.489138681389
1.0
0.490562354663
0.489138681389
1.0
0.490597193796
0.489180846114
1.0
0.490547657641
0.489054593149
1.0
0.490638559583
0.489176560564
0.99065792792
0.490559838273
0.489505077605
0.99065792792
0.490513964556
0.489455086356
0.968145669006
0.490526946616
0.489477771744
0.968145669006
0.490584479191
0.489479992767
1.0
0.490643301274
0.489198622846
1.0
0.490643301274
0.489198622846
1.0
0.490772120062
0.489224721641
1.0
0.49081242697
0.489010237944
1.0
0.490841691496
0.489056559768
1.0
0.490838608401
0.488985756155
1.0
0.490711847147
0.488745081867
1.0
0.490700225588
0.488911706818
1.0
0.490884600785
0.489012913098
0.974535207868
0.490871115529
0.489398024333
0.974535207868
0.490910703123
0.489431036432
0.974535207868
0.490910703123
0.489431036432
0.986145085361
0.49096812054
0.489097735813
0.986145085361
0.491026794075
0.489148820768
1.0
0.491027736662
0.488791565979
1.0
0.490795333992
0.488609455651
1.0
0.490599403079
0.488637145969
1.0
0.489649542567
0.487775865072
1.0
0.489649542567
0.487775865072
1.0
0.489239394664
0.487971750711
1.0
0.488766263716
0.487516026622
1.0
0.489022036721
0.487531965556
1.0
0.489044509764
0.487819161172
1.0
0.48907947271
0.487917363638
1.0
0.489081408511
0.487444256867
1.0
0.488930339611
0.487241158416
1.0
0.488930339611
0.487241158416
1.0
0.48891367756
0.48725846534
1.0
0.488930331833
0.48728300942
1.0
0.488851421985
0.487281819002
1.0
0.488848088492
0.487208514691
1.0
0.488953472686
0.486905813278
1.0
0.488961652161
0.486771782664
1.0
0.488910324928
0.486420897854
1.0
0.488979416578
0.48657592096
1.0
0.488881110505
0.486659048212
1.0
0.488881110505
0.486659048212
1.0
0.488933592049
0.48673148576
1.0
0.489059319805
0.486677537993
1.0
0.489077049224
0.486635233916
1.0
0.489095515599
0.48643803893
1.0
0.489189005807
0.486343521572
1.0
0.489210724387
0.486329385727
1.0
0.489144894586
0.486285626338
1.0
0.489082345317
0.486394501039
1.0
0.489082345317
0.486394501039
1.0
0.489146040801
0.486476995079
1.0
0.489093380117
0.486525592255
1.0
0.489064245329
0.486341306431
1.0
0.489074418444
0.485959962951
1.0
0.48909826848
0.486053451539
1.0
0.489079786456
0.485699221365
1.0
0.48908053505
0.485710723071
1.0
0.489052653096
0.485699694587
1.0
0.489052653096
0.485699694587
1.0
0.48902064863
0.48567293956
1.0
0.488978545963
0.485679202537
1.0
0.488965147368
0.485688108587
1.0
0.489075742342
0.485422302999
1.0
0.488999561925
0.485478224513
1.0
0.488912006461
0.485700163186
1.0
0.488870182224
0.485647147557
1.0
0.488813300371
0.486092430932
1.0
0.488813300371
0.486092430932
1.0
0.488763279225
0.486206675947
1.0
0.488739406842
0.486444834925
1.0
0.488652390776
0.486360419327
1.0
0.488590635183
0.486875329721
1.0
0.488531584289
0.486946953051
1.0
0.488480484795
0.487237741556
1.0
0.48845469825
0.487265974088
1.0
0.48845469825
0.487265974088
1.0
0.488342204243
0.487482709365
1.0
0.488244310731
0.487422747383
1.0
0.488226226466
0.487697893735
1.0
0.488071087282
0.487720658789
1.0
0.488076793147
0.487669304022
1.0
0.487903415981
0.487496358394
1.0
0.48779917206
0.487910176686
1.0
0.487630755065
0.487800977965
1.0
0.487547105535
0.488090583511
1.0
0.487547105535
0.488090583511
1.0
0.48744164729
0.488051946087
1.0
0.487420573793
0.487902614125
1.0
0.487325327717
0.487866627428
1.0
0.487235384546
0.48789663156
1.0
0.48729374452
0.48804789225
1.0
0.487235992217
0.488293425324
1.0
0.487134811069
0.488110566267
1.0
0.487139915825
0.487683658925
1.0
0.487139915825
0.487683658925
1.0
0.487066199352
0.487473863917
1.0
0.48702208238
0.487314852173
1.0
0.486961282754
0.487085981934
1.0
0.486978548471
0.487123291587
1.0
0.487000840367
0.487190798687
1.0
0.486965924339
0.487421142366
1.0
0.486897204091
0.487254979196
1.0
0.486897204091
0.487254979196
1.0
0.486945959055
0.487312951952
1.0
0.486981707688
0.48730287651
1.0
0.486980964576
0.487430020076
1.0
0.487025196507
0.487414079314
1.0
0.487086388549
0.487659877586
1.0
0.48710878521
0.487623717816
0.974211260114
0.487103616138
0.487541851041
0.974211260114
0.487209859359
0.487679288706
0.997211281684
0.487246066112
0.487588880536
0.997211281684
0.487246066112
0.487588880536
0.997211281684
0.487252612776
0.487692863364
1.0
0.487330457954
0.488012660126
1.0
0.487321920213
0.488069993356
1.0
0.487327054506
0.487994996354
1.0
0.487523724462
0.488156691837
1.0
0.48747856698
0.488479770066
1.0
0.487362141034
0.488424344765
1.0
0.487362141034
0.488424344765
1.0
0.48733852525
0.488469924262
1.0
0.487287230823
0.48856585757
1.0
0.487334898056
0.488417812644
1.0
0.487267297414
0.488475706699
1.0
0.487139700211
0.488499402505
1.0
0.487066738099
0.488449114937
1.0
0.487050565731
0.48866160215
1.0
0.487017220285
0.488590841378
1.0
0.486981957253
0.488682478242
1.0
0.486981957253
0.488682478242
1.0
0.486876641457
0.488640929061
1.0
0.48687974311
0.488846804583
1.0
0.486861588694
0.488750057268
1.0
0.486815759275
0.488417815181
1.0
0.486597386875
0.488416558938
1.0
0.486586810895
0.488890980651
1.0
0.486333627152
0.48862988836
1.0
0.486289818147
0.488641211403
1.0
0.486289818147
0.488641211403
1.0
0.486161205342
0.488581191266
1.0
0.486055300601
0.488663153409
1.0
0.485979881216
0.48855786707
1.0
0.485961848694
0.488068709968
1.0
0.485893160682
0.487981752582
1.0
0.485822475927
0.487772082794
1.0
0.485735786077
0.487688878628
1.0
0.485735786077
0.487688878628
1.0
0.485719657476
0.487884922411
1.0
0.485708110592
0.487955144667
0.96252414415
0.485694754891
0.488338364062
0.96252414415
0.485649217681
0.488148137304
0.95863568176
0.485681730343
0.48769240161
0.95863568176
0.485634807292
0.487663530327
0.997336078376
0.485689114943
0.488069000791
0.997336078376
0.485710549356
0.488086187501
1.0
0.485716269205
0.487945422894
1.0
0.485716269205
0.487945422894
1.0
0.485768606503
0.487972103223
1.0
0.485732113797
0.48801959904
1.0
0.485707426599
0.487899476725
1.0
0.48579258262
0.487473239927
1.0
0.485906284398
0.487511665314
1.0
0.485889177046
0.487298943744
1.0
0.485948360714
0.487325430876
