0.877693805856
0.573653483918
0.468798416701
0.937054701365
0.571347091535
0.473299048278
0.951524613824
0.572511581467
0.472316185296
1.0
0.573306534475
0.469943898094
1.0
0.573812561934
0.468961836063
1.0
0.573376369491
0.470377043728
1.0
0.576110518539
0.468957886324
1.0
0.577476268562
0.470042300308
1.0
0.57704112549
0.470945190848
1.0
0.576048774582
0.471913390597
1.0
0.576048774582
0.471913390597
1.0
0.57574353394
0.472912823319
1.0
0.575525060928
0.473139507061
1.0
0.575127563669
0.471291318544
1.0
0.575092551376
0.470724193321
1.0
0.575092551376
0.470724193321
1.0
0.574801075152
0.469542074632
1.0
0.574584704721
0.467841041945
1.0
0.575135153728
0.466952205661
1.0
0.574966947722
0.467112218432
1.0
0.574966947722
0.467112218432
1.0
0.574725265088
0.467089877776
0.99
0.564748299982
0.596609955174
0.99
0.566377677735
0.662172469088
0.99
0.569301295594
0.703146502869
0.99
0.569301295594
0.703146502869
0.99
0.559414861944
0.827847048508
0.99
0.56755313754
0.916373633136
0.99
0.561533473285
0.961839295823
0.99
0.569293077418
1.02015692408
0.99
0.565293975284
1.05175255281
0.99
0.565293975284
1.05175255281
0.99
0.566650934462
1.05197016827
1.0
0.566609292709
1.05348396577
1.0
0.567600236046
1.05125655112
1.0
0.567554708783
1.04712798686
1.0
0.568702582171
1.04382425847
1.0
0.570296950616
1.03982837974
1.0
0.570199236015
1.03723324542
1.0
0.5693313715
1.03758607758
1.0
0.5693313715
1.03758607758
1.0
0.569429126336
1.03654812391
1.0
0.57008402978
1.03661447678
1.0
0.567386304881
1.04384243404
1.0
0.566716740791
1.04513294998
1.0
0.562872856277
1.05191931081
1.0
0.56219361607
1.05705795503
1.0
0.561721147512
1.05843730308
1.0
0.561330558783
1.06011132394
1.0
0.561352051529
1.06055358552
1.0
0.561352051529
1.06055358552
1.0
0.561188058921
1.06058535944
1.0
0.561212794757
1.06047105816
1.0
0.5614984018
1.05965634146
1.0
0.561977985804
1.05914089861
1.0
0.561932148205
1.05801569422
1.0
0.56286218387
1.05745676097
1.0
0.562725649914
1.05647076394
1.0
0.562592790815
1.05631618089
1.0
0.562543386593
1.05578706618
1.0
0.562543386593
1.05578706618
1.0
0.563208327279
1.05542621636
1.0
0.563805313819
1.0561957421
1.0
0.564270454708
1.05529293198
1.0
0.563937574613
1.05344793803
1.0
0.563681175526
1.05277880762
1.0
0.564313358617
1.05331370667
1.0
0.564777810164
1.05345267998
1.0
0.565221535111
1.05281575094
1.0
0.565221535111
1.05281575094
1.0
0.565419154055
1.05262536363
1.0
0.565865565154
1.05145592336
1.0
0.566138062442
1.05085061858
1.0
0.567416881249
1.05043727142
1.0
0.567845781466
1.04933570967
1.0
0.567845781466
1.04933570967
1.0
0.567952126673
1.05026630146
1.0
0.568028436436
1.05075872238
1.0
0.568092869436
1.05136902917
1.0
0.568612519157
1.05135625801
1.0
0.569734516313
1.05086659236
1.0
0.570002863534
1.05096973754
1.0
0.571142936856
1.05157348721
1.0
0.571142936856
1.05157348721
1.0
0.571654872876
1.05112229112
1.0
0.571915992715
1.05122931337
1.0
0.572321589112
1.05118283969
1.0
0.572605132408
1.0511320691
1.0
0.572085988034
1.04950047171
1.0
0.572225008002
1.04347891011
1.0
0.56669756949
1.03640069496
1.0
0.56669756949
1.03640069496
0.99
0.566135343337
0.982275988482
0.99
0.540207671313
0.922827800229
0.99
0.543038813024
0.877495829943
0.99
0.523863435165
0.772754548328
0.99
0.53314972577
0.626997994846
0.99
0.528388221527
0.597191610425
0.99
0.527480473643
0.560837237139
0.99
0.527480473643
0.560837237139
0.99
0.520829139214
0.511674549205
0.99
0.522594233353
0.479526908225
0.99
0.527677521097
0.448989762403
0.99
0.527677521097
0.448989762403
0.99
0.531298829403
0.428146938629
0.99
0.533045005403
0.412398967571
1.0
0.536038167505
0.422036404346
1.0
0.534991012118
0.426840429392
1.0
0.536042545397
0.433949714772
1.0
0.538044530538
0.43971478222
1.0
0.537195143954
0.440896949792
1.0
0.53712591927
0.440046397022
1.0
0.53846149221
0.441116460047
1.0
0.539219859053
0.440754585017
1.0
0.539219859053
0.440754585017
1.0
0.539584860121
0.440875148612
1.0
0.541088813991
0.440928872826
1.0
0.541088813991
0.440928872826
1.0
0.541088813991
0.440928872826
1.0
0.54144667061
0.437647317459
1.0
0.54439158611
0.438282212483
1.0
0.544516811961
0.435899754232
1.0
0.546562676015
0.431201037947
1.0
0.54825374011
0.43138497019
1.0
0.54825374011
0.43138497019
1.0
0.550752156931
0.431676316585
1.0
0.552441464666
0.427683502369
1.0
0.552441464666
0.427683502369
1.0
0.552965173175
0.426815016326
1.0
0.555818419966
0.420715927371
1.0
0.558163143045
0.420747852672
1.0
0.562396470715
0.422396780375
1.0
0.564119252325
0.419790975524
1.0
0.56577681443
0.416670959798
1.0
0.56577681443
0.416670959798
1.0
0.566521786863
0.415380466169
1.0
0.569733563934
0.416794593168
1.0
0.570693177665
0.415146195933
1.0
0.571863647992
0.413771542883
1.0
0.572660754247
0.413634932631
1.0
0.573604678748
0.411774747921
1.0
0.57479522674
0.412865972895
1.0
0.57479522674
0.412865972895
1.0
0.576355838561
0.413362567269
1.0
0.577551276226
0.411714289278
1.0
0.578758227863
0.409666419895
1.0
0.581149477101
0.410801519829
1.0
0.584949464621
0.406907359937
1.0
0.584949464621
0.406907359937
1.0
0.58607232234
0.40731051881
1.0
0.587543062479
0.407788000503
1.0
0.587338576054
0.4064649025
1.0
0.589728308419
0.402731106981
1.0
0.591650210741
0.4024714993
1.0
0.591945124799
0.401905615365
1.0
0.591945124799
0.401905615365
1.0
0.592881999431
0.401368478548
0.98732169415
0.594160210292
0.3999515211
0.98732169415
0.597089799787
0.402220394592
1.0
0.596900594725
0.401294134241
1.0
0.600238899929
0.397388485648
1.0
0.600238899929
0.397388485648
1.0
0.601144574822
0.398327408443
1.0
0.601550918376
0.398181742298
1.0
0.602266120264
0.396817003546
1.0
0.598505066847
0.392328001081
1.0
0.592633735528
0.396990353842
0.99
0.538475661305
0.457242328544
0.99
0.478164766524
0.428482895856
0.99
0.478164766524
0.428482895856
0.99
0.453839496348
0.468483823291
0.99
0.458649908692
0.470845112647
1.0
0.460749006478
0.46977463584
0.947844025454
0.461436173109
0.468528113
0.947844025454
0.461745841708
0.468501988267
1.0
0.462968156001
0.468278649841
1.0
0.463709594537
0.4676804807
1.0
0.464222305708
0.466571644789
1.0
0.464222305708
0.466571644789
0.899464818206
0.464905203688
0.467473607084
0.899464818206
0.465679213986
0.467389718024
0.960848841388
0.466164191373
0.467707769827
1.0
0.466867820866
0.468819538647
1.0
0.467771330946
0.468028602291
1.0
0.467771330946
0.468028602291
0.799781318579
0.467823954878
0.468671610517
0.910970138319
0.468207283451
0.466600015453
0.910970138319
0.46775925285
0.467146463873
0.910970138319
0.46744240136
0.468747115967
1.0
0.469465186501
0.471476373638
1.0
0.469354842429
0.472029830726
1.0
0.468087846095
0.473880075813
1.0
0.468087846095
0.473880075813
1.0
0.465361160066
0.477178828432
1.0
0.467835300819
0.479053349907
0.99
0.458964256683
0.48952201753
0.930302035292
0.461100294335
0.489821454974
0.930302035292
0.461100294335
0.489821454974
