1.0
0.391211381283
0.404808369181
1.0
0.391331840816
0.40489445566
1.0
0.39131224333
0.405042192194
1.0
0.391526227194
0.40493379676
1.0
0.391384434891
0.404741225317
1.0
0.391650125236
0.404967123875
1.0
0.392258245035
0.405943993063
1.0
0.392411653692
0.405741542372
1.0
0.392411653692
0.405741542372
1.0
0.392460489649
0.405713524394
1.0
0.39267309915
0.405346773759
1.0
0.392570595161
0.405893809502
1.0
0.392648497345
0.405470236306
1.0
0.392438350617
0.404910047161
1.0
0.392629449257
0.404877727558
1.0
0.392629449257
0.404877727558
1.0
0.392558062481
0.404822708398
1.0
0.392689828818
0.405264510466
1.0
0.392847079552
0.405691482629
1.0
0.392812033032
0.406160084576
1.0
0.39291065099
0.406362696951
1.0
0.393005030359
0.405672355563
1.0
0.392715236034
0.405562725335
1.0
0.392828701411
0.405471006283
1.0
0.392895908169
0.405475375169
1.0
0.392865710497
0.405576425999
1.0
0.392865710497
0.405576425999
1.0
0.393092093024
0.405647001526
1.0
0.393026032559
0.405656512289
1.0
0.39320780602
0.405692226875
1.0
0.393418709409
0.405449964473
1.0
0.393578495994
0.405818529598
1.0
0.393507729216
0.405812988324
1.0
0.393554757135
0.406017459573
1.0
0.393712904332
0.40531873997
1.0
0.393712904332
0.40531873997
1.0
0.393715170669
0.405427865521
1.0
0.393736877735
0.405771876843
1.0
0.393780817882
0.405738905075
1.0
0.393798048472
0.405927790682
1.0
0.393878492288
0.405536973523
1.0
0.393886493468
0.40655134473
1.0
0.393886493468
0.40655134473
1.0
0.393685759354
0.406504378444
1.0
0.393677278135
0.406531432778
1.0
0.393975753884
0.406837386867
1.0
0.393988984791
0.40700089141
1.0
0.394072411768
0.407130103276
1.0
0.39411651961
0.4070720518
1.0
0.393771429657
0.406886923592
1.0
0.393720364268
0.407142333111
1.0
0.393924246551
0.407460723772
1.0
0.393824479234
0.407484546814
1.0
0.393824479234
0.407484546814
1.0
0.394012634006
0.407477267699
1.0
0.393997599322
0.407825060431
1.0
0.393971623028
0.407928637095
1.0
0.394016802849
0.407432018977
1.0
0.394277507076
0.407678792611
1.0
0.394274962397
0.407721020185
1.0
0.394192500358
0.407564570339
1.0
0.394192500358
0.407564570339
1.0
0.394180198421
0.407951049031
1.0
0.394391123086
0.408188712327
1.0
0.3944304045
0.40795410448
1.0
0.394505277018
0.408173605205
1.0
0.394517976203
0.408320982315
1.0
0.394704193901
0.408472785273
1.0
0.394695576013
0.408876601823
1.0
0.394697268937
0.409120118256
1.0
0.394717838614
0.409109801232
1.0
0.394717838614
0.409109801232
1.0
0.394914283699
0.40917830758
1.0
0.394999909152
0.409162005579
1.0
0.395255239044
0.409488844352
1.0
0.395115429609
0.410061989271
1.0
0.39506771144
0.409888786868
1.0
0.395145631801
0.409793230191
1.0
0.395158595821
0.410053329855
1.0
0.395158595821
0.410053329855
1.0
0.395244142892
0.410243314916
1.0
0.395100952454
0.410306661192
1.0
0.395142175621
0.409857651477
1.0
0.395553096891
0.410117697535
1.0
0.395480121067
0.410223935672
1.0
0.395387085664
0.409745088093
1.0
0.395235509446
0.410215558567
1.0
0.395197349174
0.410754550222
1.0
0.395197349174
0.410754550222
1.0
0.395132655344
0.411138678774
1.0
0.395141610662
0.411167017014
1.0
0.395131414444
0.411099179285
1.0
0.395064352327
0.411531513489
1.0
0.395060128711
0.411676737483
1.0
0.39523615245
0.411891323694
1.0
0.395098452532
0.412342766742
1.0
0.394943684369
0.412230163632
1.0
0.395031426013
0.411831126904
1.0
0.395031426013
0.411831126904
1.0
0.395034570046
0.411988901239
1.0
0.394876655862
0.412799008852
1.0
0.394841152765
0.412846526326
1.0
0.394895155712
0.41252522658
1.0
0.394809392637
0.41243541477
1.0
0.394800149569
0.412264501899
1.0
0.394800149569
0.412264501899
1.0
0.394972132689
0.412241012514
1.0
0.394813658306
0.413122947296
1.0
0.394893405779
0.412308755957
1.0
0.39492216238
0.412072930754
1.0
0.395192141998
0.411867871513
1.0
0.39512258624
0.411885264477
1.0
0.395033071265
0.412098910881
1.0
0.395166007847
0.411468829415
1.0
0.395004411988
0.4112659265
1.0
0.395004411988
0.4112659265
1.0
0.394987025795
0.411116534185
1.0
0.395345160843
0.411231417735
1.0
0.395391078049
0.410765744942
1.0
0.394961346872
0.410459281747
1.0
0.39490673048
0.410875930565
1.0
0.395476023146
0.411688604161
1.0
0.395466337111
0.411505892238
1.0
0.395201760348
0.41109572071
1.0
0.395228106252
0.410379552548
1.0
0.395228106252
0.410379552548
1.0
0.395202753066
0.409550779372
1.0
0.395356794985
0.409284600951
1.0
0.395207528084
0.409590619427
1.0
0.395169773758
0.409563411907
1.0
0.395276600139
0.409321322765
1.0
0.395297225372
0.409394443297
1.0
0.395297225372
0.409394443297
1.0
0.395276298509
0.409237198564
1.0
0.395218988771
0.409176979374
1.0
0.394975898657
0.408836009159
1.0
0.395052694035
0.408453632236
1.0
0.39507749036
0.408152151268
1.0
0.395023297103
0.408462293723
1.0
0.394968992625
0.408435184536
1.0
0.394777978781
0.408525540447
1.0
0.39444363283
0.407977391373
1.0
0.39444363283
0.407977391373
1.0
0.394315543392
0.407684549062
1.0
0.394681282715
0.407390580386
1.0
0.394741810631
0.407165570017
1.0
0.394670035122
0.40732320283
1.0
0.394553489394
0.40725295482
1.0
0.394398763543
0.406778803808
1.0
0.394351389016
0.406170116833
1.0
0.394307035711
0.40589861626
1.0
0.394307035711
0.40589861626
1.0
0.394125191974
0.405944875999
1.0
0.394211620897
0.405491036582
1.0
0.394316282058
0.404839379359
1.0
0.394399224752
0.405135972846
1.0
0.394217515162
0.40529741918
1.0
0.394138225836
0.405274591044
1.0
0.394060937988
0.405679097241
1.0
0.394257528109
0.405263016244
1.0
0.394257528109
0.405263016244
1.0
0.394164814972
0.405190470001
1.0
0.393744123494
0.404966051008
1.0
0.393744136401
0.404739514264
1.0
0.393491823754
0.404632092629
1.0
0.393385698598
0.404571099262
1.0
0.393753958959
0.404486844547
1.0
0.393782054861
0.404401349416
1.0
0.393765154025
0.404210555611
1.0
0.393721534477
0.403759191517
1.0
0.393721534477
0.403759191517
1.0
0.394127476824
0.403540657042
1.0
0.393918621957
0.403971705307
1.0
0.393511463307
0.403389324749
1.0
0.393436802863
0.403212726617
1.0
0.393327589364
0.40313504137
1.0
0.393224120587
0.402956561527
1.0
0.393163185964
0.402383453233
1.0
0.393193492937
0.401948315616
1.0
0.393193492937
0.401948315616
1.0
0.392754043266
0.401553576187
1.0
0.392624113719
0.401552626267
1.0
0.392199290455
0.401137519363
1.0
0.392268080415
0.400184362261
1.0
0.392292914299
0.400623293025
1.0
0.392082599617
0.400653813913
1.0
0.392375916031
0.400315543844
1.0
0.392375916031
0.400315543844
1.0
0.392386898154
0.399968487024
1.0
0.392094326308
0.399869074569
1.0
0.392017826409
0.39949179244
1.0
0.392194312399
0.39968645831
1.0
0.392095299627
0.399476270666
1.0
0.392197089241
0.399212688153
1.0
0.392068608005
0.399539579338
1.0
0.391791103642
0.399780065555
1.0
0.391609510342
0.399283455566
1.0
0.391609510342
0.399283455566
1.0
0.39187738964
0.39888885456
1.0
0.391792653853
0.398696969146
1.0
0.391655709046
0.399239126496
1.0
0.391427199172
0.399848288164
1.0
0.391458840042
0.399735956608
1.0
0.391382305837
0.399674683724
1.0
0.391100688671
0.399819990519
1.0
0.391100688671
0.399819990519
1.0
0.390962006692
0.399799888057
1.0
0.391424550196
0.399819650467
1.0
0.391427722923
0.399563126957
1.0
0.391259925706
0.399387608466
1.0
0.391156961954
0.399428447099
1.0
0.391281701311
0.398976838349
1.0
0.391260142669
0.399108160234
1.0
0.391220688781
0.398909886965
1.0
0.391109110674
0.399120755293
1.0
0.391109110674
0.399120755293
1.0
0.391302297245
0.398739990675
1.0
0.391301371199
0.398684562385
1.0
0.391417434678
0.399026510723
1.0
0.391295588187
0.399112411681
1.0
0.391645517344
0.399666081808
1.0
0.391643771436
0.399078015477
1.0
0.391643771436
0.399078015477
1.0
0.391541524897
0.398569893533
1.0
0.39159736549
0.397352098815
1.0
0.392023421228
0.397222733696
1.0
0.392000522286
0.39678989118
1.0
0.392170262113
0.396342331192
1.0
0.392259348742
0.396068249327
1.0
0.392370545726
0.39627920068
1.0
0.39254521804
0.395791841943
1.0
0.392983805752
0.396255937023
1.0
0.392983805752
0.396255937023
1.0
0.392921250064
0.396111909563
1.0
0.392929574434
0.395551354088
1.0
0.393063810892
0.394945517253
1.0
0.393130629845
0.395035890709
1.0
0.39312188014
0.394824579925
1.0
0.393352780457
0.395217935339
1.0
0.393411549363
0.395618842757
1.0
0.393062773497
0.394630786933
1.0
0.393199399125
0.393840270155
1.0
0.393199399125
0.393840270155
1.0
0.393068791592
0.394299502729
1.0
0.393033888213
0.394312729572
1.0
0.392986333128
0.394229835128
1.0
0.393078777726
0.393821847261
1.0
0.39330040763
0.3936041908
1.0
0.393183270769
0.393806823096
1.0
0.393584704306
0.394495820471
1.0
0.393584704306
0.394495820471
1.0
0.393692221451
0.393940514175
1.0
0.393639200355
0.393832333474
1.0
0.393678944698
0.39403842233
1.0
0.393698480956
0.394183235714
1.0
0.393693091282
0.394497737575
1.0
0.393703766651
0.394984119318
1.0
0.393797197278
0.394683129806
1.0
0.393670440359
0.395181374867
1.0
0.393670440359
0.395181374867
1.0
0.393687099716
0.394759894806
1.0
0.393051852146
0.395288362856
1.0
0.392985158126
0.395984135302
1.0
0.392596048872
0.396522371867
1.0
0.392470807108
0.397179923848
1.0
0.392286400948
0.397846483636
1.0
0.392317007914
0.398007111958
1.0
0.39231967857
0.398388894128
1.0
0.39231967857
0.398388894128
1.0
0.392307094605
0.399010035755
1.0
0.392377124477
0.399896513534
1.0
0.392347296033
0.400975981235
1.0
0.392281298163
0.402469801509
1.0
0.392188684258
0.403736149791
1.0
0.392039041841
0.405039519074
1.0
0.39214496444
0.405700984663
1.0
0.391190088867
0.405706585348
1.0
0.391190088867
0.405706585348
1.0
0.391220765549
0.407015035931
1.0
0.387041876172
0.402392571524
1.0
0.387196083622
0.403411897361
0.955144491105
0.385026814447
0.401030826795
0.955144491105
0.385085665908
0.402262987296
0.932863581293
0.381435277224
0.399418413621
0.932863581293
0.381469982677
0.399762643761
0.888470097608
0.378229032013
0.398764993048
0.888470097608
0.378229032013
0.398764993048
0.888470097608
0.376546755083
0.40129401812
0.955488789592
0.374126519443
0.400451237231
0.955488789592
0.368171984226
0.408366113288
0.91994759193
0.368153011602
0.408736176565
0.91994759193
0.362719883988
0.413012250904
0.966867512346
0.361722684066
0.412646150797
0.966867512346
0.360409361142
0.416705483931
0.966867512346
0.360409361142
0.416705483931
0.970384918026
0.36099876527
0.417594313987
0.970384918026
0.361494198838
0.417550725697
0.962907088713
0.360676300005
0.417891242769
0.962907088713
0.361097133377
0.418845786732
1.0
0.359182384362
0.419038072605
1.0
0.359485693269
0.420298601703
1.0
0.35794301773
0.420240760366
1.0
0.358360284628
0.421205801754
1.0
0.357321639548
0.421034815319
1.0
0.357321639548
0.421034815319
1.0
0.357571430883
0.421934384702
1.0
0.358327346598
0.423868099555
1.0
0.358890789317
0.424989981032
1.0
0.359725721828
0.426658721058
1.0
0.360592144494
0.427251698469
1.0
0.361552448204
0.429213072866
1.0
0.362244973199
0.429595001593
1.0
0.363087104608
0.431281965546
1.0
0.363087104608
0.431281965546
1.0
0.364026464394
0.431431319819
1.0
0.365034737824
0.433333145433
1.0
0.366011414777
0.433367520563
1.0
0.366738852884
0.435376715221
1.0
0.367761772701
0.435843458923
1.0
0.368643931057
0.437834166332
1.0
0.369533957912
0.437692605483
1.0
0.371150110487
0.439782139843
1.0
0.371150110487
0.439782139843
1.0
0.372291406391
0.440176860339
1.0
0.373826351865
0.442564785204
1.0
0.375043155259
0.442042077369
1.0
0.376782691936
0.444278482628
1.0
0.377878640806
0.444478974907
1.0
0.379456686008
0.448276910652
1.0
0.380848559175
0.44838075258
1.0
0.383004375798
0.454617170721
1.0
0.383004375798
0.454617170721
1.0
0.384255002936
0.454433500385
1.0
0.387326896597
0.463229098
1.0
0.388694482447
0.462841006026
1.0
0.391127434817
0.469727107677
1.0
0.392503786478
0.469767085449
1.0
0.394135045482
0.473879095263
1.0
0.395031477274
0.476640342954
1.0
0.398285856936
0.480766865465
1.0
0.398285856936
0.480766865465
1.0
0.400292799289
0.485394539644
1.0
0.403313083029
0.488475254618
1.0
0.405256870742
0.491997813773
1.0
0.407517204531
0.493624933262
0.913626075316
0.40872468382
0.495042961314
0.913626075316
0.41116697438
0.497479563391
0.976739816888
0.412748396122
0.496963602301
0.976739816888
0.416127377267
0.498124593731
0.976739816888
0.416127377267
0.498124593731
0.99102526558
0.417716419743
0.496611105475
0.99102526558
0.420350027486
0.498099087875
0.956823718323
0.422435353069
0.497124324945
0.956823718323
0.425129548094
0.497871950784
0.92509171477
0.426092021873
0.497927988732
0.92509171477
0.428025093976
0.49777780998
0.849548120357
0.429977467009
0.497627431694
0.849548120357
0.432714609536
0.498195846818
0.849548120357
0.432714609536
0.498195846818
0.847648159096
0.434919262392
0.496099599762
0.847648159096
0.437245775368
0.497237095136
0.99
0.444818524078
0.482321343304
0.99
0.447504971054
0.48376952748
1.0
0.449508761386
0.480811222896
1.0
0.451393929946
0.48149850744
1.0
0.453399050403
0.477589893361
1.0
0.45587634905
0.477712248477
1.0
0.45587634905
0.477712248477
1.0
0.457773040085
0.473491709716
1.0
0.459848966869
0.473537896939
1.0
0.461784137485
0.469967379994
1.0
0.46369835321
0.470488794747
1.0
0.465515783696
0.466293061845
1.0
0.466763896
0.465652609711
1.0
0.466763896
0.465652609711
1.0
0.468668121553
0.461583497208
1.0
0.470773758218
0.460890918276
1.0
0.472785106312
0.456550892783
1.0
0.47452703354
0.456585693789
1.0
0.476212305423
0.453123123117
1.0
0.477685596398
0.452337803353
1.0
0.479487009293
0.447971601069
1.0
0.480943187755
0.448366351557
1.0
0.48224784154
0.444809431407
1.0
0.483913542028
0.445137213074
1.0
0.483913542028
0.445137213074
1.0
0.485287632366
0.441198479903
1.0
0.486212797817
0.440832680411
1.0
0.487739409489
0.436999128103
0.981903567262
0.489077487214
0.437897291502
0.981903567262
0.490118269779
0.434609822188
1.0
0.491562931747
0.434408759765
1.0
0.492645601793
0.431467020553
1.0
0.493947405741
0.43127685551
1.0
0.493947405741
0.43127685551
1.0
0.495193300641
0.427890557506
1.0
0.49613139326
0.42763478731
1.0
0.49707720955
0.425183842397
1.0
0.49855394269
0.425440043827
1.0
0.499615282187
0.423092408525
0.996312455163
0.50025095219
0.423049699982
0.996312455163
0.501191888337
0.420791922646
0.914559947852
0.501990408058
0.420080749668
0.914559947852
0.502552448384
0.417954677468
0.914559947852
0.502552448384
0.417954677468
0.873092764813
0.503556520482
0.416620247351
0.873092764813
0.504411893373
0.41481486504
0.861842340615
0.505529809329
0.413563949065
0.861842340615
0.506182264225
0.411489251673
0.786895488224
0.50696362551
0.410031760273
0.786895488224
0.507460659527
0.408161228852
0.786895488224
0.507460659527
0.408161228852
0.831386819442
0.509357528784
0.408904503491
0.831386819442
0.509846146419
0.406740929767
0.777251006701
0.470651992175
0.362528503972
0.777251006701
0.470754395474
0.361322018022
0.777251006701
0.471035394592
0.358757123308
0.72657415018
0.467708674407
0.354080834898
0.72657415018
0.467461692601
0.353009076008
0.72657415018
0.467461692601
0.353009076008
0.88692709606
0.488369780975
0.352926418347
0.841992219709
0.488113201816
0.353797802098
0.76993046045
0.471328036585
0.343098584163
0.756742317147
0.470459218565
0.338245923658
0.756742317147
0.486108859293
0.341772647487
0.74132939409
0.482616988117
0.35453196921
0.74132939409
0.482616988117
0.35453196921
0.74132939409
0.482616988117
0.35453196921
0.74132939409
0.482616988117
0.35453196921
0.74132939409
0.482616988117
0.35453196921
0.74132939409
0.786050435976
0.540340369243
0.768341183776
0.787270739315
0.538759971474
0.768341183776
0.787270739315
0.538759971474
0.768341183776
0.787270739315
0.538759971474
0.945159629543
0.798268013545
0.491912248369
0.832091857711
0.508381213426
0.303944197945
0.820155111409
0.502542954442
0.301796236305
0.820155111409
0.502542954442
0.301796236305
0.786902228216
0.505915004384
0.329103931851
0.786902228216
0.505915004384
0.329103931851
0.786902228216
0.505915004384
0.329103931851
0.786902228216
0.505915004384
0.329103931851
0.786902228216
0.505915004384
0.329103931851
0.786902228216
0.505915004384
0.329103931851
0.786902228216
0.50044040399
0.408434786624
0.786902228216
0.50044040399
0.408434786624
0.786902228216
0.50044040399
0.408434786624
0.786902228216
0.50044040399
0.408434786624
0.786902228216
0.50044040399
0.408434786624
0.786902228216
0.50044040399
0.408434786624
0.791656238869
0.605866672843
0.512495420468
0.709815641718
0.568385952616
0.486443363895
0.709815641718
0.568385952616
0.486443363895
0.750427889139
0.599641946887
0.48934002867
0.736266521821
0.590468476267
0.504167304571
0.736266521821
0.590468476267
0.504167304571
0.736266521821
0.590468476267
0.504167304571
0.736266521821
0.590468476267
0.504167304571
0.736266521821
0.590468476267
0.504167304571
0.736266521821
0.590468476267
0.504167304571
0.736266521821
0.590468476267
0.504167304571
0.736266521821
0.590468476267
0.504167304571
0.736266521821
0.590468476267
0.504167304571
0.736266521821
0.371246969903
0.449710051164
0.702507709926
0.299474765137
0.52394425494
0.713279132585
0.317363047489
0.526010745697
0.733559552343
0.301844395605
0.526393918704
0.733559552343
0.301844395605
0.526393918704
0.733559552343
0.301844395605
0.526393918704
0.733559552343
0.301844395605
0.526393918704
0.733559552343
0.301844395605
0.526393918704
0.733559552343
0.301844395605
0.526393918704
0.733559552343
0.301844395605
0.526393918704
0.71014089627
0.395436657588
0.458895963432
0.71014089627
0.395436657588
0.458895963432
0.71014089627
0.39129319336
0.461018191143
0.71014089627
0.39129319336
0.461018191143
0.71014089627
0.39129319336
0.461018191143
0.71014089627
0.39129319336
0.461018191143
0.71014089627
0.39129319336
0.461018191143
0.71014089627
0.39129319336
0.461018191143
0.71014089627
0.39129319336
0.461018191143
0.71014089627
0.39129319336
0.461018191143
0.71014089627
0.39129319336
0.461018191143
0.760884205984
0.398107718756
0.459088992105
0.730847906199
0.406579004969
0.458208493752
0.765573326468
0.453558861112
0.381875320007
0.729463263287
0.403096979516
0.460518276718
0.733352918199
0.401262310492
0.458633538345
0.766501050118
0.399709169035
0.455120689695
0.766501050118
0.399709169035
0.455120689695
0.711525069729
0.447672264789
0.372710757696
0.77705128963
0.414237082269
0.453185922049
0.745594263073
0.404786011555
0.458387869212
0.751917289207
0.396255460972
0.464826037947
0.724121819124
0.403000688717
0.462316446972
0.724121819124
0.403179764537
0.462216233563
0.724121819124
0.402803570464
0.461677797973
0.703362663739
0.39263073
0.470957604972
0.703362663739
0.392227596857
0.470951080993
0.703362663739
0.392227596857
0.470951080993
0.703362663739
0.392699629286
0.470917537782
0.703362663739
0.392380905624
0.470088685456
0.703362663739
0.391807298166
0.470404688799
0.703362663739
0.391807298166
0.470404688799
0.703362663739
0.391807298166
0.470404688799
0.703362663739
0.391807298166
0.470404688799
0.703362663739
0.391807298166
0.470404688799
0.703362663739
0.391807298166
0.470404688799
0.888269876547
0.389078306472
0.476582307156
0.888269876547
0.389078306472
0.476582307156
0.906894601671
0.389274779774
0.477205789967
0.817026111043
0.388941351081
0.476451279895
0.835519883297
0.388872518413
0.476958681262
0.80728595923
0.388740114531
0.476254023784
0.80728595923
0.388740114531
0.476254023784
0.80728595923
0.388740114531
0.476254023784
0.80728595923
0.388740114531
0.476254023784
0.80728595923
0.388740114531
0.476254023784
0.906894601671
0.374315970054
0.455171086181
0.906894601671
0.374315970054
0.455171086181
0.906894601671
0.374315970054
0.455171086181
0.906894601671
0.374315970054
0.455171086181
0.906894601671
0.374315970054
0.455171086181
0.9110881752
0.377735043709
0.42740932249
0.857712944333
0.378232969003
0.427126285305
0.857712944333
0.378232969003
0.427126285305
0.820918850537
0.377163288075
0.423905822184
0.822527762408
0.376548466303
0.422272019217
0.819469917247
0.376420475425
0.421336119479
0.819469917247
0.376420475425
0.421336119479
0.831968894287
0.376839332381
0.422616529761
0.800977454049
0.376082383884
0.426699386539
0.806960315571
0.374972345902
0.423115951347
0.806960315571
0.374972345902
0.423115951347
0.806960315571
0.374972345902
0.423115951347
0.839108533451
0.377173304287
0.42848904839
0.839674621534
0.377092053548
0.42733965043
0.859910574363
0.376948326816
0.426033998284
0.859910574363
0.376948326816
0.426033998284
0.859910574363
0.376948326816
0.426033998284
0.859910574363
0.376948326816
0.426033998284
0.823700737749
0.378410932956
0.423017560651
0.821012679592
0.378497094087
0.428506995477
0.821012679592
0.378497094087
0.428506995477
0.790476807662
0.378045312336
0.424804505439
0.819590501303
0.376222680288
0.427563436869
0.825643302158
0.380161006938
0.437513604021
0.800979272353
0.380176321063
0.431039365133
0.800979272353
0.380176321063
0.431039365133
0.785383156781
0.377575004549
0.408803483904
0.902539114311
0.381778799649
0.423769142498
0.786324947519
0.382594809358
0.425748708782
0.798837394883
0.382550905963
0.421120343894
0.798837394883
0.382550905963
0.421120343894
0.859528598086
0.411407095576
0.462147789267
0.883001258746
0.410465689222
0.461133825878
0.837019365405
0.409020401329
0.461497022094
0.837019365405
0.409020401329
0.461497022094
0.837019365405
0.409020401329
0.461497022094
0.837019365405
0.409020401329
0.461497022094
0.837019365405
0.409020401329
0.461497022094
0.877086159347
0.364054835214
0.530179388567
0.877086159347
0.363284266303
0.529783044852
0.868814998289
0.362530862663
0.52901183573
0.877086159347
0.362211757856
0.528293578508
0.877086159347
0.362084138235
0.527783175611
0.857602113087
0.362151068336
0.528013711976
0.838350440324
0.36170312346
0.527298606405
0.838350440324
0.36170312346
0.527298606405
0.870848208221
0.361458476061
0.526573116614
0.835764718703
0.36060653048
0.52583043154
0.858879146204
0.359984993813
0.52613615262
0.858879146204
0.359984993813
0.52613615262
0.858879146204
0.359984993813
0.52613615262
0.858879146204
0.359984993813
0.52613615262
0.858879146204
0.359984993813
0.52613615262
0.737728043215
0.472599723545
0.594966123447
0.737728043215
0.472582026565
0.59451696791
0.737728043215
0.472123609092
0.593967587161
0.737728043215
0.472123609092
0.593967587161
0.737728043215
0.472494580007
0.594200512505
0.737728043215
0.656920873586
0.427647288548
0.737728043215
0.657856114061
0.432015389595
0.737728043215
0.657856114061
0.432015389595
0.737728043215
0.657856114061
0.432015389595
0.720860489527
0.594605445133
0.446673145842
0.720860489527
0.385437535396
0.418015675617
0.720860489527
0.385437535396
0.418015675617
0.720860489527
0.385437535396
0.418015675617
0.720860489527
0.385437535396
0.418015675617
0.720860489527
0.535513635456
0.401266495485
0.729771043798
0.535104657652
0.393232848782
0.729771043798
0.535104657652
0.393232848782
0.729771043798
0.535104657652
0.393232848782
0.729771043798
0.535104657652
0.393232848782
0.729771043798
0.535104657652
0.393232848782
0.729771043798
0.535104657652
0.393232848782
0.729771043798
0.535104657652
0.393232848782
0.729771043798
0.535104657652
0.393232848782
0.729771043798
0.533501882195
0.380413799132
0.704071910903
0.533361015296
0.381102496412
0.7197389496
0.533255021138
0.378472175421
0.718575915618
0.533600148135
0.371574003617
0.718575915618
0.533600148135
0.371574003617
0.718575915618
0.533600148135
0.371574003617
0.718575915618
0.533600148135
0.371574003617
0.718575915618
0.533600148135
0.371574003617
0.754625417151
0.532739584789
0.427591522528
0.81467906088
0.535541422988
0.437055370386
0.803577926685
0.535451483949
0.439602280623
0.803577926685
0.535451483949
0.439602280623
0.803577926685
0.535451483949
0.439602280623
0.803577926685
0.535451483949
0.439602280623
0.81467906088
0.551141831631
0.471101352568
1.0
0.551185814641
0.466807747494
1.0
0.550992196447
0.468144798899
