1.0
0.45908232899
0.396026324399
1.0
0.459242666917
0.396190011028
1.0
0.459196951546
0.396230462648
1.0
0.459166785751
0.396201962791
1.0
0.459178062729
0.396673520302
1.0
0.459262625301
0.3969542949
1.0
0.459165513185
0.396468006509
1.0
0.459359530277
0.396530200375
1.0
0.45942935946
0.396552232401
1.0
0.45942935946
0.396552232401
1.0
0.459622834213
0.396483550198
1.0
0.459612351844
0.396536013673
1.0
0.45956488977
0.396624039031
1.0
0.459684545545
0.396497754412
1.0
0.459411196546
0.396475814788
1.0
0.459287099979
0.396429226862
1.0
0.459811039468
0.396462422119
1.0
0.459810313058
0.39705812092
1.0
0.459897375599
0.397263875037
1.0
0.459897375599
0.397263875037
1.0
0.459750928401
0.396891771514
1.0
0.459708646479
0.396932491584
1.0
0.459685589621
0.397117653079
1.0
0.459607851703
0.397121008313
1.0
0.459491429102
0.3969583276
1.0
0.459453365545
0.396847562252
1.0
0.459633796165
0.396788815419
1.0
0.459633796165
0.396788815419
1.0
0.459390134355
0.396551123365
1.0
0.459161868239
0.396902616626
1.0
0.459151803803
0.397043325898
1.0
0.45893967813
0.397369924835
1.0
0.458787409808
0.397398819242
1.0
0.458853911511
0.397027930424
1.0
0.45891419682
0.396866773113
1.0
0.458790269446
0.396865623111
1.0
0.458790269446
0.396865623111
1.0
0.458588432786
0.396731267957
1.0
0.458535781758
0.396837170792
1.0
0.458907188063
0.397044140884
1.0
0.458887410394
0.3970132489
1.0
0.464174385782
0.399408442685
1.0
0.46394733677
0.399981405017
0.99
0.485039999914
0.407432056838
0.99
0.484739414027
0.408111872893
0.99
0.484739414027
0.408111872893
0.99
0.511177271881
0.418629570447
0.99
0.511233779906
0.418125738466
0.99
0.540405366903
0.431926516838
0.99
0.540480239023
0.431643825336
0.99
0.562744427689
0.442844370519
0.99
0.566049846611
0.436793812611
0.99
0.580488429393
0.445423193087
0.99
0.589132324867
0.429384083357
0.99
0.589132324867
0.429384083357
0.99
0.594623550294
0.432808533347
0.99
0.606064328723
0.412653502336
0.99
0.60673229487
0.412455728232
0.99
0.620193831429
0.391606425004
0.99
0.620793596181
0.392099446799
0.99
0.632246072438
0.377371385411
0.99
0.632581270124
0.37749580588
0.871162130267
0.634291310393
0.375370824426
0.871162130267
0.634291310393
0.375370824426
