0.961920085632
0.442107325853
0.44804600886
0.99
0.436029781355
0.447005129318
0.99
0.429804493539
0.464075415704
0.99
0.429804493539
0.464075415704
0.99
0.427778096268
0.466469567364
0.99
0.421731460502
0.482867816572
0.99
0.421950391504
0.483460734037
0.99
0.417190707255
0.496843711395
0.99
0.416865614552
0.497669909894
1.0
0.415197538012
0.504714618579
1.0
0.414989306964
0.505812542785
1.0
0.414746647005
0.507687937175
1.0
0.414866972349
0.508687461237
1.0
0.414866972349
0.508687461237
1.0
0.41471857412
0.50939481627
0.953306287615
0.414821807833
0.508812952723
0.953306287615
0.414819465875
0.509760811751
0.898911497272
0.415039779735
0.512050058515
0.898911497272
0.414919908845
0.513903238774
1.0
0.415319548344
0.514866226546
1.0
0.415217355499
0.516299874744
1.0
0.414631793757
0.51790589455
1.0
0.414631793757
0.51790589455
1.0
0.414684363995
0.518253214647
1.0
0.415105971059
0.519217443373
1.0
0.414913284728
0.520466108971
1.0
0.415097414295
0.520869813323
1.0
0.415218083843
0.521790281631
1.0
0.415438697892
0.523439758062
0.993779571686
0.415436462296
0.524328384465
0.993779571686
0.415436462296
0.524328384465
0.993779571686
0.416290285464
0.524809749901
1.0
0.416363374137
0.526032991214
1.0
0.416656177203
0.527662252234
1.0
0.416666058254
0.528304773979
1.0
0.417143614571
0.529306032319
1.0
0.417262605572
0.530181757991
1.0
0.417962537046
0.530976626288
1.0
0.417983057691
0.531947457579
1.0
0.417639748777
0.533380390232
1.0
0.417639748777
0.533380390232
1.0
0.417784258181
0.534034349322
1.0
0.41806253757
0.535659987909
1.0
0.41818102417
0.536306351615
1.0
0.419290805914
0.536964552566
1.0
0.4195311906
0.538103371289
1.0
0.420570306713
0.539735914811
1.0
0.420445609393
0.539959769197
1.0
0.421738398893
0.540897907179
1.0
0.421738398893
0.540897907179
1.0
0.422026859902
0.541681872492
0.996809219417
0.4234102182
0.542852179527
0.996809219417
0.423465179324
0.543683952949
0.971893366736
0.423831032028
0.543694092055
0.971893366736
0.424092742813
0.544284893095
0.955384570212
0.424778820715
0.545274553659
0.955384570212
0.424863012209
0.545299625372
0.955384570212
0.424863012209
0.545299625372
1.0
0.425525335867
0.547534936348
1.0
0.425763571562
0.548011448872
0.981474891777
0.42787296849
0.548813032072
0.981474891777
0.428185351205
0.548650400803
1.0
0.428472855994
0.550729241225
1.0
0.428758236384
0.550647383912
1.0
0.429420338207
0.551408814569
1.0
0.429690269007
0.552203450406
0.993380312541
0.431789378623
0.553485179099
0.993380312541
0.431789378623
0.553485179099
0.993380312541
0.432280313959
0.553209964744
0.998309244397
0.433649098401
0.554051085215
0.998309244397
0.433925623417
0.553769293475
0.953856998657
0.436218387213
0.553857350741
0.953856998657
0.436550219215
0.553900525647
1.0
0.436854341182
0.556409299804
1.0
0.437253502434
0.556749242329
1.0
0.438398071983
0.557946290509
1.0
0.438398071983
0.557946290509
1.0
0.439009498685
0.557113716463
1.0
0.440567507778
0.557978201864
1.0
0.441029142801
0.557989079536
1.0
0.442047018195
0.559366381623
1.0
0.442277878172
0.559545699143
1.0
0.444099504231
0.560441618552
1.0
0.444636646403
0.560570337991
1.0
0.445942670308
0.562151073891
1.0
0.445942670308
0.562151073891
1.0
0.446373189097
0.561759206291
1.0
0.44820992519
0.563176271808
1.0
0.448444991991
0.563070933832
1.0
0.449094736488
0.563900508692
1.0
0.449666830989
0.564142614517
1.0
0.451233759824
0.564817007998
1.0
0.451774426669
0.565207243048
1.0
0.452990780858
0.567149511492
1.0
0.452990780858
0.567149511492
1.0
0.453365913703
0.566384835544
1.0
0.454051719801
0.567302868998
1.0
0.454535907943
0.567188558808
1.0
0.455620811962
0.56747221516
1.0
0.455936201053
0.567144576966
1.0
0.456253738618
0.569000651141
1.0
0.456514257766
0.569618152087
1.0
0.456514257766
0.569618152087
1.0
0.458130993318
0.570440949344
1.0
0.458617399869
0.570864485961
1.0
0.460159235601
0.571791274809
1.0
0.460775146127
0.571306392545
1.0
0.461432161968
0.572116013473
1.0
0.461604131946
0.571644439205
1.0
0.46275078718
0.572870132985
1.0
0.463082374624
0.573844492874
1.0
0.463485454739
0.57438798181
1.0
0.463485454739
0.57438798181
1.0
0.463732371216
0.574527660977
1.0
0.464049404538
0.574947081319
1.0
0.464143321918
0.574819483263
1.0
0.464985685333
0.575422890614
1.0
0.465264007951
0.575704771789
1.0
0.465863890773
0.577283153771
1.0
0.466279989337
0.577142262359
1.0
0.467125615258
0.576154456835
1.0
0.467125615258
0.576154456835
1.0
0.467233271083
0.576044967412
1.0
0.467201973467
0.577275695181
1.0
0.467500440051
0.577757663152
1.0
0.468079740601
0.578436015614
1.0
0.468356009097
0.578488541039
1.0
0.468746575425
0.578966616648
1.0
0.468653651141
0.5790262468
1.0
0.468653651141
0.5790262468
1.0
0.468674961622
0.579774798982
1.0
0.46880221536
0.580301896913
1.0
0.469551517911
0.580720444126
1.0
0.469927527012
0.580232120699
1.0
0.470322759992
0.580637967845
1.0
0.470104024335
0.58144847292
1.0
0.470781364863
0.58254826214
1.0
0.470939272546
0.582608151942
1.0
0.47065742701
0.582359837225
1.0
0.47065742701
0.582359837225
1.0
0.470540111304
0.583152971771
1.0
0.47072005464
0.583678623232
1.0
0.470594412102
0.58410422716
1.0
0.470807355341
0.584502226567
1.0
0.470762022146
0.584876757503
1.0
0.471280673751
0.584743877746
1.0
0.471280673751
0.584743877746
1.0
0.471370495903
0.585068199068
1.0
0.471173137965
0.585482942256
1.0
0.471039747835
0.585816115037
1.0
0.471556723671
0.58603842114
1.0
0.471707001364
0.586540586218
1.0
0.471561535643
0.587169140941
1.0
0.471463492429
0.587647242731
1.0
0.470574706995
0.586792730179
1.0
0.470345919922
0.58699480133
1.0
0.47205704788
0.587555215323
1.0
0.47205704788
0.587555215323
1.0
0.47211292518
0.587554806402
1.0
0.472153826084
0.58763806363
1.0
0.47231401375
0.58838197793
0.989628702072
0.475203034869
0.589235305993
0.989628702072
0.475016331327
0.589470318874
1.0
0.477501290932
0.591429395704
1.0
0.477568568564
0.592037745102
1.0
0.477444038415
0.592389316798
1.0
0.477444038415
0.592389316798
1.0
0.477368630225
0.592913013094
1.0
0.477715901744
0.5924632578
1.0
0.477793305565
0.592405584769
1.0
0.477830086915
0.593203379249
1.0
0.479164076335
0.589829739877
1.0
0.479411854146
0.590076984297
1.0
0.480213810865
0.588893827343
1.0
0.480213810865
0.588893827343
1.0
0.48130378877
0.590615173574
1.0
0.481226494826
0.590299341451
1.0
0.481595460069
0.590680260553
1.0
0.481390354696
0.591840707637
0.961533915007
0.481729113974
0.590357780085
0.961533915007
0.481689077832
0.590147913938
1.0
0.481912185549
0.591570675615
1.0
0.481988914744
0.59158948303
1.0
0.482019561793
0.591475352973
1.0
0.482019561793
0.591475352973
1.0
0.482129420222
0.591716855489
1.0
0.482672188735
0.592742571927
1.0
0.482609810777
0.593531192352
1.0
0.483381235578
0.594742964033
1.0
0.483440970654
0.594510946476
0.953606932519
0.48456056597
0.592978036342
0.953606932519
0.484569934114
0.593082965056
0.953606932519
0.484569934114
0.593082965056
0.932436726999
0.484381324486
0.594236213015
0.932436726999
0.484389983131
0.594992810689
1.0
0.484677067962
0.596807654189
1.0
0.484575651496
0.597553566791
0.95698328418
0.485105338262
0.596408013311
0.95698328418
0.485035792639
0.597397327318
0.981004407411
0.485335517311
0.599081085341
0.981004407411
0.485353481778
0.599390931695
1.0
0.485386398104
0.598891695861
1.0
0.485386398104
0.598891695861
1.0
0.485102828398
0.599377031547
1.0
0.485607818201
0.600459738612
1.0
0.485837869979
0.600699776561
1.0
0.486270635699
0.601368061216
1.0
0.486504067637
0.601014126689
0.999251494343
0.48732141107
0.600691045951
0.999251494343
0.4870094087
0.601637272866
1.0
0.486516529649
0.602226557811
1.0
0.486516529649
0.602226557811
1.0
0.486763415689
0.602201430916
1.0
0.48752067069
0.600565680562
1.0
0.487583640742
0.60046235034
1.0
0.487866043326
0.601359659921
1.0
0.488054328802
0.600259116745
1.0
0.488033419979
0.599433348313
1.0
0.488212092959
0.598745290399
1.0
0.488212092959
0.598745290399
1.0
0.488366835873
0.598979912236
1.0
0.488604377191
0.598276395186
0.994862696468
0.489396111069
0.597736309915
0.994862696468
0.489619727712
0.596691922762
1.0
0.489468485208
0.595263444064
1.0
0.489668072126
0.595499322189
1.0
0.489525810812
0.596083796495
1.0
0.489641254166
0.595325233862
0.97830939728
0.490618426793
0.595520103007
0.97830939728
0.490618426793
0.595520103007
0.97830939728
0.490853908175
0.594467085725
0.917844737748
0.491235069404
0.593964933012
0.917844737748
0.491609098502
0.594283611582
1.0
0.490865092544
0.593979564559
1.0
0.490950411093
0.59333201311
0.934990136162
0.491419730042
0.593489162502
0.934990136162
0.49173145944
0.592185004304
0.934990136162
0.49173145944
0.592185004304
1.0
0.490960574034
0.591975451331
1.0
0.490914875481
0.591891560693
1.0
0.49182466072
0.593338224628
1.0
0.49205597007
0.592577197513
1.0
0.491790204152
0.592211831147
0.998325670531
0.491855309988
0.590608167379
0.998325670531
0.491371971162
0.589192974479
0.998325670531
0.491371971162
0.589192974479
1.0
0.491741204797
0.590014835541
1.0
0.492352282483
0.589279355186
1.0
0.492476282241
0.588593272723
1.0
0.492406371257
0.589627149962
0.982087685137
0.492214287045
0.58859498174
0.982087685137
0.491948212488
0.58786040451
0.963509962616
0.492040065052
0.587758056375
0.963509962616
0.491674167838
0.586944434788
1.0
0.491876712398
0.586825865492
1.0
0.491876712398
0.586825865492
1.0
0.491993352082
0.586822558864
1.0
0.492404837769
0.585822207145
1.0
0.492347207288
0.585302032108
1.0
0.492375766334
0.585224942739
1.0
0.492326088579
0.585176229947
1.0
0.49243643248
0.585501118869
1.0
0.492164558311
0.584834951507
1.0
0.492325404423
0.583461191814
1.0
0.492325404423
0.583461191814
1.0
0.49263158571
0.583834879921
0.948755389541
0.492437197418
0.583098721145
0.948755389541
0.492358652262
0.582025098506
1.0
0.492676758233
0.582615913278
1.0
0.492377292684
0.582532359071
1.0
0.492452442821
0.581788433178
1.0
0.492434145203
0.581178134789
1.0
0.492688677423
0.580150249701
1.0
0.492692367771
0.579576138676
1.0
0.492692367771
0.579576138676
1.0
0.492601874319
0.579631831411
1.0
0.492472761952
0.579647173184
1.0
0.492471930869
0.579038541526
1.0
0.492311322624
0.578347759539
0.926263557691
0.492501721806
0.577616784222
0.926263557691
0.492402526462
0.577378106089
1.0
0.492396741415
0.576958029998
1.0
0.492396741415
0.576958029998
1.0
0.492619849169
0.576228396054
1.0
0.492883957703
0.575596367139
1.0
0.492875745747
0.575779432991
1.0
0.492998193395
0.57559248034
1.0
0.493250572841
0.575907863228
1.0
0.493234777116
0.575276264943
1.0
0.493234777116
0.575276264943
1.0
0.493146444405
0.574512655866
1.0
0.493041445049
0.573550442478
1.0
0.49275502143
0.573385539106
