1.0
0.659976809403
0.314891670923
1.0
0.659829864469
0.315326725446
1.0
0.659829864469
0.315326725446
1.0
0.659819042998
0.315806415891
1.0
0.659634418781
0.315896914953
1.0
0.659540824631
0.316321707215
1.0
0.659573459308
0.316643032303
1.0
0.659421530494
0.317091394556
1.0
0.659468988553
0.317612181937
1.0
0.659212919096
0.317274840622
1.0
0.659037562859
0.317490904396
1.0
0.658607024957
0.316808166922
1.0
0.658607024957
0.316808166922
1.0
0.658704225959
0.316901400437
1.0
0.659081798214
0.31772102662
1.0
0.659157805236
0.318178118305
1.0
0.659226586862
0.318310096951
1.0
0.659149656193
0.318558826348
1.0
0.658831434766
0.317958188865
1.0
0.658903384249
0.318110633857
1.0
0.658903384249
0.318110633857
1.0
0.658926050258
0.31861507625
1.0
0.658834192885
0.31844439321
1.0
0.658818535559
0.318456587454
1.0
0.65877024382
0.318050305955
1.0
0.658913181509
0.317938091106
1.0
0.658901514987
0.318045228089
1.0
0.659062904521
0.318400414792
1.0
0.659365056298
0.317263980626
1.0
0.659365056298
0.317263980626
1.0
0.658939456116
0.315931303572
1.0
0.658999944744
0.316742136695
1.0
0.659125128547
0.317239859402
1.0
0.659082864184
0.316749995189
1.0
0.659000456965
0.316039923145
1.0
0.659042106279
0.315575146501
1.0
0.658940189132
0.315724855311
1.0
0.658973963419
0.315564976632
1.0
0.658973963419
0.315564976632
1.0
0.658618345898
0.314334361686
1.0
0.658437273227
0.313900537632
1.0
0.658283865598
0.313869269468
1.0
0.658332815925
0.314449529797
1.0
0.657721801913
0.312666158853
1.0
0.657709577088
0.312363673794
1.0
0.657631092902
0.31249528422
1.0
0.6578209402
0.312214425391
1.0
0.6578209402
0.312214425391
1.0
0.657709285563
0.311741090543
1.0
0.657807479445
0.311727055172
1.0
0.657705012225
0.31217614031
1.0
0.65779630302
0.312033525357
1.0
0.657486048062
0.311944312339
1.0
0.657404408277
0.312381583073
1.0
0.657276059495
0.31316275085
1.0
0.657159482907
0.313094349507
1.0
0.657053981146
0.313940121683
1.0
0.657053981146
0.313940121683
1.0
0.657148458414
0.313922246122
1.0
0.657268243632
0.314559486444
1.0
0.657624268116
0.315338320639
1.0
0.657395499628
0.315260905017
1.0
0.657243711155
0.315579478443
1.0
0.657175985901
0.315960236609
1.0
0.657218005718
0.316460218813
1.0
0.657218005718
0.316460218813
1.0
0.657001016604
0.316624920774
1.0
0.657056343525
0.316628565985
1.0
0.657024244525
0.316500850449
1.0
0.657057545078
0.317032709083
1.0
0.657055762267
0.317790942832
1.0
0.656729264355
0.318338368949
1.0
0.656917222966
0.319199485079
1.0
0.657193601934
0.31852564607
1.0
0.657193601934
0.31852564607
1.0
0.656966417834
0.318770469957
1.0
0.656824093444
0.319618268402
1.0
0.657036298894
0.320426839446
1.0
0.657040993222
0.321295043148
1.0
0.657386933403
0.322337163079
1.0
0.657526028729
0.3221229464
1.0
0.657165129492
0.320973054571
1.0
0.657211500831
0.321087020628
1.0
0.657211500831
0.321087020628
1.0
0.657644102131
0.321532348592
1.0
0.657918245208
0.320542687518
1.0
0.658387211129
0.321203462284
1.0
0.658648470007
0.321034543977
1.0
0.658643395242
0.321175655099
1.0
0.658669776259
0.320855319127
1.0
0.65907732518
0.321473023005
1.0
0.659190256051
0.321412135601
1.0
0.659190256051
0.321412135601
1.0
0.659266908162
0.321144287423
1.0
0.659618659805
0.320404194563
1.0
0.659784424359
0.320651857345
1.0
0.659933613668
0.320175592483
1.0
0.660104071231
0.319977694812
1.0
0.660370190595
0.319274861146
1.0
0.66047191235
0.319404487374
1.0
0.660626036568
0.31972888584
1.0
0.660626036568
0.31972888584
1.0
0.660807298561
0.319666653963
1.0
0.661059334831
0.318994873092
1.0
0.661300966652
0.318923189112
1.0
0.661866402291
0.317769355811
1.0
0.661920680131
0.318072965463
1.0
0.662106469263
0.316746475481
1.0
0.662715516765
0.317573023307
1.0
0.66300272262
0.317918584948
1.0
0.66300272262
0.317918584948
1.0
0.662767789705
0.316842940898
1.0
0.662840957838
0.316284324952
1.0
0.663002864573
0.317031366478
1.0
0.663224897824
0.316831613174
1.0
0.663556322467
0.31698982642
1.0
0.663583862087
0.316816367374
1.0
0.663449336553
0.316988376569
1.0
0.663707803189
0.317521997385
1.0
0.663707803189
0.317521997385
1.0
0.663884379394
0.318948233638
1.0
0.663916299656
0.318729724317
1.0
0.664083088885
0.319222382354
1.0
0.66416998477
0.320057454205
1.0
0.664101791496
0.319633699778
1.0
0.664236485162
0.319976661642
1.0
0.664247941861
0.321259205418
1.0
0.664054694294
0.32176066943
1.0
0.664054694294
0.32176066943
1.0
0.664051004388
0.321427313125
1.0
0.664114825999
0.321460666086
1.0
0.664240445961
0.322852113443
1.0
0.664327136648
0.323875851121
1.0
0.664089624031
0.323730241225
1.0
0.664101372169
0.323085407514
1.0
0.663909969766
0.323075618344
1.0
0.664254559212
0.322975382919
1.0
0.664254559212
0.322975382919
1.0
0.664192260149
0.322389721529
1.0
0.663811995871
0.322705580359
1.0
0.663585820513
0.321824389458
1.0
0.663652803048
0.321807314311
1.0
0.663301013046
0.321623100191
1.0
0.66312035848
0.322065422248
1.0
0.662900840763
0.321834652636
1.0
0.662824851975
0.321040918171
1.0
0.662824851975
0.321040918171
1.0
0.662351503837
0.320083569453
1.0
0.66256310105
0.319907010246
1.0
0.662370703881
0.319266510128
1.0
0.661807869274
0.319435096761
1.0
0.661094246366
0.318616424908
1.0
0.660991356898
0.319076817485
1.0
0.660588796367
0.317681928348
1.0
0.660270600101
0.317712328597
1.0
0.660270600101
0.317712328597
1.0
0.660198775055
0.317569857006
1.0
0.660142500642
0.316886946944
1.0
0.659595089394
0.315425163872
1.0
0.65919299118
0.31639265675
1.0
0.658735110429
0.316068300405
1.0
0.658521522059
0.31579974626
1.0
0.657812332055
0.314728714757
1.0
0.657377047277
0.314399840528
1.0
0.657377047277
0.314399840528
1.0
0.656677565988
0.313881299728
1.0
0.65651681812
0.313736425192
1.0
0.656003337616
0.312845836216
1.0
0.655794290616
0.312813106956
1.0
0.655019433911
0.311501101637
1.0
0.65465243222
0.311714427435
1.0
0.65384774287
0.310390926156
1.0
0.653070410132
0.312101092109
1.0
0.653070410132
0.312101092109
1.0
0.652038676436
0.310154916689
1.0
0.651541671942
0.311638661657
1.0
0.650481483396
0.311000022956
1.0
0.649993982172
0.311860338298
1.0
0.649295440503
0.311693792667
1.0
0.648961051114
0.312581882217
1.0
0.64770245723
0.311280825552
1.0
0.646994914589
0.312261073165
1.0
0.646994914589
0.312261073165
1.0
0.645908467916
0.3125736456
1.0
0.64512104769
0.314759147738
1.0
0.644187786501
0.314736030575
1.0
0.644005061521
0.315723035027
1.0
0.642676088238
0.315716748448
1.0
0.641842109392
0.317936337252
1.0
0.640448056738
0.317259446846
1.0
0.640448056738
0.317259446846
1.0
0.639538475335
0.319196059802
1.0
0.638561968152
0.320418861304
1.0
0.637997805744
0.323204193576
1.0
0.636251240999
0.324186686602
1.0
0.635478992963
0.326652682768
1.0
0.633817763463
0.32740246611
1.0
0.632527607568
0.331191991398
1.0
0.630520337369
0.331951570708
1.0
0.629729453849
0.335111981849
1.0
0.629729453849
0.335111981849
1.0
0.627941970934
0.335717295421
1.0
0.627402394087
0.338800932931
1.0
0.625255835954
0.33945187867
1.0
0.623848574432
0.34318057125
1.0
0.622144088535
0.342811039154
1.0
0.621111085534
0.347716557158
1.0
0.618776803308
0.3477010695
1.0
0.617421098004
0.350965206627
1.0
0.617421098004
0.350965206627
1.0
0.614752838338
0.351522670236
1.0
0.613254731259
0.355727980723
1.0
0.610240792553
0.354941318407
1.0
0.608674956742
0.358738531412
1.0
0.605641326336
0.357282480581
1.0
0.604263177994
0.360671455766
1.0
0.601067083713
0.358776651669
1.0
0.599238795162
0.362842166224
1.0
0.599238795162
0.362842166224
1.0
0.595525233558
0.360737631916
1.0
0.593362895316
0.365193704615
1.0
0.589669541349
0.362984781758
1.0
0.587928192708
0.366579754982
1.0
0.585114431422
0.365735350343
1.0
0.583074078359
0.369552240802
0.917503676912
0.581350182901
0.368435861141
0.917503676912
0.579416436824
0.372575550273
0.917503676912
0.579416436824
0.372575550273
0.846396984021
0.577351376836
0.37160845951
0.846396984021
0.575320031289
0.375271453466
0.877084842884
0.572362715059
0.373574432569
0.877084842884
0.570215017562
0.376818472012
0.99
0.557442393638
0.364420327463
0.99
0.555974278996
0.367010231533
1.0
0.552551398607
0.36573796452
1.0
0.550533901611
0.369029939631
1.0
0.550533901611
0.369029939631
1.0
0.547188402431
0.368544733719
1.0
0.545268024604
0.371932189247
1.0
0.541703842426
0.368542818806
1.0
0.540309659685
0.37105834333
1.0
0.537035736289
0.368506373397
1.0
0.53533896289
0.371608866488
1.0
0.532117819112
0.370537349407
1.0
0.530690815412
0.37202155388
1.0
0.530690815412
0.37202155388
0.96930293197
0.528654108481
0.370713341839
0.96930293197
0.527251124803
0.372431069701
0.818171213348
0.525133346015
0.37248599774
0.818171213348
0.523245397689
0.373626080117
0.99
0.512822306039
0.358132033847
0.99
0.511175194732
0.360032483861
1.0
0.508450055718
0.358195758673
1.0
0.507134102652
0.358084615725
1.0
0.507134102652
0.358084615725
1.0
0.501631183883
0.348114513231
1.0
0.500431292674
0.349048127611
1.0
0.497016701961
0.345233328996
1.0
0.495656690158
0.345992353888
1.0
0.492060210775
0.340535220401
1.0
0.490410393365
0.341206059764
1.0
0.487205592626
0.336011071054
1.0
0.486136403853
0.335335949514
1.0
0.486136403853
0.335335949514
1.0
0.483390101176
0.33102636967
1.0
0.481892777416
0.331952558334
1.0
0.470751874395
0.29663497913
1.0
0.470012109301
0.297086719509
1.0
0.463991469796
0.287144657329
1.0
0.463497410627
0.285906821752
1.0
0.461073521686
0.277577862802
1.0
0.460618367995
0.276483763501
1.0
0.460618367995
0.276483763501
1.0
0.455481998872
0.266554231577
1.0
0.454937675711
0.264867520136
1.0
0.451914191803
0.258309103816
1.0
0.451375215278
0.256334894363
1.0
0.448656834658
0.248954994502
1.0
0.448251518139
0.248147716083
1.0
0.445900200865
0.243702520408
1.0
0.445726915056
0.241736915324
1.0
0.445726915056
0.241736915324
1.0
0.444524945937
0.237202501247
1.0
0.444463060619
0.236117130531
1.0
0.443127709911
0.232073957586
1.0
0.442981257114
0.230558431198
1.0
0.442798904353
0.228612665452
1.0
0.44270466293
0.226969184732
1.0
0.44224076477
0.22373316798
1.0
0.44224076477
0.22373316798
1.0
0.442643154838
0.221402973746
1.0
0.442029199125
0.218358694725
1.0
0.442008450861
0.216616557071
1.0
0.441822708391
0.215663388238
1.0
0.441899831441
0.213972141001
1.0
0.441534801891
0.212169619612
1.0
0.442085736123
0.209748191254
1.0
0.442220107593
0.207700000515
1.0
0.442413561497
0.206535379491
1.0
0.442413561497
0.206535379491
1.0
0.443365912625
0.205741351336
1.0
0.443630580735
0.204511092042
1.0
0.443563722559
0.203369671513
1.0
0.444018126614
0.200429853148
1.0
0.445185953463
0.199507544796
1.0
0.445823793952
0.196911543037
1.0
0.446388596251
0.197037444756
1.0
0.446885531752
0.19414234021
1.0
0.446885531752
0.19414234021
1.0
0.448267835604
0.194136926684
1.0
0.449047919454
0.190215751408
1.0
0.450273344813
0.190539123141
1.0
0.450618160879
0.188606640611
1.0
0.451524788936
0.186067810824
1.0
0.451936026609
0.183154609043
1.0
0.453518459805
0.184082822763
1.0
0.45420447994
0.181319558998
1.0
0.45420447994
0.181319558998
1.0
0.455368332544
0.180777665327
1.0
0.456243747143
0.176587166315
1.0
0.458061852965
0.175286721902
1.0
0.458455405405
0.172901324406
1.0
0.457133986429
0.170748591444
1.0
0.454840285793
0.17458325672
0.99
0.43885954541
0.155770249154
0.919912402236
0.429288044471
0.179639287664
0.919912402236
0.429288044471
0.179639287664
0.868122178398
0.426279774338
0.176595402012
0.868122178398
0.416020776333
0.208477974389
0.99
0.350730482142
0.176728148001
0.99
0.342824102748
0.204442111061
0.99
0.336511693633
0.229681263841
0.99
0.336511693633
0.229681263841
0.99
0.336511693633
0.229681263841
0.99
0.336511693633
0.229681263841
0.99
0.336761160259
0.267712409359
0.99
0.301482464636
0.281296798499
1.0
0.301816442406
0.284077525696
1.0
0.301816442406
0.284077525696
1.0
0.302370891237
0.284780245725
1.0
0.303064642432
0.284517726129
1.0
0.304478762542
0.287612365288
1.0
0.305452014218
0.287309479279
1.0
0.307420301477
0.28760287519
1.0
0.307420301477
0.28760287519
1.0
0.309465580955
0.287954932092
1.0
0.310444284238
0.286534854015
1.0
0.326751772849
0.23375585528
1.0
0.327098612405
0.232182895157
1.0
0.327459410149
0.23019007116
1.0
0.327459410149
0.23019007116
1.0
0.327868392937
0.228215549013
1.0
0.328132950684
0.22656193263
1.0
0.32844505589
0.224956427636
1.0
0.328899611123
0.22311483601
1.0
0.329255824998
0.221933061211
1.0
0.329597244101
0.221107665832
1.0
0.330099563955
0.219206847514
1.0
0.330586289802
0.21995872401
0.991295681184
0.330878513535
0.218398547781
0.991295681184
0.332117368161
0.220036384856
0.991295681184
0.332117368161
0.220036384856
0.979593548601
0.332486120017
0.2185179528
0.979593548601
0.333482201823
0.222395062547
1.0
0.333991132042
0.220230036964
1.0
0.335397244805
0.223525694349
0.95692866328
0.335780503634
0.222188865719
0.95692866328
0.338420008361
0.225513540689
0.972666562221
0.338896297748
0.223822531474
0.972666562221
0.338896297748
0.223822531474
0.972666562221
0.340363378519
0.225313519319
0.979388207908
0.340908083051
0.223769932518
0.979388207908
0.342496398443
0.226616812012
0.984425821529
0.342974370445
0.223633785924
0.984425821529
0.346906047446
0.22828358558
0.963958379994
0.347236385936
0.229611860096
0.923369507375
0.350953883088
0.235405307925
0.923369507375
0.350953883088
0.235405307925
0.923369507375
0.351515140726
0.250207741485
0.951253034069
0.370413138119
0.305286365273
0.98444026514
0.371380512278
0.317576027608
0.98444026514
0.370799815234
0.321918429531
0.93238199914
0.370597900893
0.326022087098
0.93238199914
0.370400578891
0.329488879934
1.0
0.370823366088
0.329594061521
1.0
0.373377565403
0.332683739723
0.928723315843
0.374455591835
0.329010968455
0.928723315843
0.379430448673
0.332020882726
0.928723315843
0.379430448673
0.332020882726
