0.896550104554
33.6529891296
35.9969779717
0.896550104554
33.6529891296
35.9969779717
0.940681434329
90.3789610743
81.3646641362
0.914227364247
87.6327447738
79.7800681721
0.967184787567
100.0
100.0
0.925707653953
65.3537904177
60.6845271507
0.961651401536
52.0911747225
48.9677281996
0.961651401536
52.0911747225
48.9677281996
1.0
21.4518894031
20.7406030192
1.0
13.0506649446
12.695096807
1.0
13.8827670733
13.3109746842
1.0
13.6294839578
12.6596600048
1.0
13.6294839578
12.6596600048
1.0
11.6887616027
11.3780867675
1.0
12.6926827502
12.1012372086
1.0
12.3004809919
11.893466897
1.0
12.3004809919
11.893466897
1.0
15.4112304533
14.4264598491
1.0
10.99384442
10.450903033
1.0
12.3889535776
11.85725567
1.0
14.1585145924
13.3156933171
1.0
14.8244775243
13.8049106196
1.0
14.8244775243
13.8049106196
1.0
13.9233873615
13.0812189094
0.977798015468
13.9085879874
12.5945464684
1.0
16.859543956
15.7429832137
1.0
16.859543956
15.7429832137
1.0
13.4957363808
12.7190744215
1.0
17.7703003021
17.0636149454
0.915509930923
0.0571009103347
0.126058951685
0.915509930923
0.0574430352214
0.12587850282
0.915509930923
0.0542381672002
0.119081951589
0.915509930923
0.0562234211006
0.12660260131
0.915509930923
0.0577961573017
0.126040146651
0.915509930923
0.0565256466809
0.126245810628
0.915509930923
0.0567423886357
0.127160331997
0.915509930923
0.0567423886357
0.127160331997
0.915509930923
0.0556140740116
0.130392159735
0.915509930923
0.0442206487173
0.124347413702
0.915509930923
0.0805055212263
0.158098777721
0.864901692348
0.106302552338
0.180846254937
0.915509930923
0.180741123455
0.241393006614
0.915509930923
0.288845351223
0.315732077251
0.915509930923
0.38497156435
0.386554012826
1.0
0.404727078225
0.395761866246
1.0
0.404727078225
0.395761866246
1.0
0.525847419654
0.491621156615
0.934872772284
0.663395770146
0.603322775625
0.934872772284
0.701488769635
0.635065926046
0.979069575097
0.725779440463
0.653252534685
0.979069575097
0.63618321957
0.580785476713
0.944815428458
0.555333637434
0.514530623624
0.944815428458
0.555333637434
0.514530623624
0.944815428458
0.717574415414
0.641894273672
0.959892437839
0.626556826342
0.569942139726
0.959892437839
0.564993982836
0.521793155199
0.889747550126
0.553902583182
0.513216795957
0.889747550126
0.516991617015
0.484621989058
0.9312682994
0.536236723058
0.499469999382
0.9312682994
0.762529117881
0.670008779493
0.974108000906
0.824939648869
0.72386548862
0.974108000906
0.503824259071
0.474564203096
0.925550238641
0.561467409373
0.518812295352
0.925550238641
0.561467409373
0.518812295352
0.925550238641
0.713419294553
0.636669458709
0.890532059636
0.703014585511
0.625682219334
0.890532059636
0.658590198274
0.593447559758
0.867003780295
0.606282308602
0.553712407671
0.867003780295
0.654453843647
0.590633987698
0.933877900372
0.644854262136
0.584699804636
0.933877900372
0.732259380277
0.655864790792
0.93196112399
0.678733221012
0.614170214878
0.93196112399
0.678733221012
0.614170214878
0.93196112399
0.687039169076
0.621321390176
0.958581868852
0.706114210329
0.637962751882
0.958581868852
0.618398744104
0.565941931866
0.964131086582
0.653415360172
0.595494551362
0.974876968171
0.640025286622
0.586624721574
0.944620247452
0.59988985972
0.55314751555
0.944620247452
0.573012905977
0.531213188932
0.952257159964
0.58885139745
0.54455997915
0.952257159964
0.58885139745
0.54455997915
0.952257159964
0.675374976909
0.615242408949
0.936784259914
0.789200380188
0.710231035271
0.936784259914
0.824581962401
0.736569437996
0.881971348837
0.823550105363
0.735051044632
0.881971348837
0.741133848907
0.66570196704
0.90156163857
0.638006036047
0.580756056265
0.90156163857
0.490591546578
0.463378280174
0.870188432273
0.464965431859
0.443417233742
0.870188432273
0.464965431859
0.443417233742
0.870188432273
0.472447405931
0.449687168332
0.869850850048
0.469318709769
0.44725008291
0.869850850048
0.558393369512
0.517309084606
0.880334599619
0.571918577656
0.528289206057
0.880334599619
0.509128177079
0.478284241685
0.897857084975
0.503206232048
0.473604387743
0.897857084975
0.503206232048
0.473604387743
0.897857084975
0.696197692968
0.628878307185
0.874907928768
0.637748183336
0.582265314581
0.874907928768
0.496796722567
0.467936030954
0.892393498994
0.466348600333
0.443425956627
0.892393498994
0.400990256895
0.390875414168
0.884748343547
0.375671695967
0.371694942504
0.884748343547
0.344621117642
0.345477317283
0.891630266527
0.381226234513
0.373669622166
0.891630266527
0.484878768204
0.457850293857
0.872178171345
0.443997314856
0.424663042261
0.872178171345
0.443997314856
0.424663042261
0.872178171345
0.364953947201
0.361663083778
0.873139065928
0.418448158074
0.403982527263
0.873139065928
0.42504216961
0.409570242672
0.869508960255
0.373455659404
0.369382122287
0.869508960255
0.591592375017
0.544733245907
0.856226950855
0.657371685438
0.597868627755
0.856226950855
0.363656444291
0.362791443966
0.871247240517
0.352751101226
0.352697721728
0.871247240517
0.352751101226
0.352697721728
0.871247240517
0.557771805043
0.51759271448
0.879442474214
0.53520578555
0.499324685064
0.879442474214
0.495054762327
0.466569545344
0.857076650437
0.552884337064
0.513980890077
0.857076650437
0.377011113731
0.371477739348
0.850302395907
0.352176315536
0.353963335085
0.850302395907
0.380257325154
0.375780700161
0.843298837061
0.375048799556
0.372522315745
0.843298837061
0.375048799556
0.372522315745
0.843298837061
0.474328413463
0.451194812333
0.832821021996
0.440901906142
0.425488846186
0.832821021996
0.382980357193
0.379879017405
0.837170086059
0.442536650487
0.42577404156
0.837170086059
0.349148959948
0.351362103198
0.849878619964
0.317704091115
0.328440813168
0.849878619964
0.409577816777
0.399555037442
0.803687185595
0.426242521512
0.413375894523
0.803687185595
0.426242521512
0.413375894523
0.803687185595
0.484145962216
0.458581587673
0.801174340202
0.473758225691
0.450905206928
0.801174340202
0.423325226935
0.411198228918
0.820456418122
0.410814534891
0.402597489723
0.820456418122
0.46042443024
0.44118687138
0.820456418122
0.530926501989
0.495276605351
0.820456418122
0.374681862042
0.374837314717
0.899547227406
0.82936656634
0.771696897166
0.899547227406
0.82936656634
0.771696897166
0.899547227406
0.922652552358
0.856549197278
0.902677129375
0.918654712015
0.859205105948
0.902677129375
0.907754186294
0.850331687001
0.898462530558
0.956674387015
0.894212353493
0.898462530558
1.11516254868
1.0396467772
0.885752339813
1.16521256163
1.09167133063
0.885752339813
0.994565548774
0.935163286478
0.851944742658
0.987181209129
0.926184294233
0.851944742658
0.987181209129
0.926184294233
0.851944742658
1.04202433619
0.971606898574
0.870904251831
0.934879209701
0.87581982903
0.870904251831
1.00493556618
0.944227252113
0.905470619087
1.12828204565
1.06347414938
0.905470619087
1.05183504328
0.996148935121
0.909216676038
1.02112425389
0.965681361653
0.909216676038
0.962276694601
0.903981592856
0.909216676038
0.962276694601
0.903981592856
0.890565799821
1.00572764947
0.948978120534
0.890565799821
1.18045712926
1.11669149523
0.886861232027
1.12484541039
1.05665187849
0.886861232027
0.96173764825
0.9002012977
0.889193408168
0.899816754217
0.842010644594
0.889193408168
0.886420833318
0.837128083056
0.896821175301
0.959949334213
0.906835872876
0.896821175301
0.959949334213
0.906835872876
0.896821175301
1.1071100569
1.04642126995
0.849773208561
1.13874459958
1.0723765152
0.849773208561
0.864994943175
0.816618499817
0.834319793245
0.866570191683
0.816326036065
0.834319793245
1.0658826337
1.00774383389
0.844153078727
1.06875338102
1.0109322691
0.844153078727
1.20365755735
1.13662788918
0.871860015648
1.16809516581
1.10743897945
0.871860015648
1.04046565394
0.979515928225
0.904747937661
1.14292762777
1.08603065246
0.904747937661
1.14292762777
1.08603065246
0.904747937661
1.34913479088
1.30039945981
0.89116489808
1.30882965276
1.26443653134
0.89116489808
1.04555023618
1.00435009939
0.864646540306
1.07184627325
1.02700731639
0.864646540306
1.28910356823
1.23901540669
0.859617240501
1.36266163489
1.30973168101
0.859617240501
1.66772782754
1.60290413106
0.859617240501
1.66772782754
1.60290413106
0.89582572747
1.57705204765
1.52113626763
0.89582572747
1.44986521431
1.39606851063
0.919393416362
1.21791814583
1.16561101082
0.919393416362
0.993308102134
0.948101688821
0.890647397864
0.905421544388
0.86200777148
0.890647397864
0.865306634716
0.822085232366
0.866243561146
0.98279407722
0.935757645729
0.866243561146
0.844955039762
0.798981581505
0.925155887274
0.875468295727
0.829625963406
0.925155887274
0.875468295727
0.829625963406
0.925155887274
1.20603102146
1.15226052715
0.902476942957
1.1497916801
1.09220172286
0.902476942957
1.2128076884
1.14361494078
0.899251715542
1.01581549021
0.95359769479
0.899251715542
0.977233529421
0.92160447035
0.879131654941
0.981150118721
0.922573119789
0.879131654941
0.888980483009
0.831755489025
0.869704029386
0.941252961525
0.873411176293
0.869704029386
0.941252961525
0.873411176293
0.869704029386
1.01721322034
0.944632454293
0.855261158815
0.929444020323
0.861425984422
0.855261158815
1.12771262676
1.04788704689
0.828810832549
1.08342863833
1.00522848735
0.828810832549
0.991504449088
0.92287106687
0.870968135498
0.972248426752
0.902915757342
0.870968135498
0.9151380919
0.852858321842
0.884796292359
0.876914496594
0.815381002568
0.884796292359
0.876914496594
0.815381002568
0.884796292359
1.23767022322
1.15413662298
0.84216793617
1.45797990083
1.37016237687
0.84216793617
1.38294721665
1.3007187372
0.845535128378
1.29203912031
1.21576700998
0.845535128378
1.10565042105
1.04385821587
0.828953163753
1.21426143337
1.15207182753
0.828953163753
0.954282568546
0.907109192537
0.889538032067
0.916556817771
0.861682604962
0.889538032067
0.916556817771
0.861682604962
0.889538032067
1.06913787641
0.994915007326
0.817947780437
0.980512455239
0.906543082924
0.817947780437
1.38045372372
1.26540502802
0.817947780437
1.38045372372
1.26540502802
0.885416348651
3.21065354487
2.84548948902
0.885416348651
1.55746159235
1.38760158123
0.885416348651
0.616336431378
0.56655542729
0.885416348651
0.345623458793
0.347140071144
0.885416348651
0.322696903598
0.332071569943
0.885416348651
0.451203869421
0.433696075723
0.885416348651
0.418133321668
0.407792668183
0.885416348651
0.314669281322
0.326422931937
0.885416348651
0.36082268033
0.36255410436
0.885416348651
0.36082268033
0.36255410436
0.850827506846
0.397856444237
0.390580837019
0.850827506846
0.240482191784
0.272469330113
0.889648573957
0.22070387671
0.257451507757
0.877535150529
0.283506337474
0.306501477669
0.877535150529
0.29318046144
0.313242016304
0.913390657192
0.323169727665
0.3383640772
0.855996414197
0.332730033928
0.347661723516
0.855996414197
0.299260890456
0.315796260785
0.855996414197
0.299260890456
0.315796260785
0.865738053484
0.282404841237
0.303428245288
0.865738053484
0.403071043785
0.395592763956
0.807150214881
0.392809339496
0.390795699615
0.807150214881
0.509962029788
0.479198572391
0.829859979316
0.476635720177
0.454584984168
0.829859979316
0.29142059935
0.323307264701
0.827843599563
0.312803806954
0.339354386197
0.827843599563
0.259221596903
0.298456401829
0.827843599563
0.259221596903
0.298456401829
0.844622531773
0.274217461122
0.307706628386
0.844622531773
0.361217909343
0.373030493154
0.826916086927
0.374309230261
0.382404131343
0.826916086927
0.257023711622
0.298074288432
0.810138638727
0.249669353529
0.29394084667
0.810138638727
0.213133252472
0.271572229096
0.810138638727
0.213133252472
0.271572229096
0.82214255024
0.206131552185
0.265967636621
0.82214255024
0.300529577718
0.327523033382
0.858712821479
0.284323450882
0.312564690332
0.858712821479
0.380323881939
0.384886941415
0.847343207119
0.395654768505
0.396614846622
0.847343207119
0.276773802594
0.310333777187
0.817484160011
0.282618286131
0.311324199027
0.817484160011
0.393887554726
0.392325267046
0.823750645969
0.434352026611
0.422463312398
0.823750645969
0.321048375404
0.338703197939
0.823750645969
0.321048375404
0.338703197939
0.826633046782
0.319337106454
0.33872217151
0.826633046782
0.233175805214
0.27495318356
0.847150114896
0.226082131355
0.269016012793
0.847150114896
0.189851836205
0.245299659511
0.854763252695
0.163446805187
0.233482007132
0.854763252695
0.345759065273
0.36248617494
0.825635276503
0.314328168899
0.338149604842
0.825635276503
0.314328168899
0.338149604842
0.825635276503
1.21748885592
0.998410948425
0.813168603514
1.11667309124
0.917640599677
0.813168603514
3.41046939457
2.57177201563
0.838308397258
3.70299279831
2.74374399939
0.838308397258
2.39382364009
1.80575371709
0.814846200683
2.0356577758
1.54904087499
0.814846200683
1.2489965441
0.995248384255
0.832425310589
0.699171095315
0.602330145306
0.832425310589
1.22952003198
0.957769668163
0.832425310589
1.22952003198
0.957769668163
0.832425310589
0.766176672038
0.648689143408
0.832425310589
0.878710163572
0.718217985929
0.801395146471
1.00641270068
0.800991079187
0.801395146471
1.05468211934
0.835264842474
0.801395146471
1.05468211934
0.835264842474
0.801395146471
1.05468211934
0.835264842474
0.801395146471
1.05468211934
0.835264842474
1.0
8.40068402628
3.82146002242
1.0
8.02036333553
3.78957770047
0.986039946334
6.78968804976
3.28480209684
0.986039946334
6.78968804976
3.28480209684
0.979436991541
8.61282086276
4.22662180024
1.0
8.7838176755
4.27008474667
1.0
8.43744730564
4.11394259043
1.0
7.51587709913
3.53713250942
1.0
7.51587709913
3.53713250942
1.0
0.43717852757
0.512806938829
