1.0
0.611602809419
0.3611383729
1.0
0.611174257948
0.361616751783
1.0
0.610113740812
0.361414668042
1.0
0.60950609628
0.362795552174
1.0
0.609005307123
0.363307191429
1.0
0.608599570526
0.363358959318
1.0
0.608289027054
0.364254272895
1.0
0.607569647699
0.36583598465
1.0
0.606334122785
0.365314641286
1.0
0.605930084042
0.365561055128
1.0
0.605681305917
0.365655634523
1.0
0.605681305917
0.365655634523
1.0
0.605050883663
0.367594711837
1.0
0.603913826637
0.367116409919
1.0
0.603350308963
0.367286065821
1.0
0.60253184064
0.366917448387
1.0
0.602193129422
0.367716592237
1.0
0.602064228854
0.368149298245
1.0
0.602064228854
0.368149298245
1.0
0.601239354208
0.369371176905
1.0
0.600447063336
0.369051443289
1.0
0.600037335136
0.370597943879
1.0
0.602187708558
0.37410123212
1.0
0.601848609458
0.374762800856
1.0
0.60515156825
0.382175620269
1.0
0.604480933953
0.383123856047
1.0
0.607097644245
0.391439702553
1.0
0.607097644245
0.391439702553
1.0
0.606735529122
0.392416842275
1.0
0.608000166932
0.398468818786
1.0
0.608382404864
0.399761839842
1.0
0.606679764447
0.399640655057
1.0
0.608122273057
0.401878307811
1.0
0.606444056219
0.400350655879
0.990699060212
0.607610867937
0.404829040525
0.990699060212
0.607769846928
0.406213702264
0.990699060212
0.607769846928
0.406213702264
1.0
0.608669997813
0.411935646771
1.0
0.607753048381
0.410767828306
1.0
0.608576123538
0.414997387933
1.0
0.607833909634
0.414132210517
1.0
0.607916169065
0.415270204016
1.0
0.607861402686
0.416500366494
1.0
0.607719216869
0.417163157165
1.0
0.606829642168
0.415105252547
1.0
0.606829642168
0.415105252547
1.0
0.606432100116
0.415480530127
1.0
0.605837913142
0.416204421091
1.0
0.605553009516
0.415554862365
1.0
0.605161000754
0.414580748759
1.0
0.604465752573
0.415488065223
1.0
0.603779866313
0.415640858689
1.0
0.603139322117
0.416599559633
1.0
0.602541110222
0.416175503398
1.0
0.602541110222
0.416175503398
1.0
0.601921252272
0.417051261591
1.0
0.601022223834
0.41627817881
1.0
0.600442686367
0.416967004578
1.0
0.599911551613
0.416955413799
1.0
0.599598313612
0.417290949864
1.0
0.599141770903
0.417471692306
1.0
0.598447369059
0.418682755379
1.0
0.597961364451
0.418705357068
1.0
0.597436436487
0.418733523524
1.0
0.597436436487
0.418733523524
1.0
0.596607981798
0.417545889797
1.0
0.596295948866
0.418375545184
1.0
0.596218907336
0.418676642753
1.0
0.595791046321
0.419288843228
1.0
0.594892908952
0.418857495052
1.0
0.59421342613
0.420508436856
1.0
0.59363181832
0.419566656127
1.0
0.59363181832
0.419566656127
1.0
0.593155231264
0.420854899212
1.0
0.592789303759
0.420337311234
1.0
0.592091705138
0.420678250263
1.0
0.591770839421
0.420696079761
1.0
0.591378804871
0.421583296198
1.0
0.591068646881
0.421353061043
1.0
0.590441972194
0.421837861834
1.0
0.590144180894
0.421729848603
1.0
0.58990122571
0.422911835215
1.0
0.58990122571
0.422911835215
1.0
0.589527573694
0.422114226747
1.0
0.589230279633
0.423520531457
1.0
0.589085525667
0.421937634756
1.0
0.588652283169
0.421021155523
1.0
0.588408348476
0.422183508596
1.0
0.588114257172
0.422612475817
1.0
0.588117786285
0.42227892144
1.0
0.588117786285
0.42227892144
1.0
0.587937231428
0.422329505755
1.0
0.587296278441
0.420444702542
1.0
0.587049959951
0.42103609619
1.0
0.586573320469
0.419635591526
1.0
0.586368615705
0.419649226224
1.0
0.586625262433
0.420159996121
1.0
0.586222500234
0.420707902381
1.0
0.58572453451
0.42000038109
1.0
0.58572453451
0.42000038109
1.0
0.585618013159
0.420708450449
1.0
0.586088631308
0.421078501674
1.0
0.585854021315
0.421869984741
1.0
0.585573838307
0.421962150175
1.0
0.585617913927
0.421907018464
1.0
0.585807823706
0.420874822846
1.0
0.585837980617
0.42019551762
1.0
0.585872710948
0.420151387086
1.0
0.585808241991
0.419705869659
1.0
0.585808241991
0.419705869659
1.0
0.585790277756
0.418356953246
1.0
0.585802294536
0.41796041066
1.0
0.585837672727
0.417825729601
1.0
0.585864473346
0.417647865639
1.0
0.585638750211
0.417407940347
1.0
0.585559259656
0.416819607456
1.0
0.58572325369
0.417118143809
1.0
0.58572325369
0.417118143809
1.0
0.585645586155
0.416402687949
1.0
0.585588997639
0.415297507983
1.0
0.585722389089
0.415478088309
1.0
0.585474203925
0.414103817777
1.0
0.585431705073
0.413864651562
1.0
0.585747780024
0.413723217711
1.0
0.585830772086
0.413695902906
1.0
0.585406916661
0.412366061622
1.0
0.585482624083
0.410871763555
1.0
0.585482624083
0.410871763555
1.0
0.585599283763
0.410058353164
1.0
0.585711013053
0.410373906885
1.0
0.58605893816
0.41056039299
1.0
0.586137116778
0.410286851178
1.0
0.585952049777
0.410165331531
1.0
0.585881587437
0.409469487032
1.0
0.586085807898
0.409642725597
1.0
0.586085807898
0.409642725597
1.0
0.586119360842
0.409330687094
1.0
0.585789855607
0.408566533545
1.0
0.585879903331
0.408490502209
1.0
0.586316145677
0.4080407631
1.0
0.586349584895
0.407743435945
1.0
0.586113657752
0.407648801738
1.0
0.586294943905
0.40716119008
1.0
0.586516732396
0.407165879885
1.0
0.586516732396
0.407165879885
1.0
0.586475000164
0.407011566674
1.0
0.586089059142
0.405990876304
1.0
0.586073558725
0.404810771321
1.0
0.586316617039
0.404586381138
1.0
0.586353078427
0.40492269905
1.0
0.58609601251
0.40404537589
1.0
0.586150370209
0.403757024482
1.0
0.586487305646
0.403960740793
1.0
0.586454754532
0.403643176915
1.0
0.586454754532
0.403643176915
1.0
0.58651353072
0.40327931411
1.0
0.586626137853
0.4028341441
1.0
0.586965440046
0.403000927422
1.0
0.587057372176
0.402792613106
1.0
0.586562772794
0.40120805607
1.0
0.586555329558
0.400932515322
1.0
0.587030815879
0.400848693427
1.0
0.587030815879
0.400848693427
1.0
0.587037313758
0.400714235082
1.0
0.585385583201
0.398331073807
1.0
0.585398795244
0.397740537198
1.0
0.582371171179
0.395855327411
1.0
0.582310279605
0.395447182349
1.0
0.578763494191
0.391351442853
1.0
0.578788818825
0.390583362951
1.0
0.578788818825
0.390583362951
1.0
0.577117093312
0.389220577615
1.0
0.576793387106
0.389165313059
1.0
0.576679863815
0.38849737405
1.0
0.573815696437
0.391028547842
1.0
0.574437702777
0.391779079865
1.0
0.571403594503
0.393958958254
1.0
0.571098531659
0.392976541831
1.0
0.568881438944
0.395571161905
1.0
0.569559582341
0.395975830962
1.0
0.569559582341
0.395975830962
1.0
0.569364763288
0.396211732461
1.0
0.569700655206
0.395895713392
1.0
0.570361420685
0.395329544235
1.0
0.570551494828
0.394931031286
1.0
0.57121817103
0.393529307233
1.0
0.57129281181
0.393122288965
1.0
0.571255711624
0.392015176148
1.0
0.57133121965
0.39256185977
1.0
0.57133121965
0.39256185977
1.0
0.571447445972
0.393073440419
1.0
0.571465707344
0.391849499834
1.0
0.571679686004
0.391248555983
1.0
0.571787206814
0.391016994569
1.0
0.57222386473
0.390477860704
1.0
0.572144522632
0.390481244032
1.0
0.57238871556
0.390275797964
1.0
0.572720831263
0.390564219355
1.0
0.572722142078
0.389837222293
1.0
0.572722142078
0.389837222293
1.0
0.572771353693
0.38972788727
1.0
0.572908799765
0.389694655261
1.0
0.573098287615
0.389850759525
1.0
0.5732152625
0.389173478064
1.0
0.573230104679
0.389393739819
1.0
0.573405397733
0.389457476356
1.0
0.573240016096
0.388189930143
1.0
0.573240016096
0.388189930143
1.0
0.573355184192
0.387179732421
1.0
0.573412840647
0.386701013171
1.0
0.573497827537
0.386596201582
1.0
0.573368736442
0.386058169902
1.0
0.57360136381
0.384737204537
1.0
0.573466784835
0.384599092447
1.0
0.573838271389
0.384329517692
1.0
0.573838271389
0.384329517692
1.0
0.574229095221
0.384123055848
1.0
0.57435256265
0.383783167011
1.0
0.574409917946
0.384133764275
1.0
0.574292426043
0.38370002871
1.0
0.574092755234
0.382805272843
1.0
0.574256368309
0.382146219739
1.0
0.574354884074
0.382852212335
1.0
0.574479429402
0.382222613848
1.0
0.574252524173
0.382117388781
1.0
0.574252524173
0.382117388781
1.0
0.574069580461
0.381754180179
1.0
0.574298493496
0.381713425897
1.0
0.574839754255
0.381472122361
1.0
0.574874259853
0.381584191451
1.0
0.574880467293
0.381079847378
1.0
0.575392574874
0.381212422036
1.0
0.575394992779
0.381570493237
1.0
0.575174386117
0.381753317693
1.0
0.575174386117
0.381753317693
1.0
0.575449033319
0.38184525372
1.0
0.575652483622
0.381764584867
1.0
0.575656116918
0.38207265899
1.0
0.575333814801
0.381894013373
1.0
0.575478361366
0.382317595266
1.0
0.575460643156
0.380718081263
1.0
0.575610425853
0.380735345576
1.0
0.575348524335
0.378017095261
1.0
0.575348524335
0.378017095261
1.0
0.575329997204
0.378212304207
1.0
0.574562807017
0.371846347658
1.0
0.574599498633
0.371362202562
1.0
0.573433167558
0.366636840031
1.0
0.573648844844
0.366170958786
1.0
0.572983145757
0.361344563044
1.0
0.572786924118
0.360067559768
1.0
0.572711812816
0.358658189996
1.0
0.572711812816
0.358658189996
1.0
0.573224417438
0.353104381788
1.0
0.573302311249
0.354359342733
1.0
0.573305073634
0.349134483644
1.0
0.573206459727
0.349110486453
1.0
0.573212588034
0.345209716815
1.0
0.573175866976
0.345461800897
1.0
0.573045338764
0.343391252708
1.0
0.573045338764
0.343391252708
1.0
0.573355270386
0.346957600637
1.0
0.572774739953
0.346722483507
1.0
0.572516009633
0.347684403122
1.0
0.572466679511
0.348490734385
1.0
0.572074296064
0.349404599391
1.0
0.571900954096
0.350780937164
1.0
0.57240903428
0.3552368164
1.0
0.572510329548
0.357238698448
1.0
0.572564370248
0.359982165197
1.0
0.572564370248
0.359982165197
1.0
0.572489403175
0.361716110936
1.0
0.573033730668
0.364690079319
1.0
0.572952978053
0.367092702456
1.0
0.572758968158
0.368759137963
1.0
0.572707249262
0.371186972111
1.0
0.572614536679
0.372586346574
1.0
0.572489890134
0.375277094803
1.0
0.572087930439
0.376531972972
1.0
0.572087930439
0.376531972972
1.0
0.571949226265
0.38011751597
1.0
0.572148691281
0.38368596204
1.0
0.572093443979
0.386378514588
1.0
0.571935928147
0.387928624961
1.0
0.571868011205
0.390785705092
1.0
0.572249112852
0.393500957957
1.0
0.571888646009
0.396281088404
1.0
0.571888646009
0.396281088404
1.0
0.571693453063
0.397983008021
1.0
0.571764252352
0.400089925722
1.0
0.571916610874
0.402759200092
1.0
0.571837954466
0.405747208464
1.0
0.571793417918
0.407159772135
1.0
0.571759721721
0.410397558997
1.0
0.571805678493
0.411284866977
1.0
0.57183916969
0.413477906295
1.0
0.57231734239
0.415413258769
1.0
0.57231734239
0.415413258769
1.0
0.572378257457
0.417400179391
1.0
0.572218668004
0.417445084119
1.0
0.572662617152
0.419113340736
1.0
0.572917812628
0.420417882875
1.0
0.572915521605
0.421567354113
1.0
0.573541169921
0.422631362159
1.0
0.573858370015
0.42463330941
1.0
0.573858370015
0.42463330941
1.0
0.57407707734
0.42604114467
1.0
0.574286322292
0.426880000566
1.0
0.574722894963
0.427814158701
1.0
0.575056489048
0.42841122109
1.0
0.575845347176
0.430185716828
1.0
0.57621799913
0.431221628057
1.0
0.575934711561
0.430177419323
1.0
0.576537003033
0.430358841937
1.0
0.577244646617
0.432994769033
1.0
0.577244646617
0.432994769033
1.0
0.577905721339
0.433472491477
1.0
0.578064912248
0.433190825342
1.0
0.578964054658
0.432288902987
1.0
0.579079575067
0.433099515161
1.0
0.579316996831
0.433069201124
1.0
0.579847159919
0.434931871811
1.0
0.580291307003
0.434089880447
1.0
0.58101929291
0.436592001898
1.0
0.58101929291
0.436592001898
1.0
0.581632156982
0.436666518071
1.0
0.581990483022
0.43703684488
1.0
0.582828027559
0.436430683912
1.0
0.583138266569
0.438038849983
1.0
0.583766605034
0.438934994396
1.0
0.583771270373
0.43924751603
1.0
0.584171604641
0.439865124715
1.0
0.584841837155
0.44170123661
1.0
0.584841837155
0.44170123661
1.0
0.585572329729
0.441621358284
1.0
0.585632304968
0.44208424948
1.0
0.586077564153
0.442610141607
1.0
0.586179409684
0.443094568851
1.0
0.586557707942
0.442957584688
1.0
0.587191659301
0.443384085979
1.0
0.587768938732
0.443587043012
1.0
0.587799995626
0.443924747429
1.0
0.587799995626
0.443924747429
1.0
0.588311955546
0.443995367277
1.0
0.588741472818
0.444318922756
1.0
0.588961672127
0.444602220734
1.0
0.589365557665
0.445051134214
1.0
0.589866575239
0.445184747659
1.0
0.589852148386
0.445562892562
1.0
0.590756302038
0.44535069725
1.0
0.591138559574
0.445251290406
1.0
0.591138559574
0.445251290406
1.0
0.591446612277
0.444775345061
1.0
0.592214336608
0.446157686911
1.0
0.592523960083
0.445300671882
1.0
0.592746783081
0.444423053083
1.0
0.593537643168
0.443802735193
1.0
0.593124788262
0.44107791012
1.0
0.593124788262
0.44107791012
1.0
0.593636604944
0.440093314829
1.0
0.594631077539
0.442142300919
1.0
0.595180067428
0.441245435355
1.0
0.59553838067
0.441446385592
1.0
0.59605878155
0.441230703101
1.0
0.596679542377
0.442123956465
1.0
0.59767358877
0.441347556874
1.0
0.597739138916
0.440560243966
1.0
0.598423778558
0.439337666445
1.0
0.598132421804
0.441855888577
1.0
0.598132421804
0.441855888577
1.0
0.598494486155
0.441310853272
1.0
0.596065419094
0.443633121072
1.0
0.596623283727
0.442283168217
1.0
0.594735405629
0.447653543817
1.0
0.595300760746
0.446940852037
1.0
0.593995467412
0.453914580794
1.0
0.594192861386
0.454625373772
1.0
0.593940668556
0.46146144603
1.0
0.593940668556
0.46146144603
1.0
0.592051526413
0.467293841522
1.0
0.591859562972
0.469376318089
0.99
0.587237696111
0.485410770869
0.99
0.588143305684
0.487122894368
1.0
0.586289407677
0.496795083076
1.0
0.587043009317
0.498396023176
1.0
0.585951232037
0.505902313317
1.0
0.586630306198
0.506590743428
1.0
0.586630306198
0.506590743428
1.0
0.587295844608
0.511947319981
1.0
0.588290819145
0.512160699824
1.0
0.58962827079
0.512877883769
1.0
0.589956192311
0.512156364291
1.0
0.591089459519
0.511475224133
1.0
0.59153057656
0.51084240266
1.0
0.59246586783
0.5099398604
1.0
0.593086319514
0.508524876601
1.0
0.593086319514
0.508524876601
1.0
0.593830748136
0.507599105558
1.0
0.594123684834
0.507849561564
1.0
0.594938173838
0.506685914269
1.0
0.595680287198
0.505956477573
1.0
0.59651260966
0.504190445282
1.0
0.597449067594
0.503675749192
1.0
0.598267211221
0.502175282644
1.0
0.598749611365
0.503022738577
1.0
0.598749611365
0.503022738577
1.0
0.59973891874
0.500942323851
1.0
0.60065661038
0.50050783136
1.0
0.60122428163
0.498535910738
1.0
0.601661093723
0.498918110456
1.0
0.602371074766
0.497610190786
1.0
0.60386031144
0.498738307757
1.0
0.60473674826
0.497101545649
1.0
0.604850296275
0.497154630318
1.0
0.604850296275
0.497154630318
1.0
0.605381069764
0.496640554726
1.0
0.606519295313
0.49811576125
1.0
0.607190943069
0.497277025915
1.0
0.607849028614
0.498251978505
1.0
0.608903289115
0.496992271169
1.0
0.609429591211
0.498052581525
1.0
0.609755782682
0.497435389552
1.0
0.610513184938
0.498749288357
1.0
0.610513184938
0.498749288357
1.0
0.611514356078
0.497915693859
1.0
0.6124378933
0.499487156902
1.0
0.612988170019
0.498798357225
1.0
0.613522733558
0.500300781578
1.0
0.614005232894
0.5005440722
1.0
0.615401689592
0.503195565588
1.0
0.616537543148
0.503035238561
1.0
0.620001743546
0.509605994729
1.0
0.620001743546
0.509605994729
1.0
0.62044228042
0.509528530962
1.0
0.624310557937
0.517714623331
1.0
0.625089907394
0.517249532082
1.0
0.628578830966
0.526983992793
1.0
0.628864882172
0.527159839582
1.0
0.631586187762
0.534389535811
1.0
0.632711574457
0.536396962126
1.0
0.633505392195
0.540078610188
1.0
0.633505392195
0.540078610188
1.0
0.634827080272
0.544248269679
1.0
0.634779303202
0.544796940902
1.0
0.636497030682
0.549070123944
1.0
0.637520464786
0.550641366965
0.940123482487
0.638815974612
0.553880479066
0.940123482487
0.639223335107
0.554329059775
0.940123482487
0.639223335107
0.554329059775
1.0
0.640885240966
0.557939698073
1.0
0.640888620026
0.558279686658
1.0
0.642730218652
0.558935245718
1.0
0.642876542433
0.558929494032
1.0
0.643752866486
0.559142106408
1.0
0.644284590746
0.559968028778
1.0
0.644912845077
0.560148041242
1.0
0.644351530641
0.55981254263
1.0
0.644622416449
0.559769465888
1.0
0.644902420037
0.559206196659
1.0
0.644902420037
0.559206196659
1.0
0.645137495497
0.558844990257
1.0
0.645196448926
0.558553532989
1.0
0.645215065338
0.558840307641
1.0
0.644750298016
0.557601312136
1.0
0.64480893772
0.557642522434
1.0
0.645183188955
0.557782440002
1.0
0.645290252438
0.557944704227
1.0
0.645112139867
0.557318852907
1.0
0.645112139867
0.557318852907
1.0
0.645138729672
0.557115353186
1.0
0.644889610624
0.555452242949
1.0
0.644992257815
0.555229720515
1.0
0.644980015987
0.554789342679
1.0
0.644908987611
0.554756108427
1.0
0.644733978067
0.554339249999
1.0
0.644791336496
0.553792452404
1.0
0.644791336496
0.553792452404
1.0
0.645144691495
0.553871305708
1.0
0.645222126902
0.553767683852
1.0
0.645095425268
0.553263946669
1.0
0.645335340813
0.55276879256
1.0
0.64516015102
0.551858313674
1.0
0.645064107824
0.551452787236
1.0
0.644956170674
0.550282684604
1.0
0.645202885964
0.549889094743
1.0
0.64511301238
0.548824134688
1.0
0.64511301238
0.548824134688
1.0
0.644899765447
0.548538644747
1.0
0.64467546257
0.546750746235
1.0
0.644917906415
0.545648547406
1.0
0.645198743933
0.545903250923
1.0
0.645107158328
0.545054842396
1.0
0.645324499442
0.544948218914
1.0
0.64522333999
0.543869384742
1.0
0.645093092614
0.5424492937
1.0
0.645093092614
0.5424492937
1.0
0.645172522395
0.541378880686
1.0
0.645198286103
0.539670112515
1.0
0.645108958181
0.538750296663
1.0
0.645477684768
0.538905714355
1.0
0.645254055447
0.537653344803
1.0
0.645550228004
0.536255730417
1.0
0.64544946246
0.535653466074
1.0
0.645411634464
0.533725654054
1.0
0.645411634464
0.533725654054
1.0
0.645197029181
0.532200616047
1.0
0.645314064209
0.53141032194
1.0
0.64547973129
0.529797315606
1.0
0.645513138363
0.527780133612
1.0
0.645499764219
0.526684702649
1.0
0.645846179118
0.525659489522
1.0
0.64565305622
0.523614060678
1.0
0.645322155815
0.522105274202
1.0
0.645322155815
0.522105274202
1.0
0.645200815184
0.520900266816
1.0
0.645040250329
0.519029955133
1.0
0.645035178445
0.51740051151
1.0
0.644812328683
0.515066425436
1.0
0.644588201424
0.513694480234
1.0
0.64433126862
0.511760892168
1.0
0.643971029382
0.510330785405
1.0
0.644395962694
0.508971569726
1.0
0.644395962694
0.508971569726
1.0
0.643955177767
0.507455181354
1.0
0.644028918215
0.506749606665
1.0
0.643807518802
0.505123026571
1.0
0.643462243333
0.502468620966
1.0
0.642987308501
0.501068875422
1.0
0.643239272716
0.500270134824
1.0
0.643239272716
0.500270134824
1.0
0.642750212855
0.49867382573
1.0
0.642124710432
0.495316162201
1.0
0.641691827954
0.494121330225
1.0
0.641667761939
0.49314871957
1.0
0.641335042073
0.491156832918
1.0
0.641048776955
0.488614286468
1.0
0.640876748342
0.486910510348
1.0
0.640369526636
0.485348355435
1.0
0.639897975684
0.484105998538
1.0
0.64015340286
0.482294395813
1.0
0.64015340286
0.482294395813
1.0
0.639710483264
0.480823186246
1.0
0.639209023065
0.478000800852
1.0
0.639014513128
0.476138882484
1.0
0.63873578015
0.475044522485
1.0
0.638225725547
0.473462921865
1.0
0.637807385336
0.472272361521
1.0
0.637205114907
0.471439802662
1.0
0.637205114907
0.471439802662
1.0
0.637104579341
0.469873367214
1.0
0.636580950077
0.467713764111
1.0
0.636149789808
0.465141334622
1.0
0.635755926147
0.463549582804
1.0
0.635554997705
0.462918240801
1.0
0.635202360247
0.461533718365
1.0
0.635323536149
0.461490878248
1.0
0.634809210181
0.460000807125
1.0
0.634026445517
0.458429493046
1.0
0.634026445517
0.458429493046
1.0
0.633661527065
0.457541651786
1.0
0.632668390068
0.45634875964
1.0
0.631974713699
0.455080142358
1.0
0.627457979904
0.451896720808
1.0
0.626824340636
0.451044546015
0.99
0.616017087624
0.446066756906
0.99
0.616017087624
0.446066756906
0.99
0.615627087347
0.444995509021
0.99
0.603414528416
0.443129940807
0.99
0.602384852119
0.442554677716
0.99
0.592283642809
0.44655416081
0.99
0.58817868074
0.451372799392
0.99
0.581937160394
0.451063581091
0.99
0.569286943411
0.470753394154
0.99
0.568840772767
0.471829707552
0.99
0.55235920662
0.499564124853
0.99
0.55235920662
0.499564124853
0.99
0.552230254206
0.499212273146
0.99
0.539477345972
0.525106546012
0.99
0.53981807525
0.524125004644
0.99
0.532608521818
0.539482831165
0.99
0.531776251933
0.536499268709
1.0
0.530297835145
0.541658012057
1.0
0.530565794547
0.541113842305
1.0
0.532123036321
0.539887967198
1.0
0.531945765246
0.538409647871
1.0
0.531945765246
0.538409647871
1.0
0.532760351617
0.536395174389
1.0
0.532846326711
0.535391370136
1.0
0.533331068802
0.53442612996
1.0
0.533274454876
0.533183833981
1.0
0.533621685807
0.531766609078
1.0
0.533362384987
0.531234405781
1.0
0.533690244056
0.529821324287
1.0
0.533690244056
0.529821324287
1.0
0.534084340484
0.529762980219
1.0
0.534410455208
0.528583883059
1.0
0.533951143986
0.527468499859
1.0
0.53402108711
0.526166549962
1.0
0.534334346758
0.525691160239
1.0
0.534391669357
0.524970567192
1.0
0.534120733129
0.524035536414
1.0
0.534163291456
0.523327559406
1.0
0.534034954299
0.522641494407
1.0
0.534034954299
0.522641494407
1.0
0.534120032453
0.522131016755
1.0
0.534268754989
0.521170669582
1.0
0.534293441523
0.52034235956
1.0
0.534028885618
0.519549640155
1.0
0.53397714214
0.519249881733
1.0
0.534530048855
0.519704210519
1.0
0.534530048855
0.519704210519
1.0
0.534362693334
0.519296555822
1.0
0.534269592548
0.517790873016
1.0
0.534373074694
0.517030448242
1.0
0.534293123507
0.51613352465
1.0
0.534318694239
0.515585979733
1.0
0.534718290381
0.515511086777
1.0
0.534858653213
0.515246715553
1.0
0.534943312362
0.514373982729
1.0
0.535033317482
0.51364061797
1.0
0.535033317482
0.51364061797
1.0
0.534862209279
0.512372981308
1.0
0.534810244043
0.511673798267
1.0
0.534935800606
0.511087517417
1.0
0.53508451164
0.510635261086
