1.0
0.577771727602
0.69961104488
1.0
0.577788793931
0.69957926742
1.0
0.577551114757
0.69988942205
1.0
0.577568114182
0.699859704396
1.0
0.578475521973
0.698047492369
1.0
0.578478860177
0.698005076826
1.0
0.578818171481
0.697682230285
1.0
0.578818171481
0.697682230285
1.0
0.578832979111
0.697669616545
1.0
0.579081178551
0.69755261445
1.0
0.579082368673
0.697542328725
1.0
0.579302825285
0.6966242965
1.0
0.579329421586
0.6965995183
1.0
0.579707441346
0.69649019971
1.0
0.579710946369
0.696467604976
1.0
0.579482616862
0.696537007072
1.0
0.579501765671
0.696503170231
1.0
0.579501765671
0.696503170231
1.0
0.579828634409
0.696783016688
1.0
0.579829530338
0.696753527588
1.0
0.580302815404
0.696261109061
1.0
0.580311725387
0.696274377831
1.0
0.58020566259
0.696199949529
1.0
0.580207317571
0.696185172791
1.0
0.580093228447
0.695789149457
1.0
0.580085828407
0.695798247268
1.0
0.580085828407
0.695798247268
1.0
0.580205628793
0.695728755329
1.0
0.58020635364
0.695741441901
1.0
0.580387946737
0.695759739722
1.0
0.580405841706
0.695721930118
1.0
0.580573726217
0.695918233948
1.0
0.580560108257
0.695936767306
1.0
0.580357961706
0.695705340362
1.0
0.580385939284
0.695659483834
1.0
0.580385939284
0.695659483834
1.0
0.580617066499
0.696373263836
1.0
0.580618211159
0.696392773721
1.0
0.581738026289
0.696161305084
1.0
0.581724164483
0.696154838413
1.0
0.580956835501
0.695797620219
1.0
0.580960175047
0.695809836194
1.0
0.581337517944
0.696445838882
1.0
0.581334151344
0.696427282179
1.0
0.581334151344
0.696427282179
1.0
0.581828633261
0.69689679395
1.0
0.581827849268
0.6969071234
1.0
0.581335806473
0.696514943761
1.0
0.581339857952
0.696517989043
1.0
0.581745924207
0.696873030957
1.0
0.581775085003
0.696810690616
1.0
0.581493065114
0.696912458486
1.0
0.581487736529
0.696928917827
1.0
0.581487736529
0.696928917827
1.0
0.581966784455
0.696968988876
1.0
0.581950593937
0.69701982849
1.0
0.582267181075
0.697282851638
1.0
0.582292397289
0.697234989284
1.0
0.582306312683
0.697487362342
1.0
0.582306524786
0.697486019093
1.0
0.582549818894
0.698093284398
1.0
0.582549818894
0.698093284398
1.0
0.58253445626
0.698137489598
1.0
0.582990429991
0.698331259199
1.0
0.582992504584
0.698338856109
1.0
0.582774698405
0.698371248459
1.0
0.582784455644
0.698345937837
1.0
0.582853570481
0.698694372562
1.0
0.582846030237
0.698715966278
1.0
0.582747564116
0.698471962527
1.0
0.582748947402
0.698477017507
1.0
0.582748947402
0.698477017507
1.0
0.582896132876
0.698353728772
1.0
0.5828976909
0.698336613369
1.0
0.582835600078
0.698305608277
1.0
0.58284467528
0.698287031464
1.0
0.582676773095
0.698392093711
1.0
0.582667002892
0.698432443544
1.0
0.582639603282
0.698348240673
1.0
0.582639603282
0.698348240673
1.0
0.582639657829
0.698321724604
1.0
0.582518847358
0.698278194424
1.0
0.582525559706
0.698241809253
1.0
0.582154782645
0.697790447281
1.0
0.582161540823
0.697785279523
1.0
0.581966440267
0.697933736417
1.0
0.581968458433
0.697959866262
1.0
0.582034170747
0.698524962335
1.0
0.582034170747
0.698524962335
1.0
0.582016412369
0.698510012246
1.0
0.580911584764
0.697883721456
1.0
0.580899926741
0.69790593978
1.0
0.581055525871
0.698606112137
1.0
0.581060130646
0.698600167714
1.0
0.580566963271
0.69852944308
1.0
0.58056833634
0.698514810376
1.0
0.580542571585
0.698789983706
1.0
0.580535367109
0.698792078176
1.0
0.580274445752
0.698693964278
1.0
0.580274445752
0.698693964278
1.0
0.580271585827
0.698727167186
1.0
0.580118359056
0.698589410692
1.0
0.580107644794
0.69859305047
1.0
0.580006298728
0.698995702612
1.0
0.580009618102
0.699013938765
1.0
0.579743011196
0.698819109993
1.0
0.579744273425
0.698846095012
1.0
0.579744273425
0.698846095012
1.0
0.579686752744
0.699201119275
1.0
0.579686755888
0.699181385936
1.0
0.578757676485
0.700463910592
1.0
0.578748902805
0.700466815236
1.0
0.579053410879
0.699590671647
1.0
0.579039868466
0.699619327057
1.0
0.578692860307
0.699951743363
1.0
0.578694414169
0.699938948978
1.0
0.578296242864
0.699697342815
1.0
0.578296242864
0.699697342815
1.0
0.578291295341
0.699712644294
1.0
0.577666597368
0.700247753415
1.0
0.577641395379
0.700278207488
1.0
0.57726028673
0.700223211436
1.0
0.577255623662
0.700227577952
1.0
0.576955525385
0.700034457592
1.0
0.576951552345
0.700069803664
1.0
0.576951552345
0.700069803664
1.0
0.576293934271
0.700470884466
1.0
0.57628042758
0.700493279558
1.0
0.576106421766
0.70109350844
1.0
0.576097833906
0.701075802629
1.0
0.575917377575
0.699445665887
1.0
0.575905253153
0.699450693558
1.0
0.575035880313
0.698960603872
1.0
0.575035880313
0.698960603872
1.0
0.575032680364
0.698961353395
1.0
0.574647899667
0.698187966682
1.0
0.574651382719
0.69814781064
1.0
0.5747472642
0.698159285082
1.0
0.574739173398
0.698174473556
1.0
0.574501693821
0.697266077772
1.0
0.57451037532
0.697208457375
1.0
0.574021602679
0.696345078057
1.0
0.574026659622
0.696338122479
1.0
0.573651744367
0.696503795424
1.0
0.573651744367
0.696503795424
1.0
0.573657884473
0.696490517579
1.0
0.574175534091
0.69720820954
1.0
0.574170850035
0.697203280369
1.0
0.573403898506
0.694673481863
1.0
0.573410018872
0.694616860679
1.0
0.573161864912
0.694677149155
1.0
0.573161864912
0.694677149155
1.0
0.573165879941
0.694660763359
1.0
0.572923303564
0.693768199664
1.0
0.572918505553
0.693734591378
1.0
0.572685917146
0.69275216206
1.0
0.572693234925
0.692731517547
1.0
0.572485776065
0.692172211853
1.0
0.572481475134
0.692145289807
1.0
0.571962200232
0.691745745947
1.0
0.571962200232
0.691745745947
1.0
0.571970805834
0.691724108756
1.0
0.571833095892
0.691720617364
1.0
0.571832443447
0.69169067187
1.0
0.571542333014
0.692391316894
1.0
0.571545722506
0.692400760115
1.0
0.57150755169
0.691130289105
1.0
0.571517628501
0.691111221354
1.0
0.571488312284
0.69107986138
1.0
0.571488312284
0.69107986138
1.0
0.571488594481
0.691068670009
1.0
0.571338519136
0.690888201339
1.0
0.57134100626
0.690860891954
1.0
0.570667114521
0.690013488666
1.0
0.570653495998
0.69003309167
1.0
0.570724232124
0.690259381444
1.0
0.570721183107
0.690263291375
1.0
0.570195145438
0.690054844087
1.0
0.570195145438
0.690054844087
1.0
0.570209778446
0.690025384817
1.0
0.56947712365
0.690140102848
1.0
0.569473956521
0.690138317809
1.0
0.569530719275
0.690832804141
1.0
0.569512609523
0.69084162018
1.0
0.568976647008
0.691298725149
1.0
0.568972713596
0.691324711079
1.0
0.56867173793
0.691801635144
1.0
0.568667808711
0.691798966124
1.0
0.568667808711
0.691798966124
1.0
0.568312496906
0.692093668499
1.0
0.568309945864
0.692111241554
1.0
0.567942040976
0.692662335606
1.0
0.567929415221
0.692695395161
1.0
0.567382242251
0.693140429584
1.0
0.567369370173
0.693144624427
1.0
0.566644524104
0.694522280486
1.0
0.566620406484
0.694614769419
1.0
0.566620406484
0.694614769419
1.0
0.565466289287
0.694548312604
1.0
0.565454415031
0.694575880672
1.0
0.56600702618
0.697333687567
1.0
0.565977092673
0.697390399962
1.0
0.564851417407
0.697008804521
1.0
0.564831785803
0.6970629764
1.0
0.564599556905
0.698460172462
1.0
0.564599556905
0.698460172462
1.0
0.564574322687
0.698512948346
1.0
0.564153269305
0.698715917426
1.0
0.564158455859
0.698708983991
1.0
0.563733104113
0.69907054188
1.0
0.563708427311
0.69916959349
1.0
0.562990711467
0.699555822577
1.0
0.56295797794
0.699624648479
1.0
0.561994173693
0.70003357042
1.0
0.56198257191
0.700068687487
1.0
0.560674272077
0.700407449199
1.0
0.560674272077
0.700407449199
1.0
0.560657152401
0.70044197637
1.0
0.560802675688
0.70270892813
1.0
0.560801245013
0.702715902144
1.0
0.558976245708
0.702407788435
1.0
0.558939712197
0.702470958148
1.0
0.557676968721
0.703652972661
1.0
0.557676968721
0.703652972661
1.0
0.557647406147
0.703729671876
1.0
0.556402811772
0.705061098554
1.0
0.556376079588
0.705102852683
1.0
0.555063504052
0.705548957952
1.0
0.555038267951
0.705595005985
1.0
0.553081253343
0.70620041178
1.0
0.553026054268
0.70628098154
1.0
0.551767666145
0.707940762908
1.0
0.551767666145
0.707940762908
1.0
0.551742768427
0.707996610079
1.0
0.551522851672
0.709199827815
1.0
0.551486720513
0.709265340792
1.0
0.549462935943
0.70955763459
1.0
0.549415552146
0.709691009389
1.0
0.548897287292
0.711496256792
1.0
0.548893104524
0.71151918881
1.0
0.548105092578
0.712217631326
1.0
0.548105092578
0.712217631326
1.0
0.548045311677
0.712287587563
1.0
0.546546774857
0.713044581239
1.0
0.546531096351
0.713105827852
1.0
0.54540478818
0.715257428492
1.0
0.545371728678
0.71533241724
1.0
0.543898170214
0.715971481283
1.0
0.543872148031
0.716062994613
1.0
0.542641348912
0.717249936488
1.0
0.542641348912
0.717249936488
1.0
0.542608165638
0.717321320381
1.0
0.541258320305
0.717759530964
1.0
0.541223353914
0.717843731656
1.0
0.539772891695
0.719215086213
1.0
0.539754424605
0.71926969503
1.0
0.539935242291
0.720791816569
1.0
0.539906320304
0.720846537894
1.0
0.537285702404
0.721875876979
1.0
0.537273395485
0.721899072809
1.0
0.537273395485
0.721899072809
1.0
0.536245840383
0.722328487351
1.0
0.536198774575
0.722414686364
1.0
0.535322995947
0.723158010333
1.0
0.535283738177
0.723197151167
1.0
0.534125280747
0.724206731554
1.0
0.534105160397
0.724278648548
1.0
0.533256619963
0.72492790007
1.0
0.533256619963
0.72492790007
1.0
0.533223431162
0.725011606861
1.0
0.532537761913
0.725795138844
1.0
0.532527523642
0.725863536027
1.0
0.531729122604
0.726829495313
0.914398799519
0.531706176061
0.726900634186
0.914398799519
0.531695675095
0.726471425578
1.0
0.531703628112
0.726491088532
1.0
0.531544867152
0.728551594883
1.0
0.531544867152
0.728551594883
1.0
0.531539088393
0.72859556765
1.0
0.529986291468
0.728321543511
1.0
0.529972589267
0.728360479414
1.0
0.529873251065
0.729212678608
1.0
0.529837131366
0.729198737256
1.0
0.529510291412
0.729411323618
0.956311355023
0.529515073201
0.729499364554
0.956311355023
0.528603789336
0.72921681914
1.0
0.528597195023
0.729203790818
1.0
0.528597195023
0.729203790818
1.0
0.528582790565
0.729391260611
1.0
0.52858742416
0.729470638091
1.0
0.528159848907
0.729346030861
0.861948616222
0.528141618072
0.72921819603
0.861948616222
0.527749605185
0.729343725234
1.0
0.527763722415
0.729419706173
1.0
0.527841899355
0.727838828473
1.0
0.527841899355
0.727838828473
1.0
0.527834821414
0.72787954051
1.0
0.526711514899
0.727009510963
1.0
0.526709791617
0.727006782201
1.0
0.526246704482
0.725982340507
1.0
0.526261457476
0.725901599688
1.0
0.526281827253
0.725113244032
1.0
0.526257796534
0.725077464244
1.0
0.525341265525
0.723633556906
1.0
0.525340165391
0.723619832284
1.0
0.524717333356
0.721736934202
1.0
0.524717333356
0.721736934202
1.0
0.524739509903
0.721702841981
1.0
0.524610703204
0.720628182449
0.988680686064
0.524607299116
0.720560328193
0.988680686064
0.524147950727
0.719058920057
1.0
0.524174533225
0.719086160126
1.0
0.524197093615
0.716836399248
1.0
0.524197093615
0.716836399248
1.0
0.52421303306
0.716775459326
1.0
0.523747875858
0.717019643755
1.0
0.523736988316
0.716959590615
1.0
0.522837107722
0.715766964793
1.0
0.522833915219
0.715770083741
1.0
0.522354197328
0.714509659178
1.0
0.522350532461
0.714383762385
1.0
0.522232118253
0.713746588264
1.0
0.522232118253
0.713746588264
1.0
0.522238588893
0.713793537605
1.0
0.52147014153
0.713100198151
1.0
0.521471780498
0.713033091967
1.0
0.521358205148
0.71215984584
1.0
0.521363494999
0.712161831561
1.0
0.521251802713
0.712206467261
0.923843080581
0.521234438502
0.712086991467
0.923843080581
0.521164403413
0.712045408233
0.923843080581
0.521164403413
0.712045408233
1.0
0.521180489003
0.712102661132
1.0
0.520361116945
0.711181776758
1.0
0.520357024429
0.711167880548
1.0
0.520079283186
0.710932625606
1.0
0.520078329108
0.710915066597
1.0
0.520033047601
0.710234137012
1.0
0.52001732611
0.710187609058
1.0
0.51943168907
0.709313602932
1.0
0.51943168907
0.709313602932
1.0
0.519444850666
0.709329867041
1.0
0.519299709892
0.709121725073
1.0
0.519298489161
0.709115550492
1.0
0.519201272587
0.708345038803
1.0
0.519201433776
0.708333791924
1.0
0.518316265083
0.707289450576
1.0
0.518316649345
0.707243680594
1.0
0.518703714816
0.705918115433
1.0
0.518703714816
0.705918115433
1.0
0.518713337228
0.705879280175
1.0
0.518705178052
0.70499308331
1.0
0.51870699879
0.704950503585
1.0
0.51884042501
0.704177576349
1.0
0.518845294118
0.704165722089
1.0
0.51814929608
0.702885340117
1.0
0.518149572742
0.7028247007
1.0
0.518538588511
0.702876758795
1.0
0.518538588511
0.702876758795
1.0
0.518562692368
0.702832970538
1.0
0.518116475713
0.701945367956
1.0
0.518122443507
0.701886007315
1.0
0.517359145579
0.700166171307
1.0
0.517348725497
0.700159444752
1.0
0.516622639272
0.700529076002
1.0
0.516625554164
0.700522603285
1.0
0.515970199412
0.69718124174
1.0
0.515970199412
0.69718124174
1.0
0.515989368941
0.69712297946
1.0
0.517128694238
0.696630623518
1.0
0.517125743543
0.696571213058
1.0
0.517112330024
0.695821969637
1.0
0.517119845447
0.695780481229
1.0
0.517378599279
0.695605377785
1.0
0.517372704899
0.695568694995
1.0
0.522170486121
0.703954910625
1.0
0.522184488654
0.70394015348
1.0
0.522184488654
0.70394015348
1.0
0.529469656723
0.718856027821
1.0
0.529474353478
0.718861114738
1.0
0.533506546151
0.731799451489
1.0
0.533514010021
0.73201054584
1.0
0.538134087237
0.747269237842
1.0
0.538129362889
0.747724920665
1.0
0.539661553563
0.755996451416
1.0
0.539661553563
0.755996451416
1.0
0.539640215757
0.756467514756
1.0
0.540326299292
0.756427581527
1.0
0.540240628637
0.75700454222
1.0
0.539858513897
0.754041316799
1.0
0.539802166948
0.754360877552
1.0
0.539961626395
0.752640978161
1.0
0.539955463549
0.752723681013
1.0
0.539955463549
0.752723681013
1.0
0.540209802874
0.752434151523
1.0
0.5402318573
0.752377084478
1.0
0.540259457736
0.752052677175
1.0
0.54026357833
0.752023844233
1.0
0.540939175375
0.751491000172
1.0
0.540950721959
0.75147800765
1.0
0.540852065599
0.749834246182
1.0
0.540859200051
0.749773854234
1.0
0.541025900922
0.746541575682
1.0
0.541025900922
0.746541575682
1.0
0.541030793926
0.746547826295
