1.0
0.432881270577
0.376294832095
1.0
0.432808433457
0.37623887477
1.0
0.432890987232
0.37635807694
1.0
0.432872858986
0.376480512495
1.0
0.432781577371
0.376496750311
1.0
0.432848842271
0.37651679657
1.0
0.432979057986
0.376476347259
1.0
0.43311108959
0.37683846886
1.0
0.43304420875
0.377264521972
1.0
0.43304420875
0.377264521972
1.0
0.433381474934
0.377660410871
1.0
0.433243286901
0.377872378962
1.0
0.433022746938
0.37798416066
1.0
0.432980056742
0.377497576085
1.0
0.433392976677
0.377824863647
1.0
0.433429369595
0.378541547265
1.0
0.433520314336
0.378670600434
1.0
0.433499868311
0.378958355563
1.0
0.433499868311
0.378958355563
1.0
0.433726325955
0.378805408067
1.0
0.433722150678
0.379064194632
1.0
0.434201569883
0.380017722282
1.0
0.434193976415
0.379895922815
1.0
0.434049237529
0.379631448571
0.997816367695
0.433951038394
0.37974531726
0.997816367695
0.43404278712
0.379505404073
1.0
0.434133408291
0.379497727072
1.0
0.434133408291
0.379497727072
1.0
0.434938836297
0.380049156064
1.0
0.434954737916
0.380093246973
1.0
0.435095272582
0.380316475515
1.0
0.435023794959
0.380218986445
1.0
0.435541859258
0.380740787518
1.0
0.435666568075
0.380955691043
1.0
0.43568078827
0.380920599172
1.0
0.435718561492
0.380305494496
1.0
0.435718561492
0.380305494496
1.0
0.436082755439
0.380455852502
1.0
0.435987917377
0.38041719163
1.0
0.43603993117
0.380461888621
1.0
0.436227254724
0.380174111968
1.0
0.434222914036
0.378856402506
1.0
0.434153466934
0.379081163986
1.0
0.425781326952
0.371050564952
1.0
0.425808283586
0.370887415614
1.0
0.425808283586
0.370887415614
0.99
0.395105495545
0.346674999293
0.99
0.395087324308
0.347149964097
0.99
0.358208503256
0.31919434635
0.99
0.357937754704
0.319872889549
0.99
0.320904126102
0.294728035296
0.99
0.319607443643
0.299306660417
0.99
0.290423661186
0.280896035046
0.99
0.28745782287
0.29574782953
0.99
0.28745782287
0.29574782953
0.99
0.278726261222
0.289816506989
0.99
0.275470429618
0.307634204601
0.99
0.26852310646
0.304891956224
0.99
0.265512630028
0.325291376518
0.99
0.263544871531
0.326311625438
0.99
0.261518725831
0.339804462896
0.99
0.26289164982
0.340019966556
0.99
0.261207115344
0.353149420312
0.99
0.261207115344
0.353149420312
0.99
0.262149448815
0.355531526157
1.0
0.26163828205
0.360061501591
1.0
0.262498244623
0.360778137291
1.0
0.262258255135
0.363449870154
1.0
0.261908054134
0.362909655901
1.0
0.261784024447
0.365282743618
1.0
0.261784024447
0.365282743618
1.0
0.261583498707
0.365198835958
1.0
0.261564590633
0.366101393375
1.0
0.262386446039
0.366884988975
1.0
0.262443548706
0.366236026709
1.0
0.262898485235
0.366779250544
1.0
0.262967541194
0.366127552058
1.0
0.263250585758
0.366652957321
1.0
0.263367156498
0.365801300474
1.0
0.263832575702
0.366355123436
1.0
0.26392395745
0.365515768603
1.0
0.26392395745
0.365515768603
1.0
0.26501037967
0.365782324272
1.0
0.265072804398
0.365633967947
1.0
0.26592578293
0.367980480066
1.0
0.265991828864
0.367344069635
1.0
0.266941602722
0.367337027818
1.0
0.267048267471
0.366368094864
1.0
0.268030822145
0.367796808729
1.0
0.268054930107
0.368535889827
1.0
0.268054930107
0.368535889827
1.0
0.269814872733
0.370175549519
1.0
0.269917424945
0.369654836121
1.0
0.271133730215
0.369924385931
1.0
0.271188062817
0.369709094512
1.0
0.272650799933
0.371234677689
1.0
0.27280784544
0.370268360114
1.0
0.274409439169
0.372277958281
1.0
0.27447075869
0.372460658089
1.0
0.27447075869
0.372460658089
1.0
0.276309979492
0.373940272601
1.0
0.276443412632
0.373365361195
1.0
0.276725163047
0.374179926708
1.0
0.276781371973
0.374165534334
1.0
0.27850709939
0.375712087785
1.0
0.278685020322
0.375090572904
1.0
0.279781333061
0.37490323288
1.0
0.279903510808
0.374264015894
1.0
0.279903510808
0.374264015894
1.0
0.281287170037
0.376803872256
1.0
0.281383146522
0.37688734733
1.0
0.281990549833
0.377423771209
1.0
0.282093607025
0.377334336576
1.0
0.28436904224
0.37880985996
1.0
0.284532775759
0.378072475231
1.0
0.286017232143
0.379656777929
1.0
0.286176188743
0.379169582733
1.0
0.286176188743
0.379169582733
1.0
0.286955757032
0.379954633502
1.0
0.287060533136
0.380041872477
0.956731822516
0.288111110035
0.380269258372
0.956731822516
0.28824098604
0.37959256891
1.0
0.288920382932
0.379995051552
1.0
0.289028238549
0.379946833241
1.0
0.290049905788
0.381480010816
1.0
0.290170513926
0.381259006892
1.0
0.290170513926
0.381259006892
1.0
0.291081268444
0.382248748388
1.0
0.291215539625
0.381764352438
1.0
0.292072928565
0.382890654891
1.0
0.29223147534
0.381919483125
1.0
0.29268600767
0.381414042434
1.0
0.292754030235
0.38152493244
1.0
0.295995516881
0.382866569994
1.0
0.295995516881
0.382866569994
1.0
0.296110969395
0.382759812964
0.99
0.315714479055
0.395445526128
0.99
0.315840543318
0.395040071929
0.825969842091
0.446395668226
0.477002843269
0.825969842091
0.446395668226
0.477002843269
0.825969842091
0.446649910604
0.476971530991
0.825969842091
0.44688354608
0.476369373018
0.825969842091
0.448640802916
0.47366715775
0.825969842091
0.454540647862
0.464473295859
0.723919987051
0.472347805866
0.469778473714
0.723919987051
0.481429425647
0.456993515868
0.942296737905
0.501180063772
0.466482592442
0.942296737905
0.513027925282
0.450373417537
0.932287886119
0.522450741729
0.462321529652
0.932287886119
0.522450741729
0.462321529652
0.932287886119
0.535878988268
0.446096752582
0.99
0.536955947778
0.449836042341
0.99
0.548779959455
0.434738569793
0.755913361776
0.544312481561
0.432647112015
0.755913361776
0.55406851276
0.420315117459
0.755913361776
0.561269240251
0.411448836283
0.70546978829
0.563032377876
0.412653563908
0.70546978829
0.564942024995
0.411726134704
0.68725616425
0.562226429111
0.410534643958
0.68725616425
0.562226429111
0.410534643958
0.68725616425
0.563126629684
0.408527029807
0.780263926996
0.565231731075
0.409927075067
