0.951393745069
0.566167411256
0.704903677277
0.951393745069
0.565700164554
0.704690252864
1.0
0.565707749857
0.704773913056
1.0
0.566520591606
0.705069791412
1.0
0.566524477632
0.705036956855
1.0
0.566759007965
0.70522923179
1.0
0.56676477968
0.705239345098
1.0
0.566052583685
0.704682262373
1.0
0.566061688535
0.704679436699
1.0
0.566061688535
0.704679436699
1.0
0.565673736714
0.704192876773
0.985496398641
0.565658932663
0.704127359405
0.985496398641
0.565574838307
0.704345658187
1.0
0.565580942171
0.704407819161
1.0
0.565835387993
0.704879291834
1.0
0.565838247358
0.704869796517
1.0
0.565445975547
0.704536124345
1.0
0.565453481571
0.704525360074
1.0
0.565453481571
0.704525360074
1.0
0.56591161767
0.705483351316
1.0
0.565892049066
0.705483536101
1.0
0.566343236854
0.705094872209
1.0
0.566329590028
0.705067745752
1.0
0.566588046915
0.705776697047
1.0
0.566603428361
0.705837465351
1.0
0.566603428361
0.705837465351
1.0
0.565632760922
0.705008104457
1.0
0.565633301742
0.704988694388
1.0
0.565504539128
0.70510003344
1.0
0.565496092457
0.705134424451
1.0
0.565519019812
0.706126940819
0.928612642123
0.565506786137
0.706037103002
0.928612642123
0.565242873839
0.705907706183
1.0
0.565268632339
0.705988850995
1.0
0.565102187349
0.706711862469
1.0
0.565088284202
0.706741113761
1.0
0.565088284202
0.706741113761
1.0
0.565071581724
0.7073708304
0.879050300055
0.565063421911
0.707313934208
0.879050300055
0.565428663884
0.707692872266
1.0
0.565442392426
0.707772869599
1.0
0.565422472379
0.708377227058
1.0
0.565412098116
0.708391591159
1.0
0.564916026514
0.70761876987
1.0
0.564916026514
0.70761876987
1.0
0.564920035047
0.707618111145
1.0
0.564972744588
0.707855556831
1.0
0.564964290071
0.707865803471
1.0
0.564575905532
0.707590133563
1.0
0.56456486233
0.707607275552
1.0
0.564551905413
0.707565353723
0.959106075833
0.564536388609
0.707536186538
0.959106075833
0.564611442577
0.707504612869
0.978181213719
0.564605425571
0.70749286384
0.978181213719
0.564605425571
0.70749286384
0.978181213719
0.564587791566
0.707807411339
0.998115944788
0.564596201878
0.707850518345
0.998115944788
0.564688061923
0.707859363088
0.931249379699
0.56468737515
0.707790717846
0.931249379699
0.565318041332
0.707473487985
1.0
0.565325446632
0.707538277602
1.0
0.565325446632
0.707538277602
1.0
0.563969790409
0.706767922785
1.0
0.563970696374
0.70678466457
1.0
0.564437947418
0.706839899334
1.0
0.564440548158
0.706816383575
1.0
0.564160368181
0.706178524084
0.844986936191
0.564147483954
0.706120596363
0.844986936191
0.563772522454
0.70650874508
0.941303657253
0.563763198393
0.706521114233
0.941303657253
0.563763198393
0.706521114233
0.941303657253
0.563630897425
0.706923354823
1.0
0.563641805653
0.706975535244
1.0
0.563784927471
0.70633977055
0.969467384896
0.563778787485
0.70627523318
0.969467384896
0.56301882228
0.706874492035
0.843536202261
0.563018401154
0.706873576205
0.843536202261
0.563188990419
0.706830716813
0.949590362301
0.563171078974
0.70682067086
0.949590362301
0.563017385193
0.707482632556
0.949590362301
0.563017385193
0.707482632556
1.0
0.563010719465
0.707527745678
1.0
0.562457344425
0.707382595057
1.0
0.562481745076
0.707415050446
1.0
0.562171485094
0.707325035583
1.0
0.562144607055
0.707336465509
1.0
0.561790953925
0.707579181973
1.0
0.561780738322
0.707626267137
1.0
0.561588628376
0.707372903314
1.0
0.561588628376
0.707372903314
1.0
0.561581518411
0.707389366108
1.0
0.561202021543
0.707710239323
1.0
0.561195926204
0.707710050056
1.0
0.560441374108
0.708187793798
1.0
0.560442003804
0.708185490793
1.0
0.560477098894
0.70897336956
1.0
0.560459164712
0.708987474411
1.0
0.56078755574
0.70958958083
1.0
0.560798317574
0.709592774293
1.0
0.560798317574
0.709592774293
1.0
0.560178437844
0.709802561403
1.0
0.560148573659
0.709838008346
1.0
0.559628936395
0.709181790861
1.0
0.559625401645
0.70919042806
1.0
0.559646437288
0.708721311792
1.0
0.559631415968
0.708758457316
1.0
0.559453505991
0.709471847332
1.0
0.559453505991
0.709471847332
1.0
0.559463925367
0.709473934799
1.0
0.5596908499
0.710120792409
1.0
0.559666178584
0.710183370963
1.0
0.55932431768
0.710914331288
1.0
0.559325923336
0.71090678328
1.0
0.559039842531
0.710937227537
1.0
0.559037536141
0.71093328374
1.0
0.558843060733
0.712170362964
1.0
0.558843060733
0.712170362964
1.0
0.558834196675
0.712208507727
1.0
0.559770830244
0.713773587462
1.0
0.559770330282
0.713740356756
1.0
0.557921596401
0.71111904721
1.0
0.557912012368
0.711151273031
1.0
0.557344883067
0.710884779491
1.0
0.557318523622
0.710861755424
1.0
0.556665218303
0.711110365413
1.0
0.556665218303
0.711110365413
1.0
0.556672220586
0.711157186844
1.0
0.555978042644
0.710718418378
1.0
0.55595497171
0.710695546287
1.0
0.555674237045
0.711144268589
1.0
0.555662716919
0.711116567364
1.0
0.555293656889
0.710892275209
1.0
0.555291817677
0.71096153379
1.0
0.554424724688
0.711017921565
1.0
0.554421199672
0.71097400018
1.0
0.554421199672
0.71097400018
1.0
0.553854575671
0.709898687099
1.0
0.553849165184
0.709894388737
1.0
0.553158896805
0.708599515202
1.0
0.553130825604
0.708591026164
1.0
0.552527725453
0.709875898658
1.0
0.552520907903
0.709852649588
1.0
0.552520907903
0.709852649588
1.0
0.552132266488
0.708701494115
1.0
0.552142090759
0.708717195259
1.0
0.5518382545
0.708095117953
1.0
0.551833859624
0.708087063287
1.0
0.551543800188
0.707929658672
0.972554075695
0.551517693805
0.707889745494
0.972554075695
0.550868269318
0.70742048226
1.0
0.55088220798
0.707445513617
1.0
0.5506813927
0.707456504841
1.0
0.550680096674
0.70746795805
1.0
0.550680096674
0.70746795805
1.0
0.550836173722
0.707153157541
1.0
0.55081444723
0.707146303879
1.0
0.550466940693
0.706715236924
1.0
0.550482114213
0.706709054764
1.0
0.550597985797
0.706699725155
0.833484498759
0.550564645826
0.706556663217
0.833484498759
0.550993447064
0.706726553177
0.833484498759
0.550993447064
0.706726553177
1.0
0.551010991187
0.706843939122
1.0
0.550786990851
0.706985622059
0.836879228423
0.550786185148
0.706930456502
0.836879228423
0.55103571516
0.706032635697
0.914106149919
0.551034652303
0.705965645922
0.914106149919
0.551231884737
0.706048567141
0.905256358603
0.551213651996
0.706061732774
0.905256358603
0.551213651996
0.706061732774
0.905256358603
0.551002787891
0.705896030437
0.846683103316
0.551019342825
0.705806084178
0.846683103316
0.55056062369
0.705936666621
1.0
0.550574445654
0.706092610996
1.0
0.550487489301
0.706418977868
1.0
0.55050018254
0.706414698973
1.0
0.550192482025
0.707237799553
1.0
0.550171392141
0.707266580326
1.0
0.549756741057
0.707064750392
0.954097980981
0.549736902621
0.707030425488
0.954097980981
0.549736902621
0.707030425488
0.954097980981
0.549807538625
0.70790913533
0.970583745827
0.549810816004
0.707995673936
0.970583745827
0.548682893404
0.708433055021
0.923905766575
0.548652601185
0.708358311344
0.923905766575
0.548655136805
0.708879622919
0.98354098164
0.548659436998
0.708985270387
0.98354098164
0.548943622497
0.70794216017
1.0
0.548941074161
0.707964896625
1.0
0.548941074161
0.707964896625
1.0
0.548532112857
0.708800882957
0.959419579867
0.548512085537
0.708755470849
0.959419579867
0.548474859406
0.708313786895
0.944743212954
0.548466568272
0.708393538751
0.944743212954
0.547646381992
0.708389567264
1.0
0.547647919328
0.708362063722
1.0
0.547647919328
0.708362063722
1.0
0.548091222798
0.70954116237
1.0
0.548073645803
0.709599212249
1.0
0.547311985508
0.70940268564
0.979951950924
0.547337633463
0.709410240283
0.979951950924
0.547358315822
0.709918870797
1.0
0.547329603752
0.709947775112
1.0
0.54721499861
0.710570071251
0.893040560987
0.547205132196
0.710479281341
0.893040560987
0.547055592201
0.710802939938
0.893040560987
0.547055592201
0.710802939938
1.0
0.547047359287
0.710925470738
1.0
0.545789743956
0.712193280873
1.0
0.545783504015
0.712184868803
1.0
0.545203749544
0.710852426485
0.863017322084
0.545206466864
0.710827753866
0.863017322084
0.543987694305
0.711076979886
0.972291024108
0.543963443146
0.711152732588
0.972291024108
0.543963443146
0.711152732588
0.972291024108
0.543360292635
0.711349589535
1.0
0.543357336516
0.711331741144
1.0
0.54247591174
0.712231918802
1.0
0.542431808496
0.712263153071
1.0
0.541293790705
0.711700630013
1.0
0.541304898835
0.711728942511
1.0
0.540622221103
0.711999045838
0.956678722547
0.540591286359
0.711984020446
0.956678722547
0.539707159944
0.712460322737
0.956678722547
0.539707159944
0.712460322737
0.961174443443
0.539673267995
0.712511184546
0.961174443443
0.538879975525
0.712248305757
0.940714958478
0.538859485693
0.712224189958
0.940714958478
0.538441895801
0.712322325973
0.865740169278
0.538425461403
0.712328973015
0.865740169278
0.537226861127
0.712818720774
1.0
0.537219990104
0.712940385551
1.0
0.536727316366
0.714127833445
1.0
0.536727316366
0.714127833445
1.0
0.536701924563
0.714119281548
1.0
0.53663733683
0.714542668261
1.0
0.536627566563
0.714538665503
1.0
0.536646023815
0.714138643889
1.0
0.536654799514
0.714185602553
1.0
0.536266750918
0.71423360096
1.0
0.536254115029
0.714231204173
1.0
0.535781407166
0.714415505555
1.0
0.535781407166
0.714415505555
1.0
0.535776871009
0.714415678206
1.0
0.535582478436
0.714528058679
1.0
0.535572694712
0.714564013971
1.0
0.535054957643
0.714491799583
0.987419505503
0.535042124685
0.714566642121
0.987419505503
0.534370783377
0.715287725233
0.999559949659
0.534361295787
0.715221955228
0.999559949659
0.534361295787
0.715221955228
0.999559949659
0.533451734881
0.71599773718
0.950562178117
0.533457198469
0.716048670562
0.950562178117
0.533079919287
0.716385190292
1.0
0.533066910565
0.716421345646
1.0
0.533701383238
0.718064710174
1.0
0.533685828298
0.718077863929
1.0
0.533419495745
0.718461702033
0.943017413495
0.533390707986
0.718425633993
0.943017413495
0.533390707986
0.718425633993
0.943017413495
0.533634458137
0.718873291888
1.0
0.533638107716
0.718937645744
1.0
0.533692810959
0.719708396645
1.0
0.533689609204
0.719729223796
1.0
0.533910112977
0.720204358955
1.0
0.533905294882
0.720247803875
1.0
0.534519839348
0.721074085332
0.951741571686
0.534508522807
0.721065437377
0.951741571686
0.534315200146
0.721537345545
0.882263800253
0.534322751656
0.721690732849
0.882263800253
0.534322751656
0.721690732849
0.882263800253
0.534254825498
0.722355147628
0.869524940192
0.534230814376
0.722236253164
0.869524940192
0.53495618265
0.723522893749
0.829100695399
0.534968605845
0.723466360788
0.829100695399
0.534608006976
0.725372559366
0.829100695399
0.534608006976
0.725372559366
1.0
0.534623305823
0.725558788537
1.0
0.535183741703
0.726576229019
0.940092092503
0.535168763304
0.726576088842
0.940092092503
0.534763175538
0.728224637356
0.722847407552
0.534697797047
0.728201178905
0.722847407552
0.53407383098
0.728605345697
0.722847407552
0.533900744046
0.730528394208
0.722847407552
0.533479826077
0.731630871033
0.99
0.53350622199
0.731846727794
0.99
0.53350622199
0.731846727794
0.99
0.533583450001
0.733962381457
0.995570802618
0.533558710038
0.734001791379
0.995570802618
0.533529178679
0.735790436626
0.890142725182
0.533502127648
0.735803009954
0.890142725182
0.53263808596
0.737385645712
0.978576805564
0.532636274057
0.737537327046
0.978576805564
0.532850956704
0.739931229375
0.89489491039
0.532797693052
0.739898505048
0.89489491039
0.531219053228
0.740704831894
0.89489491039
0.531219053228
0.740704831894
0.837962490875
0.531220267059
0.740781688263
0.837962490875
0.531494344658
0.743391424825
1.0
0.531502315727
0.743572645208
1.0
0.53042411913
0.744668141724
1.0
0.530371188356
0.744762413997
1.0
0.529354091307
0.746712053994
1.0
0.529354091307
0.746712053994
0.826080926755
0.529313371089
0.746574024715
0.826080926755
0.528544537026
0.748227168322
0.778920248518
0.528484248776
0.748234180665
0.778920248518
0.527626705681
0.74937950684
0.99
0.527637553372
0.7497104015
0.99
0.526154296453
0.751853923513
0.933653050502
0.526125477025
0.751846432599
0.933653050502
0.524386781092
0.752786932404
1.0
0.524374385455
0.752897588977
1.0
0.523456714848
0.753885115019
0.975673202282
0.523428120086
0.753957789912
0.975673202282
0.523428120086
0.753957789912
0.975673202282
0.522015428995
0.75471840454
1.0
0.521988359049
0.754809499647
1.0
0.519995016626
0.755043658531
1.0
0.519960864309
0.755130364244
1.0
0.519729999862
0.755951402537
1.0
0.51970973052
0.755995066033
1.0
0.519072618019
0.757178998688
1.0
0.519072618019
0.757178998688
1.0
0.519041139326
0.757215712805
1.0
0.517258150989
0.75646437684
1.0
0.51724206259
0.756482692518
1.0
0.515962513619
0.756746678851
1.0
0.515941180325
0.756783006929
1.0
0.514676466339
0.757419262637
1.0
0.514676466339
0.757419262637
1.0
0.51466934105
0.757419322454
1.0
0.513672830502
0.758064402798
1.0
0.513657055507
0.758106914629
1.0
0.513306064187
0.758084401195
1.0
0.513278543184
0.758200871411
1.0
0.513174654032
0.75876249501
1.0
0.51317663161
0.758688672871
1.0
0.512272019316
0.758951364399
1.0
0.51225661359
0.759009317861
1.0
0.510952049105
0.759612604749
1.0
0.510952049105
0.759612604749
1.0
0.510939948086
0.759648456515
1.0
0.510605764591
0.759977979326
1.0
0.51061220947
0.759976400394
1.0
0.509724676849
0.759330713712
1.0
0.509723077034
0.759356592511
1.0
0.509194329722
0.758165076989
1.0
0.509194329722
0.758165076989
1.0
0.509193910444
0.758142115138
1.0
0.507265701836
0.756940215532
0.997673326173
0.507243718198
0.756975477653
0.997673326173
0.506464787769
0.755987006833
1.0
0.506473972962
0.755939727223
1.0
0.505222869203
0.754493420483
1.0
0.505228412873
0.754443486732
1.0
0.504122061189
0.753802263821
1.0
0.504122061189
0.753802263821
1.0
0.504106874246
0.753805402031
1.0
0.502739525348
0.752823575611
1.0
0.502733953325
0.752776552788
1.0
0.5014040294
0.750303142296
1.0
0.501408714121
0.750306663011
1.0
0.499283533728
0.748403233379
1.0
0.499270415488
0.74832969481
1.0
0.498849015026
0.746013944816
0.877958605886
0.498841141922
0.746084310696
0.877958605886
0.498841141922
0.746084310696
0.877958605886
0.496919808587
0.745341671625
1.0
0.496934097676
0.745191124074
1.0
0.496099788849
0.74316193399
1.0
0.496098550716
0.74310406614
1.0
0.494841903512
0.741580734178
0.98294165558
0.494836256907
0.741531853446
0.98294165558
0.493765815794
0.739084256342
0.98294165558
0.493765815794
0.739084256342
0.995478167518
0.493761787208
0.73911474897
0.995478167518
0.491767495837
0.738142705554
1.0
0.491785198186
0.738019204467
1.0
0.490918213456
0.735260078913
1.0
0.490910717099
0.735197572052
1.0
0.490076646656
0.733099866794
1.0
0.490078149118
0.733059759772
1.0
0.488532874943
0.7320954962
1.0
0.488528494388
0.73206451175
1.0
0.488528494388
0.73206451175
1.0
0.487542250192
0.729659431606
0.98650269932
0.487529494496
0.729604523534
0.98650269932
0.486669617478
0.729837772109
0.932045289927
0.486667988591
0.729870281336
0.932045289927
0.484555533493
0.728081826919
1.0
0.484569584276
0.727931924568
1.0
0.484625644537
0.72558395731
1.0
0.484625644537
0.72558395731
0.968786889752
0.484610995772
0.725484254435
0.968786889752
0.483026118671
0.724798030328
1.0
0.483017983118
0.724797222735
1.0
0.481659478834
0.723063766381
1.0
0.481673327604
0.723058609144
1.0
0.480969010192
0.721842070741
1.0
0.480967219507
0.721815055041
1.0
0.480438159988
0.72113216037
1.0
0.480438159988
0.72113216037
1.0
0.480424557518
0.721139765856
1.0
0.479943525946
0.719373623616
1.0
0.479926620358
0.7192859651
1.0
0.4788567272
0.717341615399
0.981547045456
0.478869535189
0.717261231664
0.981547045456
0.478617712663
0.715437729037
0.996017151725
0.478625539627
0.71537138234
0.996017151725
0.479176482409
0.714372391001
1.0
0.479196667728
0.714352340366
1.0
0.478595179226
0.712148289618
1.0
0.478595179226
0.712148289618
1.0
0.478594060679
0.712129337289
1.0
0.478730954605
0.71195312783
1.0
0.47874401985
0.711865260438
1.0
0.478715333693
0.710637819278
1.0
0.478719795156
0.710637916548
1.0
0.477981540123
0.709440340399
1.0
0.477981540123
0.709440340399
1.0
0.477993662951
0.709427564018
1.0
0.478241917886
0.709120764228
1.0
0.478213546869
0.70904916771
1.0
0.478361240094
0.7083872621
1.0
0.478367895629
0.708347085052
1.0
0.477615782924
0.70723911328
1.0
0.477637529579
0.707180667914
1.0
0.477815675533
0.706659782706
1.0
0.477815675533
0.706659782706
1.0
0.477811247705
0.706664805029
1.0
0.47677567871
0.707153339652
1.0
0.4768002712
0.707113078968
1.0
0.47770104478
0.705205636185
1.0
0.477700404327
0.705216518025
1.0
0.477580338627
0.704467601845
1.0
0.477580745011
0.704453249519
1.0
0.477520865534
0.703788344
1.0
0.477520865534
0.703788344
1.0
0.47752455028
0.703720030649
1.0
0.477420791085
0.70250247608
1.0
0.477422170841
0.702507401241
1.0
0.477505323392
0.70234142285
1.0
0.477489993383
0.702303168106
1.0
0.476684313351
0.702279349953
1.0
0.476694435865
0.702274034244
1.0
0.469511877282
0.70496484637
1.0
0.469511877282
0.70496484637
1.0
0.469516338812
0.704967413731
1.0
0.459482605612
0.707724079753
1.0
0.459470587263
0.707731104329
1.0
0.449791427258
0.710735055949
1.0
0.449677061958
0.710888315819
1.0
0.444270572683
0.70834148179
1.0
0.444026201891
0.708649402051
1.0
0.442690638498
0.706764436796
1.0
0.442690638498
0.706764436796
1.0
0.442497352881
0.70696694181
1.0
0.441861853955
0.705657133458
1.0
0.441794596513
0.705772154928
1.0
0.441458270208
0.705339850407
1.0
0.441480999883
0.705227367701
1.0
0.440966897917
0.704818184251
1.0
0.440968611061
0.704803422388
1.0
0.44088169777
0.704704515908
1.0
0.44088169777
0.704704515908
0.889675194105
0.440865168574
0.70469935072
0.889675194105
0.44072858857
0.703761200004
1.0
0.440745538891
0.703763249491
1.0
0.440655751237
0.700791993521
1.0
0.440651850481
0.70079967448
1.0
0.438085658541
0.698231613731
1.0
0.438101525873
0.698193502393
1.0
0.439555410328
0.698599644078
1.0
0.439555410328
0.698599644078
1.0
0.43956858078
0.698549532062
1.0
0.439178792111
0.696118110094
1.0
0.439169769812
0.696075276428
1.0
0.439799789798
0.695326936001
1.0
0.439823967944
0.695273154208
1.0
0.438391462726
0.694674897398
1.0
0.438405529166
0.69466702546
