1.0
0.512134677737
0.679829294246
1.0
0.512006287054
0.680703798875
1.0
0.51235785155
0.680834015098
1.0
0.512235500122
0.680799163878
1.0
0.512322285805
0.680966256187
1.0
0.512263726161
0.680305085999
1.0
0.512435062885
0.680055815152
1.0
0.512281119589
0.679850875395
1.0
0.511730433044
0.680104871799
1.0
0.511730433044
0.680104871799
1.0
0.511872113397
0.679354470986
1.0
0.512189974739
0.67870077377
1.0
0.512140714207
0.679013654872
1.0
0.511551159666
0.678732390856
1.0
0.51164787667
0.677952991801
1.0
0.512427454701
0.678247323223
1.0
0.512158504701
0.678851627744
1.0
0.511415223041
0.678144390744
1.0
0.511415223041
0.678144390744
1.0
0.511582304273
0.678484449783
1.0
0.511734901531
0.679388788603
1.0
0.512005998615
0.678894739211
1.0
0.51114661052
0.679437380239
1.0
0.510785585734
0.679669646476
1.0
0.50769622448
0.678611611787
1.0
0.507975937162
0.678755744836
1.0
0.505418861284
0.680544747418
1.0
0.505418861284
0.680544747418
1.0
0.505193967804
0.680406743534
1.0
0.503758920279
0.679384149409
1.0
0.501304517366
0.683236797014
1.0
0.501095087392
0.682233963914
1.0
0.497927387543
0.689713728457
1.0
0.498485631478
0.686606549403
1.0
0.498104048896
0.688362498512
1.0
0.498263511201
0.688332538446
1.0
0.498654462341
0.688147598118
1.0
0.498654462341
0.688147598118
1.0
0.498881936802
0.688505773668
1.0
0.499199448938
0.688777378998
1.0
0.498845537901
0.688634474668
1.0
0.499005474869
0.68802191342
1.0
0.499061900168
0.68807886836
1.0
0.498893102543
0.68853514887
1.0
0.498893102543
0.68853514887
1.0
0.499120966977
0.687631838951
1.0
0.49903052225
0.687849428467
1.0
0.49899723207
0.688284990988
1.0
0.499124181428
0.688444946122
1.0
0.498671378631
0.688709387792
1.0
0.498474765614
0.688964532826
1.0
0.498853653211
0.688234923709
1.0
0.498861743479
0.68880467374
1.0
0.498373971212
0.68877119716
1.0
0.498373971212
0.68877119716
1.0
0.498348932892
0.688218122358
1.0
0.498861327748
0.688434145041
1.0
0.498820121691
0.689067990756
1.0
0.498956281263
0.689172459606
1.0
0.499013879225
0.6894037783
0.643746724407
0.499209341619
0.689508719172
0.643746724407
0.499132621188
0.689516484559
1.0
0.498561698722
0.689393973085
1.0
0.498561698722
0.689393973085
1.0
0.498599341559
0.688710800073
1.0
0.499174792768
0.687820673866
1.0
0.499251010413
0.687761259184
1.0
0.49935379876
0.687886933928
1.0
0.499412682645
0.687762697821
1.0
0.498830425552
0.688321107983
1.0
0.498644096479
0.688676753752
1.0
0.498721454747
0.688675610313
1.0
0.498721454747
0.688675610313
1.0
0.499173050081
0.688571607477
0.685456205846
0.499382673392
0.688678400492
0.685456205846
0.499183211743
0.688616283986
1.0
0.49718360157
0.688680169496
1.0
0.497259878007
0.688700053865
1.0
0.498487218074
0.688595804612
1.0
0.498487218074
0.688595804612
1.0
0.498579174356
0.688917924536
1.0
0.498889315141
0.689060102274
1.0
0.498902343699
0.688188064634
1.0
0.498799866625
0.6883312109
1.0
0.498851438284
0.688441940609
1.0
0.498837935939
0.68878193871
1.0
0.498833811534
0.688736094313
0.659947204068
0.499046365681
0.688826062865
0.659947204068
0.499014662237
0.689014160257
1.0
0.498943885665
0.68756745695
1.0
0.498943885665
0.68756745695
1.0
0.498985661148
0.687298025216
0.675473732662
0.499204491814
0.687518609019
0.675473732662
0.499229358787
0.687554749226
1.0
0.498887628765
0.686758197602
1.0
0.498842758642
0.687538569308
0.663423082787
0.49908388543
0.68769431109
0.663423082787
0.498981005981
0.688088656259
0.663423082787
0.498981005981
0.688088656259
0.618719014204
0.493827804044
0.685017968779
0.618719014204
0.493653360175
0.684700822164
0.675743046322
0.494231788465
0.685006758082
0.675743046322
0.494266450898
0.685222686629
1.0
0.498415498713
0.688896733173
1.0
0.498494227303
0.688729249569
1.0
0.498468494572
0.688828144274
1.0
0.498299560911
0.689264828894
1.0
0.498299560911
0.689264828894
1.0
0.497529950986
0.689420348023
1.0
0.49766118924
0.688156296036
1.0
0.498272572119
0.687963328292
1.0
0.498369541887
0.688146515053
1.0
0.498587481513
0.688993682566
1.0
0.498723662757
0.689426165861
1.0
0.498635632239
0.690286955249
1.0
0.498481725006
0.690284851404
1.0
0.498197945281
0.690173548562
1.0
0.498197945281
0.690173548562
1.0
0.498454975431
0.690437782689
1.0
0.498237767938
0.690797976689
1.0
0.498275095473
0.690386949423
1.0
0.498279657208
0.690498883
1.0
0.498232818397
0.690654792265
1.0
0.498795934118
0.691195439868
1.0
0.498795934118
0.691195439868
1.0
0.498634333228
0.691554371155
1.0
0.498370237817
0.693137041123
1.0
0.498388871305
0.692883916996
1.0
0.498500005344
0.692771898127
1.0
0.498416664434
0.692702784456
1.0
0.498262056366
0.692471757935
1.0
0.498351524426
0.692733215512
1.0
0.49832724816
0.692693279749
1.0
0.498169168581
0.693310130357
1.0
0.498717868639
0.694676765986
1.0
0.498717868639
0.694676765986
1.0
0.49882918843
0.694712931162
1.0
0.498479194168
0.694411435639
1.0
0.498495313896
0.693054891372
1.0
0.498504246321
0.693465701291
1.0
0.498512011339
0.693614620558
1.0
0.498778938401
0.691924254873
1.0
0.498686231314
0.691216203795
1.0
0.498686231314
0.691216203795
1.0
0.498531072909
0.691956263969
1.0
0.498687104719
0.691718794293
1.0
0.499181603233
0.692043888228
1.0
0.499255763051
0.691438384949
1.0
0.499498962238
0.692248366987
1.0
0.499521657075
0.692516599058
1.0
0.499588721796
0.692714032692
1.0
0.499588721796
0.692714032692
1.0
0.499542528208
0.693109326354
1.0
0.498978351369
0.691867583755
1.0
0.49897557224
0.690638668037
1.0
0.499506909953
0.690253236438
1.0
0.499483979932
0.689564152227
1.0
0.499679116255
0.690221196139
1.0
0.499716908282
0.69111936199
1.0
0.499940766989
0.690550553275
1.0
0.49986344024
0.690182655898
1.0
0.49986344024
0.690182655898
1.0
0.499784275467
0.689614971528
1.0
0.499721487703
0.689060586291
1.0
0.499872075195
0.690097333777
1.0
0.499745100915
0.690404986187
1.0
0.499449177417
0.688391010723
1.0
0.499567096425
0.687934992607
1.0
0.500190708332
0.687869581485
1.0
0.500190708332
0.687869581485
1.0
0.499994141329
0.687789903223
1.0
0.500539735516
0.686700961954
1.0
0.500579066084
0.686488252473
1.0
0.50065171721
0.688490007375
1.0
0.500633663735
0.68775223261
1.0
0.5000485934
0.688402350539
1.0
0.500109409918
0.688019397497
1.0
0.499897333521
0.696536847106
1.0
0.499848723305
0.696330513758
0.794911153504
0.478882657548
0.693400751319
0.794911153504
0.478882657548
0.693400751319
0.794911153504
0.478774766526
0.694720493294
0.99
0.492184880224
0.727885032168
0.99
0.491949794034
0.735188458708
1.0
0.488394193242
0.737704542588
0.99
0.48723315814
0.758658827904
0.99
0.48559114369
0.754818594364
0.99
0.48559114369
0.754818594364
0.99
0.484425125033
0.776454221695
0.99
0.484534508407
0.775107775339
1.0
0.484153224847
0.785091305072
1.0
0.484428623962
0.784664091405
0.993675551772
0.485189072818
0.78855559931
0.993675551772
0.485914447033
0.788516010605
0.967786816999
0.486288438283
0.786219061598
0.967786816999
0.485606446876
0.786758183577
1.0
0.485686839069
0.784451258437
1.0
0.485686839069
0.784451258437
1.0
0.485511439585
0.785184446771
1.0
0.48550463856
0.784683203119
1.0
0.485033705676
0.784657141789
1.0
0.484912775011
0.784902863726
1.0
0.485810993272
0.786241977746
1.0
0.486081356429
0.785776539021
1.0
0.48561984457
0.783983560911
1.0
0.485581023414
0.784025707352
1.0
0.485503468524
0.784796411253
1.0
0.485503468524
0.784796411253
1.0
0.485484556632
0.785485379195
1.0
0.485566900265
0.785246836724
1.0
0.485361476088
0.785524763705
1.0
0.485168580878
0.785395968051
1.0
0.485277536833
0.785262683015
1.0
0.485064423766
0.784328436997
1.0
0.484773422563
0.783921768111
1.0
0.484773422563
0.783921768111
1.0
0.484713089931
0.785774555742
1.0
0.485094182454
0.787171792379
1.0
0.485577952833
0.787185998663
1.0
0.485263068238
0.786980016342
1.0
0.484915283782
0.786973599427
1.0
0.485048704868
0.785978133577
1.0
0.48503416927
0.786264374629
1.0
0.48503416927
0.786264374629
1.0
0.484918737414
0.785995841927
1.0
0.48449103539
0.785851518986
1.0
0.484435242011
0.786539859495
1.0
0.484769583423
0.787634337867
1.0
0.484653803387
0.787621560466
1.0
0.48455373269
0.787326745228
1.0
0.484556281672
0.78809783525
1.0
0.484730847093
0.787334680591
1.0
0.484786970648
0.78721972488
1.0
0.484725753319
0.788466643006
1.0
0.484725753319
0.788466643006
1.0
0.484766843265
0.788495043622
1.0
0.484570966058
0.788530144503
1.0
0.484339861406
0.788852431142
1.0
0.484699561025
0.788478367152
1.0
0.484872544065
0.788125316383
1.0
0.485276954197
0.789834615872
1.0
0.485276954197
0.789834615872
1.0
0.485453562437
0.790482157715
1.0
0.48495892948
0.790238885292
1.0
0.48466270228
0.791118292056
1.0
0.484861464668
0.791065037786
1.0
0.484879669658
0.791642500145
1.0
0.484950152408
0.791824645
1.0
0.484931761512
0.791455525292
1.0
0.485235515415
0.791836410524
1.0
0.485365042285
0.792347999106
1.0
0.485365042285
0.792347999106
1.0
0.48520399148
0.792479911585
1.0
0.485265718719
0.792959885323
1.0
0.490232997759
0.795974316264
1.0
0.490136163303
0.79616621642
1.0
0.490103111004
0.795933096532
1.0
0.490177606229
0.79508567773
1.0
0.489965498892
0.794445929851
1.0
0.489965498892
0.794445929851
1.0
0.490129117879
0.794770949722
1.0
0.489961929467
0.796241311696
1.0
0.4899610772
0.796516514668
1.0
0.490266047368
0.795677594453
1.0
0.490190791788
0.795827427514
1.0
0.489849163109
0.796066250065
1.0
0.489986654235
0.796211639944
1.0
0.489859101592
0.797021342909
1.0
0.490012968406
0.797357795623
1.0
0.490012968406
0.797357795623
1.0
0.490317206272
0.797173693096
1.0
0.490319588679
0.796591249554
1.0
0.489814811964
0.797187690661
1.0
0.489872039808
0.797717024277
1.0
0.490067164974
0.798796072336
1.0
0.489893964719
0.799287095329
1.0
0.491353354976
0.800293851612
1.0
0.491232335476
0.800758056715
1.0
0.491232335476
0.800758056715
0.879604562165
0.492516787829
0.800416295461
0.879604562165
0.492064868966
0.799547940744
