1.0
0.479312198419
0.576630268732
1.0
0.478492481581
0.576500941962
1.0
0.477488933064
0.580496223741
0.99
0.457838282052
0.571376721395
0.99
0.439194129671
0.599342128977
0.99
0.404547743713
0.585542203699
0.99
0.397357745261
0.600525811337
0.99
0.394783712989
0.603295374853
1.0
0.394036288816
0.603088347837
1.0
0.394036288816
0.603088347837
1.0
0.394288563568
0.602684006551
1.0
0.395243541482
0.603036793044
1.0
0.395694792352
0.602797800761
1.0
0.396314756693
0.602088271494
1.0
0.396940791593
0.599981122303
1.0
0.397356223556
0.600039477336
1.0
0.397591629607
0.599345838135
1.0
0.397824739067
0.599226761988
1.0
0.397824739067
0.599226761988
1.0
0.397844105696
0.599052306032
1.0
0.398373851704
0.597886744913
1.0
0.398342830697
0.597983594407
1.0
0.398549852312
0.597995239563
1.0
0.398866868937
0.598104089539
1.0
0.398866868937
0.598104089539
1.0
0.398926618075
0.597973018077
1.0
0.398981380946
0.597716567204
1.0
0.398580625183
0.598337995495
1.0
0.398404037312
0.597496521669
1.0
0.398635389737
0.596508715252
1.0
0.398972116255
0.594865683603
1.0
0.398972116255
0.594865683603
1.0
0.398853770059
0.59433685383
1.0
0.398902941086
0.593688516392
1.0
0.398912677443
0.593620432891
1.0
0.399138352702
0.592846449255
1.0
0.39916004738
0.592738877037
1.0
0.399412307976
0.591041156459
1.0
0.399134240736
0.590349245379
1.0
0.399134240736
0.590349245379
1.0
0.398898370635
0.590079634216
1.0
0.398993922195
0.589911158215
1.0
0.399008620844
0.589288774987
1.0
0.399027023824
0.587846735013
1.0
0.399027023824
0.587846735013
1.0
0.398894054774
0.586409756387
1.0
0.399000338309
0.585687651276
1.0
0.399269587068
0.584663138677
1.0
0.398877301436
0.583837594547
1.0
0.39907370866
0.5803486346
1.0
0.39907370866
0.5803486346
1.0
0.398782809978
0.578781291025
1.0
0.398418561133
0.577410054788
1.0
0.398379925535
0.576491869908
1.0
0.398576824228
0.57500990951
1.0
0.398319085333
0.573954740488
1.0
0.398447467223
0.572336283365
1.0
0.397984031548
0.571745299865
1.0
0.397984031548
0.571745299865
1.0
0.39828729805
0.570462777413
