1.0
0.519024270235
0.625739160148
1.0
0.519227351529
0.625171957743
1.0
0.519227351529
0.625171957743
0.823610553746
0.545229836074
0.646652506774
0.823610553746
0.545229836074
0.646652506774
0.823610553746
0.545433335764
0.647767138261
0.823610553746
0.545760581833
0.646817569111
0.823610553746
0.545726261432
0.647468989393
0.823610553746
0.545724887072
0.64862179395
0.823610553746
0.545730754276
0.648401969613
0.823610553746
0.545730754276
0.648401969613
0.823610553746
0.545853028856
0.648230225588
0.823610553746
0.545897791247
0.648340813475
0.823610553746
0.545865816919
0.649412086766
0.823610553746
0.545844725712
0.64992724315
0.846467688438
0.537778117376
0.645419645918
0.846467688438
0.537801272657
0.64517977933
0.846467688438
0.537576343145
0.645543828846
1.0
0.538115758361
0.647026001785
1.0
0.538090087936
0.64681609116
0.968339751121
0.536124985414
0.63895360364
0.968339751121
0.535995015751
0.640074323273
0.968339751121
0.53589155616
0.639732414035
0.851221336614
0.537694770918
0.643026155933
0.851221336614
0.537788064895
0.643022278429
0.851221336614
0.537871322175
0.642928979844
0.851221336614
0.538008781739
0.642828158422
0.851221336614
0.538008781739
0.642828158422
0.851221336614
0.538008781739
0.642828158422
0.851221336614
0.538008781739
0.642828158422
1.0
0.502710613709
0.626949608703
1.0
0.502710613709
0.626949608703
1.0
0.502638203642
0.627214149514
1.0
0.503154348184
0.627174776697
1.0
0.503963789797
0.625825000361
1.0
0.504210546605
0.624001971387
1.0
0.504210546605
0.624001971387
1.0
0.504498561757
0.623588650411
0.74468711155
0.567812414799
0.582416932374
0.74468711155
0.567873047242
0.581897865918
0.74468711155
0.567944283071
0.581826577032
0.74468711155
0.568032365487
0.582221170658
0.74468711155
0.58563411741
0.529119130698
0.74468711155
0.591787619473
0.496565167539
0.74468711155
0.591732523882
0.497431898026
0.74468711155
0.591732523882
0.497431898026
0.74468711155
0.591732523882
0.497431898026
0.74468711155
0.591688637725
0.498187717065
0.74468711155
0.59153559626
0.497761361323
0.74468711155
0.591501881811
0.496984003754
1.0
0.590739733578
0.506244793803
1.0
0.590739733578
0.506244793803
0.611445315022
0.589253193524
0.487529256538
0.611445315022
0.589253193524
0.487529256538
0.611445315022
0.589175379202
0.487403811691
0.611445315022
0.589289070499
0.487204852537
0.611445315022
0.589341603584
0.487940188414
0.611445315022
0.589506877675
0.487483345241
0.611445315022
0.589683463923
0.486803447103
0.611445315022
0.589683463923
0.486803447103
0.611445315022
0.589611842687
0.486505824939
0.611445315022
0.589665742068
0.486486635633
0.611445315022
0.589601775203
0.486625298299
0.611445315022
0.589591107034
0.486571261983
0.611445315022
0.589820299581
0.486430594138
0.611445315022
0.590099264285
0.486787495417
0.611445315022
0.590099264285
0.486787495417
0.611445315022
0.590099264285
0.486787495417
1.0
0.590162952467
0.505548566293
1.0
0.590146798994
0.506140737242
0.61392901204
0.587861065046
0.502874381876
0.61392901204
0.587757849559
0.503408845911
0.61392901204
0.58765974813
0.504039929569
0.61392901204
0.58765974813
0.504039929569
0.61392901204
0.587754144823
0.505326983523
0.61392901204
0.587726343703
0.505869088903
0.61392901204
0.587770422101
0.507156963868
0.61392901204
0.58781573182
0.50836665177
0.61392901204
0.587834320557
0.509518386692
0.61392901204
0.587834320557
0.509518386692
0.61392901204
0.58789500851
0.510378662518
0.61392901204
0.588015899744
0.510393694759
0.61392901204
0.588042803291
0.510279536228
0.752818482557
0.597470476047
0.535481183368
0.752818482557
0.597542618358
0.534462255275
0.752818482557
0.597542618358
0.534462255275
0.752818482557
0.597542618358
0.534462255275
0.752818482557
0.597542618358
0.534462255275
1.0
0.590993016129
0.521150532797
1.0
0.590811988965
0.521846668599
1.0
0.590583539142
0.521581628636
1.0
0.590583539142
0.521581628636
1.0
0.590888104197
0.521075836971
1.0
0.590367235639
0.522724238197
0.747829320562
0.596275845475
0.531587532787
0.747829320562
0.596097731908
0.532540353655
0.747829320562
0.596157305298
0.532708003763
0.747829320562
0.596157305298
0.532708003763
0.747829320562
0.595989094146
0.532816358396
0.747829320562
0.595821495692
0.531787007985
0.747829320562
0.595858607491
0.531306614922
0.747829320562
0.595969393121
0.531347005407
0.747829320562
0.596060255291
0.530648223359
0.747829320562
0.596060255291
0.530648223359
0.747829320562
0.596196905824
0.530552638979
0.747829320562
0.596125362687
0.530202884613
0.747829320562
0.596302209868
0.530115616696
0.839331590361
0.587998892899
0.509959654337
0.839331590361
0.588479411585
0.509435192998
1.0
0.723042578539
0.725503303292
1.0
0.723042578539
0.725503303292
1.0
0.723485405964
0.725131019088
1.0
0.723860238078
0.724584451732
1.0
0.724086168921
0.724317427545
1.0
0.724466255922
0.72430550796
1.0
0.725483171534
0.727790942222
1.0
0.727160244116
0.726134557645
0.911675244946
0.727122416991
0.724874694904
0.853743201074
0.729071763923
0.722402192003
0.99
0.595064170283
0.497581775359
0.99
0.595450390118
0.49728224535
0.99
0.595450390118
0.49728224535
0.99
0.596166947562
0.496102484871
0.99
0.596374476168
0.495537063321
0.99
0.597057165155
0.494295524328
0.802026268237
0.599671605887
0.498747683708
0.802026268237
0.599866862184
0.498218557762
0.802026268237
0.600854457981
0.496627123942
0.782498049836
0.656188677763
0.535161533851
0.782498049836
0.656621941755
0.534558310721
0.782498049836
0.656816208269
0.534281735466
0.782498049836
0.656816208269
0.534281735466
0.782498049836
0.657226404857
0.533740438846
0.804623378901
0.603284584719
0.491467681072
0.804623378901
0.6036361053
0.491283207569
0.804623378901
0.6036361053
0.491283207569
0.804623378901
0.6036361053
0.491283207569
0.804623378901
0.6036361053
0.491283207569
0.804623378901
0.6036361053
0.491283207569
0.804623378901
0.6036361053
0.491283207569
1.0
0.603688811711
0.509434122409
1.0
0.606546509595
0.509167427903
1.0
0.606546509595
0.509167427903
1.0
0.60757574474
0.508327590162
1.0
0.609292647837
0.509335661685
1.0
0.609960943563
0.510973165856
1.0
0.61153889299
0.51129501405
1.0
0.61153889299
0.51129501405
1.0
0.611867536848
0.510973131847
1.0
0.614267630892
0.510767990585
