0.826412149857
0.567567249033
0.194103399627
0.939616728964
0.567722120558
0.19178114868
0.884380473986
0.568315695848
0.189671676397
0.992460716104
0.568088164023
0.190050064002
0.992460716104
0.568088164023
0.190050064002
0.963055748838
0.573186990455
0.195460459985
0.945630352479
0.575827097093
0.198064329277
0.945630352479
0.575827097093
0.198064329277
0.914622149609
0.576809137686
0.195515288993
0.93749021325
0.57721709699
0.197199399216
0.914584958174
0.579281538413
0.197091218995
0.914584958174
0.579281538413
0.197091218995
1.0
0.581725494704
0.199497108133
1.0
0.58435604339
0.207049523448
1.0
0.585782611044
0.210803315948
1.0
0.586103990696
0.211941801687
1.0
0.586103990696
0.211941801687
1.0
0.58709536348
0.213362684583
1.0
0.58709536348
0.213362684583
1.0
0.586279890236
0.216048974683
1.0
0.58401261294
0.219493834347
1.0
0.583586623405
0.221107330155
1.0
0.581415396979
0.224363333461
1.0
0.579328335674
0.225941646771
1.0
0.577517144849
0.228785668619
1.0
0.577517144849
0.228785668619
1.0
0.577590336731
0.231395527086
1.0
0.576090701231
0.235979003951
0.807654180274
0.666050879154
0.100744330904
0.807654180274
0.666050879154
0.100744330904
0.810633945288
0.648006828403
0.095375909536
0.99
0.551814295057
0.207071454658
0.99
0.551814295057
0.207071454658
1.0
0.550799751966
0.207675193409
1.0
0.550768808361
0.212641665751
1.0
0.551134174899
0.216652128755
1.0
0.551503508312
0.222803852853
1.0
0.551503508312
0.222803852853
1.0
0.550508375837
0.224304882526
1.0
0.549993181032
0.226215934146
1.0
0.54986824002
0.228774790434
1.0
0.548892498994
0.232958106689
1.0
0.548892498994
0.232958106689
1.0
0.547468211899
0.233683337675
1.0
0.548289688655
0.23466281917
1.0
0.548182634884
0.233097339717
1.0
-100.0
-100.0
1.0
-100.0
-100.0
1.0
-100.0
-100.0
1.0
-100.0
-100.0
1.0
-100.0
-100.0
1.0
-100.0
-100.0
1.0
-100.0
-100.0
1.0
-100.0
-100.0
1.0
-100.0
-100.0
1.0
-100.0
-100.0
1.0
-100.0
-100.0
1.0
-100.0
-100.0
1.0
-100.0
-100.0
1.0
-100.0
-100.0
1.0
-100.0
-100.0
1.0
-100.0
-100.0
1.0
-100.0
-100.0
1.0
-100.0
-100.0
1.0
-100.0
-100.0
1.0
-100.0
-100.0
1.0
-100.0
-100.0
1.0
-100.0
-100.0
1.0
-100.0
-100.0
0.919440161556
-100.0
-100.0
0.916324172423
-100.0
-100.0
0.916324172423
-100.0
-100.0
1.0
-100.0
-100.0
1.0
-100.0
-100.0
1.0
-100.0
-100.0
1.0
-100.0
-100.0
1.0
-100.0
-100.0
1.0
-100.0
-100.0
1.0
-100.0
-100.0
1.0
-100.0
-100.0
1.0
-100.0
-100.0
1.0
-100.0
-100.0
1.0
-100.0
-100.0
1.0
-100.0
-100.0
1.0
-100.0
-100.0
1.0
-100.0
-100.0
1.0
-100.0
-100.0
1.0
-100.0
-100.0
1.0
-100.0
-100.0
1.0
-100.0
-100.0
1.0
-100.0
-100.0
0.848901643759
-100.0
-100.0
0.848901643759
-100.0
-100.0
0.881221171605
-100.0
-100.0
0.862843898816
0.455066654115
-0.304575994441
0.862843898816
0.455066654115
-0.304575994441
1.0
0.301072572387
-0.174946180047
1.0
0.391452587453
-0.269141934644
1.0
0.391452587453
-0.269141934644
0.93963494363
0.416028030921
-0.287793092961
0.941502179742
0.499639253918
-0.322622907007
0.790802858603
-100.0
-89.5231179839
0.759179403377
-19.2925789572
-100.0
0.744476170116
-100.0
-100.0
0.744476170116
-100.0
-100.0
0.901706860693
0.385984103218
0.828163430104
0.844034669334
0.454091833222
0.675418859556
0.815816909726
0.478347938899
0.615903720005
0.815816909726
0.478347938899
0.615903720005
0.99
-100.0
-100.0
1.0
-100.0
-100.0
1.0
-100.0
-100.0
1.0
-100.0
-100.0
1.0
-100.0
-100.0
1.0
-100.0
-100.0
1.0
-100.0
-100.0
1.0
-100.0
-100.0
0.966967314996
-100.0
-100.0
0.966967314996
-100.0
-100.0
1.0
-100.0
-100.0
0.946294744745
-100.0
-100.0
0.946294744745
-100.0
-100.0
1.0
-100.0
-100.0
1.0
-100.0
-100.0
1.0
-100.0
-100.0
0.98718938947
-100.0
-100.0
1.0
-100.0
-100.0
1.0
-100.0
-100.0
0.980283919717
-100.0
-100.0
0.995127423655
-100.0
-100.0
1.0
-100.0
-100.0
0.989136259046
-100.0
-100.0
0.989136259046
-100.0
-100.0
0.899836988324
-100.0
-100.0
0.864327354165
-100.0
-100.0
0.901994160545
-100.0
-100.0
0.901994160545
-100.0
-100.0
0.895617759677
-100.0
-100.0
0.959947790033
-100.0
-100.0
0.934757629622
-100.0
-100.0
0.964907626085
-100.0
-100.0
0.964907626085
-100.0
-100.0
0.867326607437
-100.0
-100.0
1.0
-100.0
-100.0
0.991380872269
-100.0
-100.0
0.991380872269
-100.0
-100.0
0.966026119458
-100.0
-100.0
1.0
-100.0
-100.0
1.0
-100.0
-100.0
1.0
-100.0
-100.0
1.0
-100.0
-100.0
1.0
-100.0
-100.0
1.0
-100.0
-100.0
1.0
-100.0
-100.0
1.0
-100.0
-100.0
1.0
-100.0
-100.0
1.0
-100.0
-100.0
1.0
-100.0
-100.0
1.0
-100.0
-100.0
1.0
-100.0
-100.0
1.0
-100.0
-100.0
1.0
-100.0
-100.0
1.0
-100.0
-100.0
1.0
-100.0
-100.0
1.0
-100.0
-100.0
1.0
-100.0
-100.0
1.0
-100.0
-100.0
1.0
-100.0
-100.0
1.0
-100.0
-100.0
0.986537429835
-100.0
-100.0
0.927537618773
-100.0
-100.0
0.927537618773
-100.0
-100.0
0.989874816368
-100.0
-100.0
1.0
-100.0
-100.0
0.99
0.238900688647
1.18090885986
0.899439503303
0.254021123372
1.15770104668
0.899439503303
0.254021123372
1.15770104668
0.974681146958
0.231952097236
1.18777950924
0.81345047856
-100.0
-100.0
0.776986861011
-100.0
-100.0
