0.852029266441
0.460115869341
0.174748455775
0.852029266441
0.46020750882
0.174050215935
0.852029266441
0.460228004069
0.174466478207
0.852029266441
0.460223511761
0.174192904226
0.852029266441
0.460263423496
0.173970386548
0.852029266441
0.460201886249
0.174056489528
0.852029266441
0.460201886249
0.174056489528
0.852029266441
0.460250725364
0.174266335474
0.852029266441
0.460457386474
0.173980469552
0.961714654259
0.461929114164
0.177034824868
0.961714654259
0.463780245376
0.178714674361
0.988282264448
0.466757834603
0.204596215981
0.988282264448
0.471342773478
0.213125825458
0.99
0.512945074585
0.260840426888
0.99
0.519468563698
0.263628677319
0.974833482631
0.522653214874
0.261105498887
0.974833482631
0.522653214874
0.261105498887
1.0
0.524992997268
0.257001601457
1.0
0.525030141813
0.258811743845
1.0
0.527394714873
0.255714152108
0.978076133331
0.526924827524
0.257461429235
0.978076133331
0.527043005314
0.257759027195
1.0
0.527559110673
0.260742412333
1.0
0.527374720906
0.260698494176
1.0
0.527086338489
0.26289567342
1.0
0.527086338489
0.26289567342
1.0
0.527305219911
0.262621799028
1.0
0.526078482414
0.261758313703
1.0
0.525883355824
0.262276909847
1.0
0.525848651442
0.263102104511
1.0
0.526064538168
0.262477012118
1.0
0.525633492392
0.262565026406
1.0
0.525413167085
0.262987367981
1.0
0.525413167085
0.262987367981
1.0
0.525380642461
0.26468542928
1.0
0.525276885396
0.264599356298
1.0
0.52531270751
0.266324006428
1.0
0.525299360779
0.266446643289
0.97828647726
0.5243685477
0.266741415247
0.97828647726
0.524405592338
0.266731996664
1.0
0.524458425756
0.267753712985
1.0
0.524480792
0.267476444236
1.0
0.523896802638
0.268017846098
1.0
0.523896802638
0.268017846098
1.0
0.52393339426
0.267888900688
1.0
0.524145477967
0.269660879196
1.0
0.523907337773
0.270231002977
1.0
0.523284727485
0.269147193922
1.0
0.523218314605
0.269469721168
1.0
0.523012429428
0.26872803347
1.0
0.523179690306
0.267669388171
1.0
0.523179690306
0.267669388171
0.99
0.533226042202
0.252826410552
0.99
0.538141381543
0.232467443853
0.99
0.58637044377
0.250995547772
0.99
0.596919500111
0.21225808656
0.99
0.606683757929
0.185735790353
