1.0
0.465291869594
0.960250944085
1.0
0.467143321402
0.960080180734
1.0
0.467143321402
0.960080180734
1.0
0.467143321402
0.960080180734
1.0
0.466844664409
0.957074045803
1.0
0.465916211531
0.95656627183
1.0
0.465387907084
0.955723748628
1.0
0.46549000311
0.954984412962
1.0
0.46549000311
0.954984412962
1.0
0.465403419963
0.953328501026
1.0
0.465250982226
0.952586010693
1.0
0.46523807618
0.954601865466
1.0
0.465288385974
0.953978461199
1.0
0.465707071285
0.95448334392
1.0
0.465707071285
0.95448334392
1.0
0.46892326554
0.955137496892
1.0
0.46892326554
0.955137496892
0.99
0.523054079489
0.961165206495
0.99
0.523054079489
0.961165206495
0.99
0.523054079489
0.961165206495
0.99
0.584739394996
0.961960502433
0.99
0.584739394996
0.961960502433
0.99
0.584739394996
0.961960502433
1.0
0.584039406297
0.96260232783
1.0
0.58476861634
0.963209491771
1.0
0.584821077504
0.964141256039
1.0
0.584821077504
0.964141256039
1.0
0.584175331713
0.963481573831
1.0
0.584265761865
0.964121540817
1.0
0.584265761865
0.964121540817
1.0
0.584003235482
0.963758594304
1.0
0.58334611064
0.963518434077
1.0
0.582738116174
0.963804511623
0.600535186378
0.504009175613
0.81615896549
0.600535186378
0.504009175613
0.81615896549
0.600535186378
0.487182451745
0.816128770582
0.600535186378
0.445251592833
0.829136950074
0.600535186378
0.446180853165
0.828163062986
0.600535186378
0.447779349531
0.825687096345
0.600535186378
0.447948395855
0.825985586435
0.600535186378
0.447921012635
0.826049712639
0.600535186378
0.448070760626
0.825712625337
0.600535186378
0.448198188921
0.825716774455
0.99
0.466855435747
0.817741643377
0.99
0.46695558155
0.817649629853
0.99
0.46695558155
0.817649629853
0.99
0.466845900755
0.818304957571
0.99
0.467108951425
0.81798180058
0.99
0.467256741306
0.818835800223
0.99
0.467256741306
0.818835800223
0.99
0.467495913208
0.819057899871
0.99
0.470398787782
0.813508353797
0.99
0.496986406787
0.731665341988
0.99
0.51530136197
0.703235746744
0.99
0.520368723947
0.685687859384
0.99
0.539578583415
0.620459361823
0.99
0.545151782279
0.603216723643
0.99
0.545151782279
0.603216723643
0.930396003106
0.546173823389
0.59616849737
0.930396003106
0.545400103256
0.595907057331
0.971697222938
0.545948625478
0.593126864955
1.0
0.546575185003
0.591635695614
1.0
0.54704634388
0.590428001717
1.0
0.54801445594
0.588395898601
1.0
0.548343803515
0.588070068089
1.0
0.548183419063
0.588949882382
1.0
0.547850617692
0.588407544735
1.0
0.547850617692
0.588407544735
1.0
0.547688935897
0.588507895551
1.0
0.547728302948
0.58884159403
1.0
0.547728302948
0.58884159403
1.0
0.547742627288
0.589755684697
1.0
0.547199125492
0.591333720347
1.0
0.54722132896
0.592222904182
1.0
0.54722132896
0.592222904182
1.0
0.547016953313
0.592944846536
1.0
0.547056313138
0.594349766176
1.0
0.547106810243
0.594633221859
1.0
0.547029451292
0.594323959543
1.0
0.54699044621
0.593992913421
1.0
0.547018242858
0.594846321212
1.0
0.547258419092
0.595952928929
1.0
0.547258419092
0.595952928929
1.0
0.547376763029
0.595256170922
1.0
0.54762469606
0.595070451483
1.0
0.547853649881
0.595108187679
1.0
0.548027163418
0.595292545002
1.0
0.532569256587
0.606675558035
1.0
0.532569256587
0.606675558035
1.0
0.532396900766
0.606928745409
