1.0
0.605672384987
0.573415283998
1.0
0.605722803942
0.573633947494
1.0
0.605709764478
0.57337986736
1.0
0.605779187554
0.573154192642
1.0
0.605630753936
0.572828992292
1.0
0.605499255584
0.573178300477
1.0
0.605319905145
0.573016735304
1.0
0.605434257985
0.572233817064
1.0
0.605771141781
0.572304254778
1.0
0.60568788113
0.572571705427
1.0
0.60568788113
0.572571705427
1.0
0.605470168584
0.572409203867
1.0
0.605626670017
0.571997248216
1.0
0.605718017911
0.571675207017
1.0
0.605741931915
0.571194869335
1.0
0.605544832344
0.571394101892
1.0
0.605602000195
0.571511680643
1.0
0.605513765347
0.571428928809
1.0
0.605449823539
0.571554278445
1.0
0.605449823539
0.571554278445
1.0
0.609497595404
0.572892774041
1.0
0.609665699542
0.572310248965
0.99
0.624975868182
0.578818488692
0.99
0.624858556964
0.578984462391
0.99
0.646476153569
0.589452707702
0.99
0.647085256006
0.589283454749
0.99
0.667689140199
0.597417945583
0.99
0.672534270292
0.590984594265
0.99
0.672534270292
0.590984594265
