1.0
0.400537090834
0.67515337081
1.0
0.384961731579
0.666884158747
1.0
0.384962756185
0.666878001212
1.0
0.368645731516
0.656949191311
1.0
0.368611415927
0.656971686419
1.0
0.363606943681
0.653556261198
1.0
0.363445768508
0.653463539255
1.0
0.363445768508
0.653463539255
1.0
0.364306898028
0.654739389418
1.0
0.364182571548
0.654611102293
1.0
0.364015812904
0.653708205055
1.0
0.363985421942
0.653626950725
1.0
0.363693479049
0.654363088115
1.0
0.363708100606
0.654334086717
1.0
0.365188108033
0.656114069837
1.0
0.365178687861
0.656156194893
1.0
0.365178687861
0.656156194893
1.0
0.365199058483
0.654998720033
1.0
0.365205273218
0.654962086219
1.0
0.365212921189
0.654817856789
1.0
0.365210032273
0.654830500695
1.0
0.365599822319
0.655184520598
1.0
0.365603525437
0.655211516802
1.0
0.365124343231
0.655398500845
1.0
0.36512401521
0.655351659959
1.0
0.366204153124
0.655156226714
1.0
0.366204153124
0.655156226714
1.0
0.366198330152
0.655201876888
1.0
0.364588610072
0.65461370619
1.0
0.364593078267
0.654586932689
1.0
0.36482901502
0.655301107868
1.0
0.36482682991
0.65531590305
1.0
0.364049008196
0.655733158037
1.0
0.364047969157
0.655744820263
1.0
0.365004044441
0.657506027647
1.0
0.365004044441
0.657506027647
1.0
0.36500202011
0.657494263115
1.0
0.365253454745
0.657534144512
1.0
0.365250542228
0.657546610646
1.0
0.366486390896
0.655797814686
1.0
0.366492574997
0.655832861674
1.0
0.366501681944
0.65591735016
1.0
0.366492461554
0.655920166301
1.0
0.368935879787
0.65691167381
1.0
0.368935879787
0.65691167381
1.0
0.368940820156
0.656899393444
1.0
0.38598586394
0.661855524878
1.0
0.385991853287
0.661858331394
0.99
0.419479818696
0.673613546373
0.99
0.41949789684
0.67358032128
0.99
0.442103677541
0.682373360089
0.99
0.442290505207
0.682297102927
0.99
0.442290505207
0.682297102927
1.0
0.450141267739
0.685320938094
0.99
0.450508854625
0.685254111762
0.99
0.453199221326
0.687337892658
0.99
0.453544911392
0.687288416997
0.99
0.453236758302
0.686168330612
1.0
0.453434306503
0.686094404726
1.0
0.454938298026
0.686325703045
1.0
0.454938298026
0.686325703045
1.0
0.454962456892
0.686399581712
1.0
0.455437491625
0.686690646631
1.0
0.455442654653
0.686694902436
1.0
0.45571483139
0.686911395241
1.0
0.455702749733
0.686893987568
1.0
0.456752650668
0.687054911934
1.0
0.456759159332
0.687072729171
1.0
0.469795397892
0.692114261905
1.0
0.469781706568
0.692143560455
0.99
0.49958210428
0.707910820585
0.99
0.49958210428
0.707910820585
0.99
0.499604552441
0.70790503341
0.604254911891
0.511252011344
0.715954368933
0.604254911891
0.51139332829
0.715931919022
0.972015435245
0.511853860117
0.710984088215
1.0
0.512124721323
0.710919088567
1.0
0.514201321359
0.711115975177
0.821258626411
0.514575382208
0.711182581444
0.821258626411
0.514575382208
0.711182581444
0.821258626411
0.516175797761
0.711138481397
1.0
0.516264336399
0.711077170487
1.0
0.516688150398
0.711935615238
0.930791959741
0.516657344127
0.7119499366
0.930791959741
0.516893126979
0.711730570618
0.986847915987
0.516900001662
0.711747075633
0.986847915987
0.516348420347
0.712582347238
1.0
0.516361692236
0.712612244672
1.0
0.516361692236
0.712612244672
1.0
0.51693034897
0.711778634494
0.991697973
0.516923589433
0.711767421551
0.991697973
0.516961065585
0.712478499165
0.993566818065
0.516958465573
0.712521431183
0.993566818065
0.517270750118
0.712744207151
1.0
0.517309367369
0.712764799276
1.0
0.517232449244
0.712890710308
1.0
0.517232449244
0.712890710308
0.95443956141
0.517212605667
0.712856913737
0.95443956141
0.517290328561
0.713220319457
1.0
0.517290184247
0.713257097522
1.0
0.517523207785
0.713389633015
0.968540011674
0.517518701904
0.713349784767
0.968540011674
0.517392813477
0.713032415968
1.0
0.517393145413
0.713092441991
1.0
0.517411347423
0.713087967884
1.0
0.517411347423
0.713087967884
0.931532606229
0.517398651602
0.713035041825
0.931532606229
0.517907763117
0.712901807559
0.978345178707
0.517931192554
0.712944393622
0.978345178707
0.518201957619
0.713529133985
1.0
0.518200783429
0.713584427804
1.0
0.518057206437
0.713349330867
1.0
0.518059961805
0.713340892523
1.0
0.517685256892
0.713179044209
0.977073075543
0.517674187325
0.713123761383
0.977073075543
0.518594937201
0.713485515662
0.977073075543
0.518594937201
0.713485515662
1.0
0.51859816304
0.713514570935
1.0
0.518404449744
0.713780834088
1.0
0.518407130222
0.713790503221
1.0
0.518231493407
0.714029584822
0.949832104804
0.518215810053
0.713993110466
0.949832104804
0.518203707254
0.713668539075
1.0
0.518226534381
0.713714208318
1.0
0.518226534381
0.713714208318
1.0
0.518370780891
0.713868871174
1.0
0.518369786481
0.713871560251
1.0
0.518283489279
0.713644901108
1.0
0.518283363123
0.713646038151
1.0
0.518312186379
0.714108370057
1.0
0.51831114981
0.7141132149
1.0
0.517967367268
0.713825873698
1.0
0.517955791441
0.713792129819
1.0
0.517955791441
0.713792129819
1.0
0.518080375407
0.715052579521
1.0
0.518083263133
0.715077678079
1.0
0.518069330036
0.715892124567
0.927298871388
0.518036157262
0.715807756804
0.927298871388
0.518275953022
0.714527472389
1.0
0.518305367073
0.714562894597
1.0
0.51826174928
0.714819093601
1.0
0.51826803606
0.714866768592
1.0
0.518594160109
0.714368073329
1.0
0.518594160109
0.714368073329
0.986484923052
0.518586322775
0.714361155542
0.986484923052
0.518760756434
0.714782217992
1.0
0.5187642261
0.714782896487
1.0
0.506587813117
0.707994324614
1.0
0.506590969585
0.70802982294
0.99
0.470236954897
0.683382816499
0.99
0.470221837495
0.683324334335
0.99
0.470221837495
0.683324334335
0.99
0.417728451941
0.653597526713
0.99
0.417566593807
0.653562673997
0.99
0.362922076924
0.624736276941
0.99
0.362040771277
0.624051116976
