0.92348305485
0.535824527079
0.474184290213
0.827403125865
0.531137651655
0.495575409759
0.860343930018
0.530007280312
0.516189560555
0.860343930018
0.530007280312
0.516189560555
0.860343930018
0.529430791963
0.5246875882
0.977939892258
0.530099781601
0.525284325906
0.977939892258
0.530099781601
0.525284325906
0.849041533091
0.529701475758
0.528509117117
0.871502360587
0.529187881442
0.532864220651
0.906705364359
0.529475300378
0.534415363664
0.840816074071
0.52892696044
0.537910933024
0.840816074071
0.52877192242
0.538189104682
0.99
0.523908798518
0.555802641092
0.99
0.524728140322
0.558708166505
0.99
0.524423287406
0.558854754912
0.99
0.524958594965
0.561198306932
0.99
0.524958594965
0.561198306932
1.0
0.525123917828
0.561289721646
1.0
0.525110507119
0.561434549216
1.0
0.525013896513
0.562138771399
1.0
0.524962797606
0.563477499714
1.0
0.52499103702
0.56416140086
1.0
0.524510160085
0.563536270961
1.0
0.52442455916
0.564222581905
1.0
0.52525447072
0.56535169745
1.0
0.52525447072
0.56535169745
1.0
0.525150383468
0.565982482147
1.0
0.524766046872
0.566522907673
1.0
0.524618613536
0.566660573784
1.0
0.524821942604
0.56727067998
1.0
0.5248070051
0.567484081738
1.0
0.524445878585
0.567530839027
1.0
0.524435185331
0.567119652642
1.0
0.524932704377
0.567612804376
1.0
0.52490308419
0.567562566058
1.0
0.52490308419
0.567562566058
1.0
0.524343555209
0.566423630645
1.0
0.524332929907
0.565419745634
1.0
0.524475958514
0.56465393401
1.0
0.524345689414
0.564885280197
1.0
0.524189338619
0.563963372213
1.0
0.524193597776
0.563778677044
1.0
0.524029082549
0.564076165085
1.0
0.524029082549
0.564076165085
1.0
0.524050716872
0.56393868215
1.0
0.523684799599
0.562985630585
1.0
0.523587655133
0.563432486431
1.0
0.523678471085
0.564069144811
1.0
0.523746394282
0.56383402589
1.0
0.524475035382
0.56432060241
1.0
0.524424839356
0.564737013916
1.0
0.524424839356
0.564737013916
1.0
0.524271154703
0.564011659345
1.0
0.52431583788
0.564207020172
1.0
0.524415982088
0.565045767166
1.0
0.524460273288
0.564495217148
1.0
0.524719708637
0.563935984512
1.0
0.524677953676
0.564059416402
1.0
0.524894013115
0.563367668582
1.0
0.524969730797
0.563167522528
1.0
0.525064287706
0.562024445837
1.0
0.525064287706
0.562024445837
1.0
0.525100014555
0.561545115483
1.0
0.525782273671
0.561423970875
1.0
0.525929496754
0.561021609185
1.0
0.525929644566
0.561037140419
1.0
0.525935085686
0.560490933121
1.0
0.525869214857
0.559856963941
1.0
0.525978251631
0.559602283904
