1.0
0.504390761375
0.551356619265
0.973440810096
0.50495019309
0.549645075701
0.973440810096
0.505031601878
0.548981748812
0.973440810096
0.505045638138
0.547905286471
1.0
0.505403790896
0.546308862105
1.0
0.505744322122
0.546644796695
1.0
0.505744322122
0.546644796695
1.0
0.505683233199
0.54665873461
1.0
0.505809266206
0.544628254926
1.0
0.506090006899
0.545609386979
1.0
0.505940440986
0.544889890755
1.0
0.506318299681
0.54671473526
1.0
0.506317357542
0.5470632008
1.0
0.506317357542
0.5470632008
1.0
0.506215870832
0.547624287354
1.0
0.506602374625
0.549158038531
1.0
0.506503262148
0.549945109643
1.0
0.50703766235
0.552399690046
1.0
0.507050532141
0.553331865421
1.0
0.506969323906
0.555652063487
1.0
0.50712914174
0.555726556756
1.0
0.507166965257
0.556180067798
1.0
0.506064488152
0.554755282103
1.0
0.506209705705
0.554930605173
1.0
0.504110935189
0.551299992378
0.99
0.496139308694
0.556885606364
0.99
0.492687997242
0.554211162564
0.99
0.492687997242
0.554211162564
0.99
0.489392421003
0.550258859339
1.0
0.488531878873
0.551138310461
1.0
0.48793894619
0.550703205425
1.0
0.48843338084
0.551839738149
1.0
0.488396900226
0.551818326403
1.0
0.489025279674
0.549232683364
1.0
0.488506012384
0.548991744896
1.0
0.488870339112
0.548824651875
1.0
0.488870339112
0.548824651875
1.0
0.489199859473
0.5482866152
1.0
0.488717479807
0.547827109305
1.0
0.488806774439
0.548096121119
1.0
0.488806774439
0.548096121119
1.0
0.486541918549
0.54674878511
1.0
0.486671246092
0.546584257034
1.0
0.486549207754
0.547265765851
1.0
0.486925424776
0.546951420111
1.0
0.486970649545
0.54652218239
1.0
0.48714858212
0.547119155378
1.0
0.487552749112
0.547624228663
1.0
0.48758738857
0.547893863467
1.0
0.488257065761
0.548727991128
1.0
0.48822726664
0.549251675154
1.0
0.488358224825
0.55023915337
1.0
0.488646378986
0.550407134575
1.0
0.488685309097
0.551001708241
1.0
0.489401272154
0.551859284775
1.0
0.489295946721
0.551775125922
1.0
0.488880722683
0.550551104083
1.0
0.487077049935
0.551396341212
1.0
0.487077049935
0.551396341212
1.0
0.485232489004
0.548751808669
1.0
0.483525771482
0.548600934096
1.0
0.481859118871
0.545041176623
1.0
0.479638572039
0.543937640934
1.0
0.475552624452
0.537050671737
1.0
0.473763384987
0.536291316167
1.0
0.473432698427
0.535575780557
1.0
0.473869757845
0.534380289918
1.0
0.474205910684
0.534047921442
1.0
0.474219068125
0.533240326146
1.0
0.474729545632
0.530650682379
1.0
0.475151154474
0.530820941841
1.0
0.475567523585
0.531550296876
1.0
0.47561738888
0.531647224593
1.0
0.475585470567
0.531296565816
1.0
0.475347510256
0.53113485576
1.0
0.475488232548
0.530428325578
1.0
0.475384025229
0.530529373117
1.0
0.47532301479
0.529990774162
1.0
0.475498566832
0.530157218221
1.0
0.475544761954
0.530095066334
1.0
0.475737507784
0.530586711997
1.0
0.475696793759
0.530219194397
1.0
0.475685149259
0.529671117205
1.0
0.475840912506
0.528858099374
1.0
0.476045726204
0.528810009184
1.0
0.476035240204
0.528979201573
1.0
0.476059626086
0.528991293356
1.0
0.476059626086
0.528991293356
1.0
0.476068734572
0.529147785848
1.0
0.476027755869
0.529075968412
