1.0
0.493037289237
0.694274258728
1.0
0.49254833639
0.693869542989
1.0
0.492545011685
0.693890667382
1.0
0.492491974565
0.693282275843
1.0
0.492521191741
0.693242979157
1.0
0.492529597934
0.692373686851
1.0
0.492502875354
0.692340389465
1.0
0.492553371095
0.691366821621
1.0
0.492553371095
0.691366821621
1.0
0.492549883652
0.691366985559
1.0
0.491880363388
0.691730075183
1.0
0.491873631725
0.691700314248
1.0
0.491890150891
0.69154943934
1.0
0.491906067858
0.691548423095
1.0
0.491822276129
0.691158159474
1.0
0.491828178621
0.691097296408
1.0
0.491899377945
0.690740796972
1.0
0.491881029157
0.69079897003
1.0
0.491881029157
0.69079897003
1.0
0.491854192697
0.690811708087
1.0
0.491874513303
0.690735810001
1.0
0.491252309862
0.690821908781
1.0
0.491246612167
0.690828680682
1.0
0.490232769678
0.689453211648
1.0
0.490212560068
0.689453277217
1.0
0.491572152205
0.688810307475
1.0
0.49156746433
0.68878656387
1.0
0.49156746433
0.68878656387
1.0
0.490161566407
0.688225748885
1.0
0.490172875617
0.688218491749
1.0
0.490456347534
0.687642105409
1.0
0.490441187962
0.687588208368
1.0
0.490282585555
0.686774767782
1.0
0.490313248489
0.686756618141
1.0
0.490184187056
0.686616467427
1.0
0.490165885025
0.686629416485
1.0
0.49299000237
0.689965226231
1.0
0.49299000237
0.689965226231
1.0
0.493006945659
0.689883947578
1.0
0.497530642731
0.694636235029
1.0
0.497545316295
0.694651694477
1.0
0.498225718145
0.696819260039
1.0
0.498231187772
0.696959052538
1.0
0.497657895324
0.699392815681
1.0
0.497696723013
0.699504025373
1.0
0.497696723013
0.699504025373
1.0
0.495372331499
0.697698681114
1.0
0.495374713225
0.697775993094
1.0
0.496427535378
0.697712649387
1.0
0.496403923562
0.697836756668
1.0
0.496754715835
0.697863155707
1.0
0.496740107324
0.697862663507
1.0
0.495568149434
0.697313854786
1.0
0.495573564449
0.697278036064
1.0
0.495573564449
0.697278036064
1.0
0.495939634489
0.697790800538
1.0
0.49594296527
0.697766465479
1.0
0.495731000836
0.698030564018
1.0
0.495738100901
0.698058476025
1.0
0.49530752194
0.697996732639
1.0
0.495290782865
0.697958286304
1.0
0.49321225152
0.697423241045
1.0
0.493208669195
0.697459383098
1.0
0.493208669195
0.697459383098
1.0
0.493549671404
0.697971589174
1.0
0.493537863906
0.697969820695
1.0
0.495359951337
0.697998563788
1.0
0.495361375505
0.698014351332
1.0
0.494903445328
0.698553071716
1.0
0.494879221445
0.698551038655
1.0
0.495092673274
0.698902599238
1.0
0.495101204208
0.698900929757
1.0
0.495101204208
0.698900929757
1.0
0.495724209137
0.698894315995
1.0
0.495729539217
0.698872025927
1.0
0.495171937325
0.699120350933
1.0
0.49517707493
0.699140719838
1.0
0.494888148648
0.6983829778
1.0
0.494887984793
0.698375574492
1.0
0.496212874127
0.699172085245
1.0
0.496212874127
0.699172085245
1.0
0.496226240142
0.699226643398
1.0
0.495583342876
0.698768067374
1.0
0.495578316944
0.6987130346
1.0
0.495956396499
0.698363832421
1.0
0.495944894488
0.698303615553
1.0
0.495693627546
0.697683012486
1.0
0.495692591926
0.697734510138
1.0
0.495671389406
0.697492865204
1.0
0.495684031912
0.69745354449
1.0
0.495684031912
0.69745354449
1.0
0.495889737937
0.697652621702
1.0
0.495894783722
0.697669319469
1.0
0.495670268588
0.696835863221
1.0
0.495684708483
0.696829196018
1.0
0.495644368664
0.696712850586
1.0
0.495653901233
0.696652313975
1.0
0.494255123478
0.694226165306
1.0
0.494255123478
0.694226165306
1.0
0.494259818925
0.694257926031
1.0
0.49479450452
0.694615808877
0.976356396752
0.494786781719
0.694530864288
0.976356396752
0.495655946005
0.69528538626
1.0
0.495667743381
0.695250470981
1.0
0.495828152308
0.694497210367
1.0
0.495844462779
0.694535730857
1.0
0.49542437412
0.694231492838
1.0
0.495425948442
0.694207808882
1.0
0.495425948442
0.694207808882
1.0
0.495064506117
0.69348796484
1.0
0.495071058595
0.69347197398
1.0
0.495110973299
0.692927773626
1.0
0.49511366754
0.692936825735
1.0
0.494425979262
0.692316581291
1.0
0.494424644196
0.692311895759
1.0
0.493465723651
0.692056777126
1.0
0.493474619531
0.692043904238
1.0
0.493474619531
0.692043904238
1.0
0.493249727967
0.691731263585
1.0
0.493232990852
0.691657954108
1.0
0.494341206458
0.690196830809
1.0
0.494355411448
0.690194333234
1.0
0.49445271749
0.689851702742
1.0
0.494458953749
0.689839371107
1.0
0.494217232276
0.689202752398
1.0
0.494209004413
0.68919832909
1.0
0.494209004413
0.68919832909
1.0
0.494131272731
0.689479631887
1.0
0.494142687026
0.689438801646
1.0
0.493532519341
0.690115650667
1.0
0.493529704183
0.690145458063
1.0
0.492948113452
0.69026830802
1.0
0.492928904029
0.690328718326
1.0
0.492215101532
0.690388247955
1.0
0.492214432051
0.690417703813
1.0
0.492214432051
0.690417703813
1.0
0.491622693598
0.69121555873
1.0
0.491611251832
0.691187874896
1.0
0.492315900757
0.692883760052
0.974442195532
0.492281736937
0.692910740873
0.974442195532
0.492165755816
0.694120127967
1.0
0.492170218218
0.694151637389
1.0
0.491585167559
0.694550496192
1.0
0.491555808006
0.694598360585
1.0
0.491555808006
0.694598360585
1.0
0.491086947595
0.694966089753
1.0
0.491080707082
0.69501821818
1.0
0.490505286268
0.694405580844
1.0
0.490510797513
0.694391940028
1.0
0.49026777182
0.69550401713
1.0
0.49025403863
0.695497625943
1.0
0.488636398859
0.69536808228
1.0
0.488645912935
0.695431278081
1.0
0.488645912935
0.695431278081
1.0
0.489028490611
0.694301581589
1.0
0.489008820617
0.694258434963
1.0
0.488472583125
0.695267058818
1.0
0.488464860236
0.695295445566
1.0
0.488668195585
0.69572248235
1.0
0.488650972127
0.695725997664
1.0
0.488807418006
0.695974076673
1.0
0.488811381528
0.69592317045
1.0
0.488811381528
0.69592317045
1.0
0.489023439042
0.696423616262
1.0
0.489012263663
0.69649954602
1.0
0.488299843726
0.696140917173
1.0
0.488314701302
0.696135183088
1.0
0.488231983066
0.69658138774
1.0
0.488231852998
0.696615102382
1.0
0.48816166839
0.696873274421
1.0
0.48816166839
0.696873274421
1.0
0.488142183024
0.696863412777
1.0
0.488491681737
0.696100719069
1.0
0.48848849708
0.696087390941
1.0
0.488124235495
0.697958754922
1.0
0.488122705314
0.69797387087
1.0
0.488220730727
0.698823295753
1.0
0.488211520279
0.698827059286
1.0
0.488250124027
0.698522419424
1.0
0.488243443116
0.698597946546
1.0
0.488243443116
0.698597946546
1.0
0.487924802919
0.699228440233
1.0
0.487932844447
0.699209860766
1.0
0.488131556315
0.699205547427
1.0
0.488124631561
0.699217820221
1.0
0.488056751896
0.699264759707
1.0
0.488061144506
0.699341779813
1.0
0.487658161127
0.698369943241
1.0
0.487658161127
0.698369943241
1.0
0.48765027842
0.698356433867
1.0
0.488750671606
0.698230527314
1.0
0.488736113524
0.698202126819
1.0
0.488558405352
0.698964711292
1.0
0.488570711111
0.698962848954
1.0
0.489026728409
0.699345455448
1.0
0.489026538206
0.699374880824
1.0
0.489026538206
0.699374880824
1.0
0.488646671507
0.699287290845
1.0
0.488644789411
0.699279796954
1.0
0.489603967319
0.699508284234
1.0
0.489627517917
0.699521034027
1.0
0.489866139971
0.700078025782
1.0
0.489868055514
0.700117956227
1.0
0.489624799025
0.700768991731
1.0
0.48962569303
0.70068696044
1.0
0.491357874341
0.698357461744
1.0
0.491361575768
0.698408460416
1.0
0.491361575768
0.698408460416
1.0
0.490306292274
0.699391009028
1.0
0.490300477871
0.699372928137
1.0
0.490382843412
0.700793381127
1.0
0.490379613564
0.70080287712
1.0
0.490322273225
0.700882954628
1.0
0.49031984675
0.700885189077
1.0
0.490720068526
0.701162359213
1.0
0.490718302657
0.701215447998
1.0
0.490718302657
0.701215447998
1.0
0.490052458633
0.700621412338
1.0
0.490062803172
0.700621468203
1.0
0.490948272934
0.70191771381
1.0
0.49094013947
0.701952096908
1.0
0.490562460647
0.701775112103
1.0
0.490560339859
0.701759028602
1.0
0.490550644898
0.700228077681
1.0
0.490540161837
0.700197140072
1.0
0.490540161837
0.700197140072
1.0
0.490598896414
0.700372400662
1.0
0.490611694541
0.700431786878
1.0
0.490584810206
0.702850192863
1.0
0.490571817796
0.702832427174
1.0
0.490767285989
0.704075208069
1.0
0.490767382893
0.704116797498
1.0
0.491030363007
0.705079938138
1.0
0.491034681912
0.70508488361
1.0
0.491034681912
0.70508488361
1.0
0.490651240557
0.706301059399
1.0
0.490650646916
0.706298109125
1.0
0.490328794931
0.70744736998
1.0
0.49032852842
0.707532216047
1.0
0.490292793445
0.707958546653
1.0
0.490282166337
0.707937618681
1.0
0.490172279467
0.708841237942
1.0
0.490172279467
0.708841237942
1.0
0.490175055808
0.708916228649
1.0
0.490609625497
0.711110005072
1.0
0.49060351922
0.711136365434
1.0
0.490290159541
0.710041876756
1.0
0.49027568757
0.710022477201
1.0
0.490318232884
0.711941415866
1.0
0.49032070854
0.712044093358
1.0
0.490075065264
0.714002133705
1.0
0.490066077882
0.714029497722
1.0
0.490066077882
0.714029497722
1.0
0.490510297818
0.715836412227
1.0
0.490511242933
0.715880778843
1.0
0.489867511996
0.717051882295
1.0
0.489840137868
0.717084221522
1.0
0.490359032056
0.717950166786
1.0
0.490349568607
0.718026301488
1.0
0.493581544109
0.72296038529
1.0
0.493573166769
0.722942958516
1.0
0.493573166769
0.722942958516
1.0
0.50219785319
0.732953728443
1.0
0.502187529965
0.733037978125
1.0
0.511953327799
0.74290026466
1.0
0.511956213435
0.743004012291
1.0
0.513503787627
0.748715829049
0.831754444138
0.513552917802
0.749010219124
0.831754444138
0.513216739487
0.752283945606
0.831754444138
0.513216739487
0.752283945606
0.976310492678
0.513319608723
0.752392054972
0.976310492678
0.513457134509
0.752289298333
0.985528924938
0.51345104828
0.752553251206
0.985528924938
0.512972795409
0.75424565845
1.0
0.512971615993
0.75438358415
1.0
0.514266337723
0.756380936228
1.0
0.514253899712
0.756394377673
1.0
0.513805104955
0.758241385456
1.0
0.513798624105
0.758364443728
1.0
0.513798624105
0.758364443728
1.0
0.514582793972
0.760603148692
1.0
0.514566790533
0.76068571248
1.0
0.515061119599
0.760387378253
1.0
0.515071484973
0.760401341422
1.0
0.513515108923
0.760374939825
1.0
0.513494947599
0.760453053164
1.0
0.513494947599
0.760453053164
1.0
0.51383522361
0.763556997862
1.0
0.513837508622
0.763567054947
1.0
0.513518291139
0.764180373757
1.0
0.513513304482
0.764215077041
1.0
0.513352746993
0.764056812552
1.0
0.513339277912
0.764093548004
1.0
0.513194467229
0.764607977148
1.0
0.513197728672
0.764613594292
1.0
0.513216536839
0.76429723664
1.0
0.513229764589
0.764333260338
1.0
0.513229764589
0.764333260338
1.0
0.512816391618
0.76417244872
1.0
0.512797310508
0.764162101713
1.0
0.512440238195
0.764811649981
1.0
0.51243133432
0.764838252214
1.0
0.511322958828
0.765614473328
1.0
0.511329974409
0.765600022871
1.0
0.511398917034
0.764933461566
1.0
0.511407104511
0.764950875769
1.0
0.511407104511
0.764950875769
1.0
0.510289602793
0.765168234785
1.0
0.510276850137
0.765161499426
1.0
0.509718104699
0.766183849796
1.0
0.509710511505
0.766195850062
1.0
0.509506555689
0.765535438599
1.0
0.509511010294
0.765544698103
1.0
0.509511010294
0.765544698103
1.0
0.508417092603
0.764604844535
1.0
0.508398689241
0.764661311111
1.0
0.507327301783
0.76469638074
1.0
0.507336903855
0.764639541735
1.0
0.507101658621
0.764815645619
1.0
0.507098235003
0.764806938512
1.0
0.50550921065
0.764755585656
1.0
0.505495689534
0.764773272008
1.0
0.50437085536
0.764940920865
1.0
0.504363347909
0.764960990877
1.0
0.504363347909
0.764960990877
1.0
0.503071825397
0.764104238402
1.0
0.503058122861
0.764105728731
1.0
0.502920345502
0.764285074059
1.0
0.502914971322
0.76425631107
1.0
0.502212457524
0.765163561738
1.0
0.502196115714
0.765199454246
1.0
0.502196115714
0.765199454246
1.0
0.500849819209
0.763602581464
1.0
0.500840604103
0.76363441264
1.0
0.499251562322
0.76269531335
1.0
0.499242777299
0.762665715673
1.0
0.497893077736
0.762136351899
1.0
0.497886569151
0.762108158265
1.0
0.496956263871
0.761296616454
1.0
0.496960393616
0.761318607255
1.0
0.495880054445
0.761644543525
1.0
0.495880054445
0.761644543525
1.0
0.495870989267
0.761592825944
1.0
0.495195002646
0.760808300718
1.0
0.495184900021
0.760823041564
1.0
0.494539701067
0.760607098807
1.0
0.494521617167
0.760643331109
1.0
0.493022479814
0.760200430838
1.0
0.493030250167
0.760151115498
1.0
0.493423172155
0.759122114024
1.0
0.493423172155
0.759122114024
1.0
0.493416566038
0.759136370217
1.0
0.491305897595
0.758496407223
1.0
0.491300845633
0.758488390095
1.0
0.48961457391
0.757946679261
1.0
0.48960724891
0.75793936763
1.0
0.488815287023
0.756525679214
1.0
0.488820261821
0.756456451295
1.0
0.488123370518
0.755260510473
1.0
0.488123370518
0.755260510473
1.0
0.488115072554
0.755218339884
1.0
0.487560812124
0.754267156741
1.0
0.487560698324
0.754244088415
1.0
0.486553701273
0.753422240863
1.0
0.486552536402
0.753415556309
1.0
0.485760550887
0.752187910776
1.0
0.485761031551
0.752181428617
1.0
0.484083181356
0.752321819547
1.0
0.484083158856
0.752307334365
1.0
0.484083158856
0.752307334365
1.0
0.483552112064
0.751448374379
1.0
0.483544257083
0.751403989765
1.0
0.482988938462
0.74998094898
1.0
0.482973854086
0.749944531172
1.0
0.482424555523
0.75030314275
0.916206223743
0.48241321857
0.750298452781
0.916206223743
0.48241321857
0.750298452781
0.916206223743
0.480558146644
0.748761517375
1.0
0.480563881656
0.748811963112
1.0
0.479686454297
0.748228718513
0.971938682995
0.479658682852
0.74828589923
0.971938682995
0.478367442923
0.746939601258
1.0
0.478377564365
0.74681778791
1.0
0.477779009344
0.746492106337
1.0
0.477790171444
0.746436215957
1.0
0.476852463232
0.745554825722
1.0
0.476852463232
0.745554825722
1.0
0.476827302661
0.745591482033
1.0
0.475060669756
0.744118407595
1.0
0.475058177874
0.744087687613
1.0
0.473358203045
0.742916850563
1.0
0.473338853363
0.742866455519
1.0
0.472779950829
0.742177046242
1.0
0.472775101048
0.742111902345
1.0
0.472850761566
0.739953464404
1.0
0.472852208368
0.739919446184
1.0
0.472852208368
0.739919446184
1.0
0.470687994848
0.738017332772
0.908117387132
0.470664013291
0.737909829874
0.908117387132
0.469552768924
0.738133493942
0.987252359281
0.469555740465
0.738148863023
0.987252359281
0.468652386576
0.735860510174
1.0
0.468656167366
0.735864280392
1.0
0.468656167366
0.735864280392
1.0
0.467520329839
0.734722291542
1.0
0.467514788813
0.734740910503
1.0
0.466722845173
0.734349987036
0.998720464654
0.466703873315
0.734245209693
0.998720464654
0.466630422436
0.734027840109
0.992198914774
0.466628485683
0.733982297003
0.992198914774
0.464870505827
0.73200077282
0.994289081436
0.464877652691
0.731996825245
0.994289081436
0.465444498013
0.731142345381
1.0
0.465460270683
0.73107788655
1.0
0.465460270683
0.73107788655
1.0
0.464263744532
0.729265683151
1.0
0.464261354942
0.729251952432
1.0
0.462602442633
0.728821484319
1.0
0.462602638713
0.728833618281
1.0
0.462173965786
0.728482363469
1.0
0.462160879108
0.728420295663
1.0
0.461836680058
0.727809223
1.0
0.461835394181
0.727834452877
1.0
0.461835394181
0.727834452877
1.0
0.461139070675
0.726095285384
1.0
0.461148430388
0.726039488727
1.0
0.461235600741
0.725760840902
1.0
0.46123505103
0.725701957411
1.0
0.45926629687
0.724072912361
0.931730494087
0.45925259647
0.72402044598
0.931730494087
0.459640846584
0.723217731216
1.0
0.459647749804
0.723247305986
1.0
0.459647749804
0.723247305986
1.0
0.458250205272
0.722214880894
1.0
0.458243117429
0.722131584235
1.0
0.457555005507
0.721686385509
1.0
0.457554297841
0.721628405733
1.0
0.456339602956
0.721372632275
1.0
0.456355807505
0.721377361744
1.0
0.456954007021
0.719636992385
1.0
0.456954007021
0.719636992385
1.0
0.45695781531
0.719618901476
1.0
0.456906455441
0.719467142916
1.0
0.456897812684
0.719399445539
1.0
0.456714101381
0.718497930008
1.0
0.456722752254
0.718514894388
1.0
0.456178544398
0.71819237135
1.0
0.456168093961
0.718175843457
1.0
0.456330167292
0.717167689886
1.0
0.456326802897
0.717159485002
1.0
0.456326802897
0.717159485002
1.0
0.455340435741
0.715808911803
1.0
0.455333887616
0.715767719644
1.0
0.455252261243
0.714864237806
1.0
0.455248335723
0.714801823367
1.0
0.454513081046
0.715134631449
1.0
0.454523013188
0.715168001058
1.0
0.453927969598
0.713290822828
1.0
0.453922508734
0.713315732108
1.0
0.453922508734
0.713315732108
1.0
0.453367243972
0.712367747032
1.0
0.453374978051
0.712331547218
1.0
0.452989080496
0.71177791486
1.0
0.452976423555
0.711726875799
1.0
0.452950210101
0.711543703846
1.0
0.452954608872
0.711494735047
1.0
0.452954608872
0.711494735047
1.0
0.453359973167
0.710977123914
1.0
0.453376492098
0.71096778007
1.0
0.452785771735
0.709964153192
1.0
0.452775203679
0.709954019356
1.0
0.45320593766
0.709009034761
1.0
0.453217538617
0.70897643136
1.0
0.45363345191
0.70908140379
1.0
0.453634273951
0.70905881419
1.0
0.453906531017
0.709143484167
1.0
0.45390781613
0.709103389185
1.0
0.45390781613
0.709103389185
1.0
0.454044626697
0.70823758449
1.0
0.454064657762
0.708239094699
1.0
0.453498448612
0.708150904242
1.0
0.453501337194
0.708135285922
1.0
0.453136129492
0.708796346579
1.0
0.453130450069
0.708755551051
1.0
0.454787678014
0.707620409819
1.0
0.454787678014
0.707620409819
1.0
0.454799045447
0.70763097509
1.0
0.45487413302
0.706867925818
1.0
0.454895186996
0.706832828185
1.0
0.455242718447
0.706617299726
1.0
0.455245554768
0.706598533953
1.0
0.453530359225
0.712408475346
1.0
0.453549227277
0.712386870243
1.0
0.449532728721
0.717686756834
1.0
0.449532728721
0.717686756834
1.0
0.449532136724
0.717657350877
1.0
0.447591725276
0.719949183343
1.0
0.447512026859
0.720183118572
1.0
0.448509883524
0.720815650493
1.0
0.448383958982
0.721098664003
1.0
0.448498680742
0.719890018923
1.0
0.448458874023
0.719943743636
1.0
0.449268961154
0.720028434229
1.0
0.449268961154
0.720028434229
1.0
0.44925464632
0.720120676739
1.0
0.451423078417
0.71959796675
1.0
0.451453229258
0.719543199022
1.0
0.451566626286
0.718713128176
1.0
0.451579348252
0.718675178281
1.0
0.452844414048
0.717732759712
1.0
0.452864120687
0.717683116624
1.0
0.454090156318
0.717434397523
1.0
0.454118801457
0.717436392384
1.0
0.454118801457
0.717436392384
1.0
0.455401788368
0.717695931793
1.0
0.455407561648
0.717663956606
1.0
0.455970420686
0.717102086648
1.0
0.455989113217
0.717098005203
1.0
0.457089685242
0.717591310438
1.0
0.457110679633
0.717594098854
1.0
0.457750981455
0.71677131896
1.0
0.457771429393
0.716723494317
1.0
0.457771429393
0.716723494317
1.0
0.457953761178
0.716227359239
1.0
0.457969704569
0.716204231942
1.0
0.459250323624
0.717097640686
1.0
0.459272488617
0.7170501896
1.0
0.46045754867
0.716932909169
1.0
0.460462572655
0.716927932865
1.0
0.461404707717
0.715762305292
1.0
0.461404707717
0.715762305292
1.0
0.461422681393
0.715753817491
1.0
0.462162991451
0.716045657676
1.0
0.462168502868
0.716104332076
1.0
0.462706723346
0.715903544732
1.0
0.462729466532
0.715835481662
1.0
0.46354090227
0.715386607563
1.0
0.463541706533
0.715376594058
1.0
0.463869843372
0.715258563836
1.0
0.463869843372
0.715258563836
1.0
0.463886445799
0.715229553226
1.0
0.464127217195
0.715182487891
1.0
0.464149080808
0.715154000294
1.0
0.464809066763
0.714818565019
1.0
0.464809964372
0.714815008812
1.0
0.464780342246
0.71477834549
1.0
0.464779252996
0.714748038474
1.0
0.464779252996
0.714748038474
1.0
0.465306463804
0.713728171071
1.0
0.465345178573
0.71373086926
1.0
0.466095450602
0.713087300736
1.0
0.466107675527
0.713082604415
1.0
0.467265014522
0.714122868099
1.0
0.467261673009
0.714095794892
1.0
0.468917892367
0.714261085276
1.0
0.46892950458
0.7142131659
1.0
0.46892950458
0.7142131659
1.0
0.469544124263
0.713759764294
1.0
0.469562959758
0.713751343875
1.0
0.470495163803
0.71373356855
1.0
0.47049069981
0.713728163276
1.0
0.470517051263
0.712996273889
1.0
0.470535966778
0.712947206007
1.0
0.471693870009
0.713232713306
1.0
0.47170026699
0.713257095486
1.0
0.471856786941
0.713796991201
1.0
0.471874179419
0.713768506919
1.0
0.471874179419
0.713768506919
1.0
0.472234788801
0.711873495705
1.0
0.472243803065
0.711862314794
1.0
0.4731306604
0.713547713265
1.0
0.473137351354
0.713522076601
1.0
0.474096357209
0.713117833828
1.0
0.474109807205
0.713109887023
1.0
0.474109807205
0.713109887023
1.0
0.475614885415
0.712078496221
1.0
0.475622348779
0.71204853636
1.0
0.476707038731
0.711920521817
1.0
0.476717930161
0.711923233762
1.0
0.47650953056
0.711123930726
1.0
0.476513528959
0.711114326224
1.0
0.477220549486
0.710832964419
1.0
0.477233644129
0.710805701918
1.0
0.47797789644
0.710911840029
1.0
0.47797789644
0.710911840029
1.0
0.477994674598
0.710885330244
1.0
0.477801743755
0.71060697467
1.0
0.477823093572
0.710621754265
