0.94282030713
0.619015723121
0.309690009168
0.94282030713
0.618175797424
0.30811012488
0.873688163231
0.632499487553
0.283327381239
0.873688163231
0.632128858689
0.2828962021
0.844685532995
0.634045158594
0.283419660322
0.844685532995
0.634134900929
0.28309854709
0.844685532995
0.634134900929
0.28309854709
0.820105552145
0.633931076125
0.283527690792
0.820105552145
0.633655515869
0.284479399797
0.837482723552
0.631420430558
0.303180463874
0.837482723552
0.631483933074
0.303007861044
0.944964579878
0.631224929388
0.30246547201
0.944964579878
0.631244132625
0.303313747194
0.968131924455
0.630787323742
0.303703432606
0.969822790075
0.630936094553
0.303597968302
0.969822790075
0.630936094553
0.303597968302
0.92957353493
0.629987316404
0.305196681664
0.92957353493
0.629662075182
0.304953017091
0.978641316848
0.628921178055
0.307094116481
0.973610456576
0.628886871634
0.306195780466
0.973610456576
0.629007191865
0.305831958058
0.91992494095
0.62915580341
0.305825357408
0.91992494095
0.629490365725
0.306778705675
0.92978991322
0.629602783881
0.307528410076
0.92978991322
0.629602783881
0.307528410076
0.92978991322
0.629323649445
0.307632242393
0.957388717215
0.629255299077
0.307513371029
0.993010499888
0.6297883066
0.307080518102
0.966806836429
0.629895424438
0.307076127031
0.927397220883
0.629687865973
0.307008072474
0.920986155672
0.629729979098
0.307871199342
0.920986155672
0.630038324307
0.306498227346
0.950040814834
0.629916838323
0.306168416626
0.950040814834
0.629916838323
0.306168416626
0.950040814834
0.630314311357
0.306532036136
0.951422666569
0.630410150327
0.306506578804
1.0
0.630348653384
0.307600553572
0.96432210688
0.630320834797
0.3083721106
0.942337402831
0.630303435807
0.308223507446
0.942337402831
0.630240317418
0.307708724121
0.944890416828
0.630232844598
0.307633183142
0.946966563792
0.630002532273
0.307315204057
0.946966563792
0.630002532273
0.307315204057
0.962786657228
0.630234106629
0.306906218207
0.96511445541
0.630408761508
0.307397151492
0.96511445541
0.630948481384
0.30615422097
0.953879172479
0.630785893294
0.305849564613
0.953879172479
0.630770684494
0.307376927491
0.963715606043
0.631013921601
0.307830406133
0.963715606043
0.630912644405
0.307291580141
0.952472202808
0.630909153489
0.306277930982
0.952472202808
0.630909153489
0.306277930982
0.952472202808
0.63094958183
0.306461847417
0.951472725644
0.631031876022
0.307347457292
0.951472725644
0.630868066436
0.307356853603
0.957186072985
0.630791045747
0.307624233158
0.972330617114
0.631037986875
0.307830066016
0.934146964119
0.630746804349
0.307300643699
0.934146964119
0.630399277144
0.307694526538
0.973037813413
0.630783390608
0.308554748548
0.973037813413
0.630783390608
0.308554748548
0.981016166814
0.631116839721
0.30845632141
0.947223937939
0.630946567813
0.308868968076
0.947223937939
0.630767865916
0.309129482761
0.969799572785
0.630840848929
0.308829997733
0.961828411015
0.6309934364
0.310033897635
0.961828411015
0.630600186122
0.308954297228
0.96323020856
0.630384625924
0.308447037966
0.96323020856
0.630384625924
0.308447037966
0.959713922503
0.630588746669
0.308446189147
0.959713922503
0.630471585112
0.308571453657
0.926886707071
0.631373588109
0.30879554825
0.926886707071
0.631574148947
0.308527023627
0.967704164901
0.633505476652
0.310621239867
0.967704164901
0.633669765777
0.30982198552
0.983340733611
0.635269315115
0.311788459743
0.983340733611
0.635187121951
0.311673036871
0.960329581953
0.635668806978
0.312817446924
0.960329581953
0.635668806978
0.312817446924
0.960329581953
0.637068833811
0.31083068289
0.947931554098
0.637246032399
0.311109993532
0.947931554098
0.639076261802
0.309722776398
0.960479011518
0.639112930762
0.31027225802
0.939978994471
0.64070969655
0.309171071353
0.939978994471
0.640885262288
0.309904995701
0.939978994471
0.640885262288
0.309904995701
0.922202187387
0.641751016983
0.308257119081
0.922202187387
0.641717180562
0.308067262893
0.903025086491
0.642213698346
0.307685390776
0.903025086491
0.642042566999
0.307621678239
0.903725849275
0.642794473282
0.306303644122
0.903725849275
0.642851212509
0.305967290654
1.0
0.64408108841
0.304377795397
0.949644006931
0.644036421418
0.304415198516
0.949644006931
0.645172717661
0.303370327876
0.93371406823
0.6451825677
0.303483241845
0.93371406823
0.6451825677
0.303483241845
0.93371406823
0.645261440646
0.303237743661
0.951762821382
0.645212868458
0.302696602943
0.951762821382
0.645268159987
0.30199916826
0.980117623095
0.645315934124
0.302145169436
0.980117623095
0.644929917186
0.301988739403
1.0
0.645002334338
0.302840222913
1.0
0.645090620831
0.302495751092
0.936886031725
0.644881677106
0.301397258938
0.936886031725
0.644881677106
0.301397258938
0.936886031725
0.644870189829
0.301308761196
0.941530018428
0.64516091247
0.301863162642
0.941530018428
0.644969217517
0.302301063376
0.914224631344
0.644934659202
0.301481295998
0.914224631344
0.645028665641
0.300917310048
0.936652709506
0.645186007638
0.301073831859
0.936652709506
0.645030303035
0.300764452955
0.912414310043
0.645144744886
0.301342248324
0.912414310043
0.645144744886
0.301342248324
0.912414310043
0.645046854184
0.301422840206
0.950882386522
0.644810843528
0.300256439594
0.950882386522
0.644739053835
0.299914718877
0.986913019077
0.644633931923
0.300129962674
0.986913019077
0.644617017661
0.300472547237
0.989302889202
0.644589584319
0.30072622726
0.989302889202
0.644464445097
0.300621335165
0.972093230041
0.644609375024
0.300377214399
0.972093230041
0.644609375024
0.300377214399
0.972093230041
0.644507624123
0.300815094709
1.0
0.644513558132
0.300536751678
1.0
0.644567231436
0.301053134003
1.0
0.644468503934
0.301481104316
1.0
0.644275200117
0.301468501476
0.995678470072
0.644653395888
0.302522253018
0.995678470072
0.644653395888
0.302522253018
0.995678470072
0.644856729761
0.301691664161
1.0
0.644764133136
0.301685462796
1.0
0.644623672003
0.302370149558
1.0
0.644594668565
0.302660392223
1.0
0.644287008343
0.303165034812
1.0
0.643867412078
0.302839423092
1.0
0.644457950775
0.302291994616
0.976592430733
0.644720801138
0.302275544731
0.976592430733
0.644443738761
0.303162133891
0.961069495177
0.644349979849
0.302754738057
0.961069495177
0.644349979849
0.302754738057
0.961069495177
0.64449556286
0.302635531866
0.907910051799
0.644605136342
0.302767864809
0.907910051799
0.644595101294
0.302561419264
1.0
0.644559747695
0.302780566759
1.0
0.644312566174
0.303782719802
0.939629088518
0.644164143787
0.303580586773
0.939629088518
0.644446479128
0.302893288073
1.0
0.644531653896
0.302311200121
1.0
0.644531653896
0.302311200121
1.0
0.64460750395
0.302343428505
1.0
0.644478923196
0.30168149208
1.0
0.644360373798
0.301442257444
0.939594777592
0.644336285802
0.301416399436
0.939594777592
0.64430684742
0.300310686785
0.96628660977
0.644488368811
0.300493076475
0.96628660977
0.644488368811
0.300493076475
0.96628660977
0.644474649205
0.299921843518
1.0
0.643981320931
0.298426681902
1.0
0.644111577023
0.299143506939
1.0
0.644227006084
0.299347317661
1.0
0.64438735397
0.297890550654
0.995643573359
0.644744218233
0.297942991
0.995643573359
0.644632750688
0.297756761947
0.952666040197
0.644627352784
0.2976272973
0.952666040197
0.644652068759
0.297742934395
0.952666040197
0.644652068759
0.297742934395
0.939818914917
0.644609480234
0.29787289697
0.939818914917
0.644736108171
0.297644244872
1.0
0.644883093314
0.298189958117
1.0
0.64490417774
0.297824798529
0.951985643694
0.645029582754
0.297120261627
0.951985643694
0.644978360352
0.29640539996
1.0
0.644877742175
0.296674648906
1.0
0.645019505762
0.297208126586
1.0
0.645019505762
0.297208126586
1.0
0.644260653749
0.29664145698
1.0
0.644276886996
0.297337500303
0.99
0.607370623857
0.257812562373
0.99
0.607370623857
0.257812562373
0.99
0.607580373027
0.256688790397
0.99
0.607636555698
0.255766664175
0.99
0.606493088021
0.256838977737
0.898200877305
0.597567921892
0.267542639273
0.898200877305
0.581501358486
0.259040664864
0.822880264696
0.563146708985
0.270048398502
0.834710348087
0.536368000252
0.305105380657
0.834710348087
0.534713222895
0.30518119135
0.863978412997
0.514124491536
0.324070102546
0.863978412997
0.514124491536
0.324070102546
0.863978412997
0.51442372437
0.325139853418
0.881406687322
0.492784442436
0.351039719676
0.881406687322
0.493102584784
0.351543806274
0.898354353914
0.477938169129
0.372552118304
0.898354353914
0.478212628083
0.373311641034
0.939843912008
0.475004040407
0.374859564101
0.93252868561
0.474886432362
0.374798705686
0.93252868561
0.474859353756
0.377565988618
0.93252868561
0.474859353756
0.377565988618
0.989495941541
0.475038426637
0.377410427863
0.981215819609
0.476648272853
0.376136922471
0.981215819609
0.476477837656
0.377149654385
0.992622759893
0.477307869291
0.376242587694
0.97421616228
0.477193582446
0.376208046019
0.967005703074
0.477404387263
0.377199742692
0.967005703074
0.477143325349
0.376842973638
0.976799140685
0.477304374297
0.376757001253
0.976799140685
0.477304374297
0.376757001253
0.994332290693
0.477050874675
0.377464021882
0.983675830413
0.477122429905
0.376480661455
0.983675830413
0.477116556945
0.377012421469
1.0
0.47709441488
0.377296090639
1.0
0.477125771848
0.377887718401
1.0
0.476560887805
0.379153275777
1.0
0.476242246694
0.378704660549
0.964858636127
0.475706525444
0.380228609599
0.964858636127
0.475311585356
0.381440869634
0.964858636127
0.475311585356
0.381440869634
0.978260781981
0.475235233867
0.381133418733
0.978260781981
0.475222260807
0.380822561004
0.947061814214
0.474671456494
0.382614889451
0.947061814214
0.474410784501
0.382867029561
0.965672580032
0.474108830911
0.38186869973
0.946302475482
0.473575714145
0.380888211713
0.946302475482
0.473095934864
0.381159045912
0.986998417688
0.473135233033
0.381835032285
0.986998417688
0.473135233033
0.381835032285
0.973684687235
0.472784326662
0.382088334859
0.95183839262
0.472364446542
0.382423539147
0.95183839262
0.471785680337
0.383078340002
0.957634530585
0.471767387956
0.382938662073
0.957634530585
0.471088031716
0.384222501694
0.991885984435
0.472517508847
0.382995859149
1.0
0.47178498362
0.384034087361
1.0
0.47178498362
0.384034087361
0.99
0.482559747784
0.379155282495
0.966064313132
0.482228059767
0.380233938236
0.966064313132
0.500603749477
0.405779532234
0.973690660369
0.500233935518
0.40586959869
0.99
0.515587126851
0.395695605261
0.959295055062
0.516700977455
0.394670340121
0.959295055062
0.529420095228
0.412881992098
0.99
0.536062074766
0.403213334355
0.99
0.536062074766
0.403213334355
0.99
0.541934995214
0.408907464491
0.918948158748
0.55797873103
0.390976973696
