1.0
0.485141563969
0.5942965855
1.0
0.484953426524
0.595128968637
1.0
0.485034554465
0.595333416737
1.0
0.484924271786
0.595768971867
1.0
0.484990028849
0.596119962448
1.0
0.485046396756
0.596954249479
1.0
0.485038409932
0.597101757437
1.0
0.484920804635
0.597671159062
1.0
0.484981375435
0.597936297323
1.0
0.485097514255
0.59857026591
1.0
0.485106900603
0.598602432697
1.0
0.485106900603
0.598602432697
1.0
0.485068088934
0.598715116393
1.0
0.48513200858
0.59889689103
1.0
0.485354437209
0.59915449281
1.0
0.485345717388
0.599205601466
1.0
0.485388450291
0.600096773037
1.0
0.485286409546
0.600306117069
1.0
0.485286409546
0.600306117069
1.0
0.485391142156
0.600193775103
1.0
0.485479973078
0.600427535826
1.0
0.485152618642
0.600929725091
1.0
0.485207621243
0.601061044074
1.0
0.48542439513
0.601120937014
1.0
0.485473300352
0.601177444045
1.0
0.485272829542
0.601995226381
1.0
0.485256766283
0.602108718139
1.0
0.485256766283
0.602108718139
