1.0
0.442851563741
0.470900935547
1.0
0.443075424577
0.471362066167
1.0
0.443162378723
0.47136756055
1.0
0.443129872186
0.471614168689
1.0
0.443145055876
0.471643614536
1.0
0.443651028055
0.471549002007
1.0
0.443711697177
0.471245020576
0.990383070936
0.443431101905
0.471748855622
0.990383070936
0.443320275743
0.471864520648
0.990383070936
0.443320275743
0.471864520648
1.0
0.443674199159
0.471269247612
1.0
0.44383529769
0.471280497082
1.0
0.44384601994
0.471559206319
1.0
0.444108795736
0.471057610975
1.0
0.444428926781
0.47091060479
1.0
0.444307510147
0.471441598698
1.0
0.443890860095
0.471927529197
1.0
0.443973854592
0.471427320822
1.0
0.443973854592
0.471427320822
1.0
0.444525691247
0.471640948057
0.986287439225
0.444468865491
0.471837125586
0.986287439225
0.444624903759
0.471513728756
1.0
0.44492350047
0.47103135421
1.0
0.444593770399
0.471266689657
1.0
0.444693145105
0.471258057717
0.967920739156
0.44562404103
0.471438836981
0.967920739156
0.44579420848
0.471268842858
0.967920739156
0.44579420848
0.471268842858
1.0
0.445435142891
0.471092540577
1.0
0.445347171573
0.471332825397
1.0
0.445312742227
0.47203198907
1.0
0.445413987392
0.472486341794
1.0
0.445386910558
0.472031510962
1.0
0.445389737371
0.471358403965
1.0
0.445391060644
0.471490160957
1.0
0.445519382617
0.470978480105
1.0
0.445490691342
0.470872333251
1.0
0.445490691342
0.470872333251
1.0
0.445717588725
0.470928959737
1.0
0.445870933263
0.471247898635
1.0
0.445744194897
0.471363628043
1.0
0.445928055236
0.47120470255
1.0
0.446024674315
0.471191167777
0.916495230353
0.445289625085
0.471160263646
0.916495230353
0.445298032824
0.471286303784
0.916495230353
0.445298032824
0.471286303784
1.0
0.445835566319
0.471638503511
1.0
0.446060144835
0.471736194207
1.0
0.446813119252
0.471772446861
1.0
0.446742159789
0.471093746491
1.0
0.446691815239
0.47041768557
1.0
0.446803635032
0.470676358793
1.0
0.446784702879
0.471456387596
1.0
0.446834435895
0.471257337251
1.0
0.446834435895
0.471257337251
1.0
0.446515501687
0.470925741977
1.0
0.44655754487
0.470783927013
1.0
0.446656218903
0.471182511614
1.0
0.446778762745
0.471699247675
1.0
0.447371951897
0.471326852667
0.967906796741
0.447333281712
0.470788575827
0.967906796741
0.44746612723
0.471193922471
1.0
0.447650481475
0.470870303076
1.0
0.447650481475
0.470870303076
1.0
0.450358583917
0.47177424471
1.0
0.450309017531
0.47215944742
1.0
0.45616268681
0.475347738989
1.0
0.456136199262
0.474895540465
1.0
0.460855213179
0.476170541484
1.0
0.460952361169
0.476303599488
1.0
0.46210850739
0.475974700719
1.0
0.462232705644
0.47609129838
1.0
0.462232705644
0.47609129838
1.0
0.461359029014
0.475185007889
1.0
0.463653432198
0.47046682795
1.0
0.463580463202
0.470633947293
1.0
0.466319972574
0.464675877373
1.0
0.466386912347
0.464858715416
1.0
0.468242110417
0.46023842624
1.0
0.468608231073
0.460245362208
1.0
0.469394870298
0.45852585716
1.0
0.469307262274
0.458080821096
1.0
0.469307262274
0.458080821096
1.0
0.46891534968
0.458357561034
0.988283697322
0.468953143672
0.458688974278
0.988283697322
0.468932037255
0.458704757701
0.994540736207
0.469334375416
0.458602550278
0.964131237008
0.469643436008
0.457973661456
0.964131237008
0.46989672381
0.458047086368
0.964131237008
0.46989672381
0.458047086368
1.0
0.469818311058
0.457597058018
1.0
0.469563308999
0.45746996251
1.0
0.469665085786
0.457372457417
1.0
0.470077184893
0.457601912349
1.0
0.470329830633
0.457214169374
1.0
0.470506652795
0.457793896535
1.0
0.470445234512
0.45813159685
1.0
0.470415301324
0.457706531263
1.0
0.470563703483
0.457376887538
1.0
0.470563703483
0.457376887538
1.0
0.471000729667
0.457907486012
1.0
0.471070769705
0.457531612412
1.0
0.471641146839
0.457763635502
1.0
0.471763574482
0.457557671013
1.0
0.471877211416
0.457578965799
1.0
0.47198049785
0.458012910153
1.0
0.472202538246
0.458128876113
1.0
0.472425679108
0.457642348929
1.0
0.472425679108
0.457642348929
1.0
0.472893315736
0.458146582466
1.0
0.472816655384
0.458096935085
1.0
0.472829005308
0.458128022439
1.0
0.473030340618
0.457696412462
1.0
0.473137377545
0.457613758917
1.0
0.473354676038
0.457248351347
1.0
0.473104114375
0.457772020221
0.978709593855
0.473247580286
0.457378385372
0.978709593855
0.473247580286
0.457378385372
0.978709593855
0.473947030161
0.457679187011
1.0
0.474108899734
0.457705689287
1.0
0.473988847673
0.458188055798
1.0
0.474064989182
0.458546129131
1.0
0.474147515608
0.458906373848
1.0
0.474347552327
0.458505514172
1.0
0.474347552327
0.458505514172
1.0
0.474921359709
0.458960044954
1.0
0.475122084284
0.459678738113
1.0
0.475374924521
0.460801590404
1.0
0.475433875889
0.460419036012
1.0
0.475532936051
0.460959188527
1.0
0.475395162316
0.461281722043
1.0
0.475880803785
0.462362898407
1.0
0.476132718713
0.462916842844
1.0
0.476248431281
0.463049646202
1.0
0.476351330797
0.463496225042
1.0
0.476351330797
0.463496225042
1.0
0.476454111389
0.464093397139
1.0
0.476444259901
0.464633107113
1.0
0.476600115694
0.46509215248
1.0
0.47694203495
0.465300505408
1.0
0.477273383164
0.46684478039
1.0
0.477557584769
0.468026703207
1.0
0.4777379893
0.468243827847
1.0
0.477456989464
0.467816215813
1.0
0.477456989464
0.467816215813
1.0
0.477485616944
0.468878170374
1.0
0.477619433883
0.469874312488
1.0
0.477284352323
0.470790697349
1.0
0.477555448389
0.471266999696
1.0
0.477623879112
0.471922681526
1.0
0.477492376098
0.472671541148
1.0
0.477289113652
0.473922400524
1.0
0.477332026797
0.474675429531
1.0
0.477332026797
0.474675429531
1.0
0.478344016219
0.476074673353
1.0
0.47855334871
0.477475059609
0.998398330674
0.478832988397
0.479127531775
0.998398330674
0.478601301415
0.479579053913
1.0
0.478480591059
0.48120054254
1.0
0.478421413752
0.482908116927
1.0
0.478958282615
0.484121732614
1.0
0.479300125454
0.485064646927
1.0
0.479300125454
0.485064646927
1.0
0.479811004161
0.486907183361
1.0
0.479671032311
0.488137318568
1.0
0.480557713981
0.490206953485
1.0
0.480713620647
0.491769529252
1.0
0.480848690478
0.493024759038
1.0
0.481124243984
0.494582554856
1.0
0.481683886369
0.496362583795
1.0
0.481514663825
0.497564772741
1.0
0.481514663825
0.497564772741
1.0
0.481789620752
0.498971400182
1.0
0.482121234764
0.500282807742
1.0
0.482488547229
0.502010076495
1.0
0.482852407074
0.503635745581
1.0
0.48316718165
0.504716229169
1.0
0.483278295744
0.505902385546
1.0
0.483150474192
0.507263826029
1.0
0.483413842429
0.508645777045
1.0
0.483413842429
0.508645777045
1.0
0.483435874524
0.509300709724
1.0
0.483763966674
0.510605424348
1.0
0.483388960057
0.511336852832
1.0
0.483513265162
0.512763043786
1.0
0.483542231671
0.513014432512
1.0
0.483751242983
0.514023256377
1.0
0.483232124897
0.514319400234
1.0
0.483385980341
0.515802155696
1.0
0.483385980341
0.515802155696
1.0
0.483229213313
0.516628172422
1.0
0.483014449376
0.517629709121
1.0
0.482843953911
0.517990555803
1.0
0.483021676838
0.519338725354
1.0
0.482742421186
0.519538422534
1.0
0.482506122197
0.520227930107
0.999610912878
0.482628711795
0.520327822756
0.999610912878
0.482510944397
0.5206864134
0.999610912878
0.482510944397
0.5206864134
1.0
0.482044836498
0.521102947128
1.0
0.481979619899
0.521488263255
1.0
0.481398330408
0.52120030281
1.0
0.481491396673
0.522196136984
1.0
0.480558577424
0.521812267726
1.0
0.480429656365
0.521597216002
1.0
0.480413463333
0.521963928983
1.0
0.480432332135
0.523040923042
1.0
0.480432332135
0.523040923042
1.0
0.480161853237
0.522543664543
1.0
0.480081036284
0.524009382767
1.0
0.479754500186
0.523377691523
1.0
0.47963437942
0.522905775317
1.0
0.479649138926
0.521450099198
1.0
0.479736346391
0.521651379774
1.0
0.479736346391
0.521651379774
1.0
0.479491093597
0.521232723895
1.0
0.479921323101
0.519891995805
1.0
0.479547050875
0.518980358736
1.0
0.479499598698
0.51821645617
1.0
0.479058754176
0.517004859069
1.0
0.479172064151
0.516053979877
1.0
0.479364603618
0.515072116904
1.0
0.479933785098
0.513634564137
1.0
0.479840432065
0.512219957469
1.0
0.479827770429
0.511100942973
1.0
0.479827770429
0.511100942973
1.0
0.47995704564
0.5087470587
1.0
0.480473882697
0.507054248783
1.0
0.480571101771
0.505652641899
1.0
0.481237010585
0.502921115046
1.0
0.481722131246
0.501656351253
1.0
0.481758778886
0.499727443124
1.0
0.481989429947
0.498788978948
1.0
0.481989429947
0.498788978948
1.0
0.482574106772
0.496273014141
1.0
0.48291737292
0.494614023855
1.0
0.483610007068
0.491773176733
1.0
0.483733158641
0.490217317317
1.0
0.484116595238
0.487243922643
1.0
0.481443922054
0.484817075917
1.0
0.481965086926
0.482079363097
1.0
0.477235499473
0.478476173519
1.0
0.477235499473
0.478476173519
1.0
0.477899088106
0.475643250671
1.0
0.474650056992
0.474478148877
1.0
0.474858627557
0.472108430472
1.0
0.475018958585
0.472563154544
1.0
0.474933246546
0.471325176985
1.0
0.476235028401
0.472093641011
1.0
0.473601867624
0.475521948723
1.0
0.474013329908
0.476299838251
1.0
0.47164143508
0.48014141847
1.0
0.47164143508
0.48014141847
1.0
0.472153461203
0.480949015875
1.0
0.471487676584
0.482218202601
1.0
0.472348969969
0.48374115142
1.0
0.473307606712
0.482459127853
1.0
0.474214967346
0.483745135417
1.0
0.474566479855
0.483853608332
1.0
0.475374772053
0.484408120526
1.0
0.475738781839
0.485462986023
1.0
0.475738781839
0.485462986023
1.0
0.476570291473
0.486169325073
1.0
0.476831971028
0.486644295679
1.0
0.477137550566
0.487726950039
1.0
0.477375081824
0.487890202964
1.0
0.478172372476
0.488390542027
1.0
0.478515791329
0.488594048232
1.0
0.479303023881
0.488885766279
1.0
0.479303023881
0.488885766279
1.0
0.47995671875
0.48931097612
1.0
0.480288625715
0.489898675494
1.0
0.480478275757
0.490636891041
1.0
0.480166709718
0.490073741351
1.0
0.480817203784
0.489589703593
1.0
0.481079251235
0.4895742119
1.0
0.481665095617
0.489215911674
1.0
0.481885947357
0.489498562982
1.0
0.481961617309
0.48942271293
1.0
0.481961617309
0.48942271293
1.0
0.481435979417
0.488250576124
1.0
0.481787781946
0.487499611518
1.0
0.48155920029
0.486523443223
1.0
0.48171517059
0.486087295518
1.0
0.481595962174
0.485504615459
1.0
0.481574700308
0.485935555716
1.0
0.481326691234
0.485261598026
1.0
0.48125574633
0.484523337496
1.0
0.48125574633
0.484523337496
1.0
0.481084110947
0.483677413211
1.0
0.481177095738
0.483561255769
1.0
0.48129430417
0.48299497508
1.0
0.481470871952
0.482203756885
1.0
0.481550730659
0.480932023473
1.0
0.481643969823
0.480085904992
1.0
0.481894000693
0.479100254117
1.0
0.482173527725
0.477658015666
1.0
0.482173527725
0.477658015666
1.0
0.48198350068
0.477119997432
1.0
0.481714754685
0.476897582932
1.0
0.481979565503
0.476534816074
1.0
0.482254467589
0.475972403502
1.0
0.482112953041
0.474899674401
1.0
0.482438039301
0.473502604794
1.0
0.482537924164
0.472137657258
1.0
0.482593562224
0.470736936537
1.0
0.482593562224
0.470736936537
1.0
0.482784523054
0.469959651918
1.0
0.483111619379
0.468549234453
1.0
0.483079864623
0.46791175111
1.0
0.48355063483
0.466195861068
1.0
0.484083173381
0.465473694694
1.0
0.484211235917
0.463929354298
1.0
0.484788297439
0.463112739854
1.0
0.484788297439
0.463112739854
1.0
0.485342419841
0.461234938834
1.0
0.485508681944
0.460585495783
1.0
0.485680314729
0.458529711317
1.0
0.486294295212
0.458310262782
1.0
0.48650033744
0.456905961706
1.0
0.48724691442
0.456772611769
1.0
0.487609246473
0.455185454117
1.0
0.488304643322
0.454768495092
1.0
0.488893751319
0.452854957727
1.0
0.488893751319
0.452854957727
1.0
0.489784674609
0.452530049094
1.0
0.490160953085
0.451120164375
1.0
0.490748579241
0.451114507942
1.0
0.491024132688
0.450138992002
1.0
0.491491241313
0.449837874533
1.0
0.492139674095
0.448794693035
1.0
0.493030144933
0.4488183229
1.0
0.493030144933
0.4488183229
1.0
0.493615497468
0.446237728232
1.0
0.495145186757
0.447093102461
1.0
0.495495091813
0.446243087313
1.0
0.495767577322
0.445786095524
1.0
0.496567818871
0.443946605031
1.0
0.497149487509
0.444003991078
1.0
0.497534311043
0.442887641079
1.0
0.497534311043
0.442887641079
1.0
0.497577721728
0.442678959948
1.0
0.498216577465
0.441540101118
1.0
0.493987493409
0.438310888175
1.0
0.494360609032
0.436924189773
1.0
0.488842881709
0.433812151398
1.0
0.489310713225
0.432551456045
1.0
0.48457473224
0.430532251235
1.0
0.484944112367
0.429443040041
1.0
0.483638826738
0.430262735054
1.0
0.483638826738
0.430262735054
1.0
0.482743106559
0.431465760471
1.0
0.483815711178
0.432693380408
1.0
0.479947445188
0.438056379136
1.0
0.480225717653
0.438304122003
1.0
0.477847776172
0.441801021469
1.0
0.478205675758
0.442096368327
1.0
0.476274804703
0.446354222258
1.0
0.476274804703
0.446354222258
1.0
0.476981379778
0.447212381098
1.0
0.47688458081
0.448411269075
1.0
0.477113883529
0.448799738255
1.0
0.47767436219
0.447887277893
1.0
0.478655440642
0.448943573584
1.0
0.479209742527
0.44880216096
1.0
0.479268260091
0.449169060746
1.0
0.479147225639
0.449339786895
1.0
0.478963208841
0.449561603609
1.0
0.479309116471
0.450394267387
1.0
0.479309116471
0.450394267387
1.0
0.480326804705
0.451957404341
1.0
0.480570427426
0.451760717235
1.0
0.48058686537
0.452047274154
1.0
0.480598223283
0.452167592483
1.0
0.480624235022
0.452083290011
1.0
0.4808919565
0.452553697273
1.0
0.4808919565
0.452553697273
1.0
0.480884134294
0.453058321869
1.0
0.481210712638
0.452800408071
1.0
0.481221519711
0.453047700575
1.0
0.481030053712
0.454101022615
1.0
0.481102327872
0.453855415851
1.0
0.481132193588
0.453673322504
1.0
0.4814549771
0.453485627877
1.0
0.48196689815
0.452183887965
1.0
0.481311365392
0.451899674473
1.0
0.481311365392
0.451899674473
1.0
0.480985992849
0.45292552434
1.0
0.481431988768
0.453156436593
1.0
0.481411040069
0.453784791766
1.0
0.481270397242
0.453260367985
1.0
0.481327560414
0.452381363952
1.0
0.481548983056
0.452727926434
1.0
0.481413424728
0.453171076644
1.0
0.481329380678
0.452928171191
1.0
0.481356870035
0.453476042302
1.0
0.481356870035
0.453476042302
1.0
0.483761486779
0.45773956389
1.0
0.483760048863
0.457246529862
1.0
0.488634717601
0.467738161909
1.0
0.488729301914
0.467389553945
1.0
0.491234544722
0.476738903581
1.0
0.491059132927
0.477412597564
1.0
0.491848315898
0.482688146951
1.0
0.491848315898
0.482688146951
1.0
0.492340338548
0.48230011078
1.0
0.491613556487
0.484845176447
1.0
0.492628327651
0.488547668756
1.0
0.492692295269
0.488301928324
1.0
0.49360274249
0.49603192883
1.0
0.493797860036
0.49510827694
1.0
0.493748602965
0.504511883483
1.0
0.493748602965
0.504511883483
1.0
0.494002488201
0.504306733379
1.0
0.493699594565
0.510451664822
1.0
0.493411929753
0.50987105278
1.0
0.493423762217
0.509850369796
1.0
0.493353103391
0.509473581313
1.0
0.493492383782
0.508981362168
1.0
0.493457709911
0.508243591915
1.0
0.493242597626
0.507087574272
1.0
0.493275844193
0.507413864405
1.0
0.493277314838
0.506905719384
1.0
0.493277314838
0.506905719384
1.0
0.493673374963
0.505664531801
1.0
0.493763659841
0.505536339893
1.0
0.493787728684
0.505453307664
1.0
0.49378615357
0.504187203281
1.0
0.494036963501
0.503675984583
1.0
0.494003054751
0.503460930181
0.984996894704
0.49408087414
0.503365518903
0.984996894704
0.49408087414
0.503365518903
0.984996894704
0.493970900948
0.503333334522
1.0
0.493919155516
0.504160807874
1.0
0.493966832288
0.503736724305
1.0
0.494136721306
0.503550799808
1.0
0.493972244298
0.503629332229
1.0
0.494180000926
0.504380441659
1.0
0.494137432798
0.504223365456
1.0
0.49436026807
0.505385733864
1.0
0.494379101257
0.504508810006
1.0
0.494379101257
0.504508810006
1.0
0.494811702796
0.505452307475
1.0
0.49495018786
0.505887729447
1.0
0.495435157467
0.507158427096
1.0
0.495634543647
0.507256391056
1.0
0.496011895306
0.508114270185
1.0
0.495944189247
0.508671381046
1.0
0.496783004121
0.509767259296
1.0
0.496783004121
0.509767259296
1.0
0.496979539482
0.510382192334
1.0
0.497572925349
0.511242070657
1.0
0.497455658068
0.51229601381
1.0
0.49764584463
0.513327354131
1.0
0.497742140818
0.514135825668
1.0
0.498204213572
0.514763771038
1.0
0.498443170247
0.515671565206
1.0
0.498894479542
0.51651282311
1.0
0.498894479542
0.51651282311
1.0
0.498992017136
0.517250266823
1.0
0.49948812986
0.518913895668
1.0
0.499611286692
0.51939897785
1.0
0.500324195219
0.520017335018
1.0
0.500286015377
0.521256216251
1.0
0.500337923709
0.522336432285
1.0
0.500394738106
0.523182853088
1.0
0.500905097024
0.524050836053
1.0
0.500898653657
0.524697386137
1.0
0.500898653657
0.524697386137
1.0
0.501676870634
0.52625483143
1.0
0.50185076354
0.526804698666
1.0
0.502729652294
0.527899542776
1.0
0.502634019356
0.529209238224
1.0
0.502627205709
0.529529841373
1.0
0.502687136071
0.52980406231
1.0
0.502687136071
0.52980406231
1.0
0.503376531483
0.530587577795
1.0
0.503545108325
0.531925144703
1.0
0.504226061439
0.53268501386
1.0
0.504439264371
0.533075937291
1.0
0.504867998921
0.533262731839
1.0
0.5046986827
0.534104739856
0.996613464894
0.505078987178
0.533975767284
0.996613464894
0.505087630681
0.534152468964
0.996613464894
0.505087630681
0.534152468964
1.0
0.505579987476
0.535350446458
1.0
0.505988042779
0.535054519448
1.0
0.506218821283
0.535031440585
1.0
0.506157521308
0.535270301618
1.0
0.50658991275
0.535427391506
1.0
0.506641727857
0.536284767557
1.0
0.507100374563
0.535781340999
1.0
0.507348654703
0.534718978519
0.982815331687
0.508029209303
0.535681338974
0.982815331687
0.508029209303
0.535681338974
0.982815331687
0.508121278288
0.536147998466
1.0
0.508517707558
0.535941348688
1.0
0.508715216539
0.535739449289
1.0
0.508844078764
0.53569065722
1.0
0.509053943225
0.535060963995
1.0
0.509467705001
0.535099241778
1.0
0.509664211045
0.534585425842
1.0
0.509664211045
0.534585425842
1.0
0.509942828096
0.534777273999
1.0
0.51025312492
0.534262685472
1.0
0.510890272051
0.534662918409
1.0
0.511061639013
0.534160504735
1.0
0.511348847585
0.533758923732
1.0
0.511476717634
0.533253219526
1.0
0.511892703588
0.533635555702
1.0
0.51228102141
0.533741595889
1.0
0.511880023024
0.533560905738
1.0
0.511880023024
0.533560905738
1.0
0.512154420841
0.532972233277
1.0
0.51358087805
0.534546190786
1.0
0.513802284282
0.534275937201
1.0
0.514324721837
0.534795210302
1.0
0.514547945729
0.534150332945
1.0
0.514902886842
0.534202365402
1.0
0.514959448093
0.53460027871
1.0
0.515589742502
0.534964688085
1.0
0.515589742502
0.534964688085
1.0
0.516033838533
0.534369902108
1.0
0.516334191942
0.534892705211
1.0
0.516455357457
0.534910420208
1.0
0.517140055288
0.535806203063
1.0
0.517404527517
0.535576210862
1.0
0.518306769909
0.536651589132
1.0
0.518339030886
0.536763163765
1.0
0.518940510323
0.537290182962
1.0
0.518940510323
0.537290182962
1.0
0.519222204701
0.536785716848
1.0
0.519688836594
0.537237800571
1.0
0.520091132358
0.537445737906
1.0
0.520835056059
0.537270675014
1.0
0.521129682566
0.537241243045
1.0
0.521761196895
0.537515401837
1.0
0.522034932977
0.537659690082
1.0
0.522385944139
0.538686465749
1.0
0.522385944139
0.538686465749
1.0
0.522566673231
0.538829453171
1.0
0.523108582725
0.539485496811
1.0
0.52346774791
0.539337996464
1.0
0.523771287642
0.53954121703
1.0
0.523990182012
0.540117682706
1.0
0.524572355667
0.540690009322
1.0
0.525158327957
0.539148660792
1.0
0.525473931701
0.539615611709
1.0
0.525473931701
0.539615611709
1.0
0.525602688818
0.540024895674
1.0
0.525978301311
0.539330086327
1.0
0.526249636436
0.539317859701
1.0
0.526543089338
0.54015114152
1.0
0.526890648752
0.540059721096
1.0
0.527334351743
0.540255379409
1.0
0.527481579838
0.539977700881
1.0
0.52770166834
0.540069785709
1.0
0.527994192128
0.540076024911
1.0
0.527994192128
0.540076024911
1.0
0.528312617443
0.53994541163
1.0
0.528634104837
0.539455958152
1.0
0.52896038743
0.539902752715
1.0
0.529046907374
0.539795483309
1.0
0.529298103275
0.5397942947
1.0
0.529490504725
0.539550752256
1.0
0.530601268925
0.540567823863
1.0
0.530601268925
0.540567823863
1.0
0.531167870274
0.539453788454
1.0
0.530647598258
0.538996270229
1.0
0.530506677443
0.539421899309
1.0
0.530687919684
0.539961498899
1.0
0.531141683629
0.53970899562
1.0
0.531528179996
0.540319765889
1.0
0.531850312316
0.539745569231
1.0
0.531850312316
0.539745569231
1.0
0.531796721688
0.540328573863
1.0
0.53181346572
0.540531139476
1.0
0.532207577502
0.541140694594
1.0
0.532295742001
0.541380899095
1.0
0.532413442919
0.541797240487
1.0
0.532524615439
0.541967222691
1.0
0.532831744805
0.542511080334
1.0
0.532833261167
0.542923725171
1.0
0.533469580099
0.543836598997
1.0
0.533469580099
0.543836598997
1.0
0.533726234013
0.543448189127
1.0
0.533329436477
0.543212782415
1.0
0.533357692702
0.543453639966
1.0
0.533691630119
0.54349205901
1.0
0.533878022247
0.543574468048
1.0
0.53388551228
0.543797911615
1.0
0.534010498501
0.544174450908
1.0
0.534010498501
0.544174450908
1.0
0.534443278716
0.544134612561
1.0
0.53481481262
0.543408343734
1.0
0.534772714164
0.54346584236
1.0
0.534687440248
0.544195901549
1.0
0.534598788503
0.544402857219
1.0
0.534642881703
0.545026880218
1.0
0.534972536243
0.545881995176
1.0
0.534962738373
0.545544190409
1.0
0.534962738373
0.545544190409
1.0
0.534724863444
0.54505341278
1.0
0.534533123806
0.54542210961
1.0
0.534832736571
0.546235474564
1.0
0.534981878765
0.546525231842
1.0
0.535038013861
0.546507879004
1.0
0.535347032212
0.54647718309
1.0
0.535593371348
0.546959633672
1.0
0.535412146638
0.547748249245
1.0
0.535948628631
0.546857070544
1.0
0.535948628631
0.546857070544
1.0
0.535970912992
0.546957412998
1.0
0.539283478086
0.545396637096
1.0
0.539251776897
0.545201472244
1.0
0.541623654043
0.541242036299
1.0
0.541480107162
0.541965734853
1.0
0.542479478759
0.536581843927
1.0
0.542523684442
0.536606263613
1.0
0.54145188591
0.529421800791
1.0
0.54145188591
0.529421800791
1.0
0.542484224384
0.526804588238
1.0
0.541264635795
0.521713529754
1.0
0.543582935737
0.511996148137
1.0
0.543493733449
0.511215300051
1.0
0.545327559387
0.5022619968
1.0
0.545649885563
0.502429499253
1.0
0.546260920811
0.493638558641
1.0
0.546328004377
0.493642223415
1.0
0.546328004377
0.493642223415
1.0
0.546788098798
0.483778542097
1.0
0.546843387957
0.483780491768
1.0
0.54616897942
0.480453670215
1.0
0.54574533018
0.480624381668
1.0
0.545417796518
0.48057847898
1.0
0.545676495276
0.480633422946
1.0
0.545774895546
0.480355514825
1.0
0.545285896423
0.479889721713
1.0
0.545285896423
0.479889721713
1.0
0.54502869815
0.480390913542
1.0
0.545070141354
0.480773789912
1.0
0.544963632472
0.481222191119
1.0
0.545008276208
0.481100937606
1.0
0.544892656608
0.481071033916
1.0
0.544910334718
0.480985071956
1.0
0.544509209027
0.481761085209
1.0
0.544509209027
0.481761085209
1.0
0.544468135487
0.481715011198
1.0
0.544254072933
0.482584192168
1.0
0.544295238854
0.482306947853
1.0
0.544067254303
0.482762452347
1.0
0.544055560255
0.482802497138
1.0
0.543914071091
0.482606175233
1.0
0.543745046843
0.482240727445
1.0
0.543840763738
0.482508807675
1.0
0.543850108774
0.482451336409
1.0
0.543850108774
0.482451336409
1.0
0.543476553212
0.482582652742
1.0
0.543542329741
0.48255626571
1.0
0.543577119084
0.482615322841
1.0
0.543444697132
0.482750045497
1.0
0.543248166619
0.482873139912
1.0
0.543252023744
0.482781992557
1.0
0.543129855183
0.483132807288
1.0
0.543129855183
0.483132807288
1.0
0.543228693436
0.482959259438
1.0
0.54294108752
0.483401737575
1.0
0.542881982174
0.482984142192
1.0
0.543004381658
0.482978386541
1.0
0.542480038076
0.48228471535
1.0
0.542197859002
0.4824236022
1.0
0.542282052998
0.482739713493
1.0
0.542362104536
0.482827311714
1.0
0.542362104536
0.482827311714
1.0
0.54206989859
0.481425886398
1.0
0.541575006451
0.482398671684
1.0
0.541188063243
0.482792857435
1.0
0.541393555036
0.482589085617
1.0
0.54102276971
0.482351370741
1.0
0.540670034199
0.482540007655
1.0
0.540664994985
0.482573109435
1.0
0.540679687935
0.48261807021
1.0
0.540679687935
0.48261807021
1.0
0.540561906837
0.482502028116
1.0
0.540245803995
0.482087430625
1.0
0.5393441977
0.481455888948
1.0
0.539178768677
0.481585312789
1.0
0.538924196549
0.481530065834
1.0
0.538923083651
0.481733486702
1.0
0.53838841228
0.481592630799
1.0
0.538093487681
0.481916922681
1.0
0.538093487681
0.481916922681
1.0
0.538421252453
0.481982397114
1.0
0.538289849803
0.482116170342
1.0
0.537942299725
0.481854552847
1.0
0.537703728967
0.481969795346
1.0
0.537890814397
0.482239361492
1.0
0.537635109549
0.482447149832
1.0
0.537507142116
0.482673598109
1.0
0.537369423799
0.483179537599
1.0
0.537486255146
0.483652329341
1.0
0.537486255146
0.483652329341
1.0
0.537489803523
0.483563615671
1.0
0.537477878395
0.484122128323
1.0
0.537624959625
0.483968419791
1.0
0.537931459097
0.48364256858
1.0
0.537533851075
0.484499782485
1.0
0.5378855827
0.485368151352
1.0
0.537808335863
0.485586521749
1.0
0.537866268324
0.48509131991
1.0
0.537866268324
0.48509131991
1.0
0.537904083032
0.48500678365
1.0
0.538661066556
0.485556930445
1.0
0.53851298291
0.485972274493
1.0
0.538679283686
0.486127378866
1.0
0.53865021289
0.48624159468
1.0
0.538852872988
0.486148965968
1.0
0.539090214233
0.485923672555
1.0
0.539090214233
0.485923672555
1.0
0.539207579979
0.486089818938
1.0
0.538830312321
0.48650898445
1.0
0.539479301301
0.487473167601
1.0
0.539291553335
0.488655617185
1.0
0.539121370702
0.488873856038
1.0
0.539196153582
0.488630877122
1.0
0.539340950659
0.489489738967
1.0
0.539350167585
0.48989396535
1.0
0.539228497414
0.490902492833
1.0
0.539228497414
0.490902492833
1.0
0.539299991888
0.491902443895
1.0
0.539651519913
0.492217907625
1.0
0.539804513966
0.493108669589
1.0
0.539834558268
0.491908275374
1.0
0.539255754374
0.493378622351
1.0
0.535023242063
0.486703403985
1.0
0.535039487976
0.487452245576
1.0
0.535039487976
0.487452245576
1.0
0.530447101842
0.479219066703
1.0
0.530273109379
0.479243502178
1.0
0.527023843302
0.472109752707
1.0
0.527040451834
0.471703332326
1.0
0.52554988553
0.467881194124
1.0
0.524930598723
0.466637343136
1.0
0.525325265709
0.466749126889
1.0
0.522489068579
0.464626478878
1.0
0.522489068579
0.464626478878
1.0
0.52301662148
0.464749216933
1.0
0.52071892473
0.461687029583
1.0
0.520006544906
0.461742549635
1.0
0.519116026348
0.457511001593
1.0
0.519020428931
0.457620613251
1.0
0.519089881912
0.456909315211
1.0
0.51866656197
0.456551508079
1.0
0.518628341077
0.456583853091
1.0
0.518628341077
0.456583853091
1.0
0.518771580176
0.456733386133
1.0
0.518610605024
0.457075169032
1.0
0.518615750658
0.456689782435
1.0
0.518441068923
0.456297764668
1.0
0.518079382316
0.455850750455
1.0
0.517979132118
0.456766319362
1.0
0.518438909631
0.456278180929
1.0
0.518427873037
0.455756344952
1.0
0.518427873037
0.455756344952
1.0
0.51810730744
0.455938002227
1.0
0.518029971684
0.45471904731
1.0
0.517996344692
0.453636961577
1.0
0.51790827186
0.45359438844
1.0
0.517689282775
0.453050866962
1.0
0.517774031184
0.452542744815
1.0
0.517690606415
0.45258408696
1.0
0.517744882065
0.4519427819
1.0
0.517744882065
0.4519427819
1.0
0.517311760714
0.451239437017
1.0
0.517540139064
0.450433669959
1.0
0.517241860262
0.450205567951
1.0
0.517164366633
0.449990778236
1.0
0.517371081562
0.449634600714
1.0
0.517026045805
0.449459008807
1.0
0.51699756907
0.449304835195
1.0
0.516858274398
0.449159154272
1.0
0.516858274398
0.449159154272
1.0
0.5159993954
0.448118436331
1.0
0.516077795259
0.44821790473
1.0
0.516797136744
0.448263404135
1.0
0.516518656446
0.448348950515
1.0
0.516291215219
0.447917739256
1.0
0.516432459285
0.447307722745
1.0
0.516171950893
0.447247798592
1.0
0.515971569006
0.44706492651
1.0
0.515971569006
0.44706492651
1.0
0.51581781103
0.446727882356
1.0
0.515819440398
0.446606088355
1.0
0.515543287801
0.446328932829
1.0
0.51545798385
0.445837084272
1.0
0.515387805714
0.445553445061
1.0
0.515453725452
0.445044701647
1.0
0.51524809747
0.445017256405
1.0
0.514955454276
0.444573763866
1.0
0.514413542439
0.44393938303
1.0
0.514413542439
0.44393938303
1.0
0.514565574098
0.443820594023
1.0
0.51453406404
0.44364521875
1.0
0.514174589659
0.443356353776
1.0
0.513947831527
0.44271585167
1.0
0.513666200959
0.442734149244
1.0
0.513398562644
0.44264485732
1.0
0.513283269487
0.44282895714
1.0
0.513283269487
0.44282895714
1.0
0.513018283829
0.442281648401
1.0
0.512946307277
0.442225812843
1.0
0.512681584439
0.442264366707
1.0
0.512503877296
0.442330535922
1.0
0.511974904879
0.441628030533
1.0
0.511909859948
0.441827172958
1.0
0.511510983439
0.44151713582
1.0
0.511220321188
0.441736280752
1.0
0.511220321188
0.441736280752
1.0
0.510276919878
0.441151289245
1.0
0.510045389239
0.440385877965
1.0
0.509924445431
0.439564053756
1.0
0.509724967531
0.439672987626
1.0
0.509309955999
0.439511428104
1.0
0.509132407431
0.439884357887
1.0
0.508718704505
0.439498232138
1.0
0.508718704505
0.439498232138
1.0
0.508244795174
0.439682820737
1.0
0.507892746245
0.439414639007
1.0
0.507525397314
0.439971359656
1.0
0.507364442445
0.440000994266
1.0
0.507170951999
0.44007763051
1.0
0.50672259224
0.439548046891
1.0
0.506352585186
0.439440810169
1.0
0.505744298956
0.439557826386
1.0
0.505571924382
0.439449000718
1.0
0.505571924382
0.439449000718
1.0
0.504395025856
0.439130984355
1.0
0.504436302821
0.439476649465
1.0
0.505326500697
0.43884887504
1.0
0.504770323331
0.439116454656
1.0
0.504480105072
0.438950885728
1.0
0.504377492551
0.439122239338
1.0
0.504216528864
0.438962061313
1.0
0.503774669703
0.439623048147
1.0
0.503774669703
0.439623048147
1.0
0.503340252851
0.439454100922
1.0
0.50319578685
0.438881541762
1.0
0.502985223934
0.438831353439
1.0
0.502626237619
0.439284360968
1.0
0.502563269558
0.439681715499
1.0
0.502648463694
0.43952396865
1.0
0.502193909171
0.439400067344
1.0
0.501718994038
0.440277993897
1.0
0.501718994038
0.440277993897
1.0
0.50183956114
0.440786948347
1.0
0.50184543225
0.440680498034
1.0
0.501290605022
0.441253686691
1.0
0.501055852083
0.441666727801
1.0
0.50118020991
0.442749236188
1.0
0.50091175997
0.443735148304
1.0
0.500381090327
0.444282346961
1.0
0.500381090327
0.444282346961
1.0
0.500104797418
0.445848332809
1.0
0.499798901961
0.445967103707
1.0
0.49970474014
0.446892769045
1.0
0.499791188994
0.447619497551
1.0
0.499382841107
0.448388459446
1.0
0.499001143499
0.448508499833
1.0
0.498619174544
0.449643862373
1.0
0.498458626709
0.450240734752
1.0
0.498485424344
0.451520679388
1.0
0.498485424344
0.451520679388
1.0
0.498009480329
0.450869260287
1.0
0.497680561939
0.45151617967
1.0
0.497950151719
0.452164885329
1.0
0.497915722813
0.452279683773
1.0
0.497592902918
0.452629325221
1.0
0.497500277628
0.453981350375
1.0
0.497368718987
0.453905757863
1.0
0.497368718987
0.453905757863
1.0
0.497149927633
0.454990009062
1.0
0.497054752439
0.45526394946
1.0
0.496748733992
0.456131142175
1.0
0.496638088682
0.456759001927
1.0
0.496534226576
0.457334134418
1.0
0.496376074722
0.457621582544
1.0
0.496349195666
0.45854863719
1.0
0.49613705895
0.458680415932
1.0
0.495942189481
0.458676073877
1.0
0.495942189481
0.458676073877
1.0
0.495919120029
0.458644067984
1.0
0.496009635392
0.458733301009
1.0
0.496306156352
0.458653787428
1.0
0.496298516211
0.459070580749
1.0
0.496214934291
0.459157935391
1.0
0.496119036907
0.460027142618
1.0
0.496329852425
0.459961491123
1.0
0.496354509684
0.459342443331
1.0
0.496354509684
0.459342443331
1.0
0.496046923489
0.459349987522
1.0
0.496068088933
0.45946548608
1.0
0.496333220424
0.459102772186
1.0
0.496365621345
0.458920818706
1.0
0.496436883377
0.458984570373
1.0
0.496655831071
0.458720835486
1.0
0.496387867237
0.458532956266
1.0
0.496253312324
0.458639173366
1.0
0.496253312324
0.458639173366
1.0
0.496180023665
0.458486811876
1.0
0.496356954804
0.458402989127
1.0
0.496529731736
0.458242021268
1.0
0.496500578571
0.458027884399
1.0
0.496610866055
0.457410833842
1.0
0.496689834965
0.457388911716
1.0
0.496624655595
0.4571359327
1.0
0.496624655595
0.4571359327
1.0
0.496686231795
0.457153199547
1.0
0.496971445115
0.457152331871
1.0
0.497181616042
0.456216967833
1.0
0.496947152598
0.456026193376
1.0
0.496853928333
0.455927931512
1.0
0.496842176351
0.455775295207
1.0
0.49685503907
0.455662463379
1.0
0.497175912457
0.45554948674
1.0
0.497177206497
0.45552706148
1.0
0.497177206497
0.45552706148
1.0
0.496909697031
0.455850958512
1.0
0.496926406599
0.45570119505
1.0
0.497157036631
0.455086122518
1.0
0.497258795055
0.454476607879
1.0
0.497301946011
0.454515731838
1.0
0.497540368768
0.45433336013
1.0
0.497540368768
0.45433336013
1.0
0.497548941037
0.453910217152
1.0
0.497468853939
0.453441309528
1.0
0.497433698577
0.453599065624
1.0
0.497411151686
0.453889577209
1.0
0.497273863739
0.453935567997
1.0
0.497267953619
0.453743207828
1.0
0.497136237342
0.453421652255
1.0
0.497141161892
0.453427318189
1.0
0.497221256271
0.453726644188
1.0
0.497147374243
0.45383282113
1.0
0.497147374243
0.45383282113
