0.99
0.470311790443
0.465879633174
0.99
0.482877231195
0.46318220627
0.99
0.483599057478
0.461750458114
1.0
0.488199889272
0.457061048505
1.0
0.491921991143
0.44757035214
1.0
0.498888170472
0.444814452847
0.99
0.505811564732
0.425141001821
0.99
0.505811564732
0.425141001821
0.99
0.509850914758
0.423997408971
0.99
0.517756292582
0.402030484912
0.99
0.516693697377
0.401498766835
0.99
0.522296083976
0.383188096052
0.99
0.522756529083
0.384933577934
1.0
0.526216762856
0.373636933733
1.0
0.526013988425
0.373778373707
0.894131768203
0.527771602264
0.366226670463
0.894131768203
0.527771602264
0.366226670463
0.894131768203
0.526891012379
0.364736753644
0.993219710551
0.528050057773
0.361337736759
0.993219710551
0.527959840562
0.362712076876
1.0
0.528941453232
0.359708039194
1.0
0.528719034629
0.359520383449
1.0
0.528760434248
0.358110359649
1.0
0.528760434248
0.358110359649
1.0
0.528366609219
0.357981298202
1.0
0.528205763783
0.358307586759
1.0
0.528242093099
0.357665551798
1.0
0.528447162939
0.357831069424
1.0
0.528500751449
0.357654137087
1.0
0.528496453963
0.357612225809
1.0
0.528036162722
0.356728420845
1.0
0.527709221811
0.357132606049
1.0
0.527557826401
0.357683237504
1.0
0.52767524181
0.357126065746
1.0
0.52767524181
0.357126065746
1.0
0.527364437973
0.356726568709
1.0
0.527256557053
0.356943526485
1.0
0.526800109318
0.355877216801
1.0
0.526863219423
0.355706343286
1.0
0.526926428205
0.35553252886
1.0
0.527016984227
0.355349921095
1.0
0.526527708603
0.354901924164
1.0
0.526527708603
0.354901924164
1.0
0.526494724686
0.354875734007
1.0
0.526300572172
0.35459651523
1.0
0.526542105773
0.354365177547
1.0
0.526420936323
0.354964515536
1.0
0.526428250373
0.354764866108
1.0
0.527296710697
0.35505118577
1.0
0.527166580607
0.355340641085
1.0
0.527166580607
0.355340641085
1.0
0.525548969182
0.355072855727
1.0
0.525484471035
0.355214688588
1.0
0.525170369812
0.354717096054
1.0
0.525238068538
0.354260056449
1.0
0.525253844637
0.354196905019
1.0
0.525252443984
0.354791686364
1.0
0.524808147698
0.354663409314
1.0
0.524830906368
0.354687188384
1.0
0.524176786549
0.35400719346
1.0
0.524254638617
0.354319329407
1.0
0.524254638617
0.354319329407
1.0
0.523886298064
0.354274327766
1.0
0.523395415299
0.354958550847
1.0
0.522605555562
0.354269675226
1.0
0.522584845749
0.354602794906
1.0
0.521694055666
0.354262554393
1.0
0.521446803227
0.354513801653
1.0
0.521446803227
0.354513801653
1.0
0.520176676649
0.353579567192
1.0
0.520096650965
0.353879623593
1.0
0.518997891336
0.353466479643
1.0
0.518565297318
0.35451862071
1.0
0.517951752594
0.353771453505
1.0
0.517830836936
0.354194320135
1.0
0.516599225491
0.352806781098
1.0
0.516094354028
0.353234928675
1.0
0.514955934409
0.352380539731
1.0
0.514701665358
0.352535996042
1.0
0.514701665358
0.352535996042
1.0
0.513986954236
0.351466489713
1.0
0.513680242756
0.351723335096
1.0
0.512713565552
0.350630443461
1.0
0.512371607803
0.351329345971
1.0
0.51147452237
0.350552050511
1.0
0.510928909635
0.350920574906
1.0
0.509769535484
0.349890755999
1.0
0.509427601254
0.350503429993
1.0
0.509427601254
0.350503429993
1.0
0.508601564888
0.350122547742
1.0
0.50819235641
0.349619195829
1.0
0.507544998979
0.34839050908
1.0
0.507322129888
0.348584679585
1.0
0.506773982678
0.34855828603
1.0
0.506529555306
0.34910811881
1.0
0.506529555306
0.34910811881
1.0
0.506032400686
0.349313851193
1.0
0.505979172114
0.348913007964
1.0
0.505717779726
0.348553033342
1.0
0.505221495794
0.349124528612
1.0
0.503560592152
0.34811354194
1.0
0.50339652273
0.348636091486
1.0
0.494630928312
0.347386324133
1.0
0.49424946086
0.348550417425
0.99
0.475217191638
0.349670144776
0.99
0.475217191638
0.349670144776
0.99
0.474972163418
0.350556547648
0.99
0.451859052837
0.354017764181
0.99
0.451604330037
0.35359313661
0.99
0.431792695283
0.360729566547
0.99
0.429843415281
0.366551270988
0.99
0.411999940296
0.372629400228
0.99
0.406287724715
0.394338197004
0.99
0.405335717436
0.39732235145
0.99
0.405335717436
0.39732235145
0.99
0.397743342909
0.429947758215
0.99
0.395727445217
0.433730469033
0.99
0.388334830782
0.468140683361
0.99
0.388854520289
0.468194244116
0.99
0.383206620872
0.496887577074
0.99
0.38380119161
0.496692298681
0.99
0.380620340944
0.514522149891
0.99
0.380883627931
0.514256395924
0.99
0.380883627931
0.514256395924
1.0
0.380301943164
0.519119900466
0.843963785855
0.382787584608
0.517101160909
0.843963785855
0.38286345626
0.517571234733
1.0
0.381780543126
0.520894919219
1.0
0.38194183275
0.520779313073
1.0
0.381060296573
0.521016504399
1.0
0.381155861006
0.520692086542
1.0
0.381155861006
0.520692086542
0.713448729617
0.387628810746
0.514948215759
0.713448729617
0.387826311782
0.514002643645
0.99
0.381669032751
0.519434925969
0.99
0.38170449629
0.519541917862
1.0
0.382020761168
0.520506664106
1.0
0.382183497437
0.520454408508
0.917426017006
0.38408859546
0.520117647945
0.917426017006
0.384381137236
0.519323973283
1.0
0.383596781571
0.518703780632
1.0
0.383596781571
0.518703780632
1.0
0.383710202196
0.519215846433
1.0
0.382787570793
0.519881011919
1.0
0.383007783734
0.519707884384
0.790010452884
0.384702865814
0.52072700143
0.790010452884
0.384887476001
0.519562184927
0.965684688064
0.38526516337
0.51849537595
0.965684688064
0.385408884865
0.518564141126
0.965684688064
0.385408884865
0.518564141126
0.92729616441
0.385509067875
0.518591865008
0.92729616441
0.385705349436
0.518575356002
1.0
0.385259389183
0.519496597659
1.0
0.385390008257
0.518743363819
1.0
0.385100337579
0.519245506172
1.0
0.385287429852
0.519657438667
0.871796589262
0.387148533427
0.518229384455
0.871796589262
0.387380082692
0.517962516082
1.0
0.385100269621
0.51766534607
1.0
0.385100269621
0.51766534607
1.0
0.385171611023
0.516493130974
1.0
0.384450225055
0.515193625932
1.0
0.384605827798
0.514980076649
0.904148000027
0.385492278707
0.515220802916
0.904148000027
0.385619042942
0.5147653742
1.0
0.383571076347
0.51491965788
1.0
0.383564740224
0.514706858756
1.0
0.383564740224
0.514706858756
0.876935383207
0.384725707107
0.513690423857
0.876935383207
0.384726561113
0.513727258358
1.0
0.382293599065
0.513293418265
1.0
0.382337587471
0.513088537727
1.0
0.381171735573
0.512114612819
1.0
0.381040163456
0.512324838159
0.846944765103
0.38261334111
0.509716430585
0.846944765103
0.382797461631
0.509518254488
1.0
0.379718746744
0.509837172162
1.0
0.379596886715
0.508640101621
1.0
0.379596886715
0.508640101621
1.0
0.378244873993
0.507017076487
1.0
0.378067193939
0.506817086863
0.718635133082
0.381869220648
0.503694636862
0.718635133082
0.381909370247
0.502797408753
0.875871454558
0.379524620853
0.504350595487
0.875871454558
0.379421264039
0.504099118705
0.875871454558
0.379421264039
0.504099118705
0.919651487664
0.378292204
0.504070125754
0.919651487664
0.378165122885
0.504332063288
1.0
0.375645839436
0.504400012575
1.0
0.375650614243
0.503781046133
1.0
0.374716610109
0.503087725975
1.0
0.374596367663
0.503023678601
0.94215817014
0.374558964513
0.50266120786
0.94215817014
0.374550033976
0.502274333005
0.931700798
0.377150814662
0.503136826849
0.931700798
0.377150814662
0.503136826849
0.931700798
0.37709080424
0.503058195059
0.94228946347
0.38617535051
0.50619106417
0.94228946347
0.386153090541
0.505935944552
0.996017329085
0.392356848106
0.510167118034
0.996017329085
0.392138591689
0.510203224921
0.898058611545
0.392217295612
0.51016543028
0.898058611545
0.392145716837
0.510287537483
0.902816399011
0.389956898546
0.509500388363
0.902816399011
0.389956898546
0.509500388363
0.902816399011
0.391048492993
0.507061525061
1.0
0.388540658769
0.507429129794
1.0
0.390581262197
0.502416642199
1.0
0.390211271928
0.502812461381
1.0
0.390926059953
0.502024668639
0.990078033641
0.391475411814
0.501267642274
0.990078033641
0.391366892917
0.501856608166
1.0
0.389587575705
0.502454916489
1.0
0.389587575705
0.502454916489
1.0
0.389341197755
0.503333062035
1.0
0.389448655645
0.504111556219
1.0
0.389240565818
0.504423747632
0.998450106088
0.389440022219
0.504345548158
0.998450106088
0.389347374768
0.504412978231
0.943643777465
0.389764491322
0.503705396721
0.943643777465
0.389569279981
0.504199699289
0.918995476355
0.389590557317
0.504846336166
0.918995476355
0.389590557317
0.504846336166
0.918995476355
0.389494107109
0.506123928364
1.0
0.387805972399
0.506039321125
1.0
0.387810121517
0.506352675655
1.0
0.387104742654
0.505705216986
1.0
0.386826744389
0.506240121061
0.989754488467
0.387013884812
0.504911958832
0.989754488467
0.387119894109
0.505164502956
1.0
0.385001102387
0.50409076947
1.0
0.385001102387
0.50409076947
0.929975602864
0.384897690256
0.503837633684
0.929975602864
0.384523215249
0.502883508612
1.0
0.384351703816
0.502490165022
0.88928053917
0.385297319504
0.502164137745
0.88928053917
0.385411127352
0.502389661171
0.919100038268
0.384656897532
0.502525041593
0.919100038268
0.384589456575
0.502476433954
0.919100038268
0.384589456575
0.502476433954
0.965187714032
0.38411124654
0.500982631063
0.965187714032
0.384042421287
0.500692173442
1.0
0.382421362872
0.500589779139
1.0
0.382274835052
0.500555581488
1.0
0.381472278835
0.498923305778
0.98772374794
0.381571247982
0.498706969082
0.766669355772
0.383482165545
0.496802931076
0.766669355772
0.383266762601
0.496359761856
0.99
0.379821518443
0.496353375635
0.99
0.379821518443
0.496353375635
0.99
0.379730458799
0.496492950153
1.0
0.379532950207
0.497191906789
1.0
0.379503726715
0.49660350922
0.807400762715
0.379192802035
0.496119822161
0.807400762715
0.379067234653
0.495798998612
1.0
0.377263860245
0.493506552179
1.0
0.377234167701
0.493262696745
1.0
0.377234167701
0.493262696745
0.890538580125
0.37866510811
0.491929809885
0.890538580125
0.378537566403
0.491719115589
1.0
0.376875698767
0.49212174108
1.0
0.376864534285
0.491240650345
1.0
0.375934053128
0.490488727111
1.0
0.375961883403
0.490758839279
0.853444006254
0.376652143757
0.489291007835
0.853444006254
0.376652143757
0.489291007835
0.853444006254
0.376541244853
0.488806251314
1.0
0.374807657686
0.488135233952
1.0
0.37470199558
0.488078566693
1.0
0.374228626922
0.48793748263
1.0
0.374304739717
0.487420774279
0.748539650314
0.381636561926
0.485175458639
0.748539650314
0.381528264186
0.4854378853
0.943682908675
0.374876354749
0.486145830334
0.943682908675
0.374811755985
0.485372549794
0.943682908675
0.374811755985
0.485372549794
0.854713485725
0.374648734664
0.484982276788
0.854713485725
0.37464577622
0.485264743294
1.0
0.373738727702
0.485003938701
1.0
0.373730942206
0.4851702764
1.0
0.373319158955
0.484782418961
1.0
0.373227654222
0.484401245865
0.919367652284
0.374251683023
0.483355800175
0.919367652284
0.374301520645
0.48294649197
1.0
0.373291647338
0.482641332026
1.0
0.373291647338
0.482641332026
1.0
0.373357859226
0.482134443782
1.0
0.371418716742
0.480851324321
1.0
0.371327901358
0.480502141207
0.931409657721
0.37321033851
0.480110070924
0.931409657721
0.373261607926
0.479635453488
0.933533263757
0.372304578264
0.478613110036
0.933533263757
0.37230082347
0.478428577486
1.0
0.370054411938
0.47706365741
1.0
0.370054411938
0.47706365741
1.0
0.369975610317
0.47657584981
1.0
0.369431068613
0.475755188118
1.0
0.369426145366
0.47582336427
1.0
0.368666497188
0.475552564413
1.0
0.368656836976
0.475089054442
0.902715440479
0.368827669894
0.474366319566
0.902715440479
0.368724329914
0.473893021982
1.0
0.366813304178
0.473327887832
1.0
0.366813304178
0.473327887832
1.0
0.366775393819
0.473101932326
1.0
0.367193894546
0.473675685263
1.0
0.367147083633
0.473240331035
1.0
0.365930007969
0.473014968178
1.0
0.365762137665
0.473047486325
0.927775221721
0.36691628641
0.475369113424
0.927775221721
0.366877077633
0.47563060177
0.927775221721
0.366877077633
0.47563060177
0.976287124062
0.366278043304
0.475617370014
0.976287124062
0.36603105294
0.476316952974
1.0
0.365065137393
0.477837860822
1.0
0.364929463249
0.478006263719
1.0
0.364879021132
0.478893144247
1.0
0.364738917422
0.480511320875
1.0
0.364877877781
0.481333758076
1.0
0.364697855764
0.482534102184
1.0
0.364072979306
0.483631980223
1.0
0.364072979306
0.483631980223
1.0
0.363953741638
0.484473108712
1.0
0.363160893547
0.487106567281
1.0
0.363067890774
0.488516020363
1.0
0.364874568025
0.489516043977
1.0
0.364718945249
0.491254534604
0.812288546193
0.366065434075
0.492383810979
0.812288546193
0.365920661507
0.494062946049
0.812288546193
0.365920661507
0.494062946049
0.914540786602
0.366131261368
0.494722692162
0.914540786602
0.365985641077
0.495891327117
0.99
0.366281761288
0.497883053911
0.99
0.366357734819
0.49903269264
0.99
0.366318514172
0.500375735549
0.799077186994
0.368197799962
0.502073048616
0.799077186994
0.368215309952
0.502725022637
0.799077186994
0.368215309952
0.502725022637
0.657701066085
0.352949453076
0.504224275462
0.657701066085
0.35295172819
0.504987246182
0.657701066085
0.353031693229
0.505967205137
0.657701066085
0.353031693229
0.505967205137
0.746969169601
0.356337780402
0.508257184349
0.746969169601
0.356477557736
0.508212292761
0.746969169601
0.356607432787
0.508780511909
0.746969169601
0.356738755418
0.507769778315
0.746969169601
0.356893111996
0.50826417902
0.73317628569
0.35636939821
0.508434894585
0.73317628569
0.356516373419
0.508188587867
0.73317628569
0.356516373419
0.508188587867
0.99
0.37343120628
0.503194147036
0.99
0.373505968858
0.502933789473
0.99
0.37363055701
0.502177705915
0.99
0.373893561276
0.501971796622
0.94006784605
0.374599918028
0.501894794803
0.94006784605
0.374648666563
0.501191165285
0.719347059561
0.376205548979
0.498159281218
0.719347059561
0.376391311086
0.497705990322
0.719347059561
0.376391311086
0.497705990322
0.893659948983
0.373983706481
0.499901633674
0.893659948983
0.374017165027
0.499477896002
1.0
0.37437473424
0.498327968816
1.0
0.374469365819
0.497434695154
1.0
0.373620713395
0.497046166173
1.0
0.37356240089
0.496949621899
0.830187062367
0.374300520493
0.497282716739
0.830187062367
0.374300520493
0.497282716739
0.830187062367
0.374618924159
0.494398159893
1.0
0.373929506271
0.492695903167
1.0
0.373931425032
0.491796199095
1.0
0.373948922246
0.490440286244
1.0
0.373946541712
0.490836585285
0.882548809598
0.37538975004
0.490703419235
0.882548809598
0.375523780539
0.488997617784
0.835465993742
0.376371074445
0.487498854018
0.835465993742
0.376388251607
0.486266489559
0.835465993742
0.376388251607
0.486266489559
0.903738983147
0.376386060374
0.485179931479
0.903738983147
0.376414143832
0.485132511134
1.0
0.375289505783
0.485344930596
1.0
0.375506275208
0.483898130002
1.0
0.376085157095
0.483421552159
0.992606604315
0.376187165395
0.482191741175
0.992606604315
0.37685719459
0.481695065576
1.0
0.377017479257
0.480712176471
1.0
0.376965524917
0.480357307568
1.0
0.376965524917
0.480357307568
1.0
0.377087639037
0.479241108379
1.0
0.377683344213
0.479966038439
1.0
0.377754016835
0.479227143026
0.939835371442
0.379594705727
0.478942434186
0.939835371442
0.37979757607
0.477691912636
0.891476874811
0.380740970997
0.477917628524
0.891476874811
0.380740970997
0.477917628524
0.891476874811
0.380859722361
0.477583540363
0.888228709288
0.381803375087
0.47754081813
0.888228709288
0.381961358383
0.477150029715
1.0
0.381392451953
0.478049647848
0.980219051054
0.38149337041
0.477090642953
0.980219051054
0.382484794046
0.47728559708
1.0
0.382666307192
0.477000771081
1.0
0.384709362237
0.477746937921
1.0
0.38494792278
0.476618076616
1.0
0.38494792278
0.476618076616
1.0
0.385317345761
0.476940933206
1.0
0.38553998659
0.476225623016
1.0
0.386683623778
0.477993388929
1.0
0.38684944432
0.47778116703
0.862561845704
0.389007233663
0.476487973919
0.862561845704
0.38915377475
0.475916460806
1.0
0.389663219716
0.477057240502
1.0
0.389889170659
0.476141342763
1.0
0.389889170659
0.476141342763
0.862666343194
0.391099352271
0.476867028852
0.862666343194
0.391487400192
0.47600191144
1.0
0.39133060395
0.476535288695
1.0
0.39143900049
0.475946920533
1.0
0.392980862273
0.476870049837
1.0
0.393289972154
0.47696267375
0.773316283889
0.396493763184
0.476623687849
0.773316283889
0.39673280725
0.476159526656
0.773316283889
0.39673280725
0.476159526656
0.99
0.395401843912
0.478431676872
0.99
0.395626357207
0.478147250647
1.0
0.395852566292
0.478338119164
1.0
0.396047108858
0.477939605487
0.944910482854
0.397658743143
0.477623751167
0.944910482854
0.397789126673
0.477805706151
0.97903475745
0.398117541632
0.47829954847
0.97903475745
0.398320640223
0.477715205528
0.97903475745
0.398320640223
0.477715205528
0.962282920156
0.398726852133
0.478539347787
0.962282920156
0.398895700138
0.478465742473
1.0
0.398180981963
0.47789002804
1.0
0.398295458457
0.478310712105
1.0
0.399182743534
0.478686384178
1.0
0.399292626249
0.478462213014
1.0
0.399337549955
0.478146301901
1.0
0.399492632882
0.477802473308
1.0
0.399492632882
0.477802473308
1.0
0.39940967992
0.47880954428
1.0
0.399537546229
0.478278736062
1.0
0.398920842967
0.47825032869
1.0
0.398965308924
0.478082014737
1.0
0.399826987132
0.479211653479
1.0
0.399863583656
0.479199500414
1.0
0.399891679591
0.479024303557
1.0
0.39992739796
0.47905679827
1.0
0.39992739796
0.47905679827
0.96759259865
0.400318383638
0.479920690487
0.96759259865
0.400330734308
0.479419507338
1.0
0.400233093089
0.48059852602
1.0
0.400334482055
0.480597399371
1.0
0.400515017161
0.481481418138
1.0
0.400567226179
0.482083733183
1.0
0.401288539152
0.48232706793
1.0
0.401297754297
0.482679796033
1.0
0.401639500441
0.483553364213
1.0
0.401639500441
0.483553364213
1.0
0.401631391485
0.48412697902
1.0
0.400497580733
0.484857734316
1.0
0.400637620936
0.485492360003
1.0
0.402529950678
0.485450846462
1.0
0.402495520027
0.485584700328
1.0
0.403580219448
0.486851193003
1.0
0.403580219448
0.486851193003
1.0
0.403695571197
0.486984679632
1.0
0.404146706569
0.487340013702
0.995528557674
0.404381580844
0.487159985053
0.995528557674
0.405459052425
0.487745865277
1.0
0.40558160157
0.487728936989
1.0
0.405799669742
0.488731655004
1.0
0.406023898239
0.488776310436
1.0
0.407250454107
0.489004788056
1.0
0.407356539592
0.488793243017
1.0
0.40765889751
0.488547151947
1.0
0.40765889751
0.488547151947
1.0
0.407625269346
0.489234998596
1.0
0.40778894543
0.489839258964
1.0
0.407918011922
0.489507446804
1.0
0.40858973122
0.489115209216
1.0
0.408856769576
0.488187426877
1.0
0.409332907479
0.488768351121
1.0
0.409433542385
0.489391167402
1.0
0.409433542385
0.489391167402
1.0
0.409446090295
0.489073802326
1.0
0.40974330748
0.488942933015
0.954044416878
0.411038405813
0.488949724733
0.954044416878
0.411167159226
0.488361328289
1.0
0.410703905797
0.488514444452
1.0
0.410772198763
0.488049129759
1.0
0.411209072572
0.488283707185
1.0
0.411348274047
0.487987576637
1.0
0.411348274047
0.487987576637
1.0
0.411814271135
0.489004939879
1.0
0.411767004793
0.48920608861
1.0
0.410438400744
0.487943286332
1.0
0.410570532825
0.487446525853
0.972936937721
0.412354146408
0.488512773131
0.972936937721
0.412356165497
0.488712411829
1.0
0.41219738913
0.488767213985
1.0
0.412281490615
0.489447987617
1.0
0.412281490615
0.489447987617
0.960224862247
0.41272824385
0.489559582989
0.960224862247
0.412610742821
0.489161420737
1.0
0.412205674228
0.489726297196
1.0
0.412281320898
0.49005892271
1.0
0.412302854285
0.490078016726
1.0
0.412353166861
0.490232078264
1.0
0.412714183002
0.489906587389
1.0
0.412683573631
0.489864619419
1.0
0.412683573631
0.489864619419
1.0
0.412519357503
0.490296182182
1.0
0.412462265331
0.490952687886
1.0
0.41295757487
0.491255259402
1.0
0.412969443066
0.49146114499
0.999236863808
0.413397531026
0.491168125127
0.999236863808
0.413414787951
0.490702738048
1.0
0.414280715597
0.491827180895
1.0
0.41419847415
0.492603608626
1.0
0.41419847415
0.492603608626
0.965798531785
0.414883087655
0.49256437896
0.965798531785
0.414947554261
0.492521714298
1.0
0.415110898001
0.492759219864
1.0
0.415109100637
0.492426981216
1.0
0.415023996337
0.493292151227
1.0
0.415160220412
0.493679445678
1.0
0.415986782604
0.494465202712
1.0
0.415986782604
0.494465202712
1.0
0.416088743631
0.494647351109
1.0
0.417490288051
0.496220600938
1.0
0.41743899026
0.4963882897
1.0
0.417200392617
0.495969609602
1.0
0.417426723588
0.495585903512
0.97500178505
0.418132836846
0.496175804975
0.97500178505
0.418212013595
0.49665061597
0.993389172122
0.418430737769
0.497678816414
1.0
0.418615008238
0.497883644775
1.0
0.418615008238
0.497883644775
0.975384756558
0.419402260996
0.497181035677
0.975384756558
0.419476552788
0.497415174205
1.0
0.419343500395
0.497812418196
1.0
0.419363191759
0.498147029205
1.0
0.420050307735
0.498055561669
1.0
0.420235565698
0.49745793527
1.0
0.420770015316
0.497612871716
1.0
0.420881490895
0.497521930566
1.0
0.421063628059
0.497585130181
1.0
0.421063628059
0.497585130181
1.0
0.421261244545
0.496937988755
1.0
0.422217774474
0.497351860602
1.0
0.422196905604
0.496729642677
1.0
0.423230275222
0.496619093683
1.0
0.42349139848
0.496630168263
1.0
0.424224556238
0.497407314405
1.0
0.424359284306
0.497024513294
1.0
0.424359284306
0.497024513294
1.0
0.425112020417
0.497399453071
1.0
0.42517163559
0.497468918398
0.989200071714
0.425834098078
0.497311534869
0.989200071714
0.426023555413
0.496505034027
1.0
0.426165901383
0.497061393379
1.0
0.426334215292
0.497472409367
1.0
0.427238754397
0.497847595382
1.0
0.427294939319
0.497424768452
1.0
0.427294939319
0.497424768452
1.0
0.428047530346
0.497864510121
1.0
0.428370520012
0.498100000767
1.0
0.428638887918
0.49832064085
1.0
0.428785072284
0.49788663841
1.0
0.429814628112
0.497419339128
1.0
0.429902342635
0.49670985946
1.0
0.430352598689
0.497920472613
1.0
0.430524589783
0.497993636425
1.0
0.430524589783
0.497993636425
1.0
0.431445926647
0.497612809543
1.0
0.431566424354
0.497131542558
1.0
0.4320082814
0.497305181828
1.0
0.432095804104
0.496612028224
1.0
0.433191381898
0.497569744671
1.0
0.433442401968
0.497897144285
1.0
0.434426097404
0.498229905663
1.0
0.434722511756
0.497317462417
1.0
0.434722511756
0.497317462417
1.0
0.435004442232
0.498265570767
1.0
0.435088137568
0.497639320885
1.0
0.436255847571
0.496521072535
1.0
0.436564109668
0.496533178682
1.0
0.43757047574
0.498233503526
1.0
0.437777133124
0.497913090679
0.953731690733
0.438267607042
0.497449531245
0.953731690733
0.438431252948
0.496717904165
0.953731690733
0.438431252948
0.496717904165
1.0
0.438488614949
0.497466272674
1.0
0.438809660533
0.497760692267
1.0
0.439278076119
0.497855860723
1.0
0.439547004388
0.497832179691
1.0
0.439190663539
0.497995570834
1.0
0.439173154119
0.497830951037
1.0
0.439523073553
0.497592287277
1.0
0.439523073553
0.497592287277
1.0
0.439645525825
0.497187212489
1.0
0.439214223581
0.497337473779
1.0
0.439125703463
0.497709676014
1.0
0.438580415968
0.496930804019
1.0
0.438603217949
0.496848537899
1.0
0.439250306902
0.497428540889
1.0
0.43941563051
0.497497994732
1.0
0.439379009111
0.49716419518
1.0
0.439354079077
0.49722087906
1.0
0.439354079077
0.49722087906
1.0
0.439190744158
0.497203519473
1.0
0.438932624847
0.496733729208
1.0
0.438661699568
0.496562684165
1.0
0.438946135339
0.496142368684
1.0
0.439198278844
0.49684305485
1.0
0.439032027547
0.49771278165
1.0
0.438935588685
0.497814517308
1.0
0.438724790981
0.497991288618
1.0
0.438724790981
0.497991288618
1.0
0.438735489092
0.498238126706
1.0
0.438785527766
0.497814521592
1.0
0.439581053577
0.499074805779
1.0
0.439592183084
0.499933467139
1.0
0.440179006205
0.500689483375
1.0
0.440068806193
0.501247002846
1.0
0.440526080406
0.501833140433
1.0
0.440526460959
0.501714561767
1.0
0.440526460959
0.501714561767
1.0
0.441078736067
0.503213099801
1.0
0.441261548485
0.503185189473
1.0
0.441551006393
0.503821714122
1.0
0.44150131436
0.504454009784
1.0
0.442404807561
0.506232827046
1.0
0.442595198853
0.506987866664
1.0
0.442912595685
0.508200304558
1.0
0.442912595685
0.508200304558
1.0
0.443036826594
0.508581400554
1.0
0.443339044845
0.510107882765
1.0
0.443272047361
0.510383387953
1.0
0.444137384405
0.513303978719
1.0
0.444285424079
0.514111075234
1.0
0.44495417542
0.515190034666
1.0
0.445170116899
0.516137396165
1.0
0.445802957897
0.517117327579
1.0
0.445802957897
0.517117327579
1.0
0.446104945309
0.516953246122
1.0
0.44637781025
0.51808848485
1.0
0.4465228308
0.519094670859
1.0
0.447393957179
0.521402570001
1.0
0.447526253064
0.522614875409
1.0
0.447423132191
0.524536145364
1.0
0.44743790491
0.525770077203
1.0
0.447837968666
0.526697763694
1.0
0.447837968666
0.526697763694
1.0
0.447997878588
0.528113008847
1.0
0.448792607647
0.530400148373
1.0
0.448913598542
0.53145495708
1.0
0.448567084925
0.533257377208
1.0
0.44874521242
0.534050212828
1.0
0.44874542395
0.534707258517
1.0
0.4488807972
0.535565598261
1.0
0.449293458596
0.537038523001
1.0
0.449293458596
0.537038523001
1.0
0.449380524123
0.538586795599
0.983042488597
0.450079840572
0.540636797154
0.983042488597
0.450049046471
0.541386699671
1.0
0.450265058674
0.54283022748
1.0
0.450488485028
0.544219474119
1.0
0.450098211156
0.545297872775
1.0
0.449963252474
0.546371945131
0.972345843406
0.450223729088
0.548219309274
0.972345843406
0.450277629671
0.549255895229
0.972345843406
0.450277629671
0.549255895229
1.0
0.451071267584
0.551529809881
1.0
0.451095955587
0.55326253274
1.0
0.450626760251
0.554663964244
1.0
0.450842662981
0.555776157871
0.983764334061
0.450874682678
0.55679014074
0.983764334061
0.450790594511
0.558065301396
0.936645950236
0.451823393877
0.557295166895
0.936645950236
0.451859627244
0.559413300756
0.936645950236
0.451859627244
0.559413300756
1.0
0.451563877194
0.562497563632
1.0
0.451614372475
0.563597504252
1.0
0.450801475405
0.565593777234
1.0
0.45074839724
0.566528139909
1.0
0.450246830896
0.566887089762
1.0
0.450411882557
0.568525682122
1.0
0.45019607428
0.568970808372
1.0
0.450196077423
0.569824840841
1.0
0.450196077423
0.569824840841
1.0
0.449596701866
0.570515309073
1.0
0.449490124816
0.57119228775
1.0
0.448396968805
0.571592148892
1.0
0.448344792186
0.573187380505
0.95129785898
0.449461276471
0.572913113544
0.95129785898
0.44963721593
0.573535015388
0.95129785898
0.44963721593
0.573535015388
0.960991439486
0.448437340973
0.574177862418
0.960991439486
0.448077727686
0.575439469085
0.846868542612
0.447975758855
0.574988571914
0.846868542612
0.448132748869
0.575535675064
1.0
0.447173459474
0.576632826532
1.0
0.447186211349
0.577498031724
1.0
0.446920506695
0.577354631002
1.0
0.446838277666
0.577998318114
1.0
0.445638045336
0.576872518939
1.0
0.445996052964
0.577112148037
1.0
0.445996052964
0.577112148037
1.0
0.440020265224
0.573439172807
1.0
0.439824380704
0.57447699469
1.0
0.430280644227
0.568164686396
1.0
0.430224653477
0.568574368714
1.0
0.421689098702
0.563610580681
1.0
0.421810088459
0.562922965921
0.849203841602
0.423017047689
0.559386757335
0.849203841602
0.422562942218
0.560062915484
0.849203841602
0.422562942218
0.560062915484
0.880497692264
0.420678107323
0.558270008851
0.880497692264
0.418371586566
0.560318037364
0.900470975523
0.417678422663
0.559748268826
0.900470975523
0.415873378106
0.561342112771
0.940608529376
0.415944469718
0.559972487304
0.940608529376
0.414442015809
0.561058909461
0.946948814706
0.414262215446
0.559709790541
0.946948814706
0.412996234174
0.559488493452
0.946948814706
0.412996234174
0.559488493452
0.941668599653
0.409056290846
0.557479483805
0.941668599653
0.408499199777
0.55855634794
1.0
0.403191061662
0.557320811856
1.0
0.402926233325
0.55704900911
1.0
0.399564014459
0.554008843597
1.0
0.399674979609
0.552926035968
1.0
0.399048018264
0.551822105903
1.0
0.399048018264
0.551822105903
1.0
0.399111816459
0.550481593297
1.0
0.399375502166
0.549233101701
1.0
0.399373544241
0.54899342003
1.0
0.397806944594
0.548325750123
1.0
0.397907537976
0.546787911962
1.0
0.397515220057
0.545992973937
1.0
0.397637776777
0.54627930074
0.921046624794
0.398058587193
0.54518765613
0.921046624794
0.398208614497
0.543418986864
0.921046624794
0.398208614497
0.543418986864
1.0
0.39613601994
0.542075276209
1.0
0.396149440299
0.540697787355
1.0
0.395385793457
0.539343773761
1.0
0.395573324212
0.539197602161
1.0
0.395229046386
0.539393332992
1.0
0.395143919957
0.538393894004
1.0
0.395143919957
0.538393894004
0.826510137428
0.395861175012
0.536138894492
0.826510137428
0.395864148463
0.53511008959
0.787832088977
0.395997547595
0.534400818633
0.787832088977
0.39592487284
0.534579784148
0.99
0.391648260196
0.535564752229
0.99
0.391522026667
0.535431495076
1.0
0.390807427883
0.534606096247
1.0
0.390706107575
0.534387970447
1.0
0.390220737278
0.53386690682
1.0
0.389937306743
0.534472500708
1.0
0.389937306743
0.534472500708
1.0
0.389244856149
0.53360280718
1.0
0.389097002913
0.533080452254
1.0
0.388569928263
0.532633314718
1.0
0.388425903729
0.532332772052
0.874200217775
0.388855562855
0.530583570366
0.874200217775
0.388673345162
0.53081192777
0.874200217775
0.388673345162
0.53081192777
1.0
0.387002922077
0.530700747013
1.0
0.386965905479
0.530643622751
1.0
0.386303408259
0.529250939456
1.0
0.386151340228
0.528997379348
1.0
0.385338551624
0.526761067822
1.0
0.385104271289
0.526740411716
1.0
0.383906016615
0.525047917395
1.0
0.383932721515
0.525060356139
1.0
0.383932721515
0.525060356139
1.0
0.383269887234
0.522362684771
1.0
0.383202415022
0.521668523699
1.0
0.380897255458
0.517629917207
1.0
0.380854673327
0.517178986866
1.0
0.379484470897
0.513598885001
1.0
0.379613484538
0.511985505552
0.91152000687
0.380256493316
0.507414271339
0.91152000687
0.380181333607
0.505834486926
1.0
0.37773910618
0.499661182845
1.0
0.37760571801
0.498311188591
1.0
0.37760571801
0.498311188591
1.0
0.374704161364
0.491965952116
1.0
0.374848823073
0.487354149463
1.0
0.374245391157
0.481629244913
1.0
0.374291118898
0.478112714845
1.0
0.373709453244
0.473240227879
1.0
0.373782760854
0.469042841774
1.0
0.372071887884
0.462906238028
1.0
0.372328006968
0.457589240524
1.0
0.372328006968
0.457589240524
1.0
0.366622378024
0.449879779074
1.0
0.366874836449
0.44414797424
1.0
0.36049996132
0.436433008426
1.0
0.360632621356
0.432095348835
1.0
0.359863929338
0.429143463758
1.0
0.360057449612
0.424235989042
1.0
0.360057449612
0.424235989042
1.0
0.360682012076
0.42070905387
1.0
0.360501625308
0.415387673674
0.992796357689
0.361711765152
0.413312121751
0.992796357689
0.360603996006
0.412509835126
1.0
0.360188198243
0.408797266346
1.0
0.359734825766
0.406594428502
1.0
0.360797949741
0.404803300792
1.0
0.361319016713
0.400526162135
1.0
0.362169299802
0.399656935791
1.0
0.362651080756
0.394614191998
1.0
0.362651080756
0.394614191998
1.0
0.362725126921
0.393490954339
1.0
0.363074699555
0.390590402944
1.0
0.363974390397
0.390039003947
1.0
0.364272254259
0.386902036507
0.882533407221
0.367268944768
0.388654251536
0.882533407221
0.367675689766
0.386089880325
0.882533407221
0.367675689766
0.386089880325
0.93001460093
0.367622071878
0.385118565066
0.93001460093
0.368008336802
0.382088678213
0.92382638756
0.368339522719
0.382944325672
0.92382638756
0.368633913283
0.381058138263
0.909349650973
0.36905337806
0.381504482514
0.909349650973
0.369377521987
0.380024226622
1.0
0.368989699769
0.380658835222
1.0
0.369236569434
0.379861642355
1.0
0.370184921421
0.380077321583
1.0
0.370290782222
0.379877534103
1.0
0.370290782222
0.379877534103
1.0
0.370716502871
0.381037308373
1.0
0.371013764422
0.380243558797
1.0
0.370322079133
0.379814689826
1.0
0.370444251754
0.379656982663
1.0
0.370573671828
0.381021927697
1.0
0.37057433731
0.381440804126
1.0
0.37057433731
0.381440804126
0.978138803255
0.371745788232
0.382169530554
0.978138803255
0.371830442898
0.382437913454
0.927062618868
0.372374393459
0.383275641256
0.927062618868
0.372574877445
0.383406508943
1.0
0.371752297632
0.383199993142
1.0
0.371677791677
0.383439505989
1.0
0.372071573216
0.384551128465
1.0
0.372084510304
0.384902150067
0.975994242886
0.3726370486
0.385622476329
0.975994242886
0.3726370486
0.385622476329
0.975994242886
0.372724746743
0.385856291013
1.0
0.372635797214
0.38639455579
1.0
0.372614448287
0.387036652591
1.0
0.37232866165
0.387922786074
1.0
0.372317384389
0.388682660055
0.970163081599
0.372934763375
0.389978035263
0.970163081599
0.372989864061
0.390611993094
1.0
0.372219022941
0.389826718426
1.0
0.372219022941
0.389826718426
1.0
0.372266358178
0.390482610619
1.0
0.371850090189
0.390813920893
1.0
0.371869753071
0.391571175325
1.0
0.371639176135
0.392113843489
1.0
0.371536230456
0.39321523327
0.946793557442
0.371938240109
0.393308623105
0.946793557442
0.371977855128
0.393943349648
0.946793557442
0.371977855128
0.393943349648
1.0
0.369835318953
0.394146711521
1.0
0.369802948409
0.393903704813
0.985649956773
0.370171117114
0.393011951433
0.985649956773
0.370091999413
0.394015709874
0.940241260785
0.369887617159
0.393341603501
0.940241260785
0.36979094609
0.394231351997
1.0
0.368955429891
0.394603713362
1.0
0.369014733514
0.39480725112
0.907629836693
0.369030826692
0.39459450127
0.907629836693
0.369030826692
0.39459450127
0.907629836693
0.368808027286
0.395269689226
1.0
0.366738192564
0.393574739483
1.0
0.366622166062
0.394145921552
1.0
0.365796701178
0.393845319605
1.0
0.365602634689
0.394160758098
0.842177181597
0.365266478497
0.394162860756
0.842177181597
0.365109861443
0.395029859968
0.842177181597
0.365109861443
0.395029859968
0.975209199676
0.363338393811
0.393473596613
0.975209199676
0.363210677564
0.394015547952
0.927307327975
0.36307773727
0.394103531409
0.927307327975
0.362835075398
0.394678882086
1.0
0.361094100389
0.393741674288
1.0
0.360855196204
0.39375701475
1.0
0.381863615482
0.392829772372
1.0
0.381420413368
0.393936535789
0.915519263189
0.381239540744
0.394461514363
0.915519263189
0.381239540744
0.394461514363
0.915519263189
0.380946331972
0.395117817192
1.0
0.379937866629
0.394427871059
1.0
0.379528836074
0.395307200651
1.0
0.378614156257
0.394920110577
1.0
0.378187984573
0.395677519624
1.0
0.378302065532
0.395751290109
1.0
0.37785397821
0.397504047867
1.0
0.37785397821
0.397504047867
0.86194719565
0.378143016122
0.398645871413
0.86194719565
0.377678071817
0.400170414622
1.0
0.377054770697
0.40008923883
1.0
0.376794436529
0.401156122435
1.0
0.377508269448
0.40267125167
1.0
0.377045804063
0.403881218458
1.0
0.37947772948
0.406185139124
1.0
0.379207719482
0.40695192323
1.0
0.381818481514
0.409164780936
1.0
0.381818481514
0.409164780936
1.0
0.381198695927
0.410897467464
0.851517640992
0.384574973302
0.414684362309
0.851517640992
0.383990287258
0.416445452072
0.888410946805
0.383887642586
0.41792950654
0.888410946805
0.383122562497
0.420111177955
0.789496800643
0.341807618856
0.337725317625
0.789496800643
0.340715146001
0.341728018749
0.789496800643
0.340715146001
0.341728018749
0.956526373217
0.20018117928
0.17776613944
0.956526373217
0.199933064257
0.178125454306
0.845064119227
0.199026378517
0.182902706743
0.876720041899
0.203289502492
0.152607310881
0.867031243616
0.190148348721
0.145871060983
0.854816390197
0.191135689967
0.13710782178
0.854816390197
0.191135689967
0.13710782178
0.854816390197
0.191135689967
0.13710782178
0.854816390197
0.367655173858
0.386523206092
0.804255145569
0.371052022559
0.370414443701
0.829341253578
0.365937672714
0.380261541737
0.877508618569
0.365465209932
0.387658063529
0.859762046048
0.365988703267
0.392034370807
0.844980206727
0.365232492137
0.405212108425
0.844980206727
0.364326963609
0.402556540005
0.937570715185
0.364299733299
0.406954981412
0.937570715185
0.363006074629
0.407719822303
0.886671396207
0.361876464155
0.419126323725
0.886671396207
0.361876464155
0.419126323725
0.886671396207
0.361475450957
0.421515460252
0.873224422272
0.360854880169
0.4273096919
0.873224422272
0.360346616573
0.429167613792
0.883438505783
0.359983793172
0.433779085568
0.883438505783
0.359477611188
0.43557978234
0.865892866562
0.358482186326
0.442934852757
0.865892866562
0.358482186326
0.442934852757
0.865892866562
0.357935392684
0.443712032707
0.927460517308
0.357401354254
0.448032336748
0.927460517308
0.357730858193
0.45085426607
0.971351417118
0.356440910056
0.458240108489
0.971351417118
0.356715482677
0.459918444392
1.0
0.356295460395
0.464282953183
1.0
0.355991924939
0.463449742263
1.0
0.356039213109
0.464497754243
1.0
0.355348931229
0.465535177872
1.0
0.355348931229
0.465535177872
1.0
0.355482211525
0.464980872028
1.0
0.354638185413
0.465598278173
1.0
0.354851547064
0.465372882661
1.0
0.354160423391
0.464710874852
1.0
0.354073100532
0.466008374391
1.0
0.353378811277
0.466579378282
1.0
0.353437088284
0.466798579483
0.982320925339
0.35335491919
0.467818683251
0.982320925339
0.35335491919
0.467818683251
0.982320925339
0.353401430735
0.467912066914
1.0
0.352834569292
0.466648294538
1.0
0.352792638776
0.46764411803
1.0
0.352448545961
0.466837047365
1.0
0.3523514859
0.467509560314
1.0
0.351939454132
0.467194444543
1.0
0.351894728749
0.467475043058
1.0
0.352514969251
0.468494567296
1.0
0.352514969251
0.468494567296
1.0
0.35245477625
0.469295171774
1.0
0.351845534365
0.468932819507
1.0
0.351557400761
0.469805669402
1.0
0.354485202119
0.471040726201
1.0
0.35447762345
0.471712824546
0.781883697632
0.365919751359
0.48874187091
0.781883697632
0.365987641791
0.488972790357
0.781883697632
0.365987641791
0.488972790357
0.740610789917
0.394270942784
0.481980966128
0.740610789917
0.394159995106
0.482154525926
0.82621028753
0.400635855085
0.493189479031
0.82621028753
0.400869389447
0.492334655722
1.0
0.406899476504
0.49426936225
1.0
0.408785397491
0.491712986168
0.99
0.419787419897
0.495766497524
0.99
0.424808981604
0.487259093476
0.99
0.428891935967
0.489550178679
0.99
0.428891935967
0.489550178679
0.99
0.435729906148
0.478285884291
0.99
0.434988789086
0.477911617696
0.99
0.440838097936
0.466313773581
0.99
0.441728465892
0.466448234884
0.99
0.446934324191
0.456395596893
0.99
0.447312177795
0.457127721299
1.0
0.450447403439
0.451096581875
1.0
0.450447403439
0.451096581875
1.0
0.451185924836
0.451556256214
1.0
0.452822072494
0.448236215701
1.0
0.453889916186
0.448399649978
1.0
0.454253989605
0.445928560174
1.0
0.454563723029
0.445833564197
1.0
0.454184940062
0.445528009354
1.0
0.453991871689
0.445419996356
1.0
0.453937307872
0.444724189971
1.0
0.454792512326
0.444710378131
1.0
0.454792512326
0.444710378131
1.0
0.454847401603
0.444888977851
1.0
0.455049547079
0.444658958158
1.0
0.455165825611
0.444563955327
1.0
0.455917864969
0.444745420163
0.977905943617
0.456065964143
0.444050092329
0.977905943617
0.456430319247
0.443835397241
1.0
0.456734037456
0.443092761867
1.0
0.456901692576
0.442744004978
1.0
0.456901692576
0.442744004978
1.0
0.456947840274
0.442830584896
1.0
0.457549532859
0.443115215002
1.0
0.457524207702
0.442047292837
1.0
0.457815868446
0.441052212811
1.0
0.457982478779
0.440464972495
1.0
0.45792947653
0.440718916359
1.0
0.458099757527
0.439982764634
1.0
0.458249533004
0.439286583209
1.0
0.458249533004
0.439286583209
1.0
0.458313872966
0.438658661163
0.96522811215
0.457706367853
0.43745678261
0.96522811215
0.457617204262
0.437258275505
1.0
0.458194689399
0.437408161284
1.0
0.458063287682
0.436730559423
1.0
0.45799839038
0.436082151886
0.978814548139
0.45785619898
0.435262596498
0.978814548139
0.45785619898
0.435262596498
0.978814548139
0.457749616742
0.434688000528
1.0
0.457742782132
0.434202374306
1.0
0.457436296266
0.433161671489
1.0
0.457422243366
0.432177529905
1.0
0.457067753895
0.431302722959
1.0
0.456966633542
0.431308941079
1.0
0.456885383415
0.431248233443
1.0
0.456743395706
0.430022321893
1.0
0.456571047282
0.42878825579
1.0
0.456571047282
0.42878825579
1.0
0.456576383587
0.428089641278
0.98621699722
0.455474458682
0.427257848317
0.98621699722
0.455260670657
0.42624849739
1.0
0.45598399972
0.42542751713
1.0
0.456047328684
0.425118202251
1.0
0.455169934856
0.424604351535
1.0
0.454935955307
0.424320457502
1.0
0.454935955307
0.424320457502
1.0
0.454683261566
0.423369981311
1.0
0.454704941934
0.422727236755
1.0
0.454457991989
0.42226042172
1.0
0.45422552456
0.421913946695
1.0
0.453828047793
0.42171852233
1.0
0.453971466951
0.421293996576
1.0
0.453849260854
0.420662042518
1.0
0.453514467795
0.419789023664
1.0
0.453259748189
0.419559793275
1.0
0.453259748189
0.419559793275
1.0
0.453214306623
0.418653500022
1.0
0.452329498437
0.416732906252
1.0
0.452239955117
0.416603156702
1.0
0.452583034502
0.416994771989
1.0
0.452571689418
0.416689867031
1.0
0.452473409667
0.416516676944
1.0
0.452372185527
0.415752803726
1.0
0.452372185527
0.415752803726
1.0
0.452477463659
0.41611922116
1.0
0.45243071149
0.41543381697
1.0
0.452292527213
0.415418642504
1.0
0.452415539979
0.415108176352
1.0
0.452326625862
0.414858729243
1.0
0.452222999407
0.414623638898
1.0
0.452467891764
0.414811998798
1.0
0.452727628428
0.414401287547
1.0
0.452691070951
0.414859669478
1.0
0.452691070951
0.414859669478
1.0
0.452684119339
0.415048435704
1.0
0.452700163196
0.414122591084
1.0
0.452849004842
0.414279669075
1.0
0.453138001177
0.415264307878
1.0
0.45321024247
0.41519909644
1.0
0.453339010571
0.415499703763
1.0
0.453302067948
0.415761493307
1.0
0.453302067948
0.415761493307
1.0
0.45361206203
0.416026891864
1.0
0.453643460776
0.415926693973
1.0
0.454017963759
0.415886068057
1.0
0.45427952898
0.415784658546
1.0
0.454443960786
0.41554990434
1.0
0.454383537106
0.416100078247
1.0
0.454807039602
0.416154749445
1.0
0.454806562147
0.415524140719
1.0
0.454806562147
0.415524140719
1.0
0.454908891967
0.415336573459
1.0
0.455299355076
0.415442503414
1.0
0.455852331706
0.415539448384
1.0
0.455675551907
0.415197646725
1.0
0.455852131271
0.415837607368
1.0
0.455896668212
0.415958943792
1.0
0.455817150827
0.415479012508
1.0
0.455733052926
0.415802640092
1.0
0.456157463803
0.415956410143
1.0
0.456157463803
0.415956410143
1.0
0.45634550723
0.416365546756
1.0
0.456420639825
0.416138903973
1.0
0.45660173217
0.415867243653
1.0
0.456105601465
0.415536474675
1.0
0.455865707857
0.416149079994
1.0
0.456146139102
0.416151431628
1.0
0.455926486327
0.415346784277
1.0
0.455926486327
0.415346784277
1.0
0.455953514896
0.414817989742
1.0
0.455980202591
0.414183967816
1.0
0.455792596928
0.413262936193
1.0
0.455865703251
0.413351925909
1.0
0.456324070717
0.414115521707
1.0
0.45621933882
0.413592147755
1.0
0.456409806199
0.413636483455
1.0
0.456606850981
0.413095297503
1.0
0.456606850981
0.413095297503
1.0
0.456743297431
0.41300965842
1.0
0.456710014002
0.412525271344
1.0
0.456587753538
0.412027664915
1.0
0.456610433069
0.411595356987
1.0
0.45686349861
0.411434271647
1.0
0.456800197642
0.411091596481
1.0
0.456587478444
0.410705700463
1.0
0.456556553415
0.41051310141
1.0
0.456762627176
0.410555758547
1.0
0.456762627176
0.410555758547
1.0
0.456731891817
0.410693395578
1.0
0.456707879316
0.411994376341
1.0
0.456995069253
0.411404146073
1.0
0.46041005572
0.412650304046
1.0
0.460520480159
0.412134819072
1.0
0.466873073966
0.418224697137
1.0
0.466631681857
0.418185892555
1.0
0.466631681857
0.418185892555
1.0
0.472997911977
0.425380177757
1.0
0.47283436662
0.424473407626
1.0
0.478131027963
0.430255455605
1.0
0.47838100477
0.430240069348
1.0
0.482945863388
0.433627000164
1.0
0.485421405193
0.431846300974
1.0
0.487018582187
0.434288318504
1.0
0.490085821292
0.433108544518
1.0
0.490050881588
0.432749466703
1.0
0.490050881588
0.432749466703
1.0
0.492388180718
0.433026632668
1.0
0.491920379026
0.432913561361
1.0
0.495024199987
0.430294714215
1.0
0.4948205271
0.429695020881
1.0
0.496176029934
0.428450203203
1.0
0.495988286499
0.428635859297
1.0
0.496171544167
0.429645781003
1.0
0.496171544167
0.429645781003
1.0
0.496047181645
0.429312751787
1.0
0.495870219859
0.429604414849
