1.0
0.495433403846
0.325450261501
1.0
0.495313034945
0.325498097034
1.0
0.495305243901
0.325352367587
1.0
0.495305243901
0.325352367587
1.0
0.495347699539
0.325109740868
1.0
0.495621625382
0.325665332793
1.0
0.495601512193
0.325616852851
1.0
0.495413556002
0.325243360524
1.0
0.495490712938
0.324974006109
1.0
0.495539570464
0.325200044638
1.0
0.495418988919
0.325216726353
1.0
0.495418988919
0.325216726353
1.0
0.495418631505
0.325163041177
1.0
0.49541949561
0.325076385016
1.0
0.495247057684
0.324590269487
1.0
0.495194133584
0.324092063556
1.0
0.495208962077
0.32391864461
1.0
0.495171408632
0.323306742895
1.0
0.493982296174
0.321920105646
1.0
0.493938495025
0.321684126668
1.0
0.493938495025
0.321684126668
0.99
0.488809181467
0.314157292111
0.99
0.488637910297
0.314206913479
0.708441574082
0.476460938712
0.304906390311
0.708441574082
0.476617831387
0.30505171177
0.708441574082
0.475736709409
0.305779710923
0.708441574082
0.469183410181
0.315682103165
0.708441574082
0.469183410181
0.315682103165
0.650674945653
0.469774750557
0.320848083155
0.650674945653
0.459724653704
0.330647116681
0.744456998661
0.459770673981
0.329768339374
0.744456998661
0.455840605469
0.333272632722
0.76684980987
0.455929316938
0.332858194698
0.76684980987
0.454726522883
0.332904745422
0.717774377916
0.454815470477
0.332488414492
0.717774377916
0.45537690804
0.331381311336
0.717774377916
0.45537690804
0.331381311336
0.7398889788
0.455465923469
0.330963028676
0.7398889788
0.455562073454
0.331327258094
0.705117389539
0.455651181474
0.330906932699
0.705117389539
0.455603453771
0.330858550521
0.638720011948
0.455692677308
0.330436233328
0.638720011948
0.455775113794
0.32998316516
1.0
0.457021810411
0.327737379559
1.0
0.457083902914
0.327597718938
1.0
0.457083902914
0.327597718938
1.0
0.453451968937
0.314621650131
1.0
0.453379955576
0.314654082104
1.0
0.453459398843
0.315055212899
1.0
0.453484698828
0.315724364418
1.0
0.453489604433
0.315730187209
1.0
0.453683614616
0.316179426639
1.0
0.453734363496
0.315945855001
1.0
0.453734363496
0.315945855001
1.0
0.453645709253
0.316621485316
1.0
0.453708079283
0.31674320682
1.0
0.453653356382
0.316690753284
1.0
0.453823037321
0.31659679661
1.0
0.453952467333
0.31711289412
1.0
0.454092475527
0.317098938051
1.0
0.454129070523
0.317808268927
1.0
0.454209618622
0.318107716004
1.0
0.454209618622
0.318107716004
1.0
0.45386585021
0.317662426383
1.0
0.453928501524
0.318198270892
1.0
0.453663788024
0.318074829352
1.0
0.453627656648
0.318567288916
1.0
0.450755801425
0.314708326337
1.0
0.450736919955
0.31436821564
0.99
0.440017222822
0.305868245468
0.99
0.440071867919
0.305882560284
0.99
0.440071867919
0.305882560284
0.99
0.426835701129
0.297925366688
0.99
0.426848349244
0.298101623099
0.99
0.415030587164
0.286129887934
0.99
0.412716787922
0.288341878321
0.99
0.402221364619
0.278022145794
0.99
0.392427293976
0.29027655168
0.920350779948
0.391635295358
0.288626017368
0.920350779948
0.37748118734
0.307586391114
0.920350779948
0.37748118734
0.307586391114
0.926934456869
0.376426542937
0.305851107717
0.926934456869
0.363624278321
0.324214392877
0.977347290462
0.361983603574
0.322011164034
0.977347290462
0.351709985101
0.33336107215
0.99
0.350692904192
0.332523709426
0.99
0.34305617408
0.339489087439
0.99
0.34305617408
0.339489087439
0.99
0.34305617408
0.339489087439
0.99
0.342038680415
0.310889580468
1.0
0.334992216517
0.30956938925
1.0
0.334619685021
0.308607080043
1.0
0.335644430898
0.306074205974
