1.0
0.475275906584
0.686170373748
1.0
0.474427154691
0.685195715133
1.0
0.47447481839
0.685355981523
1.0
0.475503180151
0.684395855177
1.0
0.475689223823
0.683937216537
1.0
0.475403415652
0.684042307786
1.0
0.475541398726
0.68351313297
1.0
0.475541398726
0.68351313297
1.0
0.476162073991
0.682930134545
1.0
0.476216078316
0.68254595176
1.0
0.475710206464
0.681844052077
1.0
0.475802979055
0.681960273412
1.0
0.475937027095
0.681836221356
1.0
0.476216207736
0.679752602636
1.0
0.476680215804
0.680558335452
1.0
0.476680215804
0.680558335452
1.0
0.476672244916
0.680102810165
1.0
0.476623502293
0.67867698366
1.0
0.476673262949
0.678398592306
1.0
0.476074779457
0.678001069802
1.0
0.476155576457
0.677906988849
1.0
0.476452182402
0.675991654123
1.0
0.475765400458
0.675742692039
1.0
0.475988059298
0.677201963112
1.0
0.475988059298
0.677201963112
1.0
0.476624474661
0.67677211705
1.0
0.475765697936
0.675664850439
1.0
0.475387186394
0.675604115303
1.0
0.475357683959
0.675706525094
1.0
0.474878719201
0.675820545228
1.0
0.474588376655
0.676506255935
1.0
0.474321009229
0.6770556586
1.0
0.474350685285
0.676843645716
1.0
0.474350685285
0.676843645716
1.0
0.474220012481
0.677255326208
1.0
0.472757479548
0.676078873053
1.0
0.472463733003
0.676265621673
1.0
0.473292703189
0.677428321962
1.0
0.473097075825
0.677873442996
1.0
0.47191615222
0.677635547958
1.0
0.471562145861
0.678699525337
1.0
0.470999254941
0.67822550196
1.0
0.470999254941
0.67822550196
1.0
0.470738437781
0.678948015711
1.0
0.470130479487
0.679058057165
1.0
0.469735398713
0.679207163067
1.0
0.468601761695
0.679515072642
1.0
0.468080223541
0.680732778595
1.0
0.467349248101
0.678804557081
1.0
0.466631911237
0.680580894787
1.0
0.467125324484
0.682861453462
1.0
0.467125324484
0.682861453462
1.0
0.467189732596
0.683423270093
1.0
0.46650038619
0.682606199423
1.0
0.46541067123
0.68488213857
1.0
0.465050134318
0.685613795641
1.0
0.465241945127
0.686126855305
1.0
0.46370297753
0.685992079297
1.0
0.463856393568
0.68646006157
1.0
0.46330764859
0.686564371686
1.0
0.46330764859
0.686564371686
1.0
0.462575070109
0.688506873952
1.0
0.460841937365
0.687757459559
1.0
0.460074447343
0.689020134339
1.0
0.460033947088
0.689434523263
1.0
0.459490828084
0.690836992999
1.0
0.459351706281
0.691267659634
1.0
0.459158012364
0.691551705486
1.0
0.458786080722
0.691201577237
1.0
0.458786080722
0.691201577237
1.0
0.458662722691
0.692155564897
1.0
0.458444916265
0.692906233724
1.0
0.457796255303
0.695780943123
1.0
0.456640266932
0.696117380907
1.0
0.456871219413
0.696877854508
1.0
0.457392284145
0.698130696676
1.0
0.457651936138
0.698897188146
1.0
0.456122448596
0.698109314762
1.0
0.456122448596
0.698109314762
1.0
0.42968036053
0.742843618357
1.0
0.430464169228
0.743905814817
1.0
0.429821355732
0.745476089417
1.0
0.428716541832
0.745352479742
1.0
0.429042147812
0.745166073336
1.0
0.429399920361
0.745623996224
1.0
0.428871449215
0.747347308932
1.0
0.428880420362
0.748628357466
1.0
0.428880420362
0.748628357466
1.0
0.428653612325
0.749281235581
1.0
0.428176137023
0.749315019425
1.0
0.428020013035
0.750801457224
1.0
0.427544925675
0.751178437149
1.0
0.427571494124
0.751895234994
1.0
0.427853938218
0.752146999447
1.0
0.427698675975
0.752758628637
1.0
0.427122241538
0.751865519294
1.0
0.427122241538
0.751865519294
1.0
0.426990618992
0.752548283666
1.0
0.426574412855
0.753750208417
1.0
0.426637507531
0.754654516909
1.0
0.426806413291
0.754992235961
1.0
0.426887736089
0.754870594673
1.0
0.426703570157
0.755627474923
1.0
0.426607999492
0.756471153043
1.0
0.426621428493
0.756732719865
1.0
0.426621428493
0.756732719865
1.0
0.42667467114
0.757334080933
1.0
0.426452588343
0.756970483125
1.0
0.426397840973
0.757761042232
1.0
0.426577962149
0.758373616044
1.0
0.426962674402
0.758008538306
1.0
0.427114569193
0.758639398911
1.0
0.426648752571
0.760494553714
1.0
0.426855664747
0.760683279184
1.0
0.426855664747
0.760683279184
1.0
0.427243044682
0.760052362277
1.0
0.427744922913
0.761147023457
1.0
0.427836791174
0.762180210078
1.0
0.42826597429
0.762433148414
1.0
0.428526325193
0.762768964146
1.0
0.428996380853
0.762237590718
1.0
0.429023170986
0.762487890046
1.0
0.428811205301
0.763083882387
1.0
0.428811205301
0.763083882387
1.0
0.429040508566
0.763004122584
1.0
0.4304153324
0.763840131365
1.0
0.430613161036
0.763902310541
1.0
0.431132192538
0.76377620903
1.0
0.431271250122
0.763245141969
1.0
0.431178443128
0.763214244019
1.0
0.431633821832
0.763062568504
1.0
0.432041529572
0.764870379372
1.0
0.432041529572
0.764870379372
1.0
0.432245524529
0.765136859582
1.0
0.43293648892
0.763864851658
1.0
0.432893509599
0.763773844205
1.0
0.433814735876
0.763540908204
1.0
0.434610457199
0.762258944538
1.0
0.436623684375
0.763005624963
1.0
0.436883573056
0.761960535078
1.0
0.436861583985
0.762468247682
1.0
0.436861583985
0.762468247682
1.0
0.437386857638
0.762496019513
1.0
0.438884528556
0.762790175503
1.0
0.439154321298
0.761688488318
1.0
0.439161722841
0.762380061218
1.0
0.439427450993
0.761705868392
1.0
0.440050587193
0.761034726585
1.0
0.440581595969
0.761153856789
1.0
0.44194430342
0.763187063659
1.0
0.44194430342
0.763187063659
1.0
0.442429163647
0.763329164534
1.0
0.442839333061
0.762859862031
1.0
0.442953428871
0.761603874833
1.0
0.445188499409
0.762445814661
1.0
0.44575671962
0.761932210184
1.0
0.447228245135
0.762761386065
1.0
0.448014999314
0.76237006588
1.0
0.448310162525
0.762281847983
1.0
0.448310162525
0.762281847983
1.0
0.448924954595
0.761188709301
1.0
0.451006963451
0.761953654446
1.0
0.451342782206
0.761715057727
1.0
0.452682053303
0.761937037544
1.0
0.453523384531
0.760764501284
1.0
0.453996915796
0.762442391436
1.0
0.454759794238
0.762128632796
1.0
0.456569376564
0.762168804719
1.0
0.456569376564
0.762168804719
1.0
0.457180908407
0.7614996852
1.0
0.457780218476
0.762313125546
1.0
0.458235445038
0.760482271865
1.0
0.459563813234
0.761382493326
1.0
0.460190678159
0.761144091201
1.0
0.461604567701
0.761238080738
1.0
0.462536057673
0.759675892658
1.0
0.463424867624
0.761112599851
1.0
0.463424867624
0.761112599851
1.0
0.46390835382
0.760739365477
1.0
0.465567791004
0.762444774972
1.0
0.466287268547
0.761787331911
1.0
0.467720235107
0.762754468985
1.0
0.468597261505
0.761516117121
1.0
0.469086629986
0.762934254063
1.0
0.469813943259
0.762820707089
1.0
0.471693767664
0.76399380792
1.0
0.471693767664
0.76399380792
1.0
0.472238624253
0.763085479051
1.0
0.473502632415
0.765217601436
1.0
0.474504207115
0.763697185047
1.0
0.476474845954
0.763747400028
1.0
0.477103280201
0.763189522588
1.0
0.478413518284
0.765759423735
1.0
0.478413518284
0.765759423735
1.0
0.479313119081
0.765313245467
1.0
0.480833363926
0.766310568621
1.0
0.481612662266
0.765887976561
1.0
0.483296722935
0.767633057185
1.0
0.484107715841
0.766687958331
1.0
0.48424002069
0.768072381211
1.0
0.48595746885
0.767297692986
1.0
0.487677794252
0.76797033116
1.0
0.48829434465
0.767389526606
1.0
0.48966407681
0.76907794263
1.0
0.48966407681
0.76907794263
1.0
0.490284555188
0.770004970585
1.0
0.490953931063
0.771096212327
1.0
0.491643303266
0.769982615298
1.0
0.49295472798
0.771000301119
1.0
0.493935927973
0.769989570707
1.0
0.495389701834
0.771544766121
1.0
0.496284788437
0.77108421821
1.0
0.496397946761
0.771300826426
1.0
0.496397946761
0.771300826426
1.0
0.497583693249
0.770154038186
1.0
0.498442697851
0.770567178158
1.0
0.499332409558
0.770354872678
1.0
0.499893338409
0.772251205301
1.0
0.500396645651
0.772359454259
1.0
0.500959322327
0.773464374573
1.0
0.502149119457
0.774119843729
1.0
0.503853959975
0.775668927703
1.0
0.503853959975
0.775668927703
1.0
0.504280623286
0.77487725674
1.0
0.504841585394
0.776190551513
1.0
0.505178858068
0.775941224669
1.0
0.506552055117
0.777533926097
1.0
0.507198041117
0.776933260088
1.0
0.507931753724
0.777991033719
1.0
0.508585683614
0.777738110487
1.0
0.508585683614
0.777738110487
1.0
0.510107369963
0.780051663042
1.0
0.510835807233
0.779959858052
1.0
0.512626056625
0.783158433966
1.0
0.514255484147
0.782761711121
1.0
0.51496528897
0.784043538624
1.0
0.515776679271
0.783839973851
1.0
0.517474612358
0.787156415753
1.0
0.519630783513
0.787038149218
1.0
0.519428064408
0.78896699468
1.0
0.519428064408
0.78896699468
1.0
0.52057808125
0.789881444063
1.0
0.522995468368
0.792972702218
1.0
0.523725498552
0.792916417821
1.0
0.524492496413
0.796137904301
1.0
0.526415749687
0.795301145391
1.0
0.528186903627
0.800000182783
1.0
0.52946227025
0.801215548044
1.0
0.531035463196
0.804910239111
1.0
0.531035463196
0.804910239111
1.0
0.533298791564
0.805692290531
1.0
0.535045830765
0.809683851958
1.0
0.537285038085
0.809443775283
1.0
0.538711942569
0.812959457604
1.0
0.540406939632
0.813566925214
1.0
0.541746810461
0.816109342318
1.0
0.544288526234
0.81677953136
1.0
0.544288526234
0.81677953136
1.0
0.546783903543
0.821112192153
1.0
0.549070669767
0.821836096132
1.0
0.550870204935
0.825455878538
1.0
0.552894498691
0.824984847904
1.0
0.555230235394
0.828661225487
1.0
0.558159014475
0.828461845057
1.0
0.564063489307
0.833174623747
1.0
0.566823578805
0.832726445671
1.0
0.579637883846
0.839824413241
1.0
0.579637883846
0.839824413241
1.0
0.581392533412
0.840156953055
1.0
0.593825274788
0.850895531671
1.0
0.597337882798
0.849479414292
1.0
0.6043720041
0.860378551254
1.0
0.611833923473
0.855539785208
1.0
0.611889303579
0.858784217011
1.0
0.62316324277
0.847800274699
1.0
0.624159938143
0.849794554844
1.0
0.624159938143
0.849794554844
0.953541554416
0.633173060247
0.842167363591
0.953541554416
0.635852575485
0.844993933009
1.0
0.641032048134
0.843269962732
1.0
0.642633639409
0.843762148364
1.0
0.647529034227
0.842306681379
1.0
0.648966828599
0.843382841878
1.0
0.648966828599
0.843382841878
1.0
0.65249010845
0.842740463223
1.0
0.65366838039
0.845025410764
1.0
0.661009350111
0.839977038132
1.0
0.662595389845
0.840282943
1.0
0.667614035628
0.838370194904
1.0
0.669127861147
0.839157034104
1.0
0.672491187506
0.836014961804
1.0
0.674368131183
0.835768567789
1.0
0.676740582356
0.833178431412
1.0
0.678472221622
0.833373549324
1.0
0.678472221622
0.833373549324
1.0
0.682028163626
0.830141673786
1.0
0.68398137389
0.831014700465
1.0
0.686638656202
0.827727265106
1.0
0.68810105928
0.827997432839
1.0
0.691818892748
0.824757712842
1.0
0.693241874608
0.825630343136
1.0
0.695979302454
0.821351218578
1.0
0.695979302454
0.821351218578
1.0
0.697729326572
0.82074997864
1.0
0.700686560495
0.817048192876
1.0
0.701665568074
0.816734806881
1.0
0.704234506471
0.812901039282
1.0
0.706092803435
0.812687703757
1.0
0.709060417388
0.808194783507
1.0
0.710211369528
0.807989369358
1.0
0.71243046672
0.80401512729
1.0
0.713013544023
0.803269764919
1.0
0.713013544023
0.803269764919
1.0
0.717061189477
0.798393201549
1.0
0.718460237643
0.797709719043
1.0
0.720225649797
0.793588567471
1.0
0.721583132121
0.791604770034
1.0
0.723247002809
0.788023061179
1.0
0.723389943637
0.787096605539
1.0
0.725826712808
0.782828668348
1.0
0.726731601096
0.781548081661
1.0
0.726731601096
0.781548081661
1.0
0.728803355218
0.77646773134
1.0
0.729382663404
0.775308922878
1.0
0.730790284458
0.771813445191
1.0
0.731761713006
0.771271097978
1.0
0.732931184038
0.766905472213
1.0
0.732914986317
0.764073406079
1.0
0.734257362476
0.759518529357
1.0
0.734257362476
0.759518529357
1.0
0.734564814077
0.757521764777
1.0
0.735735771768
0.7530924768
