0.775166690366
0.520904076736
0.32056832578
0.775166690366
0.516518597487
0.331496350142
0.775166690366
0.507426484694
0.368904148199
0.775166690366
0.499842151461
0.409928394388
0.775166690366
0.490441620063
0.440432487511
0.711476482142
0.493562654226
0.395426566952
0.711476482142
0.493562654226
0.395426566952
0.711476482142
0.518428754266
0.442565925217
0.882360000684
0.478027739418
0.678385646772
0.952558757664
0.484477162161
0.705077573558
0.99
0.479896561539
0.723935194566
0.799844206216
0.476645135057
0.749864928874
0.799844206216
0.475884518672
0.759931839507
0.98869294541
0.464694735609
0.821517559635
0.98869294541
0.465410542837
0.825173344863
0.98869294541
0.465410542837
0.825173344863
0.98869294541
0.465073967374
0.822593577423
1.0
0.461308647445
0.840039727952
1.0
0.460757820563
0.839698383169
1.0
0.459047710828
0.848353916143
1.0
0.459024665293
0.847598582316
1.0
0.459733002229
0.847593422932
1.0
0.459344599226
0.847361426241
1.0
0.460322344819
0.845898736045
1.0
0.460322344819
0.845898736045
1.0
0.459839766836
0.84573934118
1.0
0.46034270558
0.846311099297
1.0
0.460642685816
0.846019897984
1.0
0.461362068241
0.84530719594
1.0
0.460635101826
0.845391318621
1.0
0.46095494407
0.846482194726
1.0
0.461111899176
0.845909026849
1.0
0.461872149969
0.844913732623
1.0
0.461872149969
0.844913732623
1.0
0.461621902479
0.84525115703
1.0
0.461799128931
0.844373365943
1.0
0.46172007383
0.842686689367
1.0
0.462192080841
0.841986325425
1.0
0.463066381475
0.841938924681
1.0
0.463154030595
0.841992179102
1.0
0.462865643596
0.842392814472
1.0
0.463010526094
0.842173335054
1.0
0.463010526094
0.842173335054
1.0
0.462955255921
0.840862135678
1.0
0.4632968722
0.83960557887
1.0
0.464157865789
0.839234140842
1.0
0.46442076268
0.837880824333
1.0
0.464122058643
0.836953937967
1.0
0.464311096295
0.836440379605
1.0
0.465403448023
0.83577770929
1.0
0.465403448023
0.83577770929
1.0
0.465621638454
0.835403855574
1.0
0.465922794271
0.833352521726
1.0
0.466291318619
0.831345635277
1.0
0.466843741371
0.831256121445
1.0
0.467215103113
0.830346656615
1.0
0.467907548843
0.831450986815
1.0
0.468195822778
0.830892166068
1.0
0.467695674376
0.827650522713
1.0
0.467918504621
0.826589810383
1.0
0.467918504621
0.826589810383
1.0
0.468648578302
0.827779534706
1.0
0.468934582928
0.82763108339
1.0
0.469313326187
0.827523615674
1.0
0.469452170049
0.826732735682
1.0
0.468980864664
0.82596928939
1.0
0.469343820652
0.824397432995
1.0
0.4704633845
0.822256264556
1.0
0.470767742049
0.82079776365
1.0
0.470767742049
0.82079776365
1.0
0.470806898201
0.820576338986
1.0
0.471116551942
0.819771809116
1.0
0.470625743165
0.819619791632
1.0
0.470713955271
0.819676283961
1.0
0.469116036208
0.819584716148
1.0
0.469367630057
0.819109928342
1.0
0.470195279399
0.819698385349
1.0
0.470195279399
0.819698385349
1.0
0.470424087355
0.818620253302
1.0
0.463815624824
0.81793694631
1.0
0.46395384203
0.817610713942
0.994832587953
0.453894036734
0.8152190901
0.994832587953
0.453822002226
0.815104301473
0.99
0.434637657904
0.815951212336
0.99
0.434779121166
0.814915529862
1.0
0.430833739384
0.811845076257
1.0
0.429908072396
0.811675942472
1.0
0.429908072396
0.811675942472
1.0
0.432354427448
0.811289158929
1.0
0.428618874986
0.814775486017
1.0
0.429354800215
0.813579197001
1.0
0.42567271233
0.817381827591
1.0
0.42579452601
0.817873981926
1.0
0.423177093368
0.818848340145
1.0
0.422432548075
0.818140061493
1.0
0.422432548075
0.818140061493
1.0
0.422020033924
0.817485021798
1.0
0.422727541805
0.818828494995
1.0
0.42340940943
0.817697351375
1.0
0.423689833638
0.818777435182
1.0
0.423439571939
0.82046784336
1.0
0.423835343671
0.822159446586
1.0
0.423905790688
0.82296774352
1.0
0.423905790688
0.82296774352
1.0
0.424047441127
0.822542649647
1.0
0.424136031965
0.82278053989
1.0
0.424653342044
0.823060369037
1.0
0.424962377321
0.822512166701
1.0
0.425839657432
0.823091747354
1.0
0.42592668984
0.823624012949
1.0
0.425728164316
0.823724689266
1.0
0.425516251365
0.82550344801
1.0
0.425572496909
0.825046733965
1.0
0.42607217716
0.824338108998
1.0
0.42607217716
0.824338108998
1.0
0.427842559093
0.824995948776
1.0
0.427940035787
0.823818439363
1.0
0.427019158828
0.823533250719
1.0
0.4269340837
0.824439007369
1.0
0.427096747766
0.82457468482
1.0
0.427188883938
0.825113202458
1.0
0.427188883938
0.825113202458
1.0
0.427170453552
0.826095738102
1.0
0.427344301427
0.825883856052
1.0
0.427406314524
0.825882139905
1.0
0.427477968559
0.824997874805
1.0
0.427506892951
0.824385173903
1.0
0.427276155403
0.824711448532
1.0
0.427646370694
0.825792672081
1.0
0.427849037176
0.826983304176
1.0
0.428170600691
0.828263986287
1.0
0.428178329518
0.828669623653
1.0
0.428178329518
0.828669623653
1.0
0.42877977277
0.829905221922
1.0
0.428679200467
0.829789366507
1.0
0.429347598445
0.831013764051
1.0
0.429566857755
0.831117994397
1.0
0.429944191267
0.830324156399
1.0
0.429865166006
0.831257643928
1.0
0.430769041279
0.830988131278
1.0
0.430759963477
0.831980414292
1.0
0.430759963477
0.831980414292
1.0
0.430369263041
0.831119490817
1.0
0.430663836488
0.831460067539
1.0
0.432540155394
0.832351917532
1.0
0.432527453607
0.832312385607
1.0
0.433927168311
0.833385233008
1.0
0.43416379613
0.833770524075
1.0
0.433922170828
0.833750416842
1.0
0.433922170828
0.833750416842
1.0
0.434052133888
0.833815022013
1.0
0.434740241835
0.834841964327
1.0
0.435130601621
0.834685864542
1.0
0.43559451137
0.835050313708
1.0
0.435990679923
0.834986383948
1.0
0.437791441557
0.834291132528
1.0
0.437888894459
0.834384545553
1.0
0.438692716466
0.836090102547
1.0
0.438885336441
0.835757719078
1.0
0.438885336441
0.835757719078
1.0
0.439420167798
0.836789671106
1.0
0.439535644525
0.83747037471
1.0
0.440944522469
0.837531448788
1.0
0.441406661305
0.837834059912
1.0
0.442849345571
0.839066463946
1.0
0.443233080359
0.839113519317
1.0
0.443233080359
0.839113519317
1.0
0.443776561337
0.840148285991
1.0
0.44344340917
0.842254574508
1.0
0.444230985138
0.843101031247
1.0
0.444905744968
0.842607265327
1.0
0.445738005574
0.8429977579
1.0
0.446043293145
0.843992135849
1.0
0.444692065894
0.844407866762
1.0
0.444659760186
0.845574633055
1.0
0.444659760186
0.845574633055
1.0
0.445687366024
0.848243189079
1.0
0.446038967438
0.848148384433
1.0
0.448348103093
0.847435289046
1.0
0.448561757075
0.848105465991
1.0
0.44957277811
0.849908286809
1.0
0.449643875575
0.849499675324
1.0
0.449753088603
0.850163866149
1.0
0.449918567678
0.851320454745
1.0
0.450520621852
0.852071368906
1.0
0.450773456291
0.853231843082
1.0
0.450773456291
0.853231843082
1.0
0.451207011875
0.853491223741
1.0
0.451287119764
0.854252813233
1.0
0.450685841775
0.854426182974
1.0
0.450947359911
0.85449186073
1.0
0.452579046885
0.855563791435
1.0
0.452502830532
0.857454175852
1.0
0.452502830532
0.857454175852
1.0
0.453820495282
0.858175874973
1.0
0.45408476655
0.85794114399
1.0
0.45370532959
0.858923020203
1.0
0.453691667446
0.860637199045
1.0
0.45374597634
0.860734317677
1.0
0.453826086672
0.861372650467
1.0
0.453700110528
0.861547836084
1.0
0.453859061989
0.861625701237
1.0
0.454258918927
0.86174945516
1.0
0.454258918927
0.86174945516
1.0
0.454320531392
0.86260074684
1.0
0.454922102449
0.86221212237
1.0
0.454859623773
0.862953348577
1.0
0.454774637688
0.863330665999
1.0
0.455053612427
0.86401337856
1.0
0.455984460226
0.86477588315
1.0
0.455710632753
0.864262502769
1.0
0.454993996992
0.864263826678
1.0
0.454993996992
0.864263826678
1.0
0.455068748993
0.865252968751
1.0
0.45468720454
0.865129825705
1.0
0.454595961056
0.86465175008
1.0
0.454573240138
0.865303599753
1.0
0.454450863825
0.866406663321
1.0
0.4546623292
0.866363406933
1.0
0.4546623292
0.866363406933
1.0
0.45478368796
0.86658665179
1.0
0.456831279419
0.85677020354
1.0
0.456856935319
0.855648802656
0.99
0.465641463258
0.828365732463
0.99
0.465344877925
0.829860835105
0.99
0.477839508403
0.801012248035
0.99
0.477584085032
0.802265319694
0.99
0.488575389475
0.769795968107
0.99
0.489206099282
0.764863152368
0.99
0.503596373878
0.736503612254
0.99
0.503596373878
0.736503612254
0.99
0.509163494704
0.71171282651
0.99
0.524193040556
0.68572458084
0.99
0.534913832797
0.646357306261
0.99
0.549304854539
0.626842220782
0.99
0.562525682659
0.57613817731
0.99
0.577704526243
0.565437558367
0.99
0.589928064546
0.515457841299
0.99
0.604819693078
0.510958180171
0.99
0.604819693078
0.510958180171
0.99
0.617648834044
0.461611135605
0.99
0.630501983024
0.456913969627
0.99
0.642171259425
0.410736678665
0.99
0.642171259425
0.410736678665
0.601636616742
0.659870553412
0.405020220818
0.601636616742
0.669392678581
0.370278683741
0.601636616742
0.677781747947
0.343663157894
0.601636616742
0.685662778757
0.318364605305
0.601636616742
0.685662778757
0.318364605305
0.601636616742
0.692005964783
0.291002656542
0.601636616742
0.693999531363
0.280777384853
0.601636616742
0.695353255367
0.274939954965
0.601636616742
0.694558982757
0.276244242218
0.649638056374
0.693750416994
0.27087714201
0.649638056374
0.693121857452
0.27275521162
0.649638056374
0.693095450173
0.273661325104
0.659068128091
0.693775856589
0.27323380716
0.659068128091
0.693775856589
0.27323380716
0.659068128091
0.693590814635
0.274110060851
0.659068128091
0.69333030715
0.273101706224
0.659068128091
0.692944190421
0.273057880689
1.0
0.691964649791
0.271443112812
1.0
0.692008412928
0.272851675723
1.0
0.691964701416
0.273342825784
1.0
0.691964701416
0.273342825784
0.610223957628
0.692373216237
0.266713677462
0.610223957628
0.691986302769
0.266347675152
0.610223957628
0.692364245307
0.264117834838
0.610223957628
0.692386735198
0.262143202229
0.62227142412
0.693791042384
0.261298251425
0.62227142412
0.694011822345
0.259540953479
0.611028830985
0.692896198979
0.25387712765
0.611028830985
0.692896198979
0.25387712765
0.611028830985
0.692678678369
0.252734836844
0.611028830985
0.69270300631
0.252752760621
0.611848208475
0.694069209991
0.251852289958
0.611848208475
0.693730401809
0.250384698842
1.0
0.691801225055
0.252801151382
1.0
0.692140798632
0.250390308213
1.0
0.692375068715
0.248434611422
1.0
0.69220998141
0.247353761546
1.0
0.69220998141
0.247353761546
0.612861481546
0.693644752854
0.24654506941
0.612861481546
0.693654241032
0.244919056519
1.0
0.692386233753
0.244498583332
1.0
0.692675505201
0.242937114363
0.601118738834
0.694930666647
0.242269057141
0.601118738834
0.69527094596
0.240686221858
0.63685407588
0.692342806871
0.235470558947
0.63685407588
0.691939590788
0.235055130143
0.63685407588
0.691939590788
0.235055130143
1.0
0.69226630326
0.235829511064
1.0
0.693086752153
0.235714512061
0.633489064247
0.69444291124
0.234686159763
0.633489064247
0.693966205401
0.23166318811
0.60089161473
0.690964609357
0.226364859155
0.60089161473
0.690751324208
0.22499280071
0.698339435853
0.692312275781
0.224385674858
0.698339435853
0.692447756584
0.223438284122
0.632971266814
0.689382294766
0.21804584873
0.632971266814
0.689382294766
0.21804584873
0.632971266814
0.689497910922
0.215874079529
0.605887518818
0.691087535264
0.221433224168
0.605887518818
0.690896371959
0.22073686921
0.605887518818
0.690896371959
0.22073686921
0.640477453699
0.687619975029
0.214265953012
0.640477453699
0.687066572002
0.213931197962
0.640477453699
0.68638812179
0.21537239385
0.640477453699
0.684660675583
0.21697545596
0.640477453699
0.685268935035
0.214689611298
0.654872244367
0.683404429631
0.20801269957
0.654872244367
0.683202673733
0.207673143911
0.654872244367
0.683202673733
0.207673143911
0.654872244367
0.682282866413
0.208630559923
0.60024110714
0.679037505508
0.209315165481
0.60024110714
0.678006816162
0.212129611589
0.601818926205
0.679353726025
0.210910595128
0.601818926205
0.678674915063
0.210904205717
1.0
0.67674355034
0.217186365869
1.0
0.67638801224
0.217794693199
1.0
0.673906496919
0.217333174189
1.0
0.673906496919
0.217333174189
1.0
0.672986653421
0.219389552348
1.0
0.6718482337
0.22267572645
0.647576307641
0.668378564227
0.216787132393
0.647576307641
0.667187569829
0.219193219123
1.0
0.667931016352
0.226242612175
1.0
0.667432447563
0.22809316674
1.0
0.666343417087
0.229036805539
1.0
0.665104979864
0.232845493205
1.0
0.663463234966
0.232441157095
1.0
0.663463234966
0.232441157095
1.0
0.662447893689
0.235542678372
0.632556355728
0.658992757696
0.230228134567
0.632556355728
0.657838736436
0.233077854629
0.71774087728
0.65903421752
0.238675345019
0.71774087728
0.658232135573
0.242154779643
1.0
0.65650432979
0.243882252308
1.0
0.655392342198
0.248308794429
1.0
0.655392342198
0.248308794429
1.0
0.654245629538
0.248261199604
1.0
0.65341249457
0.250471340554
1.0
0.651741953217
0.251348968484
1.0
0.650947354134
0.25465230142
1.0
0.649171678503
0.252065057645
1.0
0.648096778541
0.256279971299
1.0
0.648096778541
0.256279971299
0.643025753415
0.646248909669
0.20709432131
0.643025753415
0.645606581126
0.209770947264
0.643025753415
0.644721006789
0.213229524961
0.643025753415
0.643889068817
0.213753048228
0.643025753415
0.645445158062
0.203649177553
0.643025753415
0.645445158062
0.203649177553
1.0
0.645408163077
0.223921282909
1.0
0.647559304679
0.210108735139
1.0
0.64712081271
0.209608809372
1.0
0.647554054158
0.20044102732
1.0
0.64688734072
0.200450521283
1.0
0.646207142155
0.195398906872
0.694989638624
0.643124563016
0.189149546508
0.694989638624
0.641710396012
0.187618694995
0.694989638624
0.641710396012
0.187618694995
0.694989638624
0.640452295791
0.188748519713
0.702795357277
0.636279366191
0.182519313503
0.702795357277
0.634869333425
0.187954516201
1.0
0.638196645223
0.196093866934
1.0
0.637192806734
0.198914846643
1.0
0.636048891043
0.196949184401
1.0
0.635533663904
0.199215869856
1.0
0.634065327787
0.199259527459
1.0
0.634065327787
0.199259527459
1.0
0.633132737691
0.200374511579
0.735432842219
0.629042428965
0.194663966077
0.735432842219
0.628560939401
0.197098915702
1.0
0.630229890247
0.200172548054
1.0
0.629153828571
0.201751264366
1.0
0.628251333376
0.199381301898
1.0
0.627565364905
0.20078271881
0.631029771543
0.623310110618
0.195223739429
0.631029771543
0.622851277793
0.195607350737
0.631029771543
0.622851277793
0.195607350737
0.763101843885
0.623549182765
0.194633090769
0.763101843885
0.622972603332
0.194470730596
1.0
0.624172996682
0.194636614074
1.0
0.623687893136
0.193601477189
1.0
0.622435126402
0.189977118363
1.0
0.621987186948
0.189868613662
1.0
0.621987186948
0.189868613662
1.0
0.621376938224
0.187718403969
1.0
0.621063035971
0.186484340399
1.0
0.619277747274
0.180943100668
1.0
0.619444256578
0.180862518756
1.0
0.618703575543
0.179200102462
1.0
0.61780674764
0.17745623064
1.0
0.617477924694
0.176879768101
0.693310174607
0.612997277253
0.171047169778
0.693310174607
0.612978108469
0.17091377821
1.0
0.616484158055
0.1753490261
1.0
0.616484158055
0.1753490261
1.0
0.616213759587
0.174491360549
1.0
0.614721702397
0.173943223736
1.0
0.61458948362
0.172783568068
1.0
0.613844659982
0.172275816151
1.0
0.61389374254
0.172236549262
1.0
0.612834700158
0.172374059396
1.0
0.612834700158
0.172374059396
1.0
0.613057470324
0.172006220301
0.648721776606
0.608476855624
0.166027091801
0.648721776606
0.607690468926
0.167083285593
1.0
0.610314187074
0.172537712494
1.0
0.610539366439
0.173843902275
0.721200463491
0.601145599417
0.161919814901
0.721200463491
0.601033845568
0.161617214518
0.721200463491
0.60041714902
0.163294877913
0.721200463491
0.60041714902
0.163294877913
1.0
0.606458892117
0.17037599353
1.0
0.606522123572
0.169940770251
1.0
0.602723181805
0.167031080955
1.0
0.602166117372
0.167413015676
1.0
0.601693552841
0.169936884573
1.0
0.600738018001
0.168562204262
1.0
0.60072145081
0.166985861509
1.0
0.60072145081
0.166985861509
1.0
0.599915458268
0.165097591542
1.0
0.599440151773
0.165786786756
1.0
0.597693645374
0.164337231815
1.0
0.596960292291
0.166825616244
1.0
0.595725022348
0.167323638718
1.0
0.595181451046
0.167915295082
1.0
0.593219241399
0.166952894965
1.0
0.592982494163
0.167457754967
1.0
0.592982494163
0.167457754967
1.0
0.590667788693
0.16698926185
1.0
0.590230939079
0.167120309796
1.0
0.589861720215
0.167902457064
1.0
0.588644099111
0.168627639057
1.0
0.588004643555
0.171182300591
1.0
0.586543720585
0.169637762071
1.0
0.586421340012
0.170067195021
1.0
0.586421340012
0.170067195021
1.0
0.585367686048
0.169090821937
1.0
0.58474083652
0.170727981331
0.708194872788
0.574775097686
0.164020179
0.708194872788
0.574538861253
0.164597560637
0.708194872788
0.574538861253
0.164597560637
0.708194872788
0.574237366246
0.164749813163
0.708194872788
0.573668298788
0.167335348981
1.0
0.577302286241
0.176857919614
1.0
0.576787827934
0.177762745942
1.0
0.572611665599
0.173645013245
1.0
0.57260036005
0.174398084387
1.0
0.56911315174
0.17263106532
1.0
0.568848334033
0.174350409954
0.993344798339
0.567313372973
0.173448608652
0.993344798339
0.567313372973
0.173448608652
0.993344798339
0.566101130277
0.173865601132
1.0
0.566021810775
0.173504604943
1.0
0.564128234626
0.17630577345
1.0
0.56299536322
0.174308041497
1.0
0.561412166625
0.173826979561
1.0
0.559901632648
0.17336103628
1.0
0.559404520557
0.173564301561
1.0
0.558918666686
0.172809989823
1.0
0.558778345692
0.173569303952
1.0
0.558778345692
0.173569303952
1.0
0.558204575049
0.171724269746
1.0
0.558342782429
0.173044242657
1.0
0.556954274858
0.172435023679
1.0
0.556655914819
0.172537973992
1.0
0.556988344152
0.173461898027
1.0
0.556798611121
0.174213168661
1.0
0.556786425757
0.174185522632
1.0
0.556786425757
0.174185522632
1.0
0.557124654798
0.173978192202
1.0
0.557052670912
0.174443241318
1.0
0.557034433709
0.173290024324
1.0
0.557646495754
0.172922315755
1.0
0.557669338317
0.173375879043
1.0
0.557834125303
0.172419322521
1.0
0.558058748147
0.172809327144
1.0
0.558058748147
0.172809327144
1.0
0.558161356325
0.173793566413
1.0
0.558527453438
0.180209492561
1.0
0.558592843973
0.180454798818
1.0
0.558751806855
0.179654902607
1.0
0.558954342385
0.179087815432
1.0
0.558954342385
0.179087815432
0.99
0.559630742506
0.20110244456
0.99
0.559928583463
0.201292859585
0.869491481229
0.57722984796
0.211857673971
0.869491481229
0.57624696511
0.216943927564
0.869491481229
0.57624696511
0.216943927564
0.869491481229
0.57624696511
0.216943927564
0.771023822752
0.532990903311
0.404982992619
0.771023822752
0.530630248102
0.41710558846
0.771023822752
0.530630248102
0.41710558846
0.771023822752
0.526835661375
0.456053016835
0.771023822752
0.522175232053
0.485154368498
0.771023822752
0.519196496808
0.517064920203
0.771023822752
0.54609955422
0.331431255192
0.771023822752
0.502422911602
0.708333308239
0.80893188194
0.507377825494
0.730921429483
0.8295117469
0.508434733608
0.745708186623
0.930474309825
0.502931885964
0.745833264371
0.99
0.511687447343
0.764958508237
0.99
0.511687447343
0.764958508237
0.99
0.511907143701
0.766169383645
1.0
0.510321812127
0.782614533623
1.0
0.510394918752
0.780703617932
1.0
0.509251756994
0.796370277462
1.0
0.509421523146
0.797080426878
1.0
0.510374741561
0.801291412961
1.0
0.51037551667
0.800633375439
1.0
0.511313507033
0.80070234882
1.0
0.511313507033
0.80070234882
1.0
0.51112468296
0.802053454539
1.0
0.512358774759
0.802206813223
1.0
0.51264379793
0.802604071492
1.0
0.513610914449
0.803179626646
1.0
0.513586864165
0.804403686615
1.0
0.513982082297
0.805790326481
1.0
0.514557826326
0.806617099437
1.0
0.515245334009
0.807944593846
1.0
0.515245334009
0.807944593846
1.0
0.516113634238
0.809225903033
1.0
0.516606154371
0.809661100167
1.0
0.517462717392
0.809624121941
1.0
0.518179620727
0.810642286526
1.0
0.520085607208
0.809731037498
1.0
0.52056882052
0.808909923835
1.0
0.52056882052
0.808909923835
1.0
0.519463009404
0.80972002914
1.0
0.520062942975
0.810778244995
1.0
0.52063916286
0.811356921473
1.0
0.520957138024
0.811730098906
1.0
0.521670246303
0.812381043409
1.0
0.522416948699
0.813492913239
1.0
0.522525306511
0.813999988655
1.0
0.522690843425
0.814033095111
1.0
0.522932816879
0.81406610502
1.0
0.523184919992
0.81458841898
1.0
0.523184919992
0.81458841898
1.0
0.523679027577
0.815083022015
1.0
0.524098247515
0.815445526357
1.0
0.524265466433
0.816834480842
1.0
0.524985359872
0.817234842548
1.0
0.524274109888
0.817864753491
1.0
0.524536521343
0.818149517305
1.0
0.526218607204
0.816941340363
1.0
0.526218607204
0.816941340363
1.0
0.526514410756
0.818531577951
1.0
0.527630731996
0.821022459413
1.0
0.527663582515
0.821075959336
1.0
0.526062843696
0.821377223645
1.0
0.526263846722
0.822099360913
1.0
0.526916881986
0.822903711484
1.0
0.527018101039
0.824171960701
1.0
0.527043320055
0.824834605681
1.0
0.527043320055
0.824834605681
1.0
0.527499842102
0.824423424431
1.0
0.527581115136
0.824889399251
1.0
0.527619996779
0.826782918564
1.0
0.527864634674
0.82688813751
1.0
0.527993807561
0.826268090905
1.0
0.528875145335
0.827213667023
1.0
0.529403411419
0.82806654549
1.0
0.529587466942
0.827875277015
1.0
0.529453113114
0.827925104513
1.0
0.529453113114
0.827925104513
1.0
0.529847161092
0.829393255068
1.0
0.530009318207
0.830410363096
1.0
0.52936732865
0.831147624444
1.0
0.529672889596
0.829977157166
1.0
0.529735303374
0.831054759116
1.0
0.530088117619
0.833630076931
1.0
0.529273535358
0.833758040836
1.0
0.529273535358
0.833758040836
1.0
0.528976007001
0.833788409866
1.0
0.529017687679
0.83553972543
1.0
0.52922331852
0.835775948967
1.0
0.528146870984
0.836857335844
1.0
0.528277836422
0.836262417158
1.0
0.527988124432
0.837264628548
1.0
0.528018481844
0.838584733452
1.0
0.52701775135
0.838908428175
1.0
0.52684585984
0.839905658097
1.0
0.52684585984
0.839905658097
1.0
0.524885218332
0.841433051871
1.0
0.525218779443
0.843700908755
1.0
0.52400631133
0.84326038308
1.0
0.524015978884
0.843864132313
1.0
0.524067365822
0.843034327084
1.0
0.52359460528
0.843914316886
1.0
0.520794258729
0.848505033995
1.0
0.520794258729
0.848505033995
1.0
0.52047684976
0.847735981493
1.0
0.518857654068
0.84869541019
1.0
0.518754066411
0.850808889456
1.0
0.515991564875
0.852476780231
1.0
0.515604316139
0.853949199595
1.0
0.515009417729
0.856496959291
1.0
0.514422872539
0.858887709277
1.0
0.514422872539
0.858887709277
1.0
0.516728464239
0.864198553455
1.0
0.516113316444
0.865479177842
1.0
0.516649775025
0.871176373112
1.0
0.516307842435
0.870593646598
1.0
0.51525440622
0.872998292378
1.0
0.515031522121
0.872082832912
1.0
0.512991140794
0.871328864616
1.0
0.512595507045
0.876056347981
1.0
0.510436676475
0.879300849339
1.0
0.510436676475
0.879300849339
1.0
0.510566890128
0.884014093156
1.0
0.508842067549
0.88710693979
1.0
0.508994418347
0.890250151511
1.0
0.507539391475
0.891726530996
1.0
0.507035535026
0.893155716098
1.0
0.505261319634
0.893935633373
1.0
0.504340969415
0.894811996102
1.0
0.504340969415
0.894811996102
1.0
0.503045330711
0.897262200888
1.0
0.502909071011
0.898343522484
1.0
0.502551391034
0.898563522709
1.0
0.501845793863
0.900510982029
1.0
0.500916645662
0.9020377352
1.0
0.500538629882
0.902886976133
1.0
0.498640654297
0.903890618807
1.0
0.498788096954
0.904179011884
1.0
0.497516270089
0.904683433392
1.0
0.497034634705
0.906218208461
1.0
0.497034634705
0.906218208461
1.0
0.496442267835
0.906796236407
1.0
0.496109270979
0.906713581453
1.0
0.494762985943
0.905305961567
1.0
0.4945160197
0.906652838035
1.0
0.494045867951
0.908126112719
1.0
0.49352719698
0.908977109414
1.0
0.49352719698
0.908977109414
1.0
0.492258175842
0.909041732652
1.0
0.49188958866
0.907414073947
1.0
0.49019048971
0.908285224944
1.0
0.49015265801
0.910366246691
1.0
0.4891419828
0.910430909929
1.0
0.489118132169
0.909574347744
1.0
0.489340916572
0.910518946032
1.0
0.488599751385
0.913628894825
1.0
0.487830875312
0.912972078538
1.0
0.487830875312
0.912972078538
1.0
0.487583126465
0.909689926179
1.0
0.485476855572
0.911086875762
1.0
0.485317023153
0.910792248456
1.0
0.484115804963
0.910307731533
1.0
0.483531149286
0.909384693182
1.0
0.483342077426
0.911883020809
1.0
0.482993527845
0.916269212835
1.0
0.481674578295
0.917124624431
1.0
0.481674578295
0.917124624431
1.0
0.481762743468
0.916239188769
1.0
0.480174377243
0.916921227989
1.0
0.479533688134
0.919868939069
1.0
0.478351857571
0.920636879511
1.0
0.478275387203
0.920791886395
1.0
0.476956334845
0.922454016202
1.0
0.476029165864
0.92411832283
1.0
0.476029165864
0.92411832283
1.0
0.475798382833
0.927230531369
1.0
0.475648200166
0.928712266807
1.0
0.472936012066
0.932164494575
1.0
0.472978432201
0.932494371484
1.0
0.470447036116
0.932028504532
1.0
0.469794047433
0.931216757205
1.0
0.468187589784
0.934206333308
1.0
0.467427275894
0.937129450205
1.0
0.467427275894
0.937129450205
1.0
0.464843345969
0.939502416128
1.0
0.463940468875
0.940303897977
1.0
0.461868892514
0.94285172609
1.0
0.461026249909
0.946651571647
1.0
0.45906958327
0.95011055726
1.0
0.457622916677
0.955754302266
1.0
0.455297946187
0.957745627099
1.0
0.454912679332
0.960735034697
1.0
0.454468794662
0.963515676594
1.0
0.453864996573
0.963150559245
1.0
0.453864996573
0.963150559245
1.0
0.452031852426
0.964701744996
1.0
0.451019346431
0.966692070742
1.0
0.447887230888
0.96958255092
1.0
0.447297135467
0.971743777866
1.0
0.445775005263
0.974225545631
1.0
0.445007763098
0.977337929559
1.0
0.445007763098
0.977337929559
1.0
0.443300248964
0.978098894758
1.0
0.442446143221
0.979504965135
1.0
0.441081336513
0.980618296455
1.0
0.440720457197
0.979733228059
1.0
0.439458654563
0.981098031301
1.0
0.438875233362
0.981981870038
1.0
0.438381131088
0.98133066031
1.0
0.437544848839
0.983253551019
1.0
0.437544848839
0.983253551019
1.0
0.436940025127
0.978240753798
1.0
0.436535505402
0.97892664816
0.99
0.434141179385
0.953549630623
0.99
0.434005781201
0.954219348415
0.99
0.429982897099
0.917592763909
0.99
0.42923981878
0.918686794087
0.99
0.425462319892
0.879786428327
0.99
0.425700377836
0.877415853651
0.99
0.425700377836
0.877415853651
0.99
0.420197876015
0.84110720228
0.99
0.421810852189
0.829211852028
0.99
0.421050395229
0.798560279155
0.99
0.428210948608
0.756166948785
0.99
0.432932887295
0.728422291066
0.99
0.439864146331
0.6842207889
0.99
0.453029167361
0.66448735784
0.99
0.459510516299
0.617307754382
0.99
0.459510516299
0.617307754382
0.99
0.472965301797
0.59860591892
0.99
0.476602001478
0.561812861125
0.99
0.487079740799
0.542568219367
0.99
0.491593810547
0.506992545367
0.99
0.497408504054
0.490265448858
0.99
0.502968087557
0.458132983749
0.99
0.503740505535
0.445919824522
0.99
0.510114153367
0.415427164825
0.99
0.51097439892
0.413020779864
0.99
0.51097439892
0.413020779864
0.99
0.51707982785
0.3828388179
0.99
0.520372063281
0.384184482126
0.99
0.525895953186
0.352722597415
0.99
0.528305025463
0.35429493596
1.0
0.52817675712
0.348219150216
1.0
0.529136263068
0.349220601386
1.0
0.529673083566
0.340528791562
1.0
0.529673083566
0.340528791562
1.0
0.531674269688
0.342060231841
0.978418927316
0.532842191421
0.33531448409
0.978418927316
0.533395494087
0.335692957478
1.0
0.532799647933
0.334849399028
1.0
0.533818819992
0.33483885863
1.0
0.533833316204
0.335560954348
1.0
0.534814345259
0.335999990023
1.0
0.534938329096
0.333641834175
1.0
0.534938329096
0.333641834175
1.0
0.534158001288
0.33299700823
1.0
0.534133988964
0.335382062402
1.0
0.53512871362
0.335618734971
1.0
0.535487657891
0.332627074471
1.0
0.536245212746
0.334500421098
1.0
0.536067627957
0.332424862395
1.0
0.535937138369
0.331336153904
0.870353864235
0.537610985394
0.322712633891
0.870353864235
0.537526642819
0.321958827423
0.870353864235
0.537526642819
0.321958827423
0.858125496145
0.537748096617
0.320209270361
0.858125496145
0.537458552522
0.319933288162
1.0
0.537226025685
0.319479536831
1.0
0.536378683543
0.318869785987
1.0
0.536384409126
0.318697711124
1.0
0.536350139771
0.317220857091
0.890797480083
0.536782168171
0.315496536934
0.890797480083
0.536692208908
0.314469442854
0.890797480083
0.536692208908
0.314469442854
1.0
0.537122480268
0.313522618649
1.0
0.535699978651
0.312293697865
1.0
0.534709696853
0.319798296756
1.0
0.533932340009
0.318723819242
0.894495474069
0.533666129831
0.318997833787
0.894495474069
0.520783999954
0.288017034387
0.99
0.521014648069
0.286534013809
0.99
0.508924924375
0.264743120309
0.99
0.509094013893
0.263575623433
0.99
0.509094013893
0.263575623433
1.0
0.507648805685
0.258038816652
1.0
0.507048421325
0.255906155804
1.0
0.503811805589
0.249172299083
1.0
0.501339922671
0.247500869556
1.0
0.500548845573
0.24235335723
0.99
0.496080392172
0.237133539269
0.99
0.496080392172
0.237133539269
0.99
0.496205494414
0.236551346337
1.0
0.495800800737
0.231306111959
1.0
0.495965147318
0.230412863546
1.0
0.496197396894
0.221561755482
1.0
0.497342873844
0.221742921985
0.971707638941
0.496865775087
0.220439936163
0.952334969466
0.496205394657
0.219354981094
0.952334969466
0.495937120638
0.218593681318
0.996524872692
0.494531801773
0.219606328788
0.996524872692
0.494531801773
0.219606328788
0.996524872692
0.494311559472
0.219639834552
0.839701232335
0.494730581149
0.216007767916
0.839701232335
0.495106548783
0.216324425319
0.913692778807
0.495102920296
0.21636655222
0.913692778807
0.495375777864
0.214672359567
0.984911942671
0.495193217948
0.213899803163
0.984911942671
0.495672429693
0.213686047369
0.984911942671
0.495672429693
0.213686047369
0.957698210863
0.495542583548
0.212737897146
0.957698210863
0.495745198336
0.21629395399
0.929749280025
0.495953449088
0.219104438245
0.929749280025
0.49572034016
0.218039800548
0.952575682409
0.4952564184
0.218620846817
0.952575682409
0.494674886895
0.21783188798
0.968274177217
0.494973106674
0.218566348969
0.968274177217
0.493853239664
0.219028754682
0.968274177217
0.493853239664
0.219028754682
0.897017878989
0.493635378192
0.217193958185
0.897017878989
0.495156809339
0.217807205573
0.98299469783
0.495117304235
0.21780106521
0.954360736681
0.494332656928
0.21654534394
0.954360736681
0.494452678075
0.2195321718
1.0
0.494351677003
0.219561613665
0.975660638762
0.494107454664
0.219398717039
0.946110423495
0.494141712835
0.218406074582
0.946110423495
0.493939354586
0.218088535615
1.0
0.494522770621
0.218582928471
1.0
0.494522770621
0.218582928471
0.902843025925
0.494259879699
0.220398341407
0.897031371564
0.494055579667
0.218952161942
0.897031371564
0.493527471004
0.224575420832
0.918419678411
0.493790521363
0.225073351398
0.966243935864
0.493200386674
0.224125883806
0.966243935864
0.493200386674
0.224125883806
0.949150537441
0.493787309043
0.232645849107
0.949150537441
0.494256522618
0.229997419343
0.949150537441
0.493664436572
0.231960404433
0.949150537441
0.493357265742
0.231831328502
0.876488237954
0.493552213726
0.23430587413
0.876488237954
0.493028883892
0.234728412146
0.761325278292
0.660845960639
0.405946008004
0.761325278292
0.660845960639
0.405946008004
0.761325278292
0.660943510416
0.40485217392
0.860238667365
0.48537792925
0.222603344342
0.860238667365
0.485564123185
0.221247540759
0.788317646655
0.485376890466
0.224074207045
0.788317646655
0.484813227223
0.227485039024
0.87899858799
0.481759137621
0.222900735644
0.87899858799
0.480557422911
0.220720441761
0.85490222751
0.479306450518
0.218660199924
0.85490222751
0.478303991567
0.216311070887
0.85490222751
0.478303991567
0.216311070887
0.709586888633
0.645968995408
0.376188737281
0.709586888633
0.644065034161
0.373071551527
0.709586888633
0.641424048062
0.371131745478
0.754530385559
0.63924430303
0.385499211349
0.754530385559
0.637520032058
0.386407721338
0.821645983338
0.636031280139
0.390301377154
0.821645983338
0.636031280139
0.390301377154
0.821645983338
0.633442063925
0.393392266877
0.744809085997
0.513367178761
0.318573085814
0.744809085997
0.512033974138
0.322043855605
0.730343230652
0.632451586455
0.396203544969
0.730343230652
0.632285702731
0.397388143112
0.898199406024
0.635797882761
0.402264412078
0.898199406024
0.635315981552
0.402592490246
0.898199406024
0.634719125859
0.402943016241
0.898199406024
0.634719125859
0.402943016241
0.88045084271
0.634960164186
0.401937741136
0.88045084271
0.634129909453
0.404787667312
0.853151509084
0.635997212118
0.400351307968
0.824271641251
0.635986133312
0.401178813201
0.741326830722
0.518993001114
0.322350162027
0.741326830722
0.518986249698
0.321582814706
0.847618959059
0.631225098446
0.405558641364
0.847618959059
0.631758788305
0.401086669545
0.847618959059
0.631758788305
0.401086669545
0.793666235871
0.638082288976
0.392397433451
0.793666235871
0.63893685053
0.388669549372
0.937667041635
0.475786408744
0.442717235366
0.914590382554
0.47615154978
0.442369932749
0.914590382554
0.47615154978
0.442369932749
0.937667041635
0.476115311288
0.438710496164
0.937667041635
0.476544425351
0.433261510161
0.94064148225
0.640889267009
0.366306069869
0.94064148225
0.641872487495
0.365012545604
0.94064148225
0.642444679867
0.362329899541
0.94064148225
0.642444679867
0.362329899541
0.94064148225
0.64271080188
0.362754170603
0.906070224026
0.64358822779
0.359229182781
0.89776400589
0.647308275058
0.358863155753
0.89776400589
0.647114408932
0.355330746162
0.82966514608
0.649519144408
0.351324512827
0.82966514608
0.650044162946
0.351334405818
0.972004022875
0.476396787315
0.171118439989
0.972004022875
0.476967164554
0.169068685026
0.972004022875
0.476967164554
0.169068685026
0.865617470023
0.476684246598
0.163511996116
0.737127641536
0.627514743232
0.315285490096
0.737127641536
0.6280819383
0.311249303956
0.737127641536
0.628510681282
0.311016538495
0.737127641536
0.627273852128
0.31197690285
0.737127641536
0.627273852128
0.31197690285
0.737127641536
0.627273852128
0.31197690285
0.869447153432
0.627719199537
0.270408128868
0.838696304477
0.623463216801
0.269303239107
0.906779979717
0.583983672074
0.304229016699
0.906779979717
0.583983672074
0.304229016699
0.950219791051
0.559517996367
0.299054820251
1.0
0.556357884385
0.302441700096
1.0
0.55585787148
0.304233109412
0.941459778856
0.554062667271
0.310225402103
0.941459778856
0.554062667271
0.310225402103
0.896766548956
0.550719951761
0.312350614186
1.0
0.54968430609
0.312041066162
0.959215507515
0.547807558538
0.313707443419
1.0
0.544180494451
0.314806373405
1.0
0.544180494451
0.314806373405
0.994363688225
0.539924579885
0.315702113306
1.0
0.540127294734
0.317444923036
0.908479581856
0.537507872521
0.318096045684
0.976214098615
0.533081174087
0.320582187471
0.810353695677
0.510846618889
0.322953154384
0.810353695677
0.510155771729
0.321785147269
0.810353695677
0.510155771729
0.321785147269
0.810353695677
0.510220161283
0.321474642184
0.810353695677
0.510174445991
0.321871502981
0.810353695677
0.509368908209
0.324233697124
0.810353695677
0.509637082951
0.323290348266
0.810353695677
0.509637082951
0.323290348266
1.0
0.51018687841
0.303825500277
1.0
0.510581850714
0.303447145474
0.96827965382
0.512114153639
0.302384942614
0.872008883506
0.375957451738
0.171236580351
0.872008883506
0.376474112873
0.170645792383
0.872008883506
0.376474112873
0.170645792383
0.872008883506
0.376818828695
0.169213655374
0.872008883506
0.37732085487
0.167169497491
0.872008883506
0.377573407106
0.166643409063
0.872008883506
0.378183767546
0.16305863656
0.987450120059
0.379082848327
0.165433166268
1.0
0.379462491342
0.162264476179
0.913016878693
0.382109172161
0.162856787882
0.913016878693
0.382443247378
0.161921512278
0.913016878693
0.382443247378
0.161921512278
0.902471454919
0.38153132355
0.158345411459
0.902471454919
0.381930402908
0.159584732626
0.875682225831
0.382693803017
0.161337038895
0.875682225831
0.382912111447
0.160886737558
0.808624170315
0.383896303745
0.159240155879
0.808624170315
0.3842310719
0.157972411171
0.845287151374
0.383801684984
0.158864910201
0.845287151374
0.384042204843
0.158375015146
0.981324181135
0.388329747976
0.163777546501
0.981324181135
0.388329747976
0.163777546501
0.937452426934
0.388702859808
0.161915983505
0.937452426934
0.394460677768
0.169993558459
0.928734564583
0.395031153628
0.165683727776
0.857103842278
0.396561381166
0.174278470457
0.857103842278
0.39699091696
0.172996435631
0.953163134143
0.397343130882
0.178100247598
0.93351105353
0.397834031072
0.1781830165
0.93351105353
0.397834031072
0.1781830165
0.93351105353
0.396780878554
0.179244487866
0.973920703452
0.398082137502
0.180260665537
0.809127160727
0.398979346189
0.181401334118
0.809127160727
0.399231544387
0.185203017537
0.940387995249
0.399931793977
0.185488109904
0.930130110587
0.399572277344
0.190380496538
0.874870878234
0.398911221353
0.192315734608
0.874870878234
0.398680200299
0.210052040961
0.874870878234
0.398680200299
0.210052040961
0.886358066466
0.39892784698
0.209141420715
0.886358066466
0.399564214694
0.210252371218
0.906447608257
0.399736451509
0.205937416306
0.908041552843
0.399192864924
0.207513776737
0.908041552843
0.399785949994
0.203613355147
0.931845642947
0.399776631817
0.205170462273
0.956576092055
0.399909565046
0.2036267094
1.0
0.400264775544
0.203711849042
1.0
0.400264775544
0.203711849042
0.936022611081
0.399978907425
0.202250890061
0.936022611081
0.400115689884
0.202313840108
0.938699392091
0.400347622771
0.201381469996
0.967869532435
0.401312431169
0.20123128731
1.0
0.400867265326
0.202588979906
0.888506121193
0.401138250139
0.20236859337
0.888506121193
0.400792796879
0.201071563517
0.936326571052
0.400333019229
0.201501028023
0.936326571052
0.400333019229
0.201501028023
0.936326571052
0.400571992974
0.202257772329
0.996842479404
0.401551781527
0.20303940241
0.978165657078
0.40175785202
0.200728252696
0.978165657078
0.401498405525
0.200956992836
0.998733657485
0.401839971132
0.199117257276
0.931672231699
0.40090326999
0.197212529997
0.931672231699
0.400526533416
0.197933957789
0.992097193176
0.400320271735
0.195891437956
0.992097193176
0.400320271735
0.195891437956
0.93806184238
0.400461202095
0.194139499224
0.93806184238
0.400211801488
0.192782499674
0.963597892198
0.400373414373
0.192077071894
0.960893889298
0.400147337615
0.193184352146
0.960893889298
0.399069485025
0.194882808769
1.0
0.398744595767
0.195684966484
0.863499476934
0.397618766834
0.195457288565
0.863499476934
0.398034685172
0.195209501514
0.863499476934
0.398034685172
0.195209501514
0.863499476934
0.398034685172
0.195209501514
0.863499476934
0.398034685172
0.195209501514
0.975537546002
0.405685536798
0.223536793225
0.950400011022
0.582842605676
0.353041277359
0.981132261206
0.583372814244
0.3517091238
0.918626124848
0.583014672604
0.353669886465
0.918626124848
0.583014672604
0.353669886465
0.981132261206
0.583075871976
0.354417235888
0.981132261206
0.583021998997
0.352703090085
0.981132261206
0.58294185373
0.352725580383
0.981132261206
0.582618184965
0.357735762471
0.981132261206
0.583667945692
0.387815298814
0.981132261206
0.578240778202
0.43595287111
0.810442236834
0.543095579934
0.601225991178
0.810442236834
0.543095579934
0.601225991178
0.810442236834
0.362690993265
0.71465624325
0.731611530637
0.468910629115
0.622140426929
0.731611530637
0.509565912984
0.684053994594
0.731611530637
0.513845374628
0.703045995376
0.731611530637
0.511886916237
0.708188772714
0.864630617297
0.404514197705
0.752131726793
0.99
0.406827680879
0.77461443845
0.99
0.406246781177
0.778197804188
1.0
0.404749309739
0.789040573936
1.0
0.403675924359
0.784824879159
1.0
0.403675924359
0.784824879159
1.0
0.403350091954
0.793051612288
1.0
0.400038942217
0.789822955082
1.0
0.400123655745
0.792437682355
1.0
0.399007284894
0.793232643535
1.0
0.399402698371
0.792304006629
1.0
0.398330949703
0.792389750733
1.0
0.398801956395
0.792803662103
1.0
0.398801956395
0.792803662103
1.0
0.397780301617
0.793502184318
1.0
0.397625665856
0.795153861624
1.0
0.396496122769
0.795201253938
1.0
0.396564167203
0.7962134231
1.0
0.395908716689
0.795390012638
1.0
0.395873632658
0.795871838018
1.0
0.395020928646
0.797804651716
1.0
0.395036488797
0.79827493258
1.0
0.395036488797
0.79827493258
1.0
0.393682966228
0.798362849243
1.0
0.393790180091
0.799243778872
1.0
0.391988521558
0.797921510422
1.0
0.391669661789
0.800257840314
1.0
0.391915164187
0.801263164235
1.0
0.391770684889
0.801981329856
1.0
0.390834776182
0.802249972831
1.0
0.390674603561
0.803072861737
1.0
0.389715353348
0.802538832283
1.0
0.389715353348
0.802538832283
1.0
0.389749591314
0.803887831737
1.0
0.388134564739
0.804390837825
1.0
0.388102842435
0.803538373689
1.0
0.384183431066
0.809859165046
1.0
0.383788552006
0.811893453917
1.0
0.380707661153
0.820590154305
1.0
0.380907974589
0.818799916298
1.0
0.380907974589
0.818799916298
0.92952599155
0.378801664386
0.822271220598
0.92952599155
0.378481908566
0.824074256891
1.0
0.376052082412
0.827357360151
0.9966475189
0.37517599382
0.832207831445
0.9966475189
0.375234218656
0.835396123145
1.0
0.373238055083
0.845116413901
1.0
0.37270745996
0.849708600216
1.0
0.371613021989
0.859334606784
1.0
0.371613021989
0.859334606784
1.0
0.371082465497
0.859874903392
1.0
0.370223255705
0.865168648378
1.0
0.368841837615
0.864402846308
1.0
0.368263467916
0.864888327996
1.0
0.367012045782
0.864647750083
1.0
0.36659156388
0.867524849891
1.0
0.36610045706
0.866770008105
1.0
0.365767060335
0.867462258486
1.0
0.365767060335
0.867462258486
1.0
0.364343943412
0.866488031156
1.0
0.363910785138
0.868138329128
1.0
0.363015481743
0.869002944407
1.0
0.363161843334
0.867156798607
1.0
0.363985292493
0.865817606351
1.0
0.363970906107
0.865805062067
1.0
0.362040239385
0.865613895402
1.0
0.361935839543
0.864191666427
1.0
0.361935839543
0.864191666427
1.0
0.361066042078
0.86492504333
1.0
0.36099613352
0.865949062939
1.0
0.361043777631
0.865765911643
1.0
0.360780944722
0.866666325616
1.0
0.360433295939
0.866221605181
1.0
0.360411109862
0.865638707903
1.0
0.360091943072
0.866355425924
1.0
0.360005997681
0.8669475441
1.0
0.360005997681
0.8669475441
1.0
0.358358097736
0.866731768131
1.0
0.358011489846
0.866484711279
1.0
0.35797880088
0.866694604916
1.0
0.358230458325
0.865975749833
1.0
0.356332684977
0.86362666864
1.0
0.355728012108
0.866651809781
1.0
0.355758434143
0.867358178799
1.0
0.355809541579
0.866910000943
1.0
0.355809541579
0.866910000943
1.0
0.354834131084
0.867967176274
1.0
0.35467472227
0.868231643072
1.0
0.354511508976
0.868497288822
1.0
0.354366164178
0.867473852803
1.0
0.353207565488
0.867574033763
1.0
0.353013526409
0.868300286539
1.0
0.352551051918
0.867705634523
1.0
0.352288001579
0.868400834515
1.0
0.352288001579
0.868400834515
1.0
0.351857793017
0.868436083566
1.0
0.351925065995
0.869161813653
1.0
0.349636599638
0.866710264397
1.0
0.349463518349
0.865813827844
1.0
0.3489873754
0.867177261336
1.0
0.348542564979
0.870457402307
1.0
0.348958927612
0.870625560293
1.0
0.348701578498
0.870609386476
1.0
0.348701578498
0.870609386476
1.0
0.34764840734
0.870395588044
1.0
0.347566734562
0.870503101158
1.0
0.346274817816
0.870323224836
1.0
0.346081526911
0.870535488394
1.0
0.346681540267
0.871795832189
1.0
0.346495559604
0.871241506499
1.0
0.345334927392
0.870721996275
1.0
0.345334927392
0.870721996275
1.0
0.345227404259
0.871320342782
1.0
0.345162804419
0.871778884216
1.0
0.345154685723
0.871829161704
1.0
0.344216771893
0.870938065748
1.0
0.344006353495
0.871222383787
1.0
0.347182568548
0.873648041022
1.0
0.347248216368
0.872986771777
1.0
0.345726269602
0.871425890338
1.0
0.345726269602
0.871425890338
1.0
0.345362161983
0.873283323581
1.0
0.343803581632
0.873663542851
1.0
0.343630114283
0.872810633001
1.0
0.344485677912
0.873578972947
1.0
0.344418518944
0.874451816762
1.0
0.3449547944
0.874494227925
1.0
0.344980945886
0.873734570207
1.0
0.345055762659
0.874975909132
1.0
0.344762756085
0.876526563236
1.0
0.344762756085
0.876526563236
1.0
0.344529717184
0.877165022065
1.0
0.344717014674
0.877548760559
1.0
0.345563084581
0.877503209003
1.0
0.345438317812
0.879491159094
1.0
0.347783882906
0.88057084126
1.0
0.34789551289
0.880397991666
1.0
0.349458110109
0.881493784923
1.0
0.349458110109
0.881493784923
1.0
0.349230685187
0.881562132514
1.0
0.347204924073
0.880179580486
1.0
0.347237942588
0.87975634002
1.0
0.34751414096
0.880321334063
1.0
0.347275619586
0.883337869419
1.0
0.348008919457
0.883895031174
1.0
0.348099488327
0.88312208848
1.0
0.349668105567
0.883853710498
1.0
0.349668105567
0.883853710498
1.0
0.349717208631
0.8854051341
1.0
0.350189139728
0.885048610493
1.0
0.350353811491
0.883456796248
1.0
0.351322953113
0.883701567884
1.0
0.351410661887
0.884144617876
1.0
0.351970219002
0.885639083491
1.0
0.352535867438
0.884385705384
1.0
0.354088448983
0.885247089539
1.0
0.354088448983
0.885247089539
1.0
0.354008979192
0.885127211171
1.0
0.35562703074
0.884233712976
1.0
0.355751111078
0.884472601105
1.0
0.354496102852
0.876966416093
1.0
0.354510493258
0.878255284973
0.99
0.350700372761
0.854306512714
0.99
0.350997529939
0.855294083449
0.99
0.345405940724
0.824051551309
0.99
0.345298272806
0.823639602694
0.99
0.345298272806
0.823639602694
0.99
0.337081334123
0.796308463998
0.99
0.33739374785
0.795791739052
0.99
0.334595809913
0.767970227879
0.99
0.336083350787
0.75506464255
1.0
0.335907341419
0.749996206826
0.99
0.339808819088
0.718855851975
0.99
0.342903435436
0.71963525068
0.99
0.346626658544
0.686529705135
0.99
0.346626658544
0.686529705135
0.99
0.350230988046
0.686495550914
0.99
0.352730519881
0.65716783206
0.99
0.353886757406
0.657990781003
1.0
0.354875139651
0.647448035368
1.0
0.357580037019
0.648166676661
1.0
0.357495839818
0.647703443482
1.0
0.358893011588
0.649715393484
1.0
0.358893011588
0.649715393484
1.0
0.358878299734
0.647838878782
1.0
0.361135679971
0.648261602927
1.0
0.361193556634
0.647624690496
1.0
0.362950681138
0.648231818859
1.0
0.362873775977
0.64973588518
1.0
0.363059265838
0.650199018807
1.0
0.363146249181
0.649415111792
1.0
0.365858589997
0.650841722766
1.0
0.366033581809
0.65003026999
1.0
0.366033581809
0.65003026999
1.0
0.366860798903
0.649143867601
1.0
0.367019157592
0.64803296018
1.0
0.368824767451
0.649311112601
1.0
0.368830906344
0.65008397853
1.0
0.370541668732
0.650218533123
1.0
0.370812444474
0.650083017854
1.0
0.372837514655
0.649602483154
1.0
0.372837514655
0.649602483154
1.0
0.372927137784
0.649967396531
1.0
0.374273530179
0.650635472499
1.0
0.374634056625
0.649195583206
1.0
0.376307704645
0.649500846386
1.0
0.376562899618
0.646690933904
1.0
0.378618656322
0.646978712287
1.0
0.378600256444
0.648636579057
1.0
0.37873427542
0.649605973006
1.0
0.379177747187
0.647642439912
1.0
0.379177747187
0.647642439912
1.0
0.382309473676
0.648440824061
1.0
0.38258392274
0.647124617487
1.0
0.384798924738
0.645732552058
1.0
0.38512421514
0.645364320926
1.0
0.386246936528
0.646967898576
1.0
0.386323245674
0.647061839707
1.0
0.38755502941
0.647449469271
1.0
0.387557712389
0.647189321549
1.0
0.387557712389
0.647189321549
1.0
0.38967946467
0.646323197408
1.0
0.389712062198
0.646809390306
1.0
0.391644640181
0.64576071399
1.0
0.391801160554
0.645170406905
1.0
0.390412135626
0.635804832389
1.0
0.390614632309
0.636060932379
1.0
0.388175664667
0.623077720153
1.0
0.388324190581
0.622108746797
1.0
0.388324190581
0.622108746797
0.99
0.382995323055
0.59989778829
0.99
0.383512760737
0.596607040679
1.0
0.378243508451
0.584472291803
1.0
0.37825326925
0.580674443658
0.979474310784
0.369605023641
0.55148703332
0.979474310784
0.369885938731
0.538935784677
0.85739689557
0.363846721238
0.531926098096
0.85739689557
0.363846721238
0.531926098096
0.85739689557
0.364352709126
0.517692383518
0.70475269519
0.418147979447
0.253709168901
0.70475269519
0.417825440231
0.245352181
0.70475269519
0.417825440231
0.245352181
0.70475269519
0.418191283356
0.223099274865
0.70475269519
0.417271661081
0.222897545456
0.70475269519
0.417271661081
0.222897545456
0.70475269519
0.417271661081
0.222897545456
0.70475269519
0.417271661081
0.222897545456
0.70475269519
0.401678230177
0.202822834833
0.713184404774
0.352200139184
0.364957242392
0.713184404774
0.348511593751
0.372625665037
0.713184404774
0.361474410472
0.365800534411
0.713184404774
0.360772951663
0.365139410458
0.713184404774
0.360772951663
0.365139410458
0.713184404774
0.360772951663
0.365139410458
0.713184404774
0.360772951663
0.365139410458
0.713184404774
0.362783191445
0.371917568049
0.713184404774
0.362783191445
0.371917568049
0.772356592156
0.363575508907
0.297248373796
0.654954340181
0.380055260265
0.235717060556
0.951894361469
0.380170514254
0.222383198698
1.0
0.379436108196
0.226554490165
1.0
0.378972488694
0.229219605637
1.0
0.379388893975
0.227365993733
0.980297714046
0.379314505697
0.227343970973
0.906323612657
0.375780366586
0.223208667166
0.906323612657
0.376070612854
0.222108799886
0.906323612657
0.376070612854
0.222108799886
1.0
0.338059495998
0.151541229798
0.990776395337
0.338354651688
0.149415113296
1.0
0.338696396752
0.141970862159
0.99
0.338605560862
0.124486918122
0.99
0.336794599909
0.120412732129
1.0
0.334865701299
0.0970486542061
1.0
0.334865701299
0.0970486542061
1.0
0.337407310875
0.0982065132093
1.0
0.339337711386
0.0974916808466
1.0
0.338467259225
0.0957670754184
1.0
0.33828520776
0.0977776292174
1.0
0.339914967207
0.0967261647419
1.0
0.339899367273
0.0968512574024
1.0
0.341410726059
0.0966028226994
1.0
0.341483319791
0.0953421714223
0.99856203518
0.344244525965
0.0956468450727
0.99856203518
0.344244525965
0.0956468450727
0.99856203518
0.344350324952
0.0940340849083
1.0
0.345056510018
0.0964131018886
0.946296452489
0.345237826021
0.0962713845347
0.946296452489
0.346578097464
0.0959228279094
1.0
0.346690186049
0.0956897630017
1.0
0.347594978306
0.0970482688496
1.0
0.347634244381
0.0974303906221
1.0
0.34804742599
0.0955391193523
1.0
0.34804742599
0.0955391193523
1.0
0.348187407581
0.0940187689314
0.968546135345
0.351998395755
0.0982908066972
0.968546135345
0.352192628364
0.0953073676341
1.0
0.350833049813
0.0913134055499
1.0
0.351136532888
0.0904102116728
1.0
0.351162161506
0.0904436933969
1.0
0.3511701496
0.0880363995493
0.990571489278
0.352414469103
0.0890688763561
0.990571489278
0.352414469103
0.0890688763561
0.990571489278
0.352555686884
0.0904347723178
0.98456162892
0.352542422869
0.0880847593674
0.98456162892
0.352815466299
0.0869543428728
1.0
0.354567906242
0.0893887294648
1.0
0.354702063389
0.0857249939517
0.999143398674
0.353123672586
0.0834235332176
0.999143398674
0.353135896276
0.0846053868571
0.970573376773
0.354510536073
0.0869915743972
0.970573376773
0.354510536073
0.0869915743972
0.970573376773
0.354643813829
0.0859104548148
0.979332068679
0.354692022555
0.0839850754116
0.979332068679
0.354802221967
0.0833266751082
1.0
0.355237824745
0.0823020745972
1.0
0.355372018425
0.0815327189202
1.0
0.353998962044
0.0804135118135
1.0
0.353998962044
0.0804135118135
1.0
0.354078989061
0.0795124977274
1.0
0.355475545126
0.0818183174691
1.0
0.355600654342
0.0804094061834
1.0
0.355255332684
0.0800928804288
1.0
0.355380374679
0.0805148827334
0.975452687594
0.355846108538
0.0791309295815
0.975452687594
0.355671346221
0.0803845598483
0.916666987682
0.353912867022
0.0799487626972
0.916666987682
0.354018297468
0.07802817534
0.916666987682
0.354018297468
0.07802817534
1.0
0.356585350673
0.0804482671064
1.0
0.356711539419
0.080891000748
1.0
0.355800748033
0.0797337315558
1.0
0.355705415885
0.0798166521387
1.0
0.355831014635
0.0787764685945
1.0
0.355979410349
0.0777180946996
0.970664897421
0.355033671427
0.0778535698822
0.970664897421
0.355033671427
0.0778535698822
0.970664897421
0.3548585984
0.0792822819687
1.0
0.354768045089
0.0773648540209
1.0
0.354886702616
0.0752662922679
1.0
0.356145709626
0.0776015344134
1.0
0.355935675746
0.0776770515751
1.0
0.355623611127
0.0775999443944
1.0
0.35553560264
0.0772138055631
0.961858829135
0.353203560516
0.0745555764825
0.961858829135
0.353173506628
0.0758292106645
0.961858829135
0.353173506628
0.0758292106645
0.997265118946
0.353737997141
0.0760762262728
0.997265118946
0.353819619233
0.0754905772971
1.0
0.353607529994
0.0774626113882
1.0
0.353699029375
0.0754686438713
1.0
0.355489630967
0.0736941042252
1.0
0.355341038661
0.0759644745613
0.980437798601
0.345612096731
0.049842090412
0.980437798601
0.345485035613
0.0497844856329
0.980437798601
0.345485035613
0.0497844856329
0.980437798601
0.345485035613
0.0497844856329
1.0
0.356587509754
0.0842442603223
1.0
0.356532685092
0.0847692506839
1.0
0.356532685092
0.0847692506839
1.0
0.35504685618
0.0836897866555
1.0
0.354396267563
0.0689948194065
0.894452179688
0.353948193006
0.0545315581544
0.894452179688
0.353948193006
0.0545315581544
0.99
0.348671392069
0.00126716049338
1.0
0.347649976383
0.00518200309638
1.0
0.346109033251
0.00245202765175
1.0
0.345153128712
0.00554058214504
1.0
0.345153128712
0.00554058214504
1.0
0.344230112828
0.00340062286581
1.0
0.34426676716
0.00460978362245
1.0
0.34330569522
0.00496253177082
1.0
0.34330569522
0.00496253177082
1.0
0.343152034661
0.00727583061001
1.0
0.342612685517
0.00642255307429
1.0
0.34202387643
0.00608327927331
1.0
0.34202387643
0.00608327927331
1.0
0.341360188434
0.00545697703405
1.0
0.340937819995
0.00616504205208
1.0
0.33960477259
0.00946369320354
1.0
0.33960477259
0.00946369320354
1.0
0.339126023829
0.00807890836391
1.0
0.337866892682
0.00856897325511
1.0
0.33757226838
0.00982993993985
1.0
0.336937162212
0.0104678701092
1.0
0.336937162212
0.0104678701092
1.0
0.336296313982
0.00940765519585
1.0
0.33671452434
0.00958187586202
1.0
0.335836153803
0.0116473652436
0.876063511621
0.356807092145
-0.0493858001964
0.876063511621
0.356807092145
-0.0493858001964
0.876063511621
0.359108868805
-0.0797064143618
0.855603734169
0.359559128323
-0.0869598784309
0.848116843811
0.359609131957
-0.0885251552075
0.876063511621
0.359322490536
-0.0909400514846
0.876063511621
0.35885967689
-0.0856188696488
0.876063511621
0.358638957555
-0.0831480245838
0.874387102197
0.358395981531
-0.0826319875656
0.874387102197
0.358395981531
-0.0826319875656
0.874387102197
0.367212338992
-0.0535225476064
0.842698603483
0.333139105972
-0.0493875544497
0.842698603483
0.333139105972
-0.0493875544497
0.842698603483
0.333192398839
-0.0505837815283
0.842698603483
0.333037689358
-0.0491390027787
0.842698603483
0.333040386855
-0.0511671381532
0.842698603483
0.332685730441
-0.0492244860518
0.842698603483
0.332595401214
-0.0474288947401
0.842698603483
0.332434786513
-0.0457163900564
0.877767165535
0.344086171226
-0.0714055437269
0.877767165535
0.344086171226
-0.0714055437269
0.877767165535
0.343903071078
-0.0700819155817
0.877767165535
0.343816747997
-0.0694239804944
0.877767165535
0.343849767683
-0.0684632104212
0.877767165535
0.343448645264
-0.0663338114907
0.848789159479
0.34178807833
-0.0690722088151
0.848789159479
0.341934824721
-0.0697811462114
0.844937031964
0.344303881034
-0.0696466711945
0.844937031964
0.344326378252
-0.0690533088477
0.844937031964
0.344108893296
-0.0672281591285
0.905603757307
0.345814251929
-0.0651868767734
0.905603757307
0.345814251929
-0.0651868767734
0.907473306141
0.345719024295
-0.064762167287
0.886328964143
0.345421841433
-0.0640229044258
0.886328964143
0.345423807689
-0.0649579861636
0.831300423489
0.346316651632
-0.0648124067009
0.831300423489
0.346258677269
-0.0653884947874
0.844487374538
0.346117621289
-0.0652636125799
0.844487374538
0.346117621289
-0.0652636125799
0.844487374538
0.346368673541
-0.0677213722607
0.86559057486
0.345132041106
-0.0686995635446
0.942595387081
0.344740027394
-0.0695033295859
0.879634965068
0.348184189216
-0.0674528874622
0.879634965068
0.348081496155
-0.0656775726602
0.956286651074
0.346763295562
-0.0663956805452
0.920316251672
0.346656276481
-0.0651284950621
0.920316251672
0.345871069516
-0.0657763226856
0.920316251672
0.345871069516
-0.0657763226856
0.953053441728
0.345775456065
-0.0643532751685
0.816838777946
0.34755790501
-0.0624263254782
0.944051226501
0.346971095841
-0.0629068924787
0.944051226501
0.346543544819
-0.0603247634861
0.944022896419
0.345309449481
-0.060241116125
0.944022896419
0.345309449481
-0.060241116125
0.944022896419
0.345309449481
-0.060241116125
0.968721050617
0.354265940411
-0.0440108135456
0.968721050617
0.354265940411
-0.0440108135456
1.0
0.35471549844
-0.0449967918518
0.918901336147
0.35495985571
-0.0460815986183
0.821212761247
0.360024930023
-0.0274003468549
0.821212761247
0.360679603084
-0.0314812227051
0.821212761247
0.361483485575
-0.0364450474586
0.821212761247
0.361871191531
-0.0370942539316
0.821212761247
0.362188660671
-0.0372048789519
0.821212761247
0.362188660671
-0.0372048789519
0.821212761247
0.362218820197
-0.035472651865
0.821212761247
0.362070964313
-0.0339930938576
