1.0
0.423617577622
0.429756536345
1.0
0.423747851248
0.429857059315
1.0
0.423514187299
0.429860323956
1.0
0.423772559562
0.429940353868
1.0
0.424194222173
0.43082176583
1.0
0.42438582819
0.430888798734
1.0
0.424471168963
0.430904274235
1.0
0.424691502922
0.430885008592
1.0
0.424691502922
0.430885008592
1.0
0.424564600906
0.431390259779
1.0
0.424689434479
0.431742913682
1.0
0.424893571062
0.431939306465
1.0
0.425048851897
0.432019080264
1.0
0.425128737814
0.432344343694
1.0
0.425344327118
0.432421138498
1.0
0.425454936324
0.432654161123
1.0
0.425588438607
0.432493764717
1.0
0.425588438607
0.432493764717
1.0
0.425791524156
0.43316396095
1.0
0.425967213757
0.433451085311
1.0
0.426345877686
0.433828272524
1.0
0.426502505012
0.433958034068
1.0
0.426423080488
0.433601224598
1.0
0.426516094148
0.433809808607
1.0
0.426864530554
0.434282173316
1.0
0.426975348351
0.434578136112
1.0
0.426975348351
0.434578136112
1.0
0.427235791482
0.435571184716
1.0
0.427444542926
0.435672160046
1.0
0.427420266266
0.435715113147
1.0
0.427547889822
0.435888647371
1.0
0.427700138788
0.435922624749
1.0
0.427868837154
0.435689687064
1.0
0.428021448191
0.436360512876
1.0
0.428207011877
0.43649894423
1.0
0.428207011877
0.43649894423
1.0
0.428417850874
0.437289826588
1.0
0.428722961029
0.437178575994
1.0
0.428952855412
0.43721385212
1.0
0.429108701807
0.437571243963
1.0
0.429376636025
0.437980231411
1.0
0.42955717115
0.437933416989
1.0
0.429887576302
0.438413223586
1.0
0.429971232642
0.438639531759
1.0
0.430006909203
0.438860657192
1.0
0.430006909203
0.438860657192
1.0
0.430195377025
0.438630356522
1.0
0.430712571672
0.439380966048
1.0
0.430880943008
0.439449887436
1.0
0.431437128117
0.440102851456
1.0
0.431611357622
0.439951266879
1.0
0.431786649582
0.440739730058
1.0
0.432027459844
0.440987386349
1.0
0.432027459844
0.440987386349
1.0
0.432019932278
0.440983891024
1.0
0.432288848248
0.441187480587
1.0
0.432340448929
0.441312109712
1.0
0.432547722989
0.441363577368
1.0
0.428966364951
0.436181719308
1.0
0.429182371917
0.436500006253
0.99
0.419352732833
0.423240261062
0.99
0.419550551993
0.423316472273
0.99
0.419550551993
0.423316472273
0.99
0.408844536237
0.410856299092
0.99
0.408911848829
0.411425231841
0.856512253331
0.407097592759
0.409363397314
0.856512253331
0.40541415564
0.410131496143
0.975798146771
0.401620578824
0.405332572379
0.975798146771
0.394278985531
0.409202207588
0.937382174764
0.393316864412
0.408023799659
0.937382174764
0.384262534142
0.416289370228
0.970788526099
0.384377249403
0.416372303537
0.970788526099
0.384377249403
0.416372303537
0.970788526099
0.376434935751
0.424698027781
0.99
0.376645903055
0.425565851416
0.99506540281
0.373438378775
0.427365421553
0.983733010548
0.373490152673
0.427369273227
0.983733010548
0.373033111508
0.426258972319
1.0
0.373317294674
0.427559054881
1.0
0.37412551657
0.426084685566
1.0
0.37412551657
0.426084685566
0.992921772057
0.373748373325
0.426021308604
0.992921772057
0.374190126804
0.42586890866
0.994245699172
0.374115734421
0.425814613539
0.994245699172
0.374450152356
0.426259604367
1.0
0.374094417904
0.425858099235
1.0
0.374373846509
0.425711214523
1.0
0.37452385443
0.425967173545
1.0
0.374745028924
0.426233946091
1.0
0.375128812423
0.426797546036
1.0
0.375128812423
0.426797546036
1.0
0.375146974595
0.427254394551
0.975073371409
0.375068154445
0.42731961254
0.975073371409
0.375189105198
0.427711525733
0.955918782933
0.375206393131
0.428216964322
0.955918782933
0.375242656404
0.428375268915
1.0
0.3745709785
0.427445437841
1.0
0.374701698097
0.427643711292
1.0
0.374701698097
0.427643711292
0.953376526631
0.375201154127
0.428202956795
0.953376526631
0.375292692675
0.428342062304
1.0
0.374828358414
0.42702477994
1.0
0.374969097515
0.42701150552
0.99
0.387239961581
0.434774403964
0.99
0.387377543634
0.434737607714
0.99
0.410918903443
0.453085613713
0.99
0.411051577714
0.452868435454
0.99
0.411051577714
0.452868435454
0.99
0.429621380931
0.466632791311
0.99
0.43045912256
0.465751732931
0.99
0.447782666653
0.478669572621
0.99
0.453219867724
0.469636220183
0.99
0.470363491881
0.484331029765
0.99
0.480529806245
0.468411794665
0.99
0.496372545741
0.480242743183
0.99
0.510554132567
0.460820663067
0.99
0.510554132567
0.460820663067
0.99
0.525758279047
0.473269499825
0.99
0.539945255752
0.454161821154
0.99
0.555196678998
0.467973537527
0.99
0.56796981859
0.452998229966
0.99
0.581927709167
0.46610099398
0.99
0.594410642474
0.449003814201
0.99
0.607621432098
0.461795573806
0.99
0.617548028247
0.448688199078
0.99
0.617548028247
0.448688199078
0.99
0.629087163412
0.460148300363
0.99
0.639608054903
0.449219102687
0.99
0.647012690687
0.458227718064
0.99
0.655573239868
0.449283018347
0.99
0.656304760076
0.452118042086
0.99
0.664760175988
0.442438056191
0.99
0.663559961071
0.441467521389
0.99
0.670956509252
0.432908911196
0.99
0.670956509252
0.432908911196
0.99
0.669801794531
0.431964242139
0.880703899229
0.670403870183
0.430656641808
0.880703899229
0.669938679934
0.430592005632
0.894399935037
0.671379810996
0.430487803878
0.894399935037
0.670803544013
0.430425581576
0.981790329201
0.671792891517
0.430080848019
0.981790329201
0.671249864733
0.430026762939
1.0
0.671025381449
0.430548069088
1.0
0.671025381449
0.430548069088
1.0
0.670519320398
0.430347507527
0.993264054379
0.670520996436
0.429030367898
0.993264054379
0.669948365316
0.428988596466
0.951647387342
0.670088170676
0.429247423828
0.951647387342
0.669661614406
0.429329877469
0.985936925347
0.66910098704
0.429921219525
0.985936925347
0.668828639542
0.430477245056
0.919345413075
0.669007923614
0.429873505748
0.919345413075
0.669007923614
0.429873505748
0.919345413075
0.668304774624
0.429741596416
0.909303092903
0.66846686954
0.429634577892
0.909303092903
0.668187123597
0.430046151869
0.902247726942
0.668045830169
0.430346240149
0.902247726942
0.667460933771
0.430067948007
0.954256727496
0.667378124576
0.430276487314
0.954256727496
0.667128256317
0.430186137121
0.870561997128
0.667510658096
0.430303687968
0.870561997128
0.667278796181
0.430738039402
0.870561997128
0.667278796181
0.430738039402
0.894180213371
0.666962868531
0.430669526929
0.894180213371
0.666752431991
0.431116434486
0.874122961011
0.666593087616
0.431994197962
0.874122961011
0.6660522557
0.431787597164
0.872720336675
0.665831904759
0.432186578461
0.872720336675
0.665686341428
0.432791941359
0.852061680588
0.665780110173
0.433233435574
0.852061680588
0.665780110173
0.433233435574
0.852061680588
0.666023718459
0.433826666596
0.885627467237
0.66580233284
0.434689525681
0.885627467237
0.665773941236
0.434494886906
0.839691810946
0.666060418378
0.434349708581
0.839691810946
0.661774627534
0.431711220817
0.874977978857
0.661438349616
0.433641381156
0.874977978857
0.661438349616
0.433641381156
0.874977978857
0.569129793118
0.345843322296
0.907721656635
0.568449546121
0.347270579008
0.877311555337
0.567572460461
0.349798565349
0.877311555337
0.567572460461
0.349798565349
0.920506591895
0.569915012944
0.358725457544
0.920506591895
0.553824280854
0.382048362536
0.820312536104
0.49969104311
0.322276112204
0.820312536104
0.477796590262
0.358658310967
0.820312536104
0.462996414296
0.384957358748
0.820312536104
0.462996414296
0.384957358748
0.820312536104
0.431602410881
0.394088263878
0.881094322395
0.406894947578
0.379008076196
0.813133177716
0.388016333111
0.425200469981
0.822197090874
0.378241478411
0.438014610456
0.825948723378
0.369752607503
0.445917894339
0.825948723378
0.369752607503
0.445917894339
0.825948723378
0.330668070954
0.414073429164
