0.910360735502
0.496721679064
0.44013939197
0.906406489726
0.488758000369
0.43400781627
0.906406489726
0.489211553802
0.430729582504
0.906406489726
0.490319974758
0.429627999622
0.874540548526
0.491628765549
0.426607412588
0.906406489726
0.492813332907
0.425638556208
0.906406489726
0.492813332907
0.425638556208
0.906406489726
0.493545125729
0.424610894252
0.906406489726
0.493984646323
0.423687275806
0.904981509473
0.4948488776
0.421118600796
0.906406489726
0.49608935056
0.403794183188
0.906406489726
0.496306711225
0.409359168742
0.906406489726
0.495650467961
0.421469123815
0.877102157511
0.488462562135
0.461871612653
0.877102157511
0.48625264321
0.489503778976
0.888567467055
0.481917515763
0.499784408034
0.835540793443
0.474614662855
0.53172016984
0.835540793443
0.467912211899
0.562259072127
0.835540793443
0.467912211899
0.562259072127
0.835540793443
0.468252243934
0.560890051804
0.848153390343
0.466094588361
0.565658449985
0.726317927633
0.463420902105
0.612288195632
0.726317927633
0.449049320168
0.584049313733
0.842494811841
0.447323450385
0.586397849103
0.890884988987
0.450125340694
0.593694753181
0.890884988987
0.449831212242
0.597672075303
0.890884988987
0.447819469766
0.600873754926
0.890884988987
0.450739634721
0.616501142424
0.979014287621
0.450346829479
0.612010022342
1.0
0.449680019964
0.614062987328
0.993793199694
0.44967843471
0.615814433069
0.993793199694
0.449563883927
0.615898756873
0.980083817996
0.44980864147
0.618135077821
0.980083817996
0.449820623807
0.617570740056
0.997418107238
0.4500895227
0.617445080506
0.997418107238
0.450360244105
0.616685571345
0.950349886121
0.450783478558
0.615473889932
0.950349886121
0.450783478558
0.615473889932
0.950349886121
0.450943899149
0.612884895689
1.0
0.451559710624
0.610275841098
1.0
0.452379817171
0.608442818158
1.0
0.45297112163
0.605501654491
1.0
0.453497911891
0.603426246607
1.0
0.454230200913
0.602443562815
1.0
0.454858748557
0.600563985675
1.0
0.455415671924
0.599651369802
1.0
0.456011026495
0.597790702574
1.0
0.458332995517
0.596108792709
1.0
0.459029434791
0.593984225291
1.0
0.459828610369
0.591942761395
1.0
0.460729009455
0.590730205444
1.0
0.460729009455
0.590730205444
1.0
0.46165943549
0.587737688133
1.0
0.464164448436
0.586740507534
1.0
0.464775703769
0.585875747284
1.0
0.465475783491
0.58347097429
1.0
0.468136619699
0.582405305378
1.0
0.468856401818
0.580566276362
1.0
0.470527567799
0.577033277328
1.0
0.473300802103
0.575395757397
1.0
0.473300802103
0.575395757397
1.0
0.474382617998
0.572028745229
1.0
0.476860186781
0.569838189142
1.0
0.478407203769
0.565193287077
1.0
0.479989742939
0.564526899417
1.0
0.480958576142
0.561622447414
1.0
0.483279657846
0.56008818173
1.0
0.484410791398
0.557011697786
1.0
0.485951902429
0.552401842108
1.0
0.485951902429
0.552401842108
1.0
0.488391574752
0.551603110461
1.0
0.490116737726
0.546643086034
1.0
0.492865726657
0.546366533505
1.0
0.493974075515
0.543201744689
1.0
0.494841334505
0.542849872851
1.0
0.496365859011
0.538196393418
1.0
0.498630284502
0.537210676192
1.0
0.498630284502
0.537210676192
1.0
0.500374082875
0.532901983142
1.0
0.501504089563
0.532069715632
1.0
0.504003876511
0.531617608032
1.0
0.505890387219
0.527727395157
1.0
0.508304742614
0.527267097992
1.0
0.509604578824
0.522984115149
1.0
0.511922392948
0.517562005015
1.0
0.513483374913
0.516625367115
1.0
0.514820768419
0.516177354779
1.0
0.514820768419
0.516177354779
1.0
0.517441497064
0.515813165087
0.964890165461
0.518009127908
0.513644513924
0.964890165461
0.519446146393
0.513758606236
0.992277721164
0.519121369149
0.51398827876
0.992277721164
0.520147059994
0.51228533286
0.987919697707
0.521361116491
0.508202895913
0.987919697707
0.52402378862
0.50808256247
0.992134071167
0.525854522063
0.504220576543
0.992134071167
0.525854522063
0.504220576543
0.992134071167
0.526967282013
0.504386473676
0.992134071167
0.529366266162
0.503898637904
1.0
0.530482036843
0.500815832781
0.976548844386
0.531454118559
0.498499400988
0.976548844386
0.532705542184
0.497788150196
0.99
0.545672248397
0.468195150307
0.99
0.556856616774
0.474117443382
