0.817147489256
0.443932521467
0.476117034707
0.817147489256
0.443968411752
0.476126651727
0.937267620219
0.444354069463
0.477015923574
0.937267620219
0.444354069463
0.477015923574
0.937267620219
0.444122846005
0.477924189116
0.828793520882
0.445380147159
0.478833972175
0.828793520882
0.445372610454
0.479368379516
0.923323161656
0.452052024288
0.467006351951
0.923323161656
0.452052024288
0.467006351951
0.923323161656
0.452095028013
0.467713749686
0.923323161656
0.451885780333
0.467644681087
0.902831081116
0.444708094883
0.421793286519
0.902831081116
0.444572609266
0.422758655919
0.902831081116
0.444545989033
0.422781172986
0.902831081116
0.444545989033
0.422781172986
0.74324520974
0.435329816236
0.251223886539
0.74324520974
0.435540351046
0.249659309969
0.74324520974
0.435540351046
0.249659309969
0.74324520974
0.277413234996
0.231353695829
0.745407102173
0.273325462671
0.196910456775
0.745407102173
0.273325462671
0.196910456775
0.764860626192
0.287996926592
0.22265187652
0.734787960482
0.28300988705
0.292005998
0.764860626192
0.307010627259
0.288313029786
0.764860626192
0.478433645058
0.429139943884
0.764860626192
0.478433645058
0.429139943884
0.764860626192
0.297257951578
0.453007002756
0.764860626192
0.297257951578
0.453007002756
0.902010391597
0.485748450108
0.391731077148
0.909101681913
0.485254343778
0.404156497738
0.933089546576
0.488349443756
0.419024472278
0.933089546576
0.487439337263
0.43055107545
0.933089546576
0.488464293352
0.431866280758
0.893550254841
0.484440647729
0.430101865906
0.893550254841
0.484368079476
0.433561801536
0.908280426296
0.484143049363
0.43404034492
0.908280426296
0.484507108133
0.435873145784
0.908280426296
0.484507108133
0.435873145784
0.867008956979
0.483878058133
0.433887358954
0.863890957144
0.48374301347
0.43508212941
0.863890957144
0.483053223819
0.434076903301
0.899395612099
0.482918744618
0.436952625726
0.852555166896
0.48357034508
0.437262901998
0.82673907692
0.482713814952
0.441797073311
0.82673907692
0.483141084016
0.44367318184
0.867700012687
0.483159096213
0.445691001558
0.867700012687
0.483159096213
0.445691001558
0.867700012687
0.483215960752
0.447250563266
0.842057641234
0.482716336373
0.449756918985
0.842057641234
0.482986633592
0.450427751203
0.863971379102
0.482455982178
0.452653858041
0.863971379102
0.482158155646
0.454218403634
0.857348108916
0.48162364739
0.456546499251
0.857348108916
0.481751356083
0.457453393461
0.857348108916
0.481751356083
0.457453393461
0.811200025398
0.475817460627
0.47297806068
0.811200025398
0.476103823877
0.473429264196
0.811200025398
0.476653757477
0.475365145409
0.811200025398
0.476626073633
0.476780112301
0.811200025398
0.476696899077
0.47766171683
0.811200025398
0.476696899077
0.47766171683
0.811200025398
0.47647336551
0.47772080615
0.811200025398
0.476786135271
0.478175947637
0.811200025398
0.477147578018
0.479644736544
0.859505947084
0.477046354374
0.480097208099
0.859505947084
0.476795795266
0.4795607447
0.859505947084
0.476795795266
0.4795607447
0.876493059791
0.476515367717
0.480644336705
0.876493059791
0.477054242944
0.483419214535
0.859832856004
0.476872011259
0.484454631969
0.859832856004
0.476058728824
0.484147980944
0.871451101786
0.475755985522
0.485040221312
0.871451101786
0.475994452521
0.48547216873
0.884556895887
0.475761081166
0.485700894516
0.884556895887
0.47607526943
0.486248185431
0.89261436166
0.475124193081
0.488237010367
0.89261436166
0.474659123164
0.488178391826
0.89261436166
0.474659123164
0.488178391826
0.948517999401
0.473757472018
0.489261106674
0.948517999401
0.473831186765
0.489893386823
0.985259181383
0.47292554074
0.491685560675
0.977109787036
0.472558023033
0.489991565386
0.977109787036
0.472092831793
0.491922120595
0.979439678673
0.472664856158
0.493872049955
0.979439678673
0.472717537119
0.493524116149
0.928787822807
0.472466636587
0.493454186383
0.928787822807
0.472466636587
0.493454186383
0.928787822807
0.472530409541
0.493944729675
1.0
0.472250696132
0.494845874139
1.0
0.472100295095
0.495134458805
1.0
0.472075903613
0.49664991435
1.0
0.472198685015
0.497251433245
1.0
0.472506629988
0.497454227441
1.0
0.47256738823
0.497910211926
1.0
0.47256738823
0.497910211926
0.998596644501
0.47278243886
0.499467628565
0.998596644501
0.473022630095
0.499553121831
0.972712860426
0.473152838416
0.500923195682
0.972712860426
0.473163858324
0.501105596814
1.0
0.473411282143
0.503003369835
1.0
0.473877694989
0.502827883606
0.951493927842
0.474203848551
0.503438599402
0.951493927842
0.474068980522
0.503982207908
0.998922407787
0.474109479753
0.504593734296
0.998922407787
0.474109479753
0.504593734296
0.998922407787
0.474204053714
0.505796731788
0.963562019838
0.474694456179
0.507619778488
0.963562019838
0.474999809929
0.50739800629
1.0
0.476735583217
0.511662085861
1.0
0.476966056533
0.512418755933
0.945261880436
0.479893263757
0.518241949856
0.945261880436
0.480064385887
0.519010206585
0.945261880436
0.480064385887
0.519010206585
0.983738972524
0.481834112151
0.524921206495
0.983738972524
0.48204024981
0.525493562567
0.941052559203
0.481487390972
0.529724783528
0.941052559203
0.482123246701
0.532138332517
0.978675817172
0.482012111525
0.534937846451
0.978675817172
0.48296907569
0.538017537074
1.0
0.483012761493
0.539734213557
1.0
0.48418607713
0.543677580792
0.967007624923
0.485385497166
0.545448241295
0.967007624923
0.485385497166
0.545448241295
0.967007624923
0.48640914653
0.54881360047
0.98993747629
0.486073691015
0.549942213506
0.98993747629
0.48677917866
0.552380270934
1.0
0.486955498842
0.553636601815
1.0
0.487413973125
0.553589546168
1.0
0.487253182661
0.554496937093
1.0
0.487760573426
0.554184858883
1.0
0.488303017672
0.556242582556
1.0
0.488303017672
0.556242582556
1.0
0.488759242806
0.556507413126
1.0
0.489114568842
0.557464802677
1.0
0.489436813024
0.557733843547
1.0
0.489645802757
0.557910274201
1.0
0.490130215939
0.558073532363
1.0
0.490419292496
0.558604465948
1.0
0.490750619306
0.559527195016
1.0
0.490750619306
0.559527195016
1.0
0.490887084314
0.560068239205
1.0
0.491294867419
0.559071829232
1.0
0.491694781128
0.558993687585
1.0
0.492299933436
0.558883340913
1.0
0.492913831184
0.560007944045
1.0
0.493170197059
0.56004507496
1.0
0.493360936967
0.561197561198
1.0
0.493751670808
0.560945526467
1.0
0.4939943662
0.559909806741
1.0
0.4939943662
0.559909806741
1.0
0.494542718699
0.559113806851
1.0
0.495203648864
0.560166626462
1.0
0.495757649398
0.55980394153
1.0
0.496386983492
0.560569699154
1.0
0.496909385679
0.55975445161
1.0
0.496493028435
0.558461914958
1.0
0.497096532934
0.557259185951
1.0
0.497096532934
0.557259185951
1.0
0.497971404882
0.557316522364
1.0
0.498373227789
0.557014496735
1.0
0.498635479131
0.558165463075
1.0
0.499217382052
0.557149249047
1.0
0.499293212497
0.55505640086
1.0
0.499805845482
0.553933340363
1.0
0.499891763751
0.553844869155
1.0
0.499891763751
0.553844869155
1.0
0.500283165792
0.552637671283
1.0
0.500817008076
0.551382720228
1.0
0.501467971173
0.549889423164
1.0
0.502138118542
0.550174360307
1.0
0.502693038672
0.548810086701
1.0
0.502709198108
0.547909572645
1.0
0.503123570072
0.547053941634
1.0
0.502949443465
0.545034046168
1.0
0.503297932594
0.543612315057
1.0
0.503479409039
0.542556355263
1.0
0.503479409039
0.542556355263
1.0
0.503899636849
0.540949503172
1.0
0.504358336013
0.540984428558
1.0
0.504781256419
0.539637340991
1.0
0.504871412229
0.538217325108
1.0
0.505158608257
0.537032490203
1.0
0.50600759261
0.536397278489
1.0
0.50630123329
0.534493585079
1.0
0.50630123329
0.534493585079
1.0
0.506994573305
0.533870302329
1.0
0.507431557285
0.532231656013
1.0
0.507563373782
0.531239792902
1.0
0.508029181617
0.529663416384
1.0
0.50856517367
0.528447077885
1.0
0.509011171683
0.52638054059
1.0
0.509004449904
0.525767234319
1.0
0.50941310425
0.524107189979
0.992530168828
0.510804364249
0.524123555167
0.992530168828
0.510804364249
0.524123555167
0.992530168828
0.510877975194
0.522968619402
1.0
0.510466035894
0.520828943559
1.0
0.510930478845
0.519077857485
1.0
0.511485068015
0.518144347793
1.0
0.511985630197
0.516383820013
1.0
0.51210980105
0.515217625736
1.0
0.51210980105
0.515217625736
1.0
0.512183443188
0.513918332736
1.0
0.512336074832
0.513021298633
1.0
0.512643475797
0.511994476025
1.0
0.513584906879
0.51164097714
1.0
0.513851795947
0.510351183427
1.0
0.514060022116
0.509765080941
1.0
0.514338090939
0.508138760234
1.0
0.514494264843
0.506608948624
1.0
0.514593562813
0.505381835565
1.0
0.514593562813
0.505381835565
1.0
0.515078214839
0.505662299583
1.0
0.515364249871
0.504370572909
1.0
0.515762465334
0.50340319557
1.0
0.516142705986
0.502296945764
1.0
0.51709025007
0.502266749865
1.0
0.517399760593
0.500927527802
1.0
0.516823982582
0.499998901134
1.0
0.516841812632
0.499173354156
0.979226955019
0.517751063032
0.49845843663
0.979226955019
0.517751063032
0.49845843663
0.979226955019
0.518070580224
0.497194585062
1.0
0.518098947002
0.497053755403
1.0
0.518296109513
0.496280734683
1.0
0.518630129445
0.495242761651
1.0
0.518795258091
0.494117046176
1.0
0.522369046664
0.494367726379
1.0
0.52264043178
0.493678356182
1.0
0.52264043178
0.493678356182
0.99
0.531457260538
0.491519351496
0.99
0.531645517941
0.49090004709
1.0
0.534109257239
0.492782608583
1.0
0.534377427322
0.491514533253
1.0
0.533905220279
0.489904834327
1.0
0.534603743444
0.487212494394
1.0
0.534596082226
0.484755759429
1.0
0.534596082226
0.484755759429
1.0
0.537566403173
0.476195972737
1.0
0.536942169067
0.476056755614
1.0
0.539342718918
0.466423386827
1.0
0.53962304976
0.465758553266
1.0
0.540000024842
0.465425413535
1.0
0.540156823276
0.464607529096
1.0
0.540934980059
0.461279411819
1.0
0.540934980059
0.461279411819
1.0
0.540992627318
0.46115741883
1.0
0.541418745436
0.4591593129
1.0
0.541325159262
0.458612314989
1.0
0.54151232255
0.458207752424
1.0
0.542024076914
0.459315445124
1.0
0.542175142499
0.458944989436
1.0
0.542413620105
0.457589632728
1.0
0.542413620105
0.457589632728
1.0
0.542471065398
0.456461386061
1.0
0.542337016973
0.456520234351
1.0
0.542407317985
0.456331758676
1.0
0.543124369406
0.456444421811
1.0
0.543360471167
0.455620133492
1.0
0.542817080244
0.454330447117
1.0
0.542854814828
0.454158915441
1.0
0.544227871443
0.456032107658
1.0
0.544435796568
0.455410923553
1.0
0.544582368306
0.454854805725
1.0
0.544582368306
0.454854805725
1.0
0.544694727826
0.454167868191
1.0
0.545404870693
0.454006192852
1.0
0.54564649966
0.453858310936
1.0
0.545774396451
0.453925739267
1.0
0.54602306128
0.453320600838
1.0
0.546455443514
0.453537887698
1.0
0.546551879061
0.452935586463
1.0
0.546551879061
0.452935586463
1.0
0.546415332525
0.452778507394
1.0
0.546526477462
0.452855598035
1.0
0.547275264871
0.4529518712
1.0
0.547433227176
0.452137473012
1.0
0.547389522042
0.451760827973
1.0
0.547629289453
0.451741417855
1.0
0.54808361713
0.453570968094
1.0
0.54808361713
0.453570968094
1.0
0.548256909561
0.45307430867
1.0
0.548202049572
0.45173494474
1.0
0.548344237716
0.451439087851
1.0
0.548719054093
0.452507879406
1.0
0.548841663419
0.452183417238
1.0
0.548836436463
0.451506650168
1.0
0.549042621702
0.45074017515
1.0
0.549445489684
0.451556875259
1.0
0.549720999161
0.451281025915
1.0
0.549720999161
0.451281025915
1.0
0.549340403485
0.450590216045
1.0
0.549431072864
0.450556512325
1.0
0.549893467074
0.450758493241
1.0
0.550040226586
0.45037993024
1.0
0.550173605461
0.449713268166
1.0
0.550079272565
0.449806334766
1.0
0.549877360784
0.448984768645
1.0
0.549877360784
0.448984768645
1.0
0.549889356791
0.449082481379
1.0
0.550004703856
0.450529255101
1.0
0.550303968602
0.449677272251
1.0
0.550078681981
0.449530586006
1.0
0.549924644761
0.449425994117
1.0
0.550356729132
0.449013709681
1.0
0.550501877155
0.448789182034
1.0
0.550024120747
0.447567323314
1.0
0.550024120747
0.447567323314
1.0
0.550038560904
0.44725676274
1.0
0.550289961143
0.44783324143
1.0
0.550356109715
0.448004654678
1.0
0.550224125055
0.448647430103
1.0
0.550024139195
0.448703405177
1.0
0.550031152653
0.448750325769
1.0
0.550274963967
0.448692181677
1.0
0.55018812343
0.448189732855
1.0
0.550108504131
0.447724425893
1.0
0.550108504131
0.447724425893
1.0
0.549411522123
0.446462454397
1.0
0.549394549408
0.446640417571
1.0
0.549184867756
0.446821752619
1.0
0.549098749716
0.44675763444
1.0
0.549662853991
0.447204510716
1.0
0.549681006848
0.446994968772
1.0
0.549484634494
0.447384519497
1.0
0.54946573615
0.44762960423
1.0
0.54946573615
0.44762960423
1.0
0.549359560089
0.446654153373
1.0
0.549348993991
0.446773966418
1.0
0.549199584634
0.446393795458
1.0
0.54931172098
0.44611479402
1.0
0.549219632328
0.445550260123
1.0
0.549050877098
0.445601486792
1.0
0.549807080386
0.447065521151
1.0
0.549946408924
0.446542100292
1.0
0.549946408924
0.446542100292
1.0
0.549697954424
0.446510802125
1.0
0.549666626169
0.446507235502
1.0
0.550114389222
0.447022703388
1.0
0.55015798611
0.446980250197
1.0
0.550038508163
0.446366918425
1.0
0.550044205475
0.446391606742
1.0
0.550149045587
0.445710646082
1.0
0.550143054524
0.445582134153
1.0
0.550143054524
0.445582134153
1.0
0.550158912429
0.444876600678
1.0
0.550325274262
0.444368130654
1.0
0.550537351724
0.444396241991
1.0
0.550389111629
0.444596190623
1.0
0.550426392988
0.444815133971
1.0
0.550436960998
0.444646529862
1.0
0.550569607699
0.443803756666
1.0
0.55065630399
0.443474449371
1.0
0.55065630399
0.443474449371
1.0
0.550514980508
0.443741771924
1.0
0.550423630605
0.443488340626
1.0
0.551162602595
0.444792856271
1.0
0.551293594149
0.444803285531
1.0
0.551559236055
0.445505884999
1.0
0.551638728851
0.4449336752
1.0
0.551581063605
0.444108158139
1.0
0.551668108995
0.44421200754
1.0
0.551668108995
0.44421200754
1.0
0.551914817062
0.444451548423
1.0
0.552010829917
0.443819755402
1.0
0.552091699142
0.442938756706
1.0
0.552022714925
0.442890674489
1.0
0.552413725179
0.442664638466
1.0
0.552635484298
0.442249076834
1.0
0.55303468309
0.44195013865
1.0
0.553133655294
0.441312577534
1.0
0.553133655294
0.441312577534
1.0
0.552970201247
0.441236385029
1.0
0.552890631566
0.441159802126
1.0
0.553088125293
0.440937986605
1.0
0.553365518503
0.439828297951
1.0
0.554083578251
0.441143368722
1.0
0.554358406036
0.441003042288
1.0
0.554343417006
0.441004895703
1.0
0.554343417006
0.441004895703
1.0
0.554612751434
0.439907530259
1.0
0.555098400597
0.43924790087
1.0
0.555271981126
0.438581913925
1.0
0.554854521467
0.437358399348
1.0
0.555032269545
0.436949374089
1.0
0.555222648942
0.436934361963
1.0
0.555365592286
0.436320805419
1.0
0.555830957914
0.436199445572
1.0
0.556178197067
0.435041099657
1.0
0.556178197067
0.435041099657
1.0
0.556784333284
0.434266851963
1.0
0.557202630228
0.432949166583
1.0
0.557324361148
0.43315614899
1.0
0.557482577847
0.432378109291
1.0
0.558015741917
0.431483328798
1.0
0.558288536329
0.430273594253
1.0
0.558350361875
0.430317445229
1.0
0.55862500684
0.429384859778
1.0
0.55862500684
0.429384859778
1.0
0.5589707861
0.429479901821
1.0
0.559257247657
0.428718423466
1.0
0.559628665155
0.428373223121
1.0
0.55995891849
0.427190347251
1.0
0.559849542563
0.427018119505
1.0
0.56027572268
0.426013307891
1.0
0.560385181672
0.424823767432
1.0
0.560595685102
0.424245747095
1.0
0.560595685102
0.424245747095
1.0
0.56077441554
0.424751271643
1.0
0.561136966578
0.424209517334
1.0
0.560893382984
0.422965101373
1.0
0.561192348614
0.421711292377
1.0
0.561388185385
0.422363485023
1.0
0.561575057499
0.422210846076
1.0
0.562002790615
0.423164635171
1.0
0.56238030217
0.421948223686
1.0
0.56238030217
0.421948223686
1.0
0.562341693915
0.421644322711
1.0
0.562475245144
0.421538360627
1.0
0.562497778911
0.420058821444
1.0
0.562908964307
0.419201148577
1.0
0.563074740006
0.419903359537
1.0
0.563308916551
0.418823285623
1.0
0.562828567616
0.417140323543
1.0
0.562828567616
0.417140323543
1.0
0.562983622479
0.416838697922
1.0
0.563524799378
0.417058152684
1.0
0.563724477686
0.416188926648
1.0
0.56418897839
0.417108869957
1.0
0.564347296049
0.416218672335
1.0
0.564606928212
0.416551215997
1.0
0.564661430441
0.415852394289
1.0
0.564535718508
0.414608079201
1.0
0.564962326033
0.413570634451
1.0
0.564962326033
0.413570634451
1.0
0.565363344988
0.414618454976
1.0
0.565441030846
0.414186756787
1.0
0.565051595139
0.413943902965
1.0
0.565111931987
0.413792836275
1.0
0.565016937619
0.41394465397
1.0
0.565325782533
0.412326595136
1.0
0.565264449934
0.41050109188
1.0
0.565264449934
0.41050109188
1.0
0.565179725544
0.41057224125
1.0
0.565167491353
0.410358085496
1.0
0.565259988449
0.41006223454
1.0
0.565006689813
0.409646822868
1.0
0.565100190921
0.408548840765
1.0
0.564908608575
0.407655364076
1.0
0.565019992631
0.40749055449
1.0
0.565050257161
0.407594913632
1.0
0.565050257161
0.407594913632
1.0
0.564995618886
0.40715218266
1.0
0.564619438997
0.405497119151
1.0
0.564780654673
0.405318923224
1.0
0.564716608851
0.405130580902
1.0
0.564750331495
0.404483927352
1.0
0.564980524618
0.404642096873
1.0
0.56516093062
0.403809985816
1.0
0.564596930898
0.402139539036
1.0
0.564596930898
0.402139539036
1.0
0.564572220939
0.40177886
1.0
0.564474502561
0.40185959256
1.0
0.564407343448
0.402307153236
1.0
0.564294417847
0.401134822271
1.0
0.564291967224
0.40060726589
1.0
0.564389956357
0.400930021692
1.0
0.56434150933
0.400663355073
1.0
0.564306079088
0.400945628368
1.0
0.564306079088
0.400945628368
1.0
0.564216598239
0.400582401919
1.0
0.564243790169
0.40022856268
1.0
0.564167778027
0.4004169596
1.0
0.564202822073
0.400576869656
1.0
0.563990578612
0.400465668345
1.0
0.564209263878
0.400005471552
1.0
0.564151441881
0.399726077927
1.0
0.564319346302
0.39899505524
1.0
0.564193169323
0.398750535377
1.0
0.564193169323
0.398750535377
1.0
0.563362107904
0.399468456633
1.0
0.563108374697
0.399560412258
1.0
0.558758968731
0.403467854874
1.0
0.558548884053
0.403495710257
0.99
0.550255105932
0.412656036139
0.99
0.550150266427
0.41256127466
1.0
0.544121861822
0.414880899483
1.0
0.544121861822
0.414880899483
1.0
0.543624320778
0.415651985907
0.936677732642
0.535858847117
0.419063338323
0.936677732642
0.533092967753
0.426964279012
0.909857744014
0.528778091925
0.430356338165
0.909857744014
0.52205623751
0.453502051425
0.886366255205
0.51876140753
0.456516259739
0.886366255205
0.512440769159
0.476474458062
0.966378430329
0.508748499539
0.47504834926
0.966378430329
0.508748499539
0.47504834926
0.966378430329
0.503640761816
0.489510565944
0.99
0.501085512299
0.49036054748
0.994905482284
0.497874990626
0.498754419561
1.0
0.497780274565
0.497338796537
0.99
0.492802052952
0.513037761384
0.99
0.492819880871
0.51174371776
1.0
0.490626887065
0.520298706401
0.996103451187
0.490954122224
0.52115688772
0.996103451187
0.490954122224
0.52115688772
0.996103451187
0.489254633359
0.527556146863
1.0
0.489080000207
0.526495237042
1.0
0.489369821995
0.524639475335
1.0
0.489518786331
0.523970947129
1.0
0.48971290005
0.52227778835
1.0
0.489827090852
0.521203480365
1.0
0.489894736028
0.520690618966
1.0
0.490073088025
0.520643767571
1.0
0.490073088025
0.520643767571
1.0
0.490034361617
0.520515675262
1.0
0.490438295582
0.520406080776
1.0
0.490633269651
0.519864491704
1.0
0.490782374936
0.519914486585
1.0
0.490989535608
0.519406419544
1.0
0.49073947037
0.518698442371
1.0
0.490804390436
0.517966514664
1.0
0.490958207994
0.51817946192
1.0
0.491167752049
0.517844765655
1.0
0.491167752049
0.517844765655
1.0
0.4909166984
0.517210283616
1.0
0.490907081815
0.516854876531
1.0
0.491293743034
0.516379814073
1.0
0.491595129745
0.515527675013
1.0
0.492026611294
0.515844560373
1.0
0.492165394019
0.515729707723
1.0
0.491638179102
0.515203342419
1.0
0.491638179102
0.515203342419
1.0
0.49173722976
0.514732936193
1.0
0.492379807073
0.514249891539
1.0
0.492501415729
0.514182921786
1.0
0.49245895049
0.514954199523
1.0
0.492675312892
0.514267113154
1.0
0.492198233699
0.513584321393
1.0
0.492427179271
0.513410624503
1.0
0.493108436451
0.513444184531
1.0
0.493108436451
0.513444184531
1.0
0.493164408317
0.51301575038
1.0
0.493906913849
0.513065667002
1.0
0.494166163329
0.512419026897
1.0
0.494089899588
0.51223181227
1.0
0.494367322487
0.511208362797
1.0
0.49482563501
0.511297842358
1.0
0.495165784317
0.510805610911
1.0
0.4954101703
0.510647671641
1.0
0.4954101703
0.510647671641
1.0
0.49569168891
0.510044244961
1.0
0.495979701944
0.509791277933
1.0
0.496321635603
0.509336036354
1.0
0.49673411141
0.509624910683
1.0
0.496824463819
0.508686306383
1.0
0.496975720453
0.509097865583
1.0
0.497401741637
0.50869512087
1.0
0.497667085324
0.508721927987
1.0
0.497667085324
0.508721927987
1.0
0.497887349447
0.508161070552
1.0
0.497531040704
0.507105854526
1.0
0.497747004346
0.506693710571
1.0
0.498155795138
0.506957162843
1.0
0.4983502574
0.506707431337
1.0
0.498395613646
0.506059669071
1.0
0.498785111456
0.505316994219
1.0
0.502673078678
0.506481410144
1.0
0.502673078678
0.506481410144
1.0
0.50280716021
0.506006208686
1.0
0.51160681613
0.509802611008
1.0
0.511874976958
0.509297455937
1.0
0.519664865135
0.515109161755
1.0
0.51998696872
0.514293461449
1.0
0.521693699149
0.514945600117
1.0
0.522481544167
0.512972122577
1.0
0.521609522816
0.512407464473
1.0
0.521609522816
0.512407464473
1.0
0.525144361927
0.504671812042
1.0
0.525240861173
0.504510637129
1.0
0.527656054395
0.499111090611
1.0
0.527153956822
0.498550589537
0.972063409523
0.527997058647
0.496339019529
0.972063409523
0.527522568533
0.495600737333
1.0
0.527428466868
0.495341916177
1.0
0.527680210576
0.49571398413
1.0
0.527680210576
0.49571398413
0.921327857301
0.528268026316
0.49437591861
0.921327857301
0.528086262267
0.493526628898
1.0
0.527812288018
0.493139958095
1.0
0.527820179415
0.493669729784
0.938530044722
0.527869531189
0.493683822677
0.938530044722
0.527241361871
0.492859576463
0.988315394938
0.527210876129
0.493063647314
0.988315394938
0.526817164513
0.493986922068
0.988315394938
0.526817164513
0.493986922068
1.0
0.526754583463
0.494062811872
1.0
0.526798031924
0.494177619004
1.0
0.526725762532
0.494493293422
1.0
0.526360449194
0.494365787449
0.969645240351
0.526818196734
0.493952564308
0.969645240351
0.527497469163
0.493752799223
1.0
0.526966152689
0.494622750926
1.0
0.526625283663
0.494848895198
1.0
0.526625283663
0.494848895198
0.979305638543
0.526390860485
0.49541284968
0.979305638543
0.526081944068
0.495809840993
0.955038789639
0.526133849727
0.495920269539
0.955038789639
0.526419533424
0.495534517288
0.979535875812
0.526791010029
0.49506818294
0.979535875812
0.527074845922
0.495507239289
1.0
0.527245253403
0.494595521139
1.0
0.527385703433
0.495348954132
1.0
0.527385703433
0.495348954132
0.994536732847
0.526971158576
0.496171145248
0.994536732847
0.527015579714
0.496061984141
0.996522085965
0.527230105338
0.49629391781
0.996522085965
0.527544416797
0.497134808849
1.0
0.527443287626
0.497497207647
1.0
0.527754135361
0.497749942789
0.982769917605
0.52749894457
0.498406917913
0.982769917605
0.527675504916
0.498753459867
0.982769917605
0.527675504916
0.498753459867
1.0
0.52785265411
0.498517550598
1.0
0.52850367801
0.498050558712
1.0
0.528337119232
0.498486252448
1.0
0.524328076446
0.491495190685
1.0
0.523982710011
0.491871347491
0.99
0.512913968797
0.47389223929
0.99
0.513143230737
0.473731058043
0.829206346732
0.51212463823
0.469358519977
0.829206346732
0.51212463823
0.469358519977
0.829206346732
0.512078742281
0.469499898222
0.99
0.493988066022
0.448814200088
0.99
0.493964298541
0.446986686705
1.0
0.488336855744
0.441124667553
1.0
0.486283426749
0.438884009778
1.0
0.483080657692
0.434851632953
0.99
0.475983223078
0.436837138233
0.99
0.476241335405
0.436779553743
0.99
0.476241335405
0.436779553743
0.99
0.470422001104
0.441477137438
0.99
0.470856471226
0.441527636259
0.99
0.466459522804
0.446075890965
0.99
0.466654077124
0.445998634457
1.0
0.464350307829
0.448443198721
1.0
0.464482761771
0.449352015815
1.0
0.46394202919
0.450596269842
1.0
0.464170830884
0.450784481077
1.0
0.464170830884
0.450784481077
1.0
0.463945862393
0.451078167547
1.0
0.464011178665
0.451319984487
1.0
0.463768804654
0.452092604941
1.0
0.463468579947
0.452286443908
1.0
0.463285683266
0.452939091991
1.0
0.463885736295
0.453625086154
1.0
0.463744140401
0.453777935778
1.0
0.463940116121
0.454000072098
1.0
0.463940116121
0.454000072098
1.0
0.463733717625
0.454663543923
1.0
0.463443454754
0.454716270695
1.0
0.463479745578
0.454969924622
1.0
0.463718039801
0.455002852194
1.0
0.463653113673
0.455114756195
1.0
0.464374118645
0.455555635732
1.0
0.464397395925
0.455656988263
1.0
0.464170281622
0.455766568643
1.0
0.464219408333
0.456050668585
1.0
0.464219408333
0.456050668585
1.0
0.464868386358
0.45697929683
1.0
0.46487511777
0.457092833721
1.0
0.464713002101
0.45706631595
1.0
0.464804250299
0.457401758768
1.0
0.465394538962
0.457697852868
1.0
0.465481267977
0.457396460755
1.0
0.465604229216
0.457585319043
1.0
0.465604229216
0.457585319043
1.0
0.465633877267
0.457369792075
1.0
0.465538662435
0.45727433206
1.0
0.465542015296
0.457645855443
1.0
0.466256487279
0.458241085544
1.0
0.466380016351
0.458332268665
1.0
0.466093757288
0.458818926426
1.0
0.466220792756
0.458898483916
1.0
0.466875299474
0.459138328462
1.0
0.466875299474
0.459138328462
1.0
0.466965522307
0.459443170828
1.0
0.466851882158
0.459295792897
1.0
0.466972605368
0.458985014229
1.0
0.467497973232
0.45926280582
1.0
0.467666103844
0.458962703127
1.0
0.467597080671
0.459049498068
1.0
0.467725031121
0.458751713188
1.0
0.467637291612
0.459037675122
1.0
0.467637291612
0.459037675122
1.0
0.467715683596
0.459304104682
1.0
0.468314625379
0.460043146301
1.0
0.468418052497
0.459794041342
1.0
0.468768419999
0.459583046169
1.0
0.468883223034
0.459448262248
1.0
0.469011520627
0.459462570061
1.0
0.468973661025
0.459935129802
1.0
0.46876833086
0.459662535089
1.0
0.46876833086
0.459662535089
1.0
0.468877433906
0.458993333318
1.0
0.469364469322
0.459184900333
1.0
0.469462003696
0.459446297514
1.0
0.469160684007
0.459213971096
1.0
0.469246749731
0.459263109816
1.0
0.469346873673
0.459560757136
1.0
0.4694263755
0.459546013521
1.0
0.4694263755
0.459546013521
1.0
0.469479677255
0.459782531634
1.0
0.46943652556
0.459834518233
1.0
0.469385058039
0.458892111812
1.0
0.469318419312
0.458855873035
1.0
0.469501425637
0.459472431565
1.0
0.469697032922
0.459532978175
1.0
0.469969660869
0.46005207861
1.0
0.469932010139
0.459732211418
1.0
0.470207917912
0.460049234949
1.0
0.470207917912
0.460049234949
1.0
0.470298246101
0.459996496385
1.0
0.469865329817
0.459757046178
1.0
0.469929657038
0.459890745711
1.0
0.470667414062
0.460424477509
1.0
0.470622433837
0.460275695136
1.0
0.471045271522
0.460004817561
1.0
0.471080766687
0.459997873425
1.0
0.470676716788
0.45965143984
1.0
0.470676716788
0.45965143984
1.0
0.470642365132
0.459686764222
1.0
0.470780562693
0.459925216564
1.0
0.470947859804
0.459370704334
1.0
0.471244360644
0.459294817307
1.0
0.471128030351
0.459718896237
1.0
0.471153217389
0.459827255839
1.0
0.471144348858
0.459494377427
1.0
0.471325725988
0.459125817991
1.0
0.471325725988
0.459125817991
1.0
0.47139905911
0.45889102657
1.0
0.471316803371
0.458907506104
1.0
0.47139902653
0.458861299526
1.0
0.471679616975
0.458477630415
1.0
0.471706333725
0.458206460694
1.0
0.471721670039
0.45797778201
1.0
0.471609880358
0.457585552715
1.0
0.471345774615
0.457636654622
1.0
0.471345774615
0.457636654622
1.0
0.471539051358
0.45741206753
1.0
0.47090793113
0.456934965092
1.0
0.470842845977
0.457145133269
1.0
0.471078875531
0.458080984618
1.0
0.471182496861
0.457535166857
1.0
0.470920913033
0.456950487862
1.0
0.47088727693
0.457092405965
1.0
0.470510254031
0.456682972233
1.0
0.470510254031
0.456682972233
1.0
0.47039779947
0.456774343852
1.0
0.471003539184
0.457935001511
1.0
0.470852264722
0.458349861212
1.0
0.470568854076
0.458328665388
1.0
0.470593671112
0.458477247542
1.0
0.471139827893
0.458710535226
1.0
0.471150235893
0.458757917999
1.0
0.470343105427
0.458000949203
1.0
0.470343105427
0.458000949203
1.0
0.470234794563
0.458474232839
1.0
0.47039232142
0.457613591406
1.0
0.470453669361
0.457255536523
1.0
0.469883686652
0.456999663664
1.0
0.469878523161
0.457020494806
1.0
0.470309855249
0.456977859772
1.0
0.470431109825
0.456802992045
1.0
0.469788663741
0.45691297514
1.0
0.469788663741
0.45691297514
1.0
0.469746582507
0.456487715545
1.0
0.469951339733
0.456872416502
1.0
0.469955937928
0.45721515758
1.0
0.469799189473
0.457464598817
1.0
0.469789271846
0.45733492103
1.0
0.469746539793
0.457349803932
1.0
0.469751323228
0.457702122241
1.0
0.469481713229
0.457518018761
1.0
0.469481713229
0.457518018761
1.0
0.469376864519
0.457746769329
1.0
0.46888306606
0.457622578263
1.0
0.468800505638
0.457816156647
1.0
0.46922453207
0.458779185005
1.0
0.46918934301
0.45895324945
1.0
0.469127490814
0.458400750364
1.0
0.469076990421
0.458395782254
1.0
0.469161478152
0.458485669691
1.0
0.469161478152
0.458485669691
1.0
0.469142544615
0.459091598143
1.0
0.468412860667
0.458907124549
1.0
0.468433541774
0.458839227877
1.0
0.468624689759
0.458866523093
1.0
0.46868321487
0.458969739886
1.0
0.468195606268
0.45827439286
1.0
0.468195606268
0.45827439286
1.0
0.468080568117
0.458656940338
1.0
0.467569419798
0.458234907879
1.0
0.467521005815
0.458693130993
1.0
0.467852079443
0.459350222764
1.0
0.46787833588
0.458814380834
1.0
0.46701570968
0.458396880258
1.0
0.466895968845
0.458754493703
1.0
0.466324782387
0.458459072351
1.0
0.466209029411
0.458852388441
1.0
0.46626199768
0.459291851369
1.0
0.46626199768
0.459291851369
1.0
0.4660583416
0.459609804457
1.0
0.465664376112
0.459974964597
1.0
0.465596631099
0.460334578325
1.0
0.466047438567
0.460292344078
1.0
0.465671951418
0.461104926377
1.0
0.465529166708
0.460375445777
1.0
0.465312286259
0.46075092969
1.0
0.465341459338
0.460818520775
1.0
0.465341459338
0.460818520775
1.0
0.465166116811
0.461445099815
1.0
0.46538606733
0.461155902419
1.0
0.465417764771
0.460951648343
1.0
0.464977875313
0.460683998572
1.0
0.46507242957
0.460247730036
1.0
0.46518169311
0.460035975058
1.0
0.465228531736
0.460311622828
1.0
0.4649973382
0.460300839606
1.0
0.4649973382
0.460300839606
1.0
0.465072145243
0.459927750095
1.0
0.465054748807
0.45978390448
1.0
0.465087099871
0.45944675698
1.0
0.464323315956
0.459370911894
1.0
0.464338358854
0.459219826521
1.0
0.464374610634
0.458919854707
1.0
0.464279997496
0.459287485434
1.0
0.464137237446
0.459645433746
1.0
0.464137237446
0.459645433746
1.0
0.464021148826
0.459935004511
1.0
0.464586373469
0.460406816739
1.0
0.464483298083
0.460797319223
1.0
0.463906465161
0.460431596108
1.0
0.46376550519
0.460914528813
1.0
0.464045411913
0.460286723625
1.0
0.463976729791
0.460207923703
1.0
0.464413832655
0.460278119613
1.0
0.464413832655
0.460278119613
1.0
0.464412691178
0.460012096119
1.0
0.46415583173
0.46000640012
1.0
0.464014579322
0.460170817664
1.0
0.464756156326
0.46004189435
1.0
0.464887692746
0.459441105272
1.0
0.464589716658
0.459539255318
1.0
0.464751861587
0.459139883137
1.0
0.464751861587
0.459139883137
1.0
0.464627136387
0.458706374293
1.0
0.464741223687
0.458286120144
1.0
0.46499193008
0.459258937889
1.0
0.465210115541
0.458404047385
1.0
0.46505875265
0.457696164853
1.0
0.465119837913
0.457669511215
1.0
0.465105073085
0.458635694882
1.0
0.465215625529
0.458697893151
1.0
0.465149870971
0.458238606456
1.0
0.465149870971
0.458238606456
1.0
0.465075579428
0.458535006506
1.0
0.464500363392
0.458082875213
1.0
0.464455506364
0.458817057111
1.0
0.464420724961
0.459571555789
1.0
0.464228448229
0.459999658406
1.0
0.464111920296
0.459985652063
1.0
0.46401462698
0.460515314257
1.0
0.463730496902
0.459814322192
1.0
0.463730496902
0.459814322192
1.0
0.463617493885
0.459899913887
1.0
0.463906980774
0.459959865769
1.0
0.463865762608
0.460084451383
1.0
0.463281572677
0.459762590529
1.0
0.463321304098
0.459714384777
1.0
0.46371824078
0.45954730038
1.0
0.463758755151
0.459585075574
1.0
0.463854258667
0.460226499626
1.0
0.463854258667
0.460226499626
1.0
0.463843610305
0.460320560625
1.0
0.463313771195
0.460213055012
1.0
0.46333692822
0.460299672871
1.0
0.462195278488
0.459153623728
1.0
0.462211630512
0.459235651093
1.0
0.462181635587
0.459316666653
1.0
0.462225567855
0.459362633278
1.0
0.462225567855
0.459362633278
1.0
0.461424516153
0.458790922432
1.0
0.461280643297
0.459219927178
1.0
0.460382839708
0.458730616792
1.0
0.4600833683
0.459928821271
1.0
0.459406477192
0.459267065093
1.0
0.459247956336
0.459463742327
1.0
0.458379628967
0.459503164444
1.0
0.458379628967
0.459503164444
1.0
0.458019138693
0.460644867783
1.0
0.45749876582
0.459885077327
1.0
0.457157765674
0.460381503587
1.0
0.456371320819
0.45968521134
1.0
0.456060667287
0.460506263051
1.0
0.456073914607
0.460338877565
1.0
0.455872345321
0.460465815502
1.0
0.4554412728
0.459835763408
1.0
0.455113351235
0.46010148229
1.0
0.455038671785
0.459736236492
1.0
0.455038671785
0.459736236492
1.0
0.454880680068
0.459747224062
1.0
0.45490107765
0.459392601416
1.0
0.454789510605
0.459642672671
1.0
0.455078322863
0.460092701054
1.0
0.454942199951
0.459807200507
1.0
0.455076875588
0.459452260665
1.0
0.45514446359
0.459290028901
1.0
0.454833988942
0.459025222645
1.0
0.454833988942
0.459025222645
1.0
0.454841496243
0.45862204988
1.0
0.454087149239
0.460035274486
1.0
0.454193866976
0.459497619129
1.0
0.451870205702
0.462340360129
1.0
0.45184619385
0.462431677387
1.0
0.451370495795
0.465580917883
1.0
0.451384862332
0.465962681279
1.0
0.451384862332
0.465962681279
1.0
0.450790234942
0.469268538327
1.0
0.450699283567
0.469455335287
1.0
0.450533139485
0.46975841844
1.0
0.449325233325
0.475173285019
1.0
0.448699172161
0.474365081804
1.0
0.447821045972
0.479795372235
1.0
0.448480899064
0.479405719908
1.0
0.448341170998
0.482912470225
1.0
0.448225442616
0.483587249185
1.0
0.448225442616
0.483587249185
1.0
0.448218620696
0.485457135961
1.0
0.448280661317
0.485450523416
1.0
0.448515234393
0.484104324046
1.0
0.448471693817
0.483680858406
1.0
0.44847272558
0.483339412799
1.0
0.44838766279
0.48325604991
1.0
0.44838766279
0.48325604991
1.0
0.448374335481
0.483144832822
1.0
0.448566359018
0.483349414924
1.0
0.448646363195
0.483490479547
1.0
0.449136291471
0.483955803874
1.0
0.449092909031
0.484043491887
1.0
0.449005897329
0.483399578959
1.0
0.44906330439
0.483243057631
1.0
0.449497087472
0.483895453893
1.0
0.449585500952
0.483762475333
1.0
0.449539986401
0.483367660677
1.0
0.449539986401
0.483367660677
1.0
0.44952888504
0.483276946505
1.0
0.450668338795
0.483927039445
1.0
0.450871626893
0.483588718132
1.0
0.45086051175
0.483591242147
1.0
0.450947409022
0.483542646968
