0.932269806197
0.47781613892
0.598395327257
0.932269806197
0.478496205662
0.599531505162
0.994836480208
0.478774805744
0.600352642021
0.993400456658
0.478382295049
0.598501608603
0.982357166576
0.47811312444
0.598572820956
0.982357166576
0.478970350757
0.599475486569
1.0
0.479271412066
0.599256649972
0.938683109064
0.479091195288
0.599227025992
0.938683109064
0.479091195288
0.599227025992
0.78912132386
0.525585545831
0.600363634812
0.78912132386
0.525711695167
0.600049595741
0.78912132386
0.525711695167
0.600049595741
0.78912132386
0.589054867462
0.526394334041
0.78912132386
0.589054867462
0.526394334041
0.78912132386
0.589054867462
0.526394334041
0.78912132386
0.589054867462
0.526394334041
0.99
0.588848620984
0.486225769627
0.99
0.588848620984
0.486225769627
0.934185075724
0.594590960738
0.505600333662
0.825904139199
0.565212621854
0.476755507279
0.825904139199
0.565212621854
0.476755507279
0.825904139199
0.568712966009
0.477056216913
0.825904139199
0.571214431206
0.479397010234
0.825904139199
0.572271026857
0.479164825062
0.825904139199
0.572271026857
0.479164825062
0.825904139199
0.573743865371
0.478888662228
0.825904139199
0.574762251827
0.480469103183
0.825904139199
0.576749329707
0.475307593597
0.825904139199
0.5787365269
0.473757095228
0.825904139199
0.5787365269
0.473757095228
0.825904139199
0.580719121743
0.473218228602
0.825904139199
0.579326071155
0.479068982034
0.825904139199
0.493951089272
0.529266719242
0.99
0.449402082827
0.501539542862
0.99
0.442027624976
0.523138269852
0.99
0.412951293313
0.518031384119
0.99
0.412951293313
0.518031384119
0.99
0.412624586075
0.523435007258
0.9736106334
0.411114452699
0.521452376952
1.0
0.41172994518
0.521250570559
1.0
0.41172994518
0.521250570559
1.0
0.41172994518
0.521250570559
1.0
0.41415648083
0.536704379649
0.99
0.345476610661
0.424429850172
0.99
0.345476610661
0.424429850172
1.0
0.341703486601
0.430190227409
1.0
0.341703486601
0.430190227409
1.0
0.341703486601
0.430190227409
1.0
0.341832359559
0.43355298307
1.0
0.341832359559
0.43355298307
1.0
0.341832359559
0.43355298307
1.0
0.341897262133
0.440136356257
1.0
0.341897262133
0.440136356257
1.0
0.341897262133
0.440136356257
1.0
0.341897262133
0.440136356257
1.0
0.341897262133
0.440136356257
1.0
0.341897262133
0.440136356257
1.0
0.341897262133
0.440136356257
1.0
0.342874089772
0.445776600969
1.0
0.342840165269
0.44895245001
1.0
0.342840165269
0.44895245001
0.979667426775
0.343557286174
0.455803114896
1.0
0.344727646945
0.457851215726
1.0
0.346671962873
0.464597030986
1.0
0.346381260253
0.469135167449
1.0
0.346381260253
0.469135167449
1.0
0.347379031873
0.468122640159
1.0
0.346896718114
0.466636472501
0.99
0.398738554815
0.46073512333
0.903425976559
0.460154495107
0.66554209266
0.914894233466
0.489164170546
0.52815409322
0.942779327947
0.49576215085
0.530135469405
0.942779327947
0.49576215085
0.530135469405
0.883145641581
0.563988586777
0.585343936652
0.883145641581
0.563988586777
0.585343936652
0.907433547235
0.607455200338
0.627808659532
0.907433547235
0.606661167059
0.64078822749
0.861319280545
0.605378685563
0.644074814305
0.861319280545
0.606050519239
0.643081110141
0.8746509113
0.605153813905
0.641697460946
0.8746509113
0.605653956414
0.640390743294
0.943871261253
0.605595929809
0.642566161266
0.943871261253
0.605595929809
0.642566161266
0.974463504255
0.605621361665
0.643055824989
0.974463504255
0.605785899763
0.64337725866
0.930187201312
0.606195961033
0.646745034917
0.86205962764
0.605774651671
0.646201768078
0.86205962764
0.605053566481
0.637449319926
0.892191068621
0.604675005256
0.635289923634
0.892191068621
0.604675005256
0.635289923634
0.892191068621
0.605085907324
0.633457157184
0.862103776708
0.604454664787
0.633758929902
0.866634772142
0.604344671429
0.631900565468
0.955368655806
0.60278748871
0.629624559653
0.955368655806
0.603141083157
0.627947232695
0.955368655806
0.603274387231
0.627649288503
0.955368655806
0.603274387231
0.627649288503
0.911795052328
0.603445416312
0.626488682147
0.911795052328
0.603902942654
0.628531939267
0.952524282821
0.60434002168
0.629126207628
0.869305739125
0.604903354452
0.628710933623
0.869305739125
0.604903354452
0.628710933623
0.869305739125
0.605086677093
0.627270124879
0.895161452523
0.604368719679
0.624230177325
0.895161452523
0.604326137866
0.620775163982
0.895161452523
0.603383422758
0.620320185119
0.895161452523
0.603383422758
0.620320185119
0.855449284786
0.603612806167
0.619563768059
0.8316004356
0.602523107512
0.620648819629
0.855449284786
0.60065395629
0.619565280239
0.866433697944
0.600711393923
0.620709472655
0.866433697944
0.600711393923
0.620709472655
0.830308347114
0.598597894847
0.61916562113
0.805473749159
0.545914759407
0.538917032784
0.805473749159
0.470283304571
0.551409663587
0.957599831303
0.389636122646
0.4961817842
0.957599831303
0.370284750141
0.468235363366
0.957599831303
0.374235081092
0.475435014893
0.957599831303
0.374235081092
0.475435014893
0.957599831303
0.375454028098
0.479968914249
