1.0
0.519948577795
0.513823137116
1.0
0.519879116858
0.513414955665
1.0
0.518363839906
0.515361133016
1.0
0.518104965002
0.515167962751
1.0
0.51593201369
0.516628927147
1.0
0.513735565806
0.519855060434
1.0
0.513735565806
0.519855060434
1.0
0.512158361899
0.520627872871
1.0
0.509006393816
0.527077413247
1.0
0.508675201978
0.52750539412
1.0
0.506504430829
0.534020231673
1.0
0.505635179988
0.533118271977
1.0
0.505068110918
0.537222522617
1.0
0.504619060834
0.536755587909
1.0
0.504440555647
0.5387122244
1.0
0.504440555647
0.5387122244
1.0
0.504358536944
0.538456728128
1.0
0.504328106401
0.538789291205
1.0
0.503465598174
0.537041776332
1.0
0.503236069588
0.537182144766
1.0
0.502434692753
0.536009482304
1.0
0.502192266444
0.536051113276
1.0
0.501835990407
0.534520804258
1.0
0.501514536711
0.534294001803
1.0
0.500536764615
0.531890335141
1.0
0.500536764615
0.531890335141
1.0
0.500408824866
0.531017947754
1.0
0.500219606159
0.530009977365
1.0
0.49988836856
0.530428721488
1.0
0.4995213406
0.530110764189
1.0
0.499312503009
0.529547459499
1.0
0.498858706396
0.528693378194
1.0
0.498565517994
0.528580267517
1.0
0.498016702315
0.527567674256
1.0
0.498016702315
0.527567674256
1.0
0.497819348276
0.526947395037
1.0
0.497459734195
0.526636634908
1.0
0.497127433247
0.527163028391
1.0
0.497193979452
0.526999307472
1.0
0.497053415787
0.527490095161
1.0
0.496341518436
0.526552236979
1.0
0.496144180662
0.52612112752
1.0
0.495874723484
0.525353916363
1.0
0.495678292839
0.52531026226
1.0
0.495678292839
0.52531026226
1.0
0.495533586404
0.524600082165
1.0
0.495325581493
0.524939487354
1.0
0.495689009916
0.524690623304
1.0
0.495484010678
0.525133699603
1.0
0.495409081635
0.524843288163
1.0
0.495287621815
0.524274818949
1.0
0.495310195313
0.524031863261
1.0
0.495310195313
0.524031863261
1.0
0.49526789261
0.523961012918
1.0
0.495297136593
0.523197322264
1.0
0.495276557191
0.522681876377
1.0
0.495399393591
0.522107694143
1.0
0.495352744055
0.521734663115
1.0
0.495486039404
0.521534688242
1.0
0.495573036331
0.520646494579
1.0
0.495573036331
0.520646494579
1.0
0.495708610394
0.520463522796
1.0
0.495677490875
0.520066750486
1.0
0.495767331148
0.519533143124
1.0
0.495776807605
0.518999373073
1.0
0.4960311424
0.518438693971
1.0
0.496109043046
0.518035815309
1.0
0.496471536146
0.518384313659
1.0
0.49639727859
0.518067990854
1.0
0.49641221469
0.517370524108
1.0
0.49641221469
0.517370524108
1.0
0.496619818714
0.51659877034
1.0
0.496864400232
0.516407699046
1.0
0.496910613134
0.515975509809
1.0
0.496992728137
0.515541135627
1.0
0.497113913594
0.515215789991
1.0
0.497428104358
0.515383527478
1.0
0.497481152513
0.515054344762
1.0
0.497760645968
0.515721056902
1.0
0.497760645968
0.515721056902
1.0
0.497876797734
0.515338419515
1.0
0.497604206862
0.514543748089
1.0
0.497694397517
0.513793029001
1.0
0.498411279646
0.513943552986
1.0
0.498502016852
0.513662633184
1.0
0.498501676561
0.513165227788
1.0
0.498673518831
0.512570236272
1.0
0.499195733153
0.513099744348
1.0
0.499195733153
0.513099744348
1.0
0.499393548708
0.51302705867
1.0
0.499800912843
0.513588402898
1.0
0.499929455827
0.513488118379
1.0
0.500110611511
0.513251770178
1.0
0.500336684278
0.512692729292
1.0
0.501082012161
0.513606212334
1.0
0.501226239805
0.513155397481
1.0
0.50167306755
0.513963749952
1.0
0.50167306755
0.513963749952
1.0
0.501911104106
0.513625426877
1.0
0.502500004676
0.514442185697
1.0
0.502651596353
0.514131949633
1.0
0.502580940802
0.513707377617
1.0
0.502775867837
0.513522858021
1.0
0.505322893096
0.514199592065
1.0
0.505615749222
0.513844217361
1.0
0.512303555264
0.516672085606
1.0
0.512303555264
0.516672085606
1.0
0.51265162538
0.516362002515
1.0
0.517085286894
0.519098760865
1.0
0.51730696117
0.518994540613
1.0
0.51704759051
0.51965552976
1.0
0.51773570403
0.518734624086
1.0
0.51767151223
0.518427518192
1.0
0.520261979642
0.513746231417
1.0
0.520486165073
0.513850919545
1.0
0.520486165073
0.513850919545
1.0
0.522671633975
0.511058432009
1.0
0.523650287587
0.512336675707
1.0
0.52550975385
0.510198580332
1.0
0.525703789305
0.509343279876
1.0
0.526249411774
0.509438484048
1.0
0.526797966695
0.509441468787
1.0
0.526863062868
0.508578055547
1.0
0.527110933362
0.508984201342
1.0
0.527110933362
0.508984201342
1.0
0.527436653749
0.508448823837
1.0
0.528210305542
0.509381552721
1.0
0.52843061073
0.508909149929
1.0
0.528767968058
0.509480368976
1.0
0.528977063299
0.509292421553
1.0
0.529182945165
0.5094821632
1.0
0.529291208149
0.509288085762
1.0
0.529685957658
0.509853288353
1.0
0.529685957658
0.509853288353
1.0
0.529986181211
0.509252884914
1.0
0.530318426941
0.509599361684
1.0
0.530558091177
0.509776216174
1.0
0.531267637504
0.512076426581
1.0
0.531356986039
0.512039891954
1.0
0.532525247075
0.513012689418
1.0
0.532776185388
0.51298395895
1.0
0.532979118328
0.513692130211
1.0
0.532979118328
0.513692130211
1.0
0.533110027684
0.51370989681
1.0
0.533496606555
0.514341731944
1.0
0.533898208756
0.514567509068
1.0
0.534672189583
0.515808931368
1.0
0.534876968395
0.515569091103
1.0
0.535666942633
0.516700648874
1.0
0.536033928965
0.516113130869
1.0
0.536223426549
0.516147140542
1.0
0.536223426549
0.516147140542
1.0
0.53663574285
0.516141998644
1.0
0.537488691438
0.518766360095
1.0
0.538106019014
0.518662463404
1.0
0.53861744422
0.520223603708
1.0
0.539107339757
0.520138614428
1.0
0.539587790126
0.521059624404
1.0
0.539587790126
0.521059624404
1.0
0.539933620681
0.521261759698
1.0
0.540420059255
0.522968405347
1.0
0.540917321004
0.52287866182
1.0
0.541249731099
0.524444557175
1.0
0.541571315992
0.524852802781
1.0
0.542109113158
0.526569734171
1.0
0.542676978932
0.52661162791
1.0
0.54295538193
0.527694220183
1.0
0.543140242362
0.528240153288
1.0
0.543125780135
0.528667879896
1.0
0.543125780135
0.528667879896
1.0
0.543496747493
0.529224504755
1.0
0.544053659796
0.531247680006
1.0
0.544480074137
0.531772346041
1.0
0.544678263626
0.532933819673
1.0
0.545085256332
0.533541376154
1.0
0.545320389462
0.535069333459
1.0
0.545527393657
0.535693167704
1.0
0.546213739035
0.537223929936
1.0
0.546213739035
0.537223929936
1.0
0.546678511247
0.53757990785
1.0
0.546569770954
0.540070357443
1.0
0.546966691121
0.540355068358
1.0
0.548011572914
0.54183517348
1.0
0.5484533303
0.542431368103
1.0
0.548703907756
0.543916545842
1.0
0.548846131683
0.545427681709
1.0
0.549110687446
0.546652553279
1.0
0.549110687446
0.546652553279
1.0
0.549698369209
0.547073715088
1.0
0.55018445041
0.549179418812
1.0
0.550798566206
0.550260384892
1.0
0.550636130882
0.550831243779
1.0
0.551085290588
0.550874456699
1.0
0.550907602964
0.551738134686
1.0
0.551467736114
0.552465386432
1.0
0.551467736114
0.552465386432
1.0
0.551374422084
0.553731360722
1.0
0.551727888244
0.554701101037
1.0
0.551808453567
0.555738234146
1.0
0.552045956147
0.557002253036
1.0
0.551945117788
0.558072945286
1.0
0.552321719041
0.559030417354
1.0
0.552518558128
0.559633453741
1.0
0.552728772105
0.560716662828
1.0
0.557683929302
0.563485998924
1.0
0.557683929302
0.563485998924
1.0
0.558224198057
0.563788026309
1.0
0.561688543252
0.566047337724
1.0
0.562163726032
0.566086483768
1.0
0.566616503271
0.571796461244
1.0
0.566863828681
0.572452895601
1.0
0.568308581385
0.577270311516
1.0
0.569511408003
0.577136107769
1.0
0.569667452915
0.578270866404
1.0
0.569667452915
0.578270866404
1.0
0.57294446089
0.575508292775
1.0
0.572776225375
0.574900433483
0.992886577982
0.573742928942
0.574340269497
0.992886577982
0.574017968355
0.574327900265
0.979064532892
0.573906598532
0.575701127479
0.979064532892
0.574093490495
0.575073415489
0.958859623176
0.574658268445
0.575613081462
0.958859623176
0.574553427047
0.57512649418
0.958859623176
0.574553427047
0.57512649418
0.965343130588
0.574494017201
0.576628844083
0.965343130588
0.574541858432
0.575453902342
0.948557206698
0.574805374658
0.575261148701
0.948557206698
0.575143065997
0.575073861244
0.995427247317
0.575278630722
0.575703715005
0.995427247317
0.575496099528
0.57468347528
0.995427247317
0.575496099528
0.57468347528
1.0
0.575884507756
0.574219441719
1.0
0.576333576442
0.57265105236
0.958937696543
0.576696162861
0.572554606022
0.958937696543
0.576870362283
0.572404773889
0.938157685563
0.577315764494
0.570808276941
0.938157685563
0.578339793233
0.570239123916
0.940539626683
0.578811244959
0.569421910073
0.940539626683
0.579139352132
0.568371996037
0.989425839646
0.579438121826
0.566611029242
0.989425839646
0.580319712974
0.565762302007
0.989425839646
0.580319712974
0.565762302007
1.0
0.580873729257
0.563904935254
1.0
0.58187059324
0.564109096155
1.0
0.582291951549
0.56329959218
1.0
0.583440626348
0.563710321994
1.0
0.583680912133
0.562496379721
1.0
0.584231535171
0.561745081959
0.954601911275
0.584663861929
0.560819517796
0.954601911275
0.585410991547
0.559930082626
0.954601911275
0.585410991547
0.559930082626
0.926469491294
0.586715341112
0.557760615548
0.926469491294
0.587518888954
0.557699086083
0.932707082035
0.587626240528
0.557131745952
0.932707082035
0.58838000489
0.556038404202
0.946131127467
0.589003042649
0.554170134385
0.946131127467
0.589656419704
0.553830054823
0.969953926699
0.590381056761
0.552375315327
0.969953926699
0.590958375574
0.551739410359
0.969953926699
0.590958375574
0.551739410359
0.966765701957
0.591759425998
0.549133013484
0.966765701957
0.592540362143
0.54790657543
0.985610496917
0.592525231738
0.547904291781
0.985610496917
0.593344642003
0.547843072324
0.889431488957
0.594091528589
0.545195990932
0.889431488957
0.594713194569
0.544397808993
0.934526712949
0.594863723015
0.543509430914
0.934526712949
0.595309036435
0.542129271296
0.934526712949
0.595309036435
0.542129271296
0.924178445464
0.596008547523
0.540428597588
0.924178445464
0.596355946828
0.539636750259
0.94060436107
0.59699268264
0.537684612529
0.94060436107
0.597871508681
0.538128503856
0.951977528159
0.597660109614
0.537999828564
0.951977528159
0.598348796451
0.537683112527
0.951977528159
0.598348796451
0.537683112527
0.996306897658
0.598398197521
0.537057790283
0.996306897658
0.599000279
0.535785982213
0.951189615036
0.59944183087
0.534662849887
0.951189615036
0.599509664564
0.534045330054
0.930148120558
0.600218235525
0.531620118677
0.930148120558
0.600795653235
0.531054651996
0.901861646816
0.601096597969
0.529634360882
0.901861646816
0.601392337523
0.528803575839
0.913379961467
0.601797982223
0.527464347987
0.913379961467
0.602454630081
0.526531196974
0.913379961467
0.602454630081
0.526531196974
0.960795500484
0.602853206385
0.52508499224
0.960795500484
0.60334247906
0.524684388626
0.921499927607
0.60417236533
0.522625106994
0.921499927607
0.604336894789
0.522708749419
0.961587731387
0.604197312023
0.522298178
0.961587731387
0.604968958484
0.522794867429
0.890418845471
0.605573366677
0.520676631778
0.890418845471
0.606003144705
0.519617587894
0.890418845471
0.606003144705
0.519617587894
0.890007478344
0.606256483685
0.519049742625
0.890007478344
0.60662564075
0.518834362704
0.898627368406
0.606894216905
0.517956768515
0.898627368406
0.607510256893
0.518011516955
0.926515690001
0.607750812572
0.516617010421
0.926515690001
0.608111363817
0.515208954148
0.905572479971
0.608396249585
0.514290471944
0.905572479971
0.608835742922
0.514469531789
0.905572479971
0.608835742922
0.514469531789
0.920780217116
0.609139434179
0.513439251643
0.920780217116
0.609643390403
0.512779028282
0.963511148027
0.610287481869
0.510587162033
0.963511148027
0.610932247422
0.510728876875
0.962517038922
0.610748582684
0.510650945915
0.962517038922
0.611397970966
0.510682409734
0.914100081493
0.611707510422
0.509791567562
0.914100081493
0.611978432155
0.509499156117
0.914100081493
0.611978432155
0.509499156117
0.899563889289
0.61251956233
0.508043722203
0.899563889289
0.613281250091
0.50778535734
0.949887240335
0.613516159448
0.506689037768
0.949887240335
0.61413463946
0.507271945179
0.921773465834
0.614989101811
0.505435945508
0.921773465834
0.61583856324
0.505797031542
0.921773465834
0.61583856324
0.505797031542
0.893890241632
0.616478077686
0.504249719943
0.893890241632
0.61689333024
0.503769824838
0.951969254453
0.616413297674
0.503424578408
0.951969254453
0.616847964564
0.502888405421
0.934771360882
0.616791564278
0.502566102041
0.934771360882
0.617470488173
0.502381333303
0.923179305942
0.617900068027
0.502019519311
0.923179305942
0.618315198681
0.501397595552
0.931487001121
0.618297079805
0.500636553115
0.931487001121
0.618397405357
0.499962401604
0.931487001121
0.618397405357
0.499962401604
0.917174300243
0.618660127882
0.498059527623
0.917174300243
0.615566439024
0.495916288994
0.903856175419
0.615901269573
0.495648205008
0.903856175419
0.607067195492
0.490682774818
0.89969589899
0.607175879104
0.489932268404
0.89969589899
0.596421316761
0.486096960564
0.89969589899
0.596421316761
0.486096960564
0.892149600818
0.596242230698
0.486330867171
0.892149600818
0.594048757288
0.488295744819
0.915004574056
0.592725461962
0.489524980507
0.891098700557
0.588652604885
0.487045682027
0.891098700557
0.586552731781
0.486617191867
0.924594375906
0.584007586631
0.486929024341
0.924594375906
0.574084862832
0.50343271441
0.94171281355
0.574393622147
0.503996472785
0.94171281355
0.568202314773
0.514474629892
0.94171281355
0.568202314773
0.514474629892
0.982529880385
0.567397594246
0.513156391987
0.982529880385
0.563897400256
0.517870636958
1.0
0.561932205774
0.515464241605
1.0
0.560808865644
0.518652325139
1.0
0.559635702574
0.517849560769
1.0
0.559834476805
0.517869563507
1.0
0.559152460284
0.515999357656
1.0
0.559242617529
0.514904608869
1.0
0.558288826616
0.512620100023
1.0
0.558288826616
0.512620100023
1.0
0.55838155811
0.512334518257
1.0
0.556908160296
0.510719419163
1.0
0.556921948467
0.51017852376
1.0
0.555917519851
0.50848633062
1.0
0.555891289774
0.507918289665
1.0
0.55588348518
0.507208374097
1.0
0.555744658912
0.506627599433
1.0
0.555409368314
0.506731480658
1.0
0.555409368314
0.506731480658
1.0
0.555215803803
0.506780359412
1.0
0.55473845725
0.506301267461
1.0
0.554463920587
0.506469521713
1.0
0.554111991033
0.506656106765
1.0
0.553946267921
0.50685947483
1.0
0.553471041919
0.505478823361
1.0
0.5533047523
0.505864124107
1.0
0.552486487335
0.504741604954
1.0
0.552486487335
0.504741604954
1.0
0.552282661702
0.504835884126
1.0
0.551696759252
0.504068095799
1.0
0.551495128192
0.504342793839
1.0
0.55127878448
0.505006787286
1.0
0.550970669183
0.504970131972
1.0
0.550522904702
0.504619162012
1.0
0.550175921982
0.505176010941
1.0
0.549668228438
0.504602792169
1.0
0.549668228438
0.504602792169
1.0
0.549203584104
0.504803029736
1.0
0.548474156034
0.504372941981
1.0
0.54811419906
0.505043595123
1.0
0.547473724053
0.5042021493
1.0
0.547244873678
0.504505650368
1.0
0.546481725045
0.503868191707
1.0
0.546481725045
0.503868191707
1.0
0.545963101338
0.504675191586
1.0
0.545920572946
0.505473792252
1.0
0.545372652632
0.506022331994
1.0
0.544759257018
0.505499384035
1.0
0.544279983837
0.506121726767
1.0
0.543925844235
0.506078660147
1.0
0.543603988284
0.506298548788
1.0
0.543591086663
0.506317079703
1.0
0.542855664435
0.507740748415
0.989048025623
0.542890856179
0.505714761687
0.989048025623
0.542890856179
0.505714761687
0.989048025623
0.542167821289
0.506035727555
0.859391554486
0.543804477913
0.50643845698
0.859391554486
0.543247172119
0.507235267681
0.786709033057
0.545626678733
0.508313885915
0.786709033057
0.544768015265
0.509498854268
0.786709033057
0.544768015265
0.509498854268
0.777046913985
0.547607696847
0.503658644012
0.777046913985
0.547607696847
0.503658644012
0.777046913985
0.546866594626
0.504437862934
0.777046913985
0.546234302204
0.505181972158
0.777046913985
0.545623479213
0.50569798721
0.777046913985
0.544804400089
0.507481310381
0.777046913985
0.547182862724
0.491926373115
0.777046913985
0.547182862724
0.491926373115
0.700454224501
0.539246658662
0.493726009769
0.700454224501
0.538638449172
0.491669072213
0.700454224501
0.538487799039
0.489675613528
0.700454224501
0.538487799039
0.489675613528
0.700454224501
0.538887123942
0.488923509645
0.700454224501
0.539277002684
0.486836230398
0.700454224501
0.538962630611
0.48786414366
0.700454224501
0.538140909197
0.489118184059
0.685796071154
0.537956254646
0.488819876366
0.685796071154
0.537798081852
0.490434919975
0.668654662176
0.537611854223
0.490134433137
0.668654662176
0.537728263403
0.490018666491
0.63238626396
0.537540449288
0.489715748549
0.63238626396
0.537742738648
0.489671034136
0.63238626396
0.537742738648
0.489671034136
0.60621160307
0.537553332668
0.489365662211
0.60621160307
0.537863139903
0.489230828933
0.657327032775
0.537672135641
0.488922956762
0.657327032775
0.537766387731
0.489422189304
1.0
0.54190641025
0.475216353415
1.0
0.542085140963
0.47491173815
1.0
0.543036048712
0.477173632985
1.0
0.543036048712
0.477173632985
1.0
0.543590595099
0.476559399954
1.0
0.544311254872
0.477363115073
1.0
0.544492003473
0.477300724328
1.0
0.545146665232
0.478364409072
1.0
0.54564059012
0.478172107579
1.0
0.546304865079
0.478560009409
1.0
0.547003152988
0.478169158862
1.0
0.547666260031
0.478489011635
1.0
0.547666260031
0.478489011635
1.0
0.548168914211
0.47753750923
1.0
0.548686398642
0.478317654223
1.0
0.549194475445
0.477328230092
1.0
0.549912308031
0.478022192266
1.0
0.550572441099
0.476617604167
1.0
0.551650672615
0.477693398362
1.0
0.552306708426
0.477077634361
1.0
0.552548065011
0.477091500825
1.0
0.552548065011
0.477091500825
1.0
0.553130300113
0.476340848145
1.0
0.553598796209
0.476900371794
1.0
0.554286034262
0.475757692302
1.0
0.555291948568
0.47608671676
1.0
0.555775787319
0.475572890638
1.0
0.561360566273
0.477325910104
1.0
0.562009796091
0.476217389135
0.99
0.577344362106
0.481831195716
0.99
0.577344362106
0.481831195716
0.99
0.577966640081
0.480846480294
0.99
0.590128750226
0.488214823392
0.99
0.59073599585
0.487369036731
1.0
0.595552040615
0.491020886224
1.0
0.597375758484
0.487130900199
1.0
0.597969255395
0.486129624206
0.99
0.602994643611
0.474335892663
0.99
0.602994643611
0.474335892663
0.99
0.602168081351
0.473748562408
0.99
0.609175181471
0.460118407309
0.99
0.608665808705
0.459504913936
0.86561901671
0.608943742798
0.459177078423
0.86561901671
0.608282752948
0.458880217554
0.873150265322
0.610030615918
0.456452502233
0.873150265322
0.60985400285
0.455844931798
0.871440637894
0.61054949677
0.455666645011
0.871440637894
0.609924726491
0.454918175526
0.92075860569
0.610619833329
0.452991158925
0.92075860569
0.610619833329
0.452991158925
0.92075860569
0.610390727347
0.452754266424
0.905807124466
0.610566468623
0.452111485926
0.905807124466
0.610422256941
0.452598348144
0.946523226055
0.609732835799
0.453084859416
0.946523226055
0.609495677619
0.453055462705
0.945330573982
0.609611778296
0.452906823215
0.945330573982
0.6089029113
0.451691054285
0.945330573982
0.6089029113
0.451691054285
0.876047519464
0.608690089586
0.451694239407
0.876047519464
0.608184337082
0.45153645233
0.938552555867
0.608067047206
0.452258748959
0.938552555867
0.607963537813
0.453207564318
0.888943975933
0.607971036231
0.453854149873
0.888943975933
0.607773543078
0.454284909461
0.887900978019
0.607455867433
0.454703744546
0.887900978019
0.606943676569
0.454966258353
0.942177667038
0.607096726062
0.455600398438
0.942177667038
0.607096726062
0.455600398438
0.942177667038
0.606923195502
0.456642175311
0.988654854434
0.60640823505
0.45755463231
0.988654854434
0.606453292815
0.459193834185
0.94103810105
0.606425654374
0.460331783934
0.94103810105
0.606152027254
0.460448889519
0.987658464093
0.605487884775
0.461504894845
0.987658464093
0.605061186287
0.462028968009
0.987658464093
0.605061186287
0.462028968009
0.972437718235
0.605332199482
0.462130034606
0.972437718235
0.605195980098
0.463190512772
1.0
0.604936939357
0.464884166228
1.0
0.604822321278
0.466045695753
0.967691866433
0.605177390282
0.466444269232
0.967691866433
0.604955672335
0.46758691615
0.921055611834
0.604566705058
0.468558903242
0.921055611834
0.604259483337
0.468689587069
0.921055611834
0.604259483337
0.468689587069
0.900429121041
0.603870131599
0.470206895583
0.900429121041
0.603504457108
0.470446898602
0.87672213058
0.603941898808
0.470643783693
0.87672213058
0.603338330744
0.471227990307
0.939190879643
0.602877640221
0.472924503831
0.939190879643
0.602491528638
0.473356453116
0.981289596196
0.602525793932
0.474170543595
0.981289596196
0.601985925722
0.474862144204
0.892393835334
0.602118844229
0.47573679548
0.892393835334
0.602118844229
0.47573679548
0.892393835334
0.60163853631
0.476506963099
0.962160479734
0.600892312661
0.477587222132
0.962160479734
0.60020094836
0.477496976984
0.9069485369
0.600022443998
0.477928974417
0.9069485369
0.598213280796
0.476708036749
0.9069485369
0.598213280796
0.476708036749
0.878409444732
0.598292548517
0.477985401052
0.878409444732
0.59230784812
0.473744612333
0.987832604953
0.591738480748
0.474965295345
0.987832604953
0.574304363486
0.452849624522
0.99
0.573364731282
0.455004665384
0.99
0.553000266862
0.432565309179
0.954441337876
0.552098923881
0.434304801903
0.954441337876
0.537704952452
0.422712449458
0.99
0.538012859992
0.420028914276
0.99
0.538012859992
0.420028914276
1.0
0.533762937897
0.416667638036
0.99
0.522284731354
0.427170101692
0.99
0.521266809101
0.423800489617
0.99
0.508501883772
0.437318284637
0.99
0.50845041197
0.436441603042
0.99
0.498515647456
0.448074766462
0.99
0.498646793568
0.447215195475
0.99
0.493865482699
0.450786321593
0.99
0.493353826438
0.450441138242
0.99
0.493353826438
0.450441138242
1.0
0.493270624748
0.448417520148
1.0
0.492939866205
0.448150410699
1.0
0.49373178681
0.445613524308
1.0
0.4939915901
0.445944605991
1.0
0.494150217162
0.445265268921
1.0
0.494113681193
0.444921416487
1.0
0.494008129932
0.444984038333
1.0
0.493670033109
0.443391702161
1.0
0.493670033109
0.443391702161
1.0
0.493741595554
0.443622651203
1.0
0.493867199889
0.444054657458
1.0
0.493809503254
0.444131831108
1.0
0.493831710958
0.443666327673
1.0
0.493837067212
0.443657231133
1.0
0.493601673217
0.442393103481
1.0
0.493444729737
0.442332894886
1.0
0.492903844771
0.440672851201
1.0
0.492903844771
0.440672851201
1.0
0.492888498204
0.440437211091
1.0
0.492930967995
0.44019755911
1.0
0.492949620429
0.439891229864
1.0
0.492633762096
0.43954766695
1.0
0.492531087705
0.439143549114
1.0
0.492211090354
0.438782178576
1.0
0.49213397697
0.43853365424
1.0
0.491869546388
0.438487147341
1.0
0.491869546388
0.438487147341
1.0
0.491786403239
0.438349835493
1.0
0.491394473878
0.43752095149
1.0
0.491300539606
0.437321285361
1.0
0.491099979401
0.436910595911
1.0
0.490997178623
0.436818898237
1.0
0.490616714794
0.436135768581
1.0
0.490399609865
0.436228198509
1.0
0.490399609865
0.436228198509
1.0
0.490027915118
0.435448897798
1.0
0.489980185559
0.435076284873
1.0
0.489778707341
0.434909732022
1.0
0.48967349395
0.434388084495
1.0
0.489304057197
0.433853941446
1.0
0.489100593076
0.433882757404
1.0
0.488738441059
0.432873128356
1.0
0.488686877391
0.432601907941
1.0
0.488274869602
0.432305254176
1.0
0.488274869602
0.432305254176
1.0
0.488092055434
0.432380622262
1.0
0.48756231779
0.431937463766
1.0
0.487439198059
0.431886479919
1.0
0.488631899784
0.432780611701
1.0
0.488376754481
0.433274867205
1.0
0.494440321331
0.435262619213
1.0
0.494360239559
0.435485749333
0.99
0.511242537494
0.445909128538
0.99
0.511242537494
0.445909128538
0.99
0.511026539191
0.446113632537
0.99
0.522440137206
0.456567171557
0.99
0.5224620533
0.456330328739
1.0
0.524769663715
0.45727485554
1.0
0.527044878391
0.452309658203
1.0
0.525683060122
0.451073675467
0.99
0.530780546336
0.440797793245
0.99
0.530780546336
0.440797793245
0.99
0.529598167261
0.439151361766
0.99
0.536153033109
0.430805768373
0.99
0.535292667957
0.430033293719
0.91780091553
0.536794628129
0.428891501396
0.91780091553
0.536210389684
0.428376885122
1.0
0.538207807021
0.424998264013
1.0
0.537690323001
0.424606871609
1.0
0.538702227712
0.422758357685
1.0
0.538702227712
0.422758357685
1.0
0.53809987088
0.422203752758
1.0
0.537961657134
0.422217313066
1.0
0.537215149263
0.422078110989
1.0
0.536960646826
0.422489578184
1.0
0.53595679876
0.422311983576
1.0
0.53581638269
0.422588154482
1.0
0.535172793597
0.422708274322
1.0
0.534708846735
0.423711708765
1.0
0.534708846735
0.423711708765
1.0
0.533994545037
0.423819772205
1.0
0.533727498647
0.42453594792
1.0
0.533085925024
0.424172010668
1.0
0.532784777591
0.424916677439
1.0
0.532001487725
0.424820911089
1.0
0.531595060234
0.426046392457
1.0
0.53063195897
0.425770378202
1.0
0.530108658678
0.426119252866
1.0
0.529510263591
0.425849285279
1.0
0.529510263591
0.425849285279
1.0
0.529160313351
0.426946966907
1.0
0.528474806924
0.426870908775
1.0
0.52810996642
0.42768261659
1.0
0.527317223614
0.427662471255
1.0
0.52685044861
0.428266466799
1.0
0.526180511511
0.428167464212
1.0
0.525782583124
0.429269555806
1.0
0.525394722665
0.429488721446
1.0
0.525394722665
0.429488721446
1.0
0.525108583335
0.429927488819
1.0
0.524470824062
0.430261161467
1.0
0.524059048311
0.431038486124
1.0
0.523668566819
0.431093680148
1.0
0.523401078796
0.431956959482
1.0
0.523003182086
0.431973958179
1.0
0.522563977895
0.433116166671
1.0
0.522563977895
0.433116166671
1.0
0.522353208013
0.433287148843
1.0
0.521956938717
0.434239186513
1.0
0.521458349852
0.434165188601
1.0
0.521236330609
0.435123708897
1.0
0.520954943293
0.435328868631
1.0
0.520779610971
0.436048373922
1.0
0.520495523905
0.436089443778
1.0
0.520205665242
0.436932659856
1.0
0.519832944625
0.437479631166
1.0
0.519832944625
0.437479631166
1.0
0.519739101164
0.437973755144
1.0
0.519296437021
0.438143004508
1.0
0.519115938128
0.438727345059
1.0
0.518987228531
0.439083414914
1.0
0.518954485632
0.4393627369
1.0
0.518573717479
0.440204409218
1.0
0.518554097087
0.44074902219
1.0
0.518554097087
0.44074902219
1.0
0.518039180164
0.440539214431
1.0
0.517971284741
0.44129421766
1.0
0.51775772037
0.441578093644
1.0
0.517531985932
0.442217483181
1.0
0.516977646714
0.442418072558
1.0
0.516957237322
0.443136860501
1.0
0.516378371097
0.443609080046
1.0
0.516248225609
0.444657308672
1.0
0.516061740421
0.445489212711
1.0
0.516061740421
0.445489212711
1.0
0.515911261879
0.446407845704
1.0
0.515504389829
0.446362331903
1.0
0.515481929399
0.446629360924
1.0
0.514938590988
0.446351810755
1.0
0.514761262256
0.447850063679
1.0
0.514396553817
0.447944045684
1.0
0.514353872675
0.448553811014
1.0
0.513691104472
0.448258348127
1.0
0.513691104472
0.448258348127
1.0
0.513499615708
0.448633324627
1.0
0.513036747329
0.448716843409
1.0
0.513077501566
0.449115739068
1.0
0.51268564026
0.449140052067
1.0
0.512548019689
0.44949237291
1.0
0.511975946162
0.449735458961
1.0
0.511858413073
0.450046282063
1.0
0.511858413073
0.450046282063
1.0
0.510972686353
0.449195276673
1.0
0.510903252344
0.44953577769
1.0
0.510441207922
0.4492388634
1.0
0.510584239617
0.44929976118
1.0
0.510014623742
0.448851284947
1.0
0.510015799128
0.449151388608
1.0
0.50944971013
0.448264412371
1.0
0.509486644335
0.448292391177
1.0
0.509036221438
0.448444457065
1.0
0.509036221438
0.448444457065
1.0
0.509126950627
0.448316300925
1.0
0.508670887556
0.448294964606
1.0
0.508552977422
0.448433495026
1.0
0.507961573075
0.447799088402
1.0
0.508054104191
0.447748681985
1.0
0.507215647297
0.446627092988
1.0
0.507288542229
0.446314459263
1.0
0.507288542229
0.446314459263
1.0
0.506744896796
0.445990609623
1.0
0.506719279788
0.445712540237
1.0
0.50585341081
0.444143547346
1.0
0.506012080659
0.44397577127
1.0
0.50511702053
0.441419917208
1.0
0.505318610056
0.440923949854
1.0
0.505228007822
0.438959197891
1.0
0.505228007822
0.438959197891
1.0
0.505335734879
0.438601083672
1.0
0.506922142643
0.4382521071
1.0
0.506881488007
0.437692059213
1.0
0.506798396132
0.435679365829
1.0
0.506328799768
0.434531845388
1.0
0.505720564782
0.432535483647
1.0
0.505226907327
0.43061647984
1.0
0.503978022003
0.428199332188
1.0
0.504820581072
0.424464403505
1.0
0.503697279052
0.422374823306
1.0
0.503697279052
0.422374823306
1.0
0.504819910685
0.418685299131
1.0
0.503451984578
0.416934763472
1.0
0.504133489096
0.413616459881
1.0
0.503645712951
0.412905740919
1.0
0.503732227989
0.410495652394
1.0
0.503445540139
0.410188834519
1.0
0.503897958417
0.408736189398
1.0
0.503897958417
0.408736189398
1.0
0.503450718207
0.408215855943
1.0
0.503537291636
0.407282383964
1.0
0.503157497024
0.406771059883
1.0
0.503442976162
0.406315494305
1.0
0.502795129366
0.405394385228
1.0
0.502954113175
0.404899314169
1.0
0.502571256822
0.404335408014
1.0
0.50304485921
0.403804112643
1.0
0.502851978068
0.40348696316
1.0
0.502851978068
0.40348696316
1.0
0.503002194655
0.403181792629
1.0
0.502517632125
0.40289907776
1.0
0.502505972108
0.402492270043
1.0
0.50217056081
0.402179498746
1.0
0.502174300339
0.402050795808
1.0
0.501904868714
0.402110205491
1.0
0.502068400528
0.401509766521
1.0
0.502068400528
0.401509766521
1.0
0.501556077442
0.401182864842
1.0
0.501607953253
0.401460741881
1.0
0.500789352388
0.40066208102
1.0
0.5008321116
0.400714275148
1.0
0.500765912743
0.400856397376
1.0
0.50062264564
0.400965344759
1.0
0.500250977415
0.401357655023
1.0
0.500382662385
0.401711805267
1.0
0.500382662385
0.401711805267
1.0
0.499969500502
0.401387280577
1.0
0.499981166317
0.401276255414
1.0
0.499209657388
0.400738530631
1.0
0.499269284581
0.400683774148
1.0
0.499035234025
0.400807525791
1.0
0.498934183301
0.40117445296
1.0
0.498809309672
0.401316312862
1.0
0.498948078068
0.401031938363
1.0
0.498471181631
0.40041048343
1.0
0.498471181631
0.40041048343
1.0
0.498461107295
0.400320777714
1.0
0.497940855672
0.400106537117
1.0
0.497905236148
0.400177284279
1.0
0.497269184596
0.399786223192
1.0
0.497211919674
0.400267161313
1.0
0.497099126188
0.40034502035
1.0
0.497046042467
0.400633950639
1.0
0.497046042467
0.400633950639
1.0
0.49682880757
0.400938688439
1.0
0.496784124488
0.401089196244
1.0
0.496440512393
0.400633801193
1.0
0.496536491171
0.400353202459
1.0
0.496252582675
0.400817354882
1.0
0.496350557458
0.400952658116
1.0
0.496262634393
0.400872520029
1.0
0.496363878333
0.400874234533
1.0
0.496363878333
0.400874234533
1.0
0.495811261635
0.400298621885
1.0
0.495675918207
0.400574585595
1.0
0.495712504057
0.401187082746
1.0
0.495792268707
0.401047771574
1.0
0.495552867132
0.401270982923
1.0
0.495661600742
0.400816565479
1.0
0.495336746861
0.400729010409
1.0
0.495184012743
0.401090722862
1.0
0.495184012743
0.401090722862
1.0
0.494914880053
0.401262541066
1.0
0.494920835064
0.4010358665
1.0
0.494801946604
0.40154451943
1.0
0.494880772731
0.401119769195
1.0
0.494681528185
0.401534608746
1.0
0.494859082092
0.401762683511
1.0
0.494811214531
0.40152858248
1.0
0.494998416326
0.401358539057
1.0
0.494998416326
0.401358539057
1.0
0.49470532392
0.402064319978
1.0
0.494863581703
0.401688843526
1.0
0.494813902452
0.401794404179
1.0
0.494911725197
0.401501351204
1.0
0.494663841019
0.401455986896
1.0
0.494776266007
0.401249401026
1.0
0.494722575866
0.401831222825
1.0
0.494820062942
0.401815595492
1.0
0.494724873891
0.402277789318
1.0
0.494724873891
0.402277789318
1.0
0.494795611013
0.402913782616
1.0
0.494214867576
0.402607152093
1.0
0.494289339437
0.402384175588
1.0
0.494127757251
0.40281212472
1.0
0.494100807481
0.403443172903
1.0
0.493897319166
0.403627980322
1.0
0.493725055194
0.403637399416
1.0
0.493725055194
0.403637399416
1.0
0.493540764922
0.403581428987
1.0
0.493606748082
0.403732232121
1.0
0.493555025851
0.403944342243
1.0
0.493698503214
0.403906656296
1.0
0.494111942281
0.404414472112
1.0
0.494204159818
0.40450134972
1.0
0.493642154833
0.403991078758
1.0
0.493623403909
0.403931993797
1.0
0.493623403909
0.403931993797
1.0
0.493529086391
0.404002462469
1.0
0.493440384741
0.404633349638
1.0
0.493477645328
0.404862401191
1.0
0.493426187229
0.404929900917
1.0
0.493125008949
0.404591854559
1.0
0.493187945279
0.404664047228
1.0
0.492943513537
0.404780995197
1.0
0.493200997695
0.404434182003
1.0
0.493200997695
0.404434182003
1.0
0.493370126977
0.40470519912
1.0
0.493236969701
0.404885559748
1.0
0.493279618943
0.40525687367
1.0
0.493387778522
0.40522050566
1.0
0.493256800195
0.405211199283
1.0
0.493229489671
0.405358414358
1.0
0.49346915377
0.405845408442
1.0
0.493567095818
0.405708919381
1.0
0.493567095818
0.405708919381
1.0
0.493545510623
0.405841528751
1.0
0.493503523058
0.406016503722
1.0
0.493287806063
0.406229095647
