0.976103469464
0.451813098828
0.426294792781
0.785336504882
0.451650291822
0.588967974049
0.785336504882
0.444324627976
0.591607603764
0.785336504882
0.443418390101
0.590347671417
0.785336504882
0.443418390101
0.590347671417
0.785336504882
0.444110140409
0.588122055256
0.785336504882
0.444608522955
0.587670934283
0.785336504882
0.444608522955
0.587670934283
0.785336504882
0.444608522955
0.587670934283
0.785336504882
0.444327580601
0.58809486429
0.785336504882
0.442758203527
0.588205622642
0.785336504882
0.421116919095
0.604850111768
0.785336504882
0.421116919095
0.604850111768
0.88936968921
0.413359045076
0.591203800203
0.88936968921
0.414878293313
0.578975602804
0.88936968921
0.417011820395
0.584836856955
0.854910516559
0.41672458458
0.584888858715
0.854910516559
0.41672458458
0.584888858715
0.854910516559
0.41672458458
0.584888858715
0.955253185942
0.418826491194
0.606650349459
0.926767725044
0.408359753184
0.693657401677
0.926767725044
0.408359753184
0.693657401677
0.824793477468
0.421626262214
0.70639420461
0.896817886402
0.420092123493
0.694296997896
0.896817886402
0.420106070981
0.693933401291
0.823373911658
0.421564252535
0.695570683868
0.871923041671
0.423230085458
0.694765743782
0.871923041671
0.423233156735
0.694953449379
0.871923041671
0.423839977744
0.69609667593
0.871923041671
0.423839977744
0.69609667593
0.871923041671
0.423839977744
0.69609667593
0.888666083074
0.426581410831
0.693579324022
0.892172375874
0.42911621765
0.690276443817
0.892172375874
0.429457439867
0.690391848727
0.876361123021
0.432419300335
0.688076843072
0.876361123021
0.431682010816
0.67166252291
0.933062228513
0.41547523757
0.649278762179
0.933062228513
0.41547523757
0.649278762179
0.933062228513
0.41547523757
0.649278762179
0.933062228513
0.41547523757
0.649278762179
0.933062228513
0.41547523757
0.649278762179
0.933062228513
0.41547523757
0.649278762179
0.933062228513
0.41547523757
0.649278762179
0.933062228513
0.41547523757
0.649278762179
0.933062228513
0.41547523757
0.649278762179
0.933062228513
0.483379910905
0.711164538229
0.758635104092
0.436443244544
0.590064223301
0.91388272161
0.427457242661
0.570988050896
0.91388272161
0.427457242661
0.570988050896
0.900640184685
0.427558437937
0.570768609237
0.900640184685
0.427558437937
0.570768609237
0.91388272161
0.427557780265
0.570954038075
0.886882376164
0.43792067251
0.580895362568
0.91388272161
0.444338000122
0.640143909053
0.91388272161
0.444338000122
0.640143909053
0.91388272161
0.444338000122
0.640143909053
0.91388272161
0.444338000122
0.640143909053
0.91388272161
0.444338000122
0.640143909053
0.91388272161
0.444338000122
0.640143909053
0.91388272161
0.444338000122
0.640143909053
0.91388272161
0.444338000122
0.640143909053
0.91388272161
0.444338000122
0.640143909053
0.91388272161
0.444338000122
0.640143909053
0.91388272161
0.444338000122
0.640143909053
0.91388272161
0.444338000122
0.640143909053
0.929769908325
0.511683421684
0.774397816788
0.929769908325
0.511683421684
0.774397816788
0.99
0.487653066735
0.74301363733
0.99
0.487653066735
0.74301363733
0.99
0.487653066735
0.74301363733
1.0
0.486943354432
0.742800907357
1.0
0.486943354432
0.742800907357
1.0
0.486943354432
0.742800907357
1.0
0.485892675247
0.741912476225
0.999756114347
0.485409602592
0.742354632055
0.957626759725
0.48507727602
0.741668256845
1.0
0.484929864123
0.741027565552
1.0
0.484929864123
0.741027565552
0.952093958563
0.483369639947
0.740673189033
0.910061180448
0.482741681387
0.740709355772
0.861231217924
0.48143913485
0.740977844121
0.943839554478
0.480181884377
0.740144973209
0.935597946726
0.479249273442
0.740646992142
0.935597946726
0.479249273442
0.740646992142
0.934058253992
0.478049608166
0.742079552838
0.934058253992
0.478049608166
0.742079552838
0.934058253992
0.478049608166
0.742079552838
0.934058253992
0.478049608166
0.742079552838
0.934058253992
0.478049608166
0.742079552838
0.99
0.467969150887
0.729084950295
0.99
0.467969150887
0.729084950295
1.0
0.468229268022
0.728457699986
1.0
0.46808360072
0.729868360088
1.0
0.46798514066
0.72879170407
1.0
0.468133598698
0.729703611465
0.980525764008
0.484403439728
0.626442236544
0.980525764008
0.484330605947
0.626019520449
0.980525764008
0.484330605947
0.626019520449
0.980525764008
0.484306666805
0.625890283356
0.980525764008
0.484331604078
0.626238611142
0.980525764008
0.484473935262
0.626107927308
0.980525764008
0.493767856444
0.637341941709
0.980525764008
0.49545436049
0.635165458341
0.938655442244
0.494247122085
0.63519928415
0.938655442244
0.494247122085
0.63519928415
0.938655442244
0.494247122085
0.63519928415
0.921407443913
0.495079558762
0.634215399473
0.956156062134
0.493438341426
0.637419223267
1.0
0.493025013105
0.639315904953
1.0
0.493025013105
0.639315904953
0.757584999171
0.444022053035
0.697411479439
0.757584999171
0.429955035935
0.676123189927
0.757584999171
0.415745249317
0.665563190923
0.795012175413
0.386552563412
0.672706908392
0.795012175413
0.386459011588
0.668270632952
0.90114990798
0.385702859008
0.703365541383
0.90114990798
0.389618123433
0.702468400089
0.980321736973
0.390071347976
0.702232491221
0.995285785257
0.393496832211
0.699994965422
0.995285785257
0.396971286514
0.698436641794
0.995285785257
0.396971286514
0.698436641794
0.886877620026
0.39742981146
0.698409018249
0.886877620026
0.399375068393
0.696391442804
0.871516351728
0.399903642665
0.696646051868
0.871516351728
0.401371236891
0.696079179839
0.936083486436
0.401711331172
0.696397718219
0.936083486436
0.403580437734
0.693931962609
0.936083486436
0.403580437734
0.693931962609
0.973373681144
0.403718936931
0.693675923271
0.977287807631
0.404039426397
0.694137783029
0.977287807631
0.404039426397
0.694137783029
0.977287807631
0.407913962492
0.690880316807
0.86033908908
0.408034765877
0.69056599932
0.934973272011
0.40823715132
0.690960414887
0.934973272011
0.40823715132
0.690960414887
0.955534172228
0.408643888723
0.690128948401
0.941273417961
0.413480433878
0.688641123787
0.925384499701
0.416967417593
0.686791499688
0.923721899196
0.417388645985
0.687325108869
0.856070662498
0.417602985494
0.687485632014
0.856070662498
0.426352719994
0.687605703144
0.880706079345
0.426797042674
0.687987029481
0.880706079345
0.427262747772
0.688484970678
0.880706079345
0.427262747772
0.688484970678
0.952877688666
0.432535841867
0.684173643889
0.90550875994
0.433074690815
0.684918737428
0.877147219375
0.436921771797
0.682908740362
0.877147219375
0.437199274012
0.68281833961
0.877147219375
0.437199274012
0.68281833961
0.842251935074
0.44226915082
0.67886509272
0.842251935074
0.442283919393
0.678535761753
0.842251935074
0.442425565977
0.677795082222
0.911203237659
0.446129974319
0.67348305894
0.878563661139
0.446537876785
0.673945078968
0.911203237659
0.452392598673
0.648122397878
0.974590302653
0.454781528941
0.643460301561
0.974590302653
0.454781528941
0.643460301561
0.971278802982
0.458750898808
0.640082293073
0.971278802982
0.458194904389
0.639347929992
0.96320958529
0.459652121643
0.63800550789
0.96320958529
0.459746132205
0.638621021202
0.96320958529
0.459746132205
0.638621021202
0.96320958529
0.45969797459
0.638230767451
0.984875541881
0.460266097197
0.6373696563
0.979301299649
0.460899697136
0.636004262861
0.979301299649
0.460691324923
0.635621917556
0.981304566686
0.461033782128
0.634471801361
0.981304566686
0.461477411965
0.634574655314
0.981304566686
0.461477411965
0.634574655314
0.974250648756
0.462994957071
0.63422000772
0.974250648756
0.463016318471
0.634169412275
0.974250648756
0.463016318471
0.634169412275
0.956866219989
0.463335708942
0.633775227393
0.956866219989
0.463335708942
0.633775227393
0.956866219989
0.463430754091
0.634243270657
0.978694256168
0.462644824382
0.635894225673
0.978694256168
0.462358448183
0.635535830246
0.978694256168
0.462358448183
0.635535830246
0.953735044508
0.46085336971
0.635634326261
0.953735044508
0.46085336971
0.635634326261
0.953735044508
0.46085336971
0.635634326261
0.953735044508
0.46085336971
0.635634326261
0.882889711072
0.348012641923
0.682314241248
0.882889711072
0.347103331152
0.681850848377
0.882889711072
0.31465898958
0.654907476116
0.882889711072
0.314990254615
0.654249364299
0.882889711072
0.314990254615
0.654249364299
0.882889711072
0.315812365402
0.654415300864
0.882889711072
0.315918355602
0.654692920399
0.881239936948
0.317875500988
0.648517291316
0.881239936948
0.318435954006
0.649719645923
0.881239936948
0.318435954006
0.649719645923
0.881239936948
0.318533210239
0.64987304346
0.868273850488
0.318124097273
0.653176310979
0.868273850488
0.318711636429
0.654266933786
0.868273850488
0.318711636429
0.654266933786
0.868273850488
0.318711636429
0.654266933786
0.905294412322
0.319860868121
0.656178768536
0.905294412322
0.320348391994
0.658281361782
0.976504586385
0.37445245099
0.645415874252
0.976504586385
0.374851134886
0.646268149964
0.976504586385
0.380260096496
0.648219775521
0.928408473891
0.460004097981
0.767120819283
0.928408473891
0.460004097981
0.767120819283
0.928408473891
0.538059926477
0.750106221568
0.935521210962
0.50071128693
0.686308539684
0.935521210962
0.500106225048
0.687269641474
0.935521210962
0.498738260133
0.689988026761
0.935521210962
0.498023404279
0.691051581856
0.935521210962
0.498023404279
0.691051581856
0.935521210962
0.498023404279
0.691051581856
0.935521210962
0.498023404279
0.691051581856
0.935521210962
0.498023404279
0.691051581856
0.935521210962
0.498023404279
0.691051581856
0.935521210962
0.498023404279
0.691051581856
0.98789151283
0.490194621058
0.624034349622
0.975041162239
0.488911906664
0.627374843383
0.99
0.487702792424
0.684843075895
0.99
0.487702792424
0.684843075895
0.99
0.485389890595
0.68706257798
0.99
0.484611556706
0.689841625844
0.99
0.483425699959
0.692825591165
0.99
0.481785378814
0.694999427532
0.99
0.481785378814
0.694999427532
0.99
0.481466408539
0.696878301615
