1.0
0.50867248712
0.585480354319
1.0
0.508730361521
0.584735582573
1.0
0.509558449062
0.584792789891
1.0
0.511642229911
0.582385494766
1.0
0.51123777929
0.581594333236
1.0
0.51123777929
0.581594333236
1.0
0.513809849577
0.579645212823
1.0
0.514222807044
0.579394162569
1.0
0.515245951614
0.577900155806
1.0
0.515333697821
0.577802169721
1.0
0.515789340568
0.578521564116
1.0
0.515705975395
0.578315448912
1.0
0.515705975395
0.578315448912
1.0
0.515387751157
0.579357268997
1.0
0.515282078844
0.579512805041
1.0
0.515051499052
0.579008995858
1.0
0.515054718118
0.578736484975
1.0
0.515152200295
0.577840825042
1.0
0.515204941846
0.578369576863
1.0
0.514967559092
0.577862502444
1.0
0.514956049006
0.577412482399
1.0
0.515189885732
0.578227306077
1.0
0.515189885732
0.578227306077
1.0
0.515186919588
0.578215274888
1.0
0.515222138608
0.577743555231
1.0
0.515336820118
0.577780795122
1.0
0.515454289032
0.577960074799
1.0
0.515453219981
0.57809247998
1.0
0.515626466847
0.577984867427
1.0
0.51557137273
0.577729777333
1.0
0.515011705193
0.577147696928
1.0
0.515011705193
0.577147696928
1.0
0.515103614784
0.577705101786
1.0
0.515132307686
0.578176350169
1.0
0.514799743147
0.577662756963
1.0
0.515000505194
0.5773466413
1.0
0.515510110801
0.578035144277
1.0
0.515459747143
0.577818080917
1.0
0.515370463016
0.577601640141
1.0
0.515370463016
0.577601640141
1.0
0.515391090645
0.578456740641
1.0
0.515364396528
0.578422722627
1.0
0.515388197665
0.578035560031
1.0
0.515304639255
0.578169725128
1.0
0.51511633745
0.578309591827
1.0
0.514867182586
0.578088240313
1.0
0.515088848478
0.578594208438
1.0
0.515100176789
0.578728202414
1.0
0.515220435158
0.578534144052
1.0
0.515220435158
0.578534144052
1.0
0.515183487568
0.578380113272
1.0
0.514903069444
0.578227754933
1.0
0.514704105041
0.577945624528
1.0
0.514531579494
0.577243500384
1.0
0.514216140208
0.576136171638
1.0
0.513999828271
0.576677025533
1.0
0.514292491225
0.576926809003
1.0
0.514292491225
0.576926809003
1.0
0.513911006317
0.575641581215
1.0
0.513512046821
0.575609866462
1.0
0.513877866703
0.576787370162
1.0
0.513718771623
0.576245486327
1.0
0.513595003403
0.576536784236
1.0
0.51354437027
0.576255356626
1.0
0.513442481083
0.577246987753
1.0
0.513093980991
0.57641951434
1.0
0.513093980991
0.57641951434
1.0
0.51343797648
0.576002116198
1.0
0.512990549112
0.575518844985
1.0
0.512627867579
0.575283636388
1.0
0.512106782928
0.57476398396
1.0
0.511925315385
0.574024700869
1.0
0.511003693104
0.572972557525
1.0
0.510890016195
0.57215079307
1.0
0.511243609793
0.572551875751
1.0
0.511243609793
0.572551875751
1.0
0.511058416546
0.571756051186
1.0
0.510253689806
0.571166315418
1.0
0.51018417291
0.571681769494
1.0
0.509773805808
0.571074015739
1.0
0.509490686475
0.572205601963
1.0
0.508813807583
0.57140075219
1.0
0.508825245967
0.569803412376
1.0
0.508543424167
0.569242266095
1.0
0.508543424167
0.569242266095
1.0
0.508092772355
0.569429355429
1.0
0.507515917028
0.568408583834
1.0
0.507376894973
0.568026815665
1.0
0.506451963139
0.566529863639
1.0
0.506622196569
0.565383435564
1.0
0.506144563979
0.565198253158
1.0
0.505842116177
0.56535654457
1.0
0.505392802598
0.563906733312
1.0
0.505593638132
0.563861746708
1.0
0.504897988553
0.562785328115
1.0
0.504897988553
0.562785328115
1.0
0.504667711387
0.561872193356
1.0
0.504356175603
0.561410485451
1.0
0.504348463323
0.561230522052
1.0
0.504041571699
0.560889521266
1.0
0.503857865254
0.56082283251
1.0
0.503409406301
0.560105833735
1.0
0.503409406301
0.560105833735
1.0
0.503153771445
0.559584844569
1.0
0.502774799029
0.559357623421
1.0
0.502724949263
0.558697442565
1.0
0.50245013845
0.558297178898
1.0
0.501939246857
0.557786157518
1.0
0.501517508245
0.556338711541
1.0
0.501579548616
0.556080237226
1.0
0.501410311516
0.555507235624
1.0
0.501410311516
0.555507235624
1.0
0.501555772383
0.555012484267
1.0
0.501118300909
0.554197057766
1.0
0.501328409228
0.553972261807
1.0
0.501404764852
0.553830889975
1.0
0.501194161722
0.553895253049
1.0
0.5009658212
0.552812412488
1.0
0.500861828324
0.552355266352
1.0
0.500899983371
0.552575289794
1.0
0.50064671806
0.552219542275
1.0
0.50064671806
0.552219542275
1.0
0.500604294144
0.552377620864
1.0
0.500884287367
0.550824769311
1.0
0.500767068252
0.550444703544
1.0
0.50063883501
0.549930465701
1.0
0.500682294815
0.550248199742
1.0
0.499935476202
0.550569301426
1.0
0.499700888171
0.550108166434
1.0
0.499700888171
0.550108166434
0.983765388011
0.499417669317
0.549296302201
0.983765388011
0.499723904894
0.549288258307
1.0
0.500320911421
0.550172066323
1.0
0.500179997026
0.549360381126
0.98137470734
0.499455434594
0.548031445206
0.98137470734
0.499502512307
0.54805357146
1.0
0.499854924348
0.549394763614
1.0
0.499961037443
0.549764619582
1.0
0.499961037443
0.549764619582
1.0
0.499806154136
0.548527226853
1.0
0.499815219673
0.547928158134
1.0
0.500308674822
0.548742641214
1.0
0.500586927265
0.549478056848
1.0
0.500437878952
0.549849859097
1.0
0.500982396418
0.55019813272
1.0
0.501030320062
0.550161436898
1.0
0.500823269324
0.549978992606
1.0
0.500823269324
0.549978992606
1.0
0.500943992229
0.549837637772
1.0
0.501296700948
0.550309336833
1.0
0.501115517729
0.550048324862
1.0
0.500537966055
0.550342073983
1.0
0.500767490401
0.550526859096
1.0
0.498070790423
0.554268677032
1.0
0.497843564703
0.55428289757
1.0
0.497843564703
0.55428289757
1.0
0.495709873066
0.558631781239
1.0
0.495647800579
0.559867222243
1.0
0.495217351687
0.564489765471
1.0
0.49329394095
0.572682664808
1.0
0.493389978046
0.574065731436
1.0
0.49214331944
0.580779786888
1.0
0.491555204015
0.579516202986
1.0
0.490836511318
0.583762165657
1.0
0.492327188667
0.584379077939
1.0
0.492327188667
0.584379077939
1.0
0.492465761804
0.586373834411
1.0
0.492394509764
0.585841350616
1.0
0.49266039543
0.583983690914
1.0
0.492996744169
0.583941484328
1.0
0.493265183321
0.58346469621
1.0
0.493077466403
0.583835401284
1.0
0.492995612862
0.583305475314
1.0
0.493402369866
0.583493156046
1.0
0.493402369866
0.583493156046
1.0
0.493498252424
0.583834590415
1.0
0.493314918974
0.583585766113
1.0
0.493420480842
0.583225567317
1.0
0.493291829111
0.582942555352
1.0
0.493553083902
0.583421977177
1.0
0.492372107229
0.583497548821
1.0
0.492338142012
0.583248325369
1.0
0.493435218652
0.583752013639
1.0
0.493435218652
0.583752013639
1.0
0.49335090078
0.584295936502
1.0
0.493413010988
0.583986182288
1.0
0.493312527783
0.583580845611
1.0
0.493510525967
0.584125111877
1.0
0.492982157887
0.583913807333
1.0
0.492812615839
0.583739607359
1.0
0.49321317478
0.582867616232
1.0
0.493210491938
0.582421587485
1.0
0.493210491938
0.582421587485
1.0
0.493113719133
0.583654236878
1.0
0.493005997942
0.58393311663
1.0
0.493062753488
0.58395669305
1.0
0.493148517713
0.583989591246
1.0
0.49336456699
0.583622459392
1.0
0.492671304332
0.583304067758
1.0
0.492543308179
0.583576820374
1.0
0.493045509005
0.583766714905
1.0
0.493045509005
0.583766714905
1.0
0.493264534773
0.582944157955
1.0
0.493314898354
0.583037919054
1.0
0.493258008471
0.582218172085
1.0
0.49333903733
0.582421760667
1.0
0.493190107001
0.582893247487
1.0
0.49305345976
0.582963813874
1.0
0.493178497253
0.58186760059
1.0
0.493073711593
0.581895916199
1.0
0.493081721607
0.581883879355
1.0
0.493081721607
0.581883879355
1.0
0.493037620902
0.581848749397
1.0
0.49316460308
0.582323402973
1.0
0.492588347868
0.582406854498
1.0
0.492807961498
0.58251104762
1.0
0.49224889032
0.582256733358
1.0
0.492145674847
0.582288141048
1.0
0.492836516295
0.582922575076
