1.0
0.372708508696
0.547524549427
1.0
0.372662671976
0.547842480763
1.0
0.372476744763
0.547510863531
1.0
0.372550196785
0.547466390914
1.0
0.372862307558
0.547573084556
1.0
0.372961684477
0.547556858168
1.0
0.372776383609
0.546960932805
1.0
0.372878463527
0.546583632288
1.0
0.373236070739
0.546815336612
1.0
0.373379691415
0.545857790425
1.0
0.373379691415
0.545857790425
1.0
0.3735338997
0.546434556281
1.0
0.373570661924
0.546411167819
1.0
0.373744082538
0.546650555892
1.0
0.373840356516
0.546761223053
1.0
0.374085827295
0.546595613625
1.0
0.374119675859
0.546150101867
1.0
0.374172419574
0.545877578963
1.0
0.37435925411
0.545736600037
1.0
0.374692118019
0.545916106899
1.0
0.374692118019
0.545916106899
1.0
0.374773300883
0.545549026089
1.0
0.375518737538
0.546130036899
1.0
0.375730446646
0.545991393538
1.0
0.375967235668
0.545615083258
1.0
0.376061375195
0.545233960788
1.0
0.376833870496
0.546212310234
1.0
0.376839145385
0.546516358192
1.0
0.376601926205
0.546352616198
1.0
0.376601926205
0.546352616198
1.0
0.376791376575
0.546073339179
1.0
0.377572562724
0.545986952739
1.0
0.377733803292
0.544778024981
1.0
0.377886819055
0.544294618877
1.0
0.37793243079
0.544273763149
1.0
0.378749294382
0.545889329962
1.0
0.378919684533
0.545248818341
1.0
0.379663147548
0.544859177336
1.0
0.379663147548
0.544859177336
1.0
0.37980719951
0.544427959249
1.0
0.38063313996
0.54531854147
1.0
0.380682310512
0.545279380125
1.0
0.381175922665
0.544876698161
1.0
0.381284145246
0.545169701193
1.0
0.381975139803
0.545502492289
1.0
0.382080372621
0.545207111032
1.0
0.382080372621
0.545207111032
1.0
0.381032261098
0.542812677468
1.0
0.380980897046
0.54292101138
1.0
0.381258131726
0.537058393012
1.0
0.38133607436
0.53700230626
1.0
0.385099700247
0.534074424158
1.0
0.385011978967
0.534622477649
0.99
0.395726077796
0.528047103567
0.99
0.39549459403
0.527291782575
0.99
0.405651899186
0.523662543657
0.99
0.405651899186
0.523662543657
0.99
0.404295500411
0.520867021632
0.99
0.413341233444
0.521502023486
0.99
0.413974169351
0.513474003741
1.0
0.41623752518
0.511127441976
0.99
0.419833906491
0.492537532068
0.99
0.420700521204
0.491225741208
0.99
0.424193441803
0.475759928486
0.99
0.424181348649
0.475219288226
0.99
0.424181348649
0.475219288226
0.99
0.428919805841
0.456218923109
0.99
0.42923235966
0.456667486697
1.0
0.430098081552
0.453433664602
1.0
0.430036645469
0.453671390864
1.0
0.430738654671
0.45160056374
1.0
0.430794373212
0.451575952146
1.0
0.430968737623
0.450483122904
1.0
0.430671851887
0.450604697251
1.0
0.430671851887
0.450604697251
1.0
0.430913851128
0.449229511414
1.0
0.43117337944
0.449284426792
1.0
0.431470494628
0.447476909511
1.0
0.431442336299
0.447820563325
1.0
0.431605772761
0.446762100463
1.0
0.431338119459
0.445662628207
1.0
0.431382780545
0.445902607431
1.0
0.431466377698
0.446761630951
1.0
0.431466377698
0.446761630951
1.0
0.431509526537
0.446817241463
1.0
0.431909852168
0.447354783468
1.0
0.43190075031
0.447355563099
1.0
0.431966228743
0.447828456052
1.0
0.431984187109
0.447962137467
1.0
0.432403027138
0.448536427954
1.0
0.432429815706
0.44858018056
1.0
0.432429815706
0.44858018056
1.0
0.432652658839
0.448592336285
1.0
0.432703369038
0.448770704243
1.0
0.432791120519
0.448760665747
1.0
0.432847519884
0.448665532196
1.0
0.432873359155
0.449085982645
1.0
0.432928389567
0.449184833408
1.0
0.433078397447
0.449776407323
1.0
0.433098374268
0.449879346041
1.0
0.433098374268
0.449879346041
1.0
0.432977048978
0.449096837168
1.0
0.433092995396
0.449090163254
1.0
0.433387886748
0.449727789562
1.0
0.433440939644
0.449791881533
1.0
0.43362186708
0.449837462492
1.0
0.433692270518
0.449597785135
1.0
0.434096067356
0.450371751714
1.0
0.434171014177
0.450160533244
1.0
0.434276994178
0.45067678109
1.0
0.434276994178
0.45067678109
1.0
0.434335926054
0.450625512139
1.0
0.434359958578
0.450362863021
1.0
0.434517649835
0.450319108469
1.0
0.435115254498
0.450499544223
1.0
0.435213249642
0.450164956644
1.0
0.43534522455
0.450655358704
1.0
0.43534522455
0.450655358704
1.0
0.435492159186
0.45081406964
1.0
0.435654448578
0.450485317278
1.0
0.435799739331
0.45062236492
1.0
0.435972841252
0.45205718914
1.0
0.436030870666
0.451943374286
1.0
0.43627977583
0.451229345813
1.0
0.4363953572
0.4515840524
1.0
0.436626560408
0.452628153885
1.0
0.436710523705
0.452654785381
1.0
0.436920073449
0.452732517393
1.0
0.436920073449
0.452732517393
1.0
0.437100974832
0.452846196051
1.0
0.437130045078
0.45377673443
1.0
0.437244701142
0.454140146337
1.0
0.437471570083
0.454969583451
1.0
0.437503572644
0.455459265838
1.0
0.437049118817
0.455540975223
1.0
0.437049118817
0.455540975223
1.0
0.43715351346
0.455806541227
1.0
0.439954355466
0.457064444892
1.0
0.440015542636
0.457417768415
0.99
0.452105578119
0.461990812368
0.99
0.452082920569
0.463045542993
0.99
0.47507026494
0.474623774166
0.99
0.475065120394
0.475188271853
0.99
0.501645891393
0.492227886171
0.99
0.501645891393
0.492227886171
0.99
0.501813827834
0.491970553955
0.99
0.52679949578
0.510420240952
0.99
0.529942950867
0.503925843572
0.99
0.54950049236
0.517921184678
