1.0
0.41048907714
0.475872709549
0.971120281305
0.410189094706
0.477111262199
0.971120281305
0.408972663413
0.476652897196
1.0
0.408395487018
0.479108827703
1.0
0.406773383582
0.47897410508
1.0
0.406773383582
0.47897410508
1.0
0.406497859548
0.47972875686
1.0
0.405982138596
0.480390270948
1.0
0.405666754011
0.481863100015
1.0
0.405388337528
0.482164010173
1.0
0.405094657365
0.483496273477
1.0
0.404179098112
0.482933119257
1.0
0.403823798274
0.483746303238
1.0
0.403212382799
0.483787079288
1.0
0.403027403307
0.484384437629
1.0
0.403027403307
0.484384437629
1.0
0.402718390639
0.484030131128
1.0
0.402312163785
0.485531395427
1.0
0.402547703976
0.485782510608
1.0
0.402281429325
0.48656405853
1.0
0.401595880927
0.48679353935
1.0
0.401478654038
0.487182719991
1.0
0.401494503905
0.487583658711
1.0
0.401494503905
0.487583658711
1.0
0.401441059505
0.488436367522
0.967467086167
0.401788157588
0.488357400008
0.967467086167
0.401686296639
0.489071310331
1.0
0.401343570833
0.488635898221
1.0
0.401440139232
0.488382321157
1.0
0.401772116867
0.488632415115
0.993908745235
0.401624719268
0.488919382767
0.993908745235
0.401559326255
0.489378643597
0.993908745235
0.401559326255
0.489378643597
1.0
0.401536051692
0.489313599761
1.0
0.402012544542
0.489466301401
1.0
0.402179709718
0.489153989652
1.0
0.403012657092
0.489721186013
1.0
0.403102195921
0.489122398638
1.0
0.403193215213
0.490458271856
1.0
0.403266922826
0.490343547022
1.0
0.404519973119
0.490367084944
1.0
0.404519973119
0.490367084944
1.0
0.404640194476
0.490059433127
1.0
0.4056381695
0.491287868676
1.0
0.405778706743
0.490897518842
1.0
0.407553841391
0.492532414207
1.0
0.407705303618
0.493099088442
1.0
0.408285034602
0.494226923391
1.0
0.408464885434
0.495097521045
1.0
0.40968082022
0.495893227685
1.0
0.40968082022
0.495893227685
1.0
0.409814860189
0.496213681538
1.0
0.410987872439
0.496905925869
1.0
0.411042411089
0.496912840007
1.0
0.411801627756
0.49754653149
1.0
0.412004250424
0.497957969663
1.0
0.413002010781
0.498183784588
1.0
0.413319064827
0.497790944964
1.0
0.413561815762
0.497991504994
1.0
0.413561815762
0.497991504994
1.0
0.413777031995
0.497045796386
1.0
0.4142458433
0.497263546351
1.0
0.414440963535
0.49780202708
1.0
0.415672697334
0.497729675717
1.0
0.415898945815
0.497538231302
1.0
0.41718762856
0.497163589065
1.0
0.417374370314
0.496756772972
1.0
0.417526404067
0.496250612345
1.0
0.417526404067
0.496250612345
1.0
0.417783449831
0.495886868874
1.0
0.418439957243
0.495579815269
1.0
0.418584609456
0.494591499665
1.0
0.418865407956
0.494463889959
1.0
0.419244970324
0.493306479876
1.0
0.420003769598
0.49293401574
1.0
0.420232634977
0.491949537226
1.0
0.420525455537
0.491650976764
1.0
0.420525455537
0.491650976764
1.0
0.420669531001
0.490257282251
1.0
0.421042367657
0.489249856487
1.0
0.421183803278
0.488443610478
0.990695781207
0.421744789553
0.487940746453
0.990695781207
0.422052973822
0.486674317539
1.0
0.422014447906
0.486741514932
1.0
0.422230800238
0.48517336151
1.0
0.422330025484
0.484480487662
1.0
0.422330025484
0.484480487662
1.0
0.422668355215
0.483719561009
1.0
0.422761510962
0.48312539677
1.0
0.423051049777
0.482083214147
1.0
0.423675091006
0.48122031775
1.0
0.42359343334
0.480548916276
1.0
0.42371200339
0.479052133719
1.0
0.423910089031
0.478160939635
1.0
0.425319169696
0.477935279925
1.0
0.425319169696
0.477935279925
1.0
0.425604679139
0.476056422095
1.0
0.425533698421
0.474732218628
1.0
0.425606311262
0.472905647526
1.0
0.426155743108
0.471632476157
1.0
0.42628288673
0.470608166315
1.0
0.426487354974
0.46963332688
1.0
0.426487354974
0.46963332688
1.0
0.426725843461
0.468908895164
1.0
0.427387613509
0.468351055272
1.0
0.427648910216
0.466525766773
1.0
0.427746232638
0.465822570649
1.0
0.427804141446
0.464263374953
0.989991543599
0.428542170774
0.464368003948
0.989991543599
0.428678834686
0.463507516399
1.0
0.430086416208
0.462001607726
1.0
0.430493431585
0.459702868524
1.0
0.431444787004
0.459552413087
1.0
0.431444787004
0.459552413087
1.0
0.431711309536
0.458096105192
1.0
0.432476251929
0.457950283852
1.0
0.43287891981
0.456590867296
1.0
0.433836495458
0.456309511653
1.0
0.433836202757
0.454776847769
1.0
0.434573790423
0.454703234343
1.0
0.434987615378
0.453490892495
1.0
0.434987615378
0.453490892495
1.0
0.43577470387
0.453724826152
1.0
0.436041257125
0.453070982597
1.0
0.437171438341
0.453465336078
1.0
0.437310322741
0.451597818785
1.0
0.437618399097
0.451926514231
1.0
0.437968769181
0.452152948106
1.0
0.439642909445
0.452480030671
1.0
0.439943498805
0.451323458747
1.0
0.439943498805
0.451323458747
1.0
0.440286987358
0.452034447527
1.0
0.440461499459
0.451989613801
1.0
0.441248106109
0.452405637673
1.0
0.441522552367
0.451854648871
1.0
0.442274758474
0.45252908673
1.0
0.442515446565
0.452148423692
1.0
0.443120425687
0.452263595093
1.0
0.443138130848
0.451836489204
1.0
0.44371273861
0.452030337641
1.0
0.44371273861
0.452030337641
1.0
0.443897857924
0.451935409654
1.0
0.44433009066
0.451715574399
1.0
0.444511894012
0.450810802472
1.0
0.444660575995
0.451878438071
1.0
0.444624867902
0.452610709745
1.0
0.444976980657
0.451622609683
1.0
0.445259944985
0.451118025064
1.0
0.44586646914
0.452059311625
1.0
0.44586646914
0.452059311625
1.0
0.446054989471
0.45193538543
1.0
0.446457988668
0.452292369099
1.0
0.446278328593
0.452181059315
1.0
0.446281067017
0.452387914491
1.0
0.44651739034
0.45246577298
1.0
0.446836819882
0.452957237747
1.0
0.447084186463
0.453337560937
1.0
0.447218399272
0.453229276657
1.0
0.447218399272
0.453229276657
1.0
0.447193120828
0.453551361673
1.0
0.447209895566
0.454061490137
1.0
0.44734623181
0.454056176249
1.0
0.447489466942
0.454353712708
1.0
0.447432390424
0.454967551706
1.0
0.447238456502
0.454301594832
1.0
0.447331666786
0.453987668293
1.0
0.447746114888
0.453994413549
1.0
0.447746114888
0.453994413549
1.0
0.44778828288
0.453635823246
1.0
0.447465464718
0.453382469692
1.0
0.447490457033
0.453509926394
1.0
0.447780505999
0.453543460678
1.0
0.447789839138
0.453404576875
1.0
0.447957535518
0.452958422728
1.0
0.447962286624
0.452908225712
1.0
0.448309281954
0.453335363594
1.0
0.448309281954
0.453335363594
1.0
0.448466886404
0.452733027096
1.0
0.448122379168
0.452560715335
1.0
0.448244335527
0.451875042483
1.0
0.448953695619
0.452228660259
1.0
0.448900112274
0.452358421508
1.0
0.448439714985
0.452394387568
1.0
0.448527557537
0.452408120356
1.0
0.449352321091
0.452436945818
1.0
0.449352321091
0.452436945818
1.0
0.449315754387
0.452130162635
1.0
0.449601260473
0.452478045345
1.0
0.449689429774
0.452699619115
1.0
0.450091255595
0.452851225486
1.0
0.450155969864
0.452817496259
1.0
0.450298271077
0.452780268119
1.0
0.450412140477
0.452339036408
1.0
0.451008054663
0.452569270573
1.0
0.451008054663
0.452569270573
1.0
0.450953531673
0.452254738831
1.0
0.450775915332
0.452438326754
1.0
0.451007566384
0.452304614518
1.0
0.451934887262
0.452524871893
1.0
0.451893642658
0.452371738158
1.0
0.451683268571
0.453022834564
1.0
0.451760335048
0.453123973563
1.0
0.451760335048
0.453123973563
1.0
0.45258949861
0.452616317915
1.0
0.452528386438
0.452782218386
1.0
0.45283151358
0.453096284213
1.0
0.45291826683
0.452887963766
1.0
0.453144121007
0.452922785155
1.0
0.453176927264
0.453068078404
1.0
0.453459264023
0.45307731532
1.0
0.453459264023
0.45307731532
1.0
0.453629589298
0.452888628595
1.0
0.453587190236
0.452738600043
1.0
0.453477563336
0.45281140679
1.0
0.453653403474
0.452693573281
1.0
0.453733951894
0.452648092569
1.0
0.453780616343
0.452567471741
1.0
0.453905668301
0.452463945683
1.0
0.454600922648
0.452478998067
1.0
0.45451439465
0.452054360083
1.0
0.454159904423
0.451406757804
1.0
0.454159904423
0.451406757804
1.0
0.454044480442
0.451048144264
1.0
0.454264031104
0.45079327519
1.0
0.454479045276
0.450834244118
1.0
0.454402549745
0.449972312581
1.0
0.454510106893
0.449392157264
1.0
0.454873804377
0.449249042746
1.0
0.4548817957
0.449060746479
1.0
0.455119429337
0.448882383161
1.0
0.455119429337
0.448882383161
1.0
0.455348199849
0.447921804438
1.0
0.455869810698
0.447699377375
1.0
0.455750487886
0.447659582088
1.0
0.455651805168
0.446826022112
1.0
0.455506353183
0.446466567597
1.0
0.455495461442
0.446027867555
1.0
0.455767828622
0.444990063791
1.0
0.455767828622
0.444990063791
1.0
0.456092891438
0.445077177974
1.0
0.455977555756
0.444421480484
1.0
0.456295331319
0.44465658981
1.0
0.456517603691
0.444749788242
1.0
0.4566959163
0.444114601212
1.0
0.456745275781
0.443469260824
1.0
0.45651413762
0.443832094752
1.0
0.45658889752
0.442907150381
1.0
0.45658889752
0.442907150381
1.0
0.457230651285
0.443130565746
1.0
0.457290662009
0.442893530518
1.0
0.457662077654
0.44314660444
1.0
0.457840175855
0.442546994989
1.0
0.458306543566
0.442821315349
1.0
0.458321488388
0.442698112362
1.0
0.459565471152
0.442726305193
1.0
0.459652339901
0.442913686411
1.0
0.458638642267
0.443458687032
1.0
0.458638642267
0.443458687032
1.0
0.458716459858
0.443277675787
1.0
0.458974070559
0.44449751854
1.0
0.459049319425
0.443837289584
1.0
0.459087980238
0.444360199565
1.0
0.459245928092
0.444329171824
1.0
0.459523165278
0.444616348
1.0
0.459686563428
0.444888505375
1.0
0.459686563428
0.444888505375
1.0
0.459625379251
0.445769277066
1.0
0.459607110086
0.446162567141
1.0
0.460011264601
0.447284615842
1.0
0.459963464296
0.447860113965
1.0
0.459671219973
0.448582974607
1.0
0.459795517079
0.448848170431
1.0
0.460068481246
0.450103754844
1.0
0.459729041225
0.450894167787
1.0
0.46011476688
0.452282482596
1.0
0.46011476688
0.452282482596
1.0
0.460177683817
0.453017716165
1.0
0.459831250405
0.454019925825
1.0
0.459950162184
0.455396040695
1.0
0.460685492698
0.45696875409
1.0
0.460863612944
0.457749529271
1.0
0.461079710824
0.459311531586
1.0
0.460888701936
0.460312193505
1.0
0.461033745887
0.461297687595
1.0
0.461033745887
0.461297687595
1.0
0.461046082577
0.461935509933
1.0
0.460744560917
0.462756693918
1.0
0.460658031193
0.464207400824
1.0
0.460988665565
0.465155124797
1.0
0.46098532821
0.466229616423
1.0
0.461081173934
0.46765017896
1.0
0.461342599472
0.468256549896
1.0
0.461342599472
0.468256549896
1.0
0.461216876978
0.469730094586
1.0
0.460915451981
0.471193413075
1.0
0.461226558995
0.471767152492
1.0
0.46152717
0.472613373644
1.0
0.46089044529
0.472661168988
1.0
0.460999652461
0.473333269922
1.0
0.46089985554
0.473983876138
1.0
0.460553621448
0.474972053598
1.0
0.460553621448
0.474972053598
1.0
0.46047781476
0.474965547773
1.0
0.460572155381
0.476011148304
1.0
0.459789210007
0.475454218837
1.0
0.459816727683
0.475566247566
1.0
0.458955211794
0.474727605048
1.0
0.458889770445
0.47595768778
1.0
0.45875647586
0.474931861821
1.0
0.458924978525
0.475519990256
1.0
0.45808024399
0.475477092549
1.0
0.45808024399
0.475477092549
1.0
0.457862612684
0.476170262297
1.0
0.457393874433
0.475818439127
1.0
0.45728403187
0.475166691955
1.0
0.456420868145
0.474295608949
1.0
0.45623928197
0.474547287862
1.0
0.455165247464
0.47293493093
1.0
0.455325469669
0.472391040312
1.0
0.455325469669
0.472391040312
1.0
0.455042460474
0.470951168014
1.0
0.454849133014
0.471123442322
1.0
0.453951908467
0.469854931027
1.0
0.453977144034
0.469637849441
1.0
0.453250648621
0.46853614345
1.0
0.453183029622
0.468699960215
1.0
0.451738967952
0.467000816289
1.0
0.451531796641
0.465525967963
1.0
0.451531796641
0.465525967963
1.0
0.451437011091
0.464385696532
1.0
0.451462732374
0.463658341265
1.0
0.451479773238
0.462821770716
1.0
0.451593894379
0.461592147539
1.0
0.450843852447
0.459968709366
1.0
0.450967981609
0.458682546245
1.0
0.450688682264
0.457179036592
1.0
0.450874555939
0.456449675522
1.0
0.450874555939
0.456449675522
1.0
0.45087817754
0.45486027999
1.0
0.451204692701
0.45296487565
1.0
0.450188128186
0.451705844507
1.0
0.450251490289
0.449966381278
1.0
0.450205615075
0.448700962655
1.0
0.450584694125
0.446986850931
1.0
0.449777125798
0.445818074564
1.0
0.449832015538
0.445041784724
1.0
0.450087235779
0.444989077961
1.0
0.450087235779
0.444989077961
1.0
0.450208384683
0.443704172251
1.0
0.450203049141
0.442788390739
1.0
0.450564482821
0.441438619724
1.0
0.45037807542
0.44053561422
1.0
0.450733727798
0.438945045614
1.0
0.450263257
0.43789355527
1.0
0.450418308062
0.436314978458
1.0
0.450221233104
0.434564489082
1.0
0.450221233104
0.434564489082
1.0
0.4504807699
0.433575950927
1.0
0.449891892594
0.432254807525
1.0
0.450190723843
0.43074655055
1.0
0.45000829021
0.430093019738
1.0
0.450094483075
0.428936234667
1.0
0.446460200183
0.426133787019
1.0
0.446906847487
0.424147228166
1.0
0.446906847487
0.424147228166
1.0
0.439343814657
0.422838374331
1.0
0.439583271164
0.421463462405
1.0
0.43572073931
0.424212008538
1.0
0.435677512993
0.422478634452
1.0
0.434493836693
0.42616629162
1.0
0.434228314701
0.425634060428
1.0
0.435339374993
0.427160621737
1.0
0.433349277895
0.431447745648
1.0
0.433349277895
0.431447745648
1.0
0.433605868268
0.430935101872
1.0
0.431889649974
0.438546677664
1.0
0.431836838886
0.437370176435
1.0
0.430787854769
0.443960732627
1.0
0.431568222174
0.443895853779
1.0
0.431644863243
0.446591847732
1.0
0.431162654107
0.445632728843
1.0
0.431603104652
0.443965053533
1.0
0.431603104652
0.443965053533
1.0
0.433048043027
0.444426570548
1.0
0.433239249896
0.444082278177
1.0
0.433393249848
0.444532369885
1.0
0.433757549677
0.443164790225
1.0
0.434869071854
0.443143816981
1.0
0.435022637277
0.441904973576
1.0
0.435757016926
0.441447372383
1.0
0.435757016926
0.441447372383
1.0
0.436271273747
0.440912409149
1.0
0.436541401934
0.441180184615
1.0
0.436975643726
0.439846101911
1.0
0.437607074993
0.439744823571
1.0
0.437816558716
0.438617681483
1.0
0.438346405665
0.439264674577
1.0
0.438620150873
0.438560307439
1.0
0.439310223209
0.438746078114
1.0
0.439781056459
0.438377987086
1.0
0.439781056459
0.438377987086
1.0
0.440472397849
0.439014506525
1.0
0.440818473349
0.438096909295
1.0
0.441172230705
0.43837394646
1.0
0.441369060508
0.438281516273
1.0
0.442102978546
0.438335716512
1.0
0.442364879556
0.437428767929
1.0
0.443130707509
0.437566438198
1.0
0.443319574408
0.436838043832
1.0
0.443319574408
0.436838043832
1.0
0.44418556891
0.436971991857
1.0
0.444642401631
0.43590175928
1.0
0.445293436558
0.436105584539
1.0
0.445659522094
0.435843615711
1.0
0.445960072608
0.435099909781
1.0
0.445958561769
0.434594729572
1.0
0.447839545252
0.43502449995
1.0
0.448283273137
0.434301668132
1.0
0.44832892859
0.433833169797
1.0
0.44832892859
0.433833169797
0.988004553133
0.448464054451
0.432743892261
0.988004553133
0.449420849516
0.432199066427
1.0
0.44986702889
0.430189823703
1.0
0.451060445412
0.430675364048
1.0
0.451564060714
0.429798748464
1.0
0.453048330837
0.430500512615
1.0
0.45360506606
0.42872715418
1.0
0.45360506606
0.42872715418
1.0
0.454387828692
0.429246030135
1.0
0.45464779582
0.428198054624
1.0
0.455371223843
0.429133646741
1.0
0.455646994267
0.428996016841
1.0
0.455842154849
0.429325628024
1.0
0.456513628131
0.427719333285
1.0
0.457413741182
0.427784046945
1.0
0.457413741182
0.427784046945
1.0
0.457692880652
0.426963327726
1.0
0.458912669294
0.428525974788
1.0
0.459173901928
0.428392545578
1.0
0.460182238595
0.429613140254
1.0
0.46072833114
0.429242978692
1.0
0.461115365164
0.429996112413
1.0
0.461082512969
0.430415708051
1.0
0.461363804762
0.430942508665
1.0
0.46185799129
0.42997953351
1.0
0.46185799129
0.42997953351
1.0
0.462767532391
0.430704914123
1.0
0.462998730356
0.431512773606
1.0
0.462540912681
0.431577145472
1.0
0.462470783676
0.432382964165
1.0
0.463228142034
0.433506958221
1.0
0.463419456946
0.433493218305
1.0
0.463130052469
0.433110816049
1.0
0.463448386596
0.433103528913
1.0
0.463448386596
0.433103528913
1.0
0.464540445887
0.43326706182
1.0
0.464388561853
0.434373679768
1.0
0.465528132675
0.435250877946
1.0
0.465800083779
0.434642081298
1.0
0.46611052731
0.432863609432
1.0
0.466247475383
0.432415011405
1.0
0.466642145721
0.432058522262
1.0
0.466642145721
0.432058522262
1.0
0.466597049124
0.43115741691
1.0
0.467712783256
0.431570447578
1.0
0.467843247624
0.43154521429
1.0
0.468664104437
0.430814642626
1.0
0.469099134597
0.429559588076
1.0
0.469559230502
0.429060813673
1.0
0.470098684095
0.426531114288
1.0
0.471721536671
0.427412731587
1.0
0.472122510982
0.425948622919
1.0
0.472122510982
0.425948622919
1.0
0.472485769316
0.425179372497
1.0
0.472626251095
0.425504693033
1.0
0.473379078169
0.425646672177
1.0
0.473513274654
0.424376488776
1.0
0.47444724064
0.424151806466
1.0
0.474871463933
0.422858728908
1.0
0.475732527524
0.422631568578
1.0
0.475732527524
0.422631568578
1.0
0.476138353226
0.422084463108
1.0
0.476739532178
0.42182319809
1.0
0.476854913584
0.421228583802
1.0
0.477857982075
0.421472248624
1.0
0.478303525024
0.42000208258
1.0
0.478633272006
0.419611157845
1.0
0.478921447897
0.418764452115
1.0
0.479832990897
0.418852880296
1.0
0.47995964009
0.41768351437
1.0
0.480145828622
0.417176104094
1.0
0.480145828622
0.417176104094
1.0
0.480551182724
0.41632237133
1.0
0.481386933291
0.416315808846
1.0
0.481667155247
0.415440726296
1.0
0.482547705966
0.415799156866
1.0
0.482803881275
0.415114339412
1.0
0.483279276283
0.415417834901
1.0
0.483474354218
0.414923647927
1.0
0.483474354218
0.414923647927
1.0
0.483756033242
0.414977724381
1.0
0.483974616012
0.413790979867
1.0
0.484985785578
0.414906425617
1.0
0.485219314108
0.414556765088
1.0
0.485703316582
0.415172265552
1.0
0.485843523461
0.415404315448
1.0
0.485976447784
0.415356936098
1.0
0.486289138128
0.41476029556
1.0
0.486289138128
0.41476029556
1.0
0.479018213572
0.412664713689
1.0
0.479281478958
0.412228926294
1.0
0.470935112953
0.412016765156
1.0
0.471124809969
0.412528495822
0.960323944105
0.462389463222
0.414380795965
0.960323944105
0.462351127123
0.414234511855
0.898297126988
0.452564423544
0.416194668751
0.898297126988
0.45098250579
0.419027337625
0.898297126988
0.45098250579
0.419027337625
0.99
0.438180461071
0.429808554174
0.84717951462
0.433273347418
0.44371670121
0.947338270068
0.429307845716
0.458321747822
0.947338270068
0.429840374047
0.459554244583
0.99
0.424848058545
0.476861604727
0.99
0.425586546652
0.477080492548
0.99
0.425586546652
0.477080492548
0.944079182771
0.422181625933
0.490554615429
0.944079182771
0.423469756417
0.48922863599
1.0
0.421801830942
0.497341601343
1.0
0.423065868185
0.497667174119
1.0
0.422914506185
0.499157541268
1.0
0.424180768075
0.49926097853
1.0
0.42402515132
0.499609299557
1.0
0.424288732011
0.499711760139
1.0
0.424288732011
0.499711760139
1.0
0.424340159642
0.499453202435
1.0
0.42560078998
0.499780111234
1.0
0.425499238269
0.499918200572
1.0
0.426179700001
0.499518739686
1.0
0.426220799641
0.499298302039
1.0
0.427784964765
0.499134248229
1.0
0.427967240565
0.498673800333
1.0
0.427549691374
0.499852448194
1.0
0.427716980871
0.498793578253
1.0
0.427716980871
0.498793578253
1.0
0.429126089293
0.49821758671
1.0
0.429350638672
0.497590344929
1.0
0.429858116539
0.497834734153
1.0
0.430220110175
0.496982249157
1.0
0.431271910222
0.497447180949
1.0
0.431460461763
0.496945619003
1.0
0.432190721656
0.497222533406
1.0
0.432190721656
0.497222533406
1.0
0.432270714157
0.496958202005
1.0
0.433978753962
0.497153600292
1.0
0.43425176324
0.496800884754
1.0
0.434547549806
0.497245430626
1.0
0.434609388373
0.496337070803
1.0
0.435558595254
0.49708287524
1.0
0.435736456272
0.496871530359
1.0
0.436535852649
0.496761842218
1.0
0.436816707571
0.497496829055
1.0
0.436816707571
0.497496829055
1.0
0.437367197799
0.497734964853
1.0
0.437379461142
0.497231646498
1.0
0.43834440629
0.498266583678
1.0
0.438687629962
0.49809430546
1.0
0.439121627518
0.497497015873
1.0
0.439310358494
0.497734144368
1.0
0.439768144807
0.497979727104
1.0
0.439768144807
0.497979727104
1.0
0.439779309179
0.497361499379
1.0
0.440464757957
0.497547684422
1.0
0.440475567261
0.497447173809
1.0
0.441216054753
0.497018471716
1.0
0.441423253238
0.497148670178
1.0
0.441799280298
0.498119146767
1.0
0.441814636713
0.497230725106
1.0
0.442775238748
0.497326195186
1.0
0.442775238748
0.497326195186
1.0
0.442950403654
0.49698812291
1.0
0.442974857137
0.496507544364
1.0
0.443121095516
0.49642480955
1.0
0.443610667727
0.496204275111
1.0
0.443598711561
0.495671781892
1.0
0.444235412156
0.495044544674
1.0
0.444215303929
0.494622546226
1.0
0.444175070832
0.494317329976
1.0
0.444353683361
0.494241234491
1.0
0.444353683361
0.494241234491
1.0
0.444858039374
0.494541655902
1.0
0.44483733344
0.494171778557
1.0
0.44522025101
0.493258070549
1.0
0.445322639979
0.492492014698
1.0
0.445575950702
0.492447169211
1.0
0.445570724484
0.492045578538
1.0
0.446144693704
0.492977530564
1.0
0.44635212452
0.491911930401
1.0
0.44635212452
0.491911930401
1.0
0.446558905605
0.490630919877
1.0
0.446679514825
0.490042504196
1.0
0.447012445372
0.489767167381
1.0
0.447271439094
0.488576010967
1.0
0.447603205714
0.488231474496
1.0
0.447523711029
0.4875770663
1.0
0.448304850313
0.487294035996
1.0
0.448304850313
0.487294035996
1.0
0.448429274689
0.486903604121
1.0
0.448895384018
0.486771361326
1.0
0.449194852752
0.486105979927
1.0
0.455952129225
0.491192630792
0.997910551157
0.456098075618
0.490007440289
0.997910551157
0.463516534039
0.50163075457
1.0
0.463558273257
0.500865746392
1.0
0.466776244322
0.509872689735
1.0
0.467085951188
0.508955375703
1.0
0.467085951188
0.508955375703
0.99
0.474502699159
0.527451243888
0.99
0.474902199813
0.527108599233
1.0
0.474559753341
0.530612218134
1.0
0.476812039893
0.530881766096
1.0
0.476800290837
0.530822453227
1.0
0.477826202158
0.534003226249
1.0
0.477725283229
0.533485798064
1.0
0.477725283229
0.533485798064
0.871322861191
0.478294606959
0.538044796783
0.871322861191
0.479029639187
0.537926921818
0.875259773169
0.478606374674
0.543041122877
0.875259773169
0.478699538739
0.54316814706
0.829535292596
0.478353458551
0.547164562556
0.829535292596
0.478302762238
0.547634231896
0.858595867067
0.478600556189
0.54821327472
0.858595867067
0.478347978374
0.548721543929
0.896046227687
0.478882295421
0.550979662555
0.896046227687
0.478882295421
0.550979662555
0.896046227687
0.479616521956
0.550978906365
1.0
0.479974043772
0.553427797174
1.0
0.480435824431
0.553980567622
1.0
0.480721405554
0.556818240979
1.0
0.480379879695
0.557783239943
1.0
0.480380156875
0.559452816853
1.0
0.480650230231
0.560129994703
1.0
0.480650230231
0.560129994703
1.0
0.480742228201
0.560020129428
1.0
0.480457630043
0.56059533811
1.0
0.480365100144
0.560722639611
1.0
0.480465480139
0.561389108929
1.0
0.480417978898
0.562570146833
1.0
0.48041075358
0.563292531416
1.0
0.480423767204
0.563778488155
1.0
0.480076768062
0.56391930847
1.0
0.480076768062
0.56391930847
1.0
0.479958955593
0.564065848518
1.0
0.48001621721
0.564148717238
1.0
0.479945634327
0.564907978472
1.0
0.479465730469
0.565430265475
1.0
0.479345157761
0.565879127076
1.0
0.478865698544
0.566703147463
1.0
0.47858666788
0.567902063835
1.0
0.478240182067
0.567866201389
1.0
0.478240182067
0.567866201389
1.0
0.478199340858
0.568517327952
1.0
0.47789907826
0.568998926472
1.0
0.477894985892
0.569477565789
1.0
0.477625792496
0.569975193339
1.0
0.477186005419
0.570943311436
1.0
0.476240418975
0.570669520777
1.0
0.476006575985
0.571479516733
1.0
0.475597695576
0.571206804936
1.0
0.475597695576
0.571206804936
1.0
0.475705060692
0.571655008953
1.0
0.475227181791
0.572123257481
1.0
0.474976829896
0.571529199552
1.0
0.474996134369
0.571446104588
1.0
0.475098297542
0.572380529841
1.0
0.474437701993
0.572696481349
1.0
0.474122584452
0.57375806033
1.0
0.473940183298
0.574339438569
1.0
0.473940183298
0.574339438569
1.0
0.473955881864
0.574242824503
1.0
0.473712770428
0.574473196126
1.0
0.473710330882
0.57499115031
1.0
0.473303187474
0.574967667837
1.0
0.473354778372
0.574831923606
1.0
0.473013179236
0.575222659639
1.0
0.472838202472
0.57629663317
1.0
0.472961215452
0.577000491963
1.0
0.472839146415
0.577467000667
1.0
0.472839146415
0.577467000667
1.0
0.472317528102
0.577898996892
1.0
0.472308130172
0.578522785282
1.0
0.472521205662
0.578498566879
1.0
0.47250108215
0.578401345951
1.0
0.472311739383
0.579358234338
1.0
0.472358803383
0.580137726302
1.0
0.472289567593
0.580326367024
1.0
0.472289567593
0.580326367024
1.0
0.472349573134
0.581307094567
1.0
0.472049319081
0.5815052545
1.0
0.472043966722
0.581546947904
1.0
0.472096511945
0.581546836893
1.0
0.472046156024
0.582079337229
1.0
0.471955904868
0.582001512816
1.0
0.471963348735
0.582698104441
1.0
0.472056856996
0.582934762438
1.0
0.472180242523
0.582722487792
1.0
0.472180242523
0.582722487792
1.0
0.472752675135
0.582156686166
1.0
0.472822948276
0.582102423122
1.0
0.472938746733
0.58187931939
1.0
0.473099084221
0.582493666698
1.0
0.473415001456
0.582196843657
1.0
0.473544632294
0.581777807494
1.0
0.473444288792
0.582017560282
1.0
0.473444288792
0.582017560282
1.0
0.473745353407
0.58155157693
1.0
0.474352330581
0.581936342574
1.0
0.474703482377
0.581259870131
1.0
0.47512776954
0.581544915269
1.0
0.475349035855
0.58114600463
1.0
0.475670687283
0.581018100164
1.0
0.475911644042
0.580873407067
1.0
0.47583861966
0.579728777044
1.0
0.47583861966
0.579728777044
1.0
0.476301311447
0.578917582348
1.0
0.481027861644
0.579387340268
1.0
0.48126380724
0.578530597788
1.0
0.490295769419
0.577162210746
1.0
0.490537427199
0.577319525498
1.0
0.498262632752
0.572969756615
1.0
0.498470258445
0.57262130729
1.0
0.502205921918
0.56780743075
1.0
0.502205921918
0.56780743075
1.0
0.50259674931
0.566791421708
1.0
0.502184686169
0.56436134761
1.0
0.504443390203
0.558505075674
1.0
0.504046377452
0.559174111651
1.0
0.507941116816
0.548505951972
1.0
0.508783338377
0.548533231282
1.0
0.511993188571
0.537699165259
1.0
0.512634986633
0.538599544749
1.0
0.512634986633
0.538599544749
1.0
0.515026178368
0.530119243575
1.0
0.514659043067
0.53005309549
1.0
0.515120367221
0.527416557579
1.0
0.515025508497
0.527866341877
1.0
0.514907002942
0.527655312137
1.0
0.514923489279
0.527520393073
1.0
0.51512043838
0.527492195185
1.0
0.515444440767
0.527592200519
1.0
0.515444440767
0.527592200519
1.0
0.515655329874
0.527482374239
1.0
0.515376284934
0.52739314197
1.0
0.515158173955
0.527534272751
1.0
0.515420116941
0.52794771061
1.0
0.515649144707
0.527623865235
1.0
0.515692405028
0.528121542873
1.0
0.515665838159
0.528207009296
1.0
0.515791612464
0.5281522822
1.0
0.515791612464
0.5281522822
1.0
0.515782574912
0.52863152364
1.0
0.516033731845
0.528751330086
1.0
0.516244343598
0.528638613674
1.0
0.516139203675
0.528940231495
1.0
0.516196071428
0.529214864387
1.0
0.516340421745
0.529441658998
1.0
0.516057522456
0.530277081963
1.0
0.516165251005
0.530408082875
1.0
0.516165251005
0.530408082875
1.0
0.516304640829
0.531138469132
1.0
0.516094786153
0.530953384873
1.0
0.516057832152
0.530582513195
1.0
0.51630463662
0.530788231303
1.0
0.516431354043
0.530640773124
1.0
0.516318209901
0.530521565249
1.0
0.516298424097
0.531198827568
1.0
0.516193635612
0.532501452674
1.0
0.516275459388
0.532271221729
1.0
0.516275459388
0.532271221729
1.0
0.516332333353
0.531976836652
1.0
0.516143079124
0.532575079148
1.0
0.516088059941
0.531973789204
1.0
0.516245476555
0.531887436898
1.0
0.516355208936
0.531648570741
1.0
0.516131409124
0.532368218693
1.0
0.516257772262
0.532795486395
1.0
0.516257772262
0.532795486395
1.0
0.516208304062
0.532487272567
1.0
0.51621987351
0.532558868971
1.0
0.516254436956
0.532839899383
1.0
0.516056454381
0.532484145552
1.0
0.516204513837
0.532572151548
1.0
0.516490791901
0.533166648355
1.0
0.516238793178
0.533476532045
1.0
0.515753653762
0.533739081692
1.0
0.515753653762
0.533739081692
1.0
0.515749132856
0.533620871405
1.0
0.516417623488
0.533610536299
1.0
0.516632280285
0.533628338466
1.0
0.516297218043
0.532755166793
1.0
0.516180338723
0.532854472252
1.0
0.51630675109
0.533772806339
1.0
0.5161505927
0.534161474367
1.0
0.515871480551
0.534046002612
1.0
0.515871480551
0.534046002612
1.0
0.516156986798
0.533809658703
1.0
0.515686913715
0.534087008749
1.0
0.515089588657
0.535394010928
1.0
0.514898325799
0.53621930042
1.0
0.514863408566
0.536387798986
1.0
0.514397117764
0.535756430805
1.0
0.514328323281
0.536264210545
1.0
0.514561223218
0.536541265696
1.0
0.514561223218
0.536541265696
1.0
0.514360152211
0.536694349866
1.0
0.513843280196
0.537525230476
1.0
0.51373325644
0.537878717342
1.0
0.513804478808
0.538493102293
1.0
0.513864725491
0.538704894181
1.0
0.513776103248
0.539445432897
1.0
0.513321834647
0.540661667363
1.0
0.512942436203
0.541210109668
1.0
0.512942436203
0.541210109668
1.0
0.512891189841
0.541951129451
1.0
0.512015029804
0.539943775707
1.0
0.511840485891
0.541104318852
1.0
0.505444265873
0.533376220399
1.0
0.505224470177
0.533824052549
1.0
0.497807122569
0.52317669481
1.0
0.497653910536
0.52419762184
1.0
0.497653910536
0.52419762184
0.99337541301
0.491879145191
0.518840092234
0.99337541301
0.491797157148
0.519128054658
0.99
0.479265788079
0.497644806433
0.99
0.47816021881
0.497300638155
1.0
0.474901939091
0.489624175844
1.0
0.472494336826
0.487447338075
1.0
0.470652653423
0.483641891773
1.0
0.468678994943
0.479846579522
1.0
0.468820310047
0.478938409808
1.0
0.468820310047
0.478938409808
0.99
0.465637830049
0.474237272494
0.99
0.465559919627
0.474238272806
1.0
0.464665635674
0.468292566658
1.0
0.464681883837
0.468072428734
1.0
0.463876127484
0.46522802637
1.0
0.462984556779
0.465059123228
1.0
0.462559673023
0.464242131135
1.0
0.462551904047
0.463427715297
1.0
0.462551904047
0.463427715297
1.0
0.462079080969
0.463313139451
1.0
0.461609097237
0.463412333034
1.0
0.46127316785
0.463055243425
1.0
0.460980716235
0.462972642806
1.0
0.460918079
0.463523496689
1.0
0.460974485966
0.463163064614
1.0
0.460772925271
0.463544740319
