1.0
0.422477654447
0.438536313503
1.0
0.423360115903
0.442101696798
1.0
0.423472304409
0.442377578431
1.0
0.423956151172
0.443364190466
1.0
0.423956151172
0.443364190466
1.0
0.423967658481
0.443629441901
1.0
0.422943453103
0.441950058923
1.0
0.423053164661
0.442242544692
1.0
0.423546638609
0.445233202684
1.0
0.423656976632
0.445901148687
1.0
0.423968721821
0.447253020463
1.0
0.423976885822
0.447593063405
1.0
0.424884758279
0.448983747051
1.0
0.424980151894
0.449133827703
1.0
0.424972985041
0.449301211966
1.0
0.424972985041
0.449301211966
1.0
0.425162442115
0.44956625502
1.0
0.426056991209
0.44914144165
1.0
0.426286241315
0.449023480445
1.0
0.426148191792
0.449589318737
1.0
0.426099895839
0.449622067056
1.0
0.426913106809
0.451640529728
1.0
0.426913106809
0.451640529728
1.0
0.427084958767
0.451533800399
1.0
0.427256143964
0.451235950292
1.0
0.427372685934
0.450622838002
1.0
0.428644803621
0.452003966592
1.0
0.428842562637
0.451882406861
1.0
0.429088384442
0.451742935524
1.0
0.429305333504
0.451150569334
1.0
0.430055949842
0.450986937445
1.0
0.430255352751
0.451081227922
1.0
0.431548270232
0.453356709922
1.0
0.431548270232
0.453356709922
1.0
0.43179303741
0.45293058547
1.0
0.43268860669
0.454182308323
1.0
0.432820072166
0.453652201829
1.0
0.433617111254
0.453923684274
1.0
0.433821479714
0.452858565573
1.0
0.434707015659
0.453678586121
1.0
0.434943413845
0.453647516191
1.0
0.434943413845
0.453647516191
1.0
0.435563064059
0.45284163438
1.0
0.435841043038
0.451464069239
1.0
0.436857182629
0.452277749617
1.0
0.437027123231
0.45165028363
1.0
0.437249887823
0.450799220073
1.0
0.437421177217
0.449022131206
1.0
0.434389925636
0.442238162291
1.0
0.434389925636
0.442238162291
1.0
0.433191319939
0.440157867693
0.99
0.419927325915
0.412129413614
0.99
0.417001859838
0.408042516566
0.99
0.415046478908
0.399211464917
1.0
0.414351415782
0.393547275409
1.0
0.411410998754
0.383748957249
1.0
0.41149282533
0.377985308087
1.0
0.412345569507
0.377507526879
1.0
0.412561621357
0.375875021958
1.0
0.412895885945
0.374950124163
1.0
0.412895885945
0.374950124163
1.0
0.412831317582
0.374734812241
1.0
0.413563498192
0.372576223625
1.0
0.413532149399
0.37195502219
1.0
0.413967377356
0.370783065585
1.0
0.414094225998
0.369800613628
1.0
0.414636331774
0.370193934751
1.0
0.414769250233
0.369496469246
1.0
0.414769250233
0.369496469246
1.0
0.415238124541
0.368892204393
1.0
0.415352004009
0.368027173265
1.0
0.415369558927
0.36678076293
1.0
0.415481277407
0.366059098347
1.0
0.415467127632
0.365565502845
1.0
0.415498985149
0.365048409262
1.0
0.415525552464
0.36453624223
1.0
0.415525552464
0.36453624223
1.0
0.415578538431
0.363924098011
1.0
0.415760579378
0.364230126589
1.0
0.415897496199
0.363779899539
1.0
0.415771450983
0.362890617563
1.0
0.415767417422
0.363231100522
1.0
0.415741981291
0.363295362738
1.0
0.415771036227
0.363221057492
1.0
0.41570815578
0.362834708192
1.0
0.415769160962
0.363124346415
1.0
0.415920884996
0.364635328475
1.0
0.415920884996
0.364635328475
1.0
0.415968066446
0.364855805984
1.0
0.416158928401
0.36493964204
1.0
0.416177432775
0.36520693692
1.0
0.416505866245
0.366015620069
1.0
0.416541069874
0.366433077934
1.0
0.416151095014
0.367841219107
1.0
0.416151095014
0.367841219107
1.0
0.416152786412
0.369050435327
1.0
0.415921792151
0.368454024011
1.0
0.415973377905
0.36880291863
1.0
0.416080276346
0.370760951543
1.0
0.416182657812
0.371417198127
1.0
0.416215034849
0.372525828767
1.0
0.416144787395
0.373207999391
1.0
0.416237907679
0.37406432297
1.0
0.416218937127
0.37513098067
1.0
0.416708615597
0.375391316129
1.0
0.416708615597
0.375391316129
1.0
0.416746938538
0.375450638765
1.0
0.417258080415
0.376021042786
1.0
0.417463342035
0.375797994623
1.0
0.417523921436
0.376650246636
1.0
0.417513164579
0.376843194324
1.0
0.417051528829
0.376913012348
1.0
0.417051528829
0.376913012348
1.0
0.417192117795
0.377292561613
1.0
0.417660083752
0.378066754754
1.0
0.417666796222
0.378252096597
1.0
0.417495858742
0.37786781379
1.0
0.417615909405
0.377843457823
1.0
0.417890722942
0.37826430622
1.0
0.41798652084
0.378014689726
1.0
0.418624152406
0.379279618767
1.0
0.418691940813
0.379690342058
1.0
0.418691940813
0.379690342058
1.0
0.418622492638
0.380925474016
1.0
0.418828919166
0.380643604063
1.0
0.419180450254
0.381227691116
1.0
0.419199344524
0.38157792877
1.0
0.42079971797
0.383809242643
1.0
0.421029061778
0.384064586364
1.0
0.421709119016
0.386117123449
1.0
0.422014503138
0.385760305499
1.0
0.423381147208
0.387225086021
1.0
0.423381147208
0.387225086021
1.0
0.42349307547
0.387960140774
1.0
0.424490480378
0.390223385107
1.0
0.424698276804
0.390550844837
1.0
0.425275138217
0.392723369812
1.0
0.425596635252
0.393596566762
1.0
0.426865043282
0.396356627451
1.0
0.426865043282
0.396356627451
1.0
0.427188204979
0.396657702964
1.0
0.428433053441
0.399343190449
1.0
0.428673145477
0.400279674543
1.0
0.430508000112
0.403703666108
1.0
0.430891296671
0.404846859236
1.0
0.432807854083
0.4095190294
1.0
0.433095943277
0.410065608682
1.0
0.433812720877
0.412696628248
1.0
0.433812720877
0.412696628248
1.0
0.434157602918
0.414128534533
1.0
0.434317718291
0.416738830062
1.0
0.434350197293
0.418459933428
1.0
0.435801672573
0.421499437518
1.0
0.436004678631
0.423156085309
1.0
0.436199945065
0.425653314499
1.0
0.436546557528
0.426824207628
1.0
0.436685558487
0.428787688082
1.0
0.436772302437
0.430993418115
1.0
0.437579791533
0.434423829944
1.0
0.437579791533
0.434423829944
1.0
0.437704574876
0.435068152813
1.0
0.438105355984
0.437238626486
1.0
0.438398836778
0.438697909761
1.0
0.439627092435
0.44118645965
1.0
0.440015972574
0.442213350946
1.0
0.440691654118
0.44446006711
1.0
0.440929460058
0.445824859163
1.0
0.440929460058
0.445824859163
1.0
0.441783814865
0.447912766563
1.0
0.442132479851
0.44767527595
1.0
0.442951021262
0.449673098337
1.0
0.443287936589
0.45081255459
1.0
0.444090862106
0.453053528653
1.0
0.444411604488
0.452826767346
1.0
0.44508972753
0.455084442457
1.0
0.445342281425
0.455194573267
1.0
0.446391865233
0.456828425541
1.0
0.446391865233
0.456828425541
1.0
0.446655673823
0.456523593603
1.0
0.446396666853
0.456746426655
1.0
0.446641439536
0.454945253563
1.0
0.446805480612
0.455370298203
1.0
0.446961807171
0.454404000265
0.984607759365
0.445382179811
0.455256298089
0.984607759365
0.445382179811
0.455256298089
0.984607759365
0.445301297313
0.455192557288
0.973207407671
0.444252496452
0.453494133304
0.973207407671
0.444390897872
0.454060413073
0.975119161597
0.443458616523
0.453563132225
0.975119161597
0.44338841525
0.451012177229
0.982957601267
0.442828939699
0.447531610369
0.982957601267
0.442852254168
0.445648284718
1.0
0.441370996543
0.444008592973
1.0
0.441370996543
0.444008592973
1.0
0.441421691978
0.442887006466
1.0
0.439995935117
0.437268484897
1.0
0.439832241719
0.435991260677
0.986827920366
0.43812039584
0.432023282515
0.986827920366
0.438116771468
0.430141860022
0.998855200049
0.437413320247
0.425582074527
0.998855200049
0.437316251314
0.424491188996
1.0
0.436765295404
0.421980688526
1.0
0.43668417012
0.420904219598
1.0
0.43668417012
0.420904219598
1.0
0.435939057709
0.41808790494
1.0
0.435935233852
0.416206495102
1.0
0.434266232834
0.413741202964
1.0
0.434237256894
0.413003227427
1.0
0.433734358522
0.411328476183
1.0
0.433761957431
0.410925165208
1.0
0.433502697814
0.410490659009
1.0
0.43343425503
0.409327259078
1.0
0.43343425503
0.409327259078
1.0
0.432545111018
0.40704974295
1.0
0.43253660472
0.406600194174
1.0
0.431746468194
0.405060735614
1.0
0.431708806083
0.404168889081
1.0
0.432595352603
0.402714567551
1.0
0.43259350276
0.401528459364
1.0
0.430893415395
0.398386451139
1.0
0.430893415395
0.398386451139
1.0
0.431002482192
0.397864448605
1.0
0.431127957187
0.397225344327
1.0
0.431124758938
0.396220766677
1.0
0.432705083696
0.397838475042
1.0
0.433452318147
0.396523105788
