1.0
0.539399928592
0.837931329196
1.0
0.539399928592
0.837931329196
1.0
0.53866132583
0.846981813838
1.0
0.538594006234
0.846881098427
1.0
0.538853240931
0.854184318611
1.0
0.538674738876
0.853901755519
1.0
0.53945772408
0.8579482807
1.0
0.53925379265
0.857693333207
1.0
0.53981526054
0.857237331394
1.0
0.540011509767
0.857772231666
1.0
0.53994253821
0.858160008433
1.0
0.53994253821
0.858160008433
1.0
0.540097305211
0.857985742496
1.0
0.540388427473
0.858154676667
1.0
0.540200496946
0.858107212778
1.0
0.540200805728
0.858085224927
1.0
0.540315616682
0.858022057877
1.0
0.540260515175
0.857592936021
1.0
0.540533648496
0.858137547289
1.0
0.540533648496
0.858137547289
1.0
0.540497916845
0.85793887489
1.0
0.540001641002
0.857202727861
1.0
0.539875955155
0.856723469561
1.0
0.540253977129
0.856805696725
1.0
0.540454707354
0.856963352488
1.0
0.540608362587
0.857119675983
1.0
0.540597142525
0.856842831059
1.0
0.539985016966
0.855796483893
1.0
0.539985016966
0.855796483893
0.929242747997
0.53951768629
0.854798013153
0.929242747997
0.539616465819
0.855572724459
1.0
0.54017767192
0.856133848784
1.0
0.540568392706
0.856404483448
1.0
0.540619070774
0.85616480052
1.0
0.540430915584
0.855299630005
1.0
0.540296677738
0.855074316284
1.0
0.540040838816
0.85481585464
1.0
0.540009863194
0.854472333601
1.0
0.540009863194
0.854472333601
1.0
0.539831735453
0.854411689248
1.0
0.539702929365
0.854139930199
1.0
0.539738394017
0.854270406528
1.0
0.539673212247
0.853712651193
1.0
0.53959801067
0.853702416245
1.0
0.539730063834
0.853403447767
1.0
0.539805513601
0.85320415369
1.0
0.539805513601
0.85320415369
1.0
0.539504270756
0.853140639586
1.0
0.539617635646
0.853008810968
1.0
0.539702462081
0.852713617305
1.0
0.539425000275
0.852668238834
0.930750737764
0.539239638531
0.852622284438
0.930750737764
0.539225213085
0.852428518577
1.0
0.53938212117
0.851943675872
1.0
0.5392751103
0.851749164506
1.0
0.5392751103
0.851749164506
1.0
0.538926840983
0.851744507687
1.0
0.538614474061
0.851338002168
1.0
0.538647021002
0.851091703354
1.0
0.538945362108
0.851779509551
1.0
0.538912724879
0.851616948239
1.0
0.538865867529
0.851158765633
1.0
0.538705932822
0.850825100611
1.0
0.538530396694
0.851009921095
1.0
0.538530396694
0.851009921095
1.0
0.538294878076
0.85120307971
1.0
0.538192900962
0.850762535517
1.0
0.538189277519
0.850353714404
1.0
0.538187109835
0.850608260219
1.0
0.537984551177
0.85078832041
1.0
0.537776724869
0.850440305462
1.0
0.537796568319
0.850856205086
1.0
0.537499937165
0.850573218837
1.0
0.537499937165
0.850573218837
0.8590883596
0.537399602654
0.848720883261
0.8590883596
0.537481310597
0.848500679923
1.0
0.537376473312
0.849827761581
1.0
0.537810409205
0.849790783328
1.0
0.537597409168
0.850186991179
1.0
0.53788888693
0.849353287253
1.0
0.537705828485
0.848875571393
1.0
0.538583783551
0.846855427603
1.0
0.538104312933
0.84673470063
1.0
0.538104312933
0.84673470063
0.99
0.541546528941
0.84245120763
0.99
0.541208033586
0.84202396761
0.99
0.544739815617
0.836667859086
0.99
0.544113285429
0.836277668325
0.99
0.549134444118
0.830320987259
0.99
0.54804794853
0.828540294508
0.944117017844
0.547886589962
0.810870491343
0.944117017844
0.547886589962
0.810870491343
0.944117017844
0.547104913917
0.804140357052
0.700598296435
0.550719998521
0.809152966582
0.700598296435
0.551357455399
0.795003556167
0.700598296435
0.551357455399
0.795003556167
0.897839639927
0.523038619512
-0.0411597714195
0.897839639927
0.532493913648
-0.067547649552
0.897839639927
0.539515688581
-0.0850257849889
0.868859699342
0.557555952825
-0.118409218757
0.868859699342
0.557555952825
-0.118409218757
0.897839639927
0.560277261303
-0.225296710951
0.897839639927
0.560277261303
-0.225296710951
0.897839639927
0.560277261303
-0.225296710951
0.945291104053
0.549629934139
0.369164099321
0.794157942805
0.542443129353
0.2846366694
0.750241246993
0.550626617414
0.309149930838
0.750241246993
0.557744123335
0.316281307427
0.704615974966
0.565686044257
0.349984118753
0.704615974966
0.565686044257
0.349984118753
0.704615974966
0.565816772235
0.359581387389
0.753902303628
0.565088932333
0.33938998752
0.753902303628
0.565095317744
0.342297336364
0.792264891079
0.568363074932
0.338175078002
0.792264891079
0.568363074932
0.338175078002
0.792264891079
0.568431450422
0.338284626601
0.792264891079
0.568380720417
0.338336280638
0.792264891079
0.568311588693
0.338036026324
0.792264891079
0.568500220171
0.340587828773
0.792264891079
0.568345857598
0.340618829363
0.792264891079
0.568345857598
0.340618829363
0.792264891079
0.568152280532
0.340635307044
0.786863561418
0.567013535773
0.350187190404
0.786863561418
0.567171471461
0.351137957941
0.749421386603
0.567003517647
0.353760901913
0.749421386603
0.56727068873
0.355370177818
0.755563556987
0.567834938763
0.353395176974
0.755563556987
0.567234961806
0.352975924738
0.85055294518
0.56580860261
0.356385326311
0.85055294518
0.56580860261
0.356385326311
0.85055294518
0.565970170072
0.356129128798
0.829159294031
0.565908177
0.357806215624
0.829159294031
0.565920220228
0.358918810222
0.875775349432
0.565885364614
0.360427902001
0.875775349432
0.565868933249
0.359764607162
0.874436562764
0.565875959178
0.360112211985
0.874436562764
0.564728235658
0.360249133559
0.874436562764
0.564728235658
0.360249133559
0.858961465545
0.564986456951
0.359361943067
0.858961465545
0.562817001909
0.358871792523
0.90280451591
0.562879663491
0.358277565534
0.90280451591
0.561161631153
0.35805782545
0.872721048578
0.560830644647
0.359563100126
0.872721048578
0.559131876953
0.359326980894
0.815014560865
0.557721712352
0.359735013859
0.815014560865
0.556692430015
0.359750602161
0.815014560865
0.556692430015
0.359750602161
0.883443911254
0.551527941203
0.361590267231
0.883443911254
0.551424087504
0.362071252632
0.892450301824
0.547010751728
0.367292345222
0.892450301824
0.547041219036
0.368071281867
0.903902337225
0.54503913688
0.370454405297
0.903902337225
0.545339917139
0.370433748027
0.907025194916
0.5438011004
0.37546038771
0.907025194916
0.54349778879
0.375348484957
0.907025194916
0.54349778879
0.375348484957
0.961372253193
0.542979975155
0.378477817373
0.961372253193
0.543119843763
0.378957863828
0.921219484256
0.543386175898
0.378878066196
0.921219484256
0.543572303876
0.379407600561
0.903710325533
0.543487279168
0.38176276289
0.903710325533
0.54356048964
0.382086797962
1.0
0.543503860557
0.38333928943
1.0
0.543443182444
0.383671787526
1.0
0.543443182444
0.383671787526
0.951052024605
0.543900116337
0.382409619254
0.951052024605
0.543963632252
0.381614107236
0.93178081844
0.544330954656
0.381773734968
0.93178081844
0.544459476691
0.381555952368
0.978378990148
0.544239135109
0.381780812504
0.978378990148
0.544210105941
0.381506057119
0.941846249476
0.544648753406
0.381644557412
0.941846249476
0.542020634381
0.377186792577
0.941846249476
0.542020634381
0.377186792577
0.958717303693
0.542295284448
0.376569455339
0.870212654198
0.529992624141
0.345138111694
0.870212654198
0.529821593432
0.34569972826
0.870212654198
0.5299670008
0.345663730622
0.955332401463
0.520924887336
0.340291631806
0.966248748373
0.518473330409
0.338070878437
0.966248748373
0.517774594247
0.3372660529
0.966248748373
0.517774594247
0.3372660529
0.932573189285
0.507834796969
0.330901754351
0.932573189285
0.508121489383
0.330444241416
0.902260800724
0.493078987158
0.338282563511
0.902260800724
0.493058841669
0.3373885103
0.940982297652
0.482435032132
0.3413484569
0.940982297652
0.482731279307
0.341978700621
0.967761736763
0.479443078802
0.342179891598
0.967761736763
0.479498403336
0.343337628254
0.967761736763
0.479498403336
0.343337628254
0.934342950383
0.480630390009
0.343434958193
0.934342950383
0.480539675818
0.342625561937
0.945631725723
0.482163110733
0.339980118714
0.945631725723
0.482431325757
0.339745648528
0.978142134351
0.482927028463
0.339501469042
0.978142134351
0.482669736849
0.339046470773
0.968157445455
0.482722752967
0.338369275746
0.968157445455
0.483301050202
0.338697608783
0.968157445455
0.483301050202
0.338697608783
0.962392185136
0.48403099036
0.339234420701
0.962392185136
0.483555791448
0.338421063252
0.953766088289
0.484139558615
0.338688704415
0.953766088289
0.483895165967
0.337428308507
1.0
0.484342681257
0.336809188965
1.0
0.484237145682
0.336324484146
1.0
0.484224161228
0.336103156773
1.0
0.484261359493
0.335121325956
1.0
0.484261359493
0.335121325956
1.0
0.484217781359
0.334144289322
1.0
0.484535477493
0.334719666664
0.967713813394
0.484579932605
0.335015928258
0.967713813394
0.484483516241
0.334757795614
1.0
0.484429039455
0.335712313341
1.0
0.484110841143
0.33473423733
0.998515044305
0.484441356313
0.333904440015
0.998515044305
0.484669418358
0.333756289643
0.998515044305
0.484669418358
0.333756289643
0.968955446514
0.484817540776
0.334632079079
0.968955446514
0.487161092743
0.334901880936
0.931438895384
0.487441234563
0.335017565923
0.931438895384
0.498935533842
0.339015570734
0.99
0.499001717696
0.337389527352
0.99
0.499001717696
0.337389527352
0.983170804638
0.545262199958
0.377627259893
0.97370098773
0.545338636447
0.378520175496
0.962221341732
0.546832525104
0.376385592013
0.968219901489
0.553718402812
0.365859774561
0.968219901489
0.561995828434
0.388073310526
0.847333548243
0.581290689573
0.355911347159
0.847333548243
0.581290689573
0.355911347159
0.847333548243
0.580663866015
0.355353628251
0.838080803627
0.601539893483
0.326963672788
0.838080803627
0.601155360021
0.326410131412
