0.99
0.366591271384
0.642838406919
0.99
0.382974315867
0.661594931351
0.99
0.38840890554
0.665282220377
0.99
0.404877361074
0.682892147125
0.99
0.404877361074
0.682892147125
0.99
0.414918576391
0.694220499316
0.99
0.421894211715
0.703735439911
0.99
0.428566897764
0.709739069017
0.99
0.431067589143
0.711419706555
1.0
0.431341761234
0.709089946797
1.0
0.431271237662
0.706945615269
1.0
0.431493995109
0.705107755329
1.0
0.431030381869
0.703517599052
1.0
0.431030381869
0.703517599052
1.0
0.431050639813
0.702704028231
1.0
0.431941375723
0.701513472516
1.0
0.431859489144
0.701256158802
1.0
0.431683121795
0.699574926717
1.0
0.431515381223
0.697975634658
1.0
0.431444094058
0.697507718819
1.0
0.431464559125
0.696159880241
1.0
0.430577571214
0.69415143871
1.0
0.430980165566
0.691846934348
1.0
0.430980165566
0.691846934348
1.0
0.430272672969
0.690284161348
1.0
0.429961678215
0.689750184506
1.0
0.430098174571
0.687300758594
1.0
0.430277016558
0.687108892976
1.0
0.429749218445
0.686914410252
1.0
0.429427037109
0.685004817376
1.0
0.429334354102
0.683421715355
1.0
0.429215850567
0.682795214256
1.0
0.429215850567
0.682795214256
1.0
0.429204230389
0.682643577424
1.0
0.429412563892
0.681631394457
1.0
0.429428914861
0.680738806487
1.0
0.429449755026
0.680026847387
1.0
0.429464279999
0.679367183825
1.0
0.429602762872
0.678718901322
1.0
0.429147983936
0.677781198984
1.0
0.428964490941
0.676460468674
1.0
0.428964490941
0.676460468674
1.0
0.428416738075
0.675186869191
1.0
0.42858022332
0.674305075913
1.0
0.42813633993
0.673186015157
1.0
0.428070362382
0.672453907932
1.0
0.428375440703
0.672144876697
1.0
0.428383574903
0.671745874351
1.0
0.428383574903
0.671745874351
1.0
0.42835556878
0.671612993381
1.0
0.428565576271
0.670546082758
1.0
0.428194966256
0.669730107349
1.0
0.428165005877
0.668746022384
1.0
0.429094480434
0.667722755635
1.0
0.429357369538
0.666809859601
1.0
0.429277037615
0.666828501849
1.0
0.429504215274
0.665499679835
1.0
0.429150568935
0.665883682715
1.0
0.429121191998
0.665548679968
1.0
0.429121191998
0.665548679968
1.0
0.429640211671
0.665333201363
1.0
0.429805979912
0.664619144057
1.0
0.428556426684
0.663471228919
1.0
0.428678241069
0.66306695912
1.0
0.429592614909
0.662955946138
1.0
0.429844527928
0.662000730399
1.0
0.42959954297
0.661975347021
1.0
0.429421735725
0.660203515023
1.0
0.429421735725
0.660203515023
1.0
0.429054269954
0.659625652226
1.0
0.429089694608
0.658917995583
1.0
0.429496164086
0.659703706677
1.0
0.429591978348
0.659493448659
1.0
0.429773744079
0.658975014745
1.0
0.429870208107
0.658702758956
1.0
0.429870208107
0.658702758956
1.0
0.430064392932
0.659253189604
1.0
0.430265021543
0.659535457863
1.0
0.430131086869
0.659597664074
1.0
0.430198139069
0.658739047023
1.0
0.430711627701
0.658519029521
1.0
0.430729053927
0.658770405715
1.0
0.430459172541
0.65930828903
1.0
0.430451950937
0.659191213782
1.0
0.431157708667
0.658993819025
1.0
0.43109986345
0.658890510016
1.0
0.43109986345
0.658890510016
1.0
0.431277084704
0.659122984026
1.0
0.431298601083
0.659243384293
1.0
0.432007563967
0.660524919649
1.0
0.432034127105
0.660908125552
1.0
0.431533274723
0.661079908119
1.0
0.431562619132
0.660690564566
1.0
0.431610042193
0.661344579504
0.993270848782
0.431687293731
0.662270812323
0.993270848782
0.431687293731
0.662270812323
0.993270848782
0.43208071515
0.663140310691
1.0
0.43203830233
0.663510186645
1.0
0.432765664333
0.663613160525
1.0
0.432793767543
0.664494128446
1.0
0.432514029918
0.665007609713
0.993064532832
0.4325428029
0.66551453773
0.993064532832
0.432749117129
0.666036459455
0.993064532832
0.432749117129
0.666036459455
1.0
0.432796466352
0.666785157128
1.0
0.433289737878
0.668216851073
1.0
0.433653074393
0.668824023099
1.0
0.433294693804
0.669089294529
1.0
0.433081002183
0.669891373641
1.0
0.433047137645
0.67086362311
1.0
0.433234929178
0.670600631369
1.0
0.433234929178
0.670600631369
1.0
0.433788511288
0.670355238571
1.0
0.433388562128
0.671368273118
1.0
0.433228566572
0.671961702616
1.0
0.43326229328
0.672883141451
1.0
0.4327179022
0.673447106369
1.0
0.432795153627
0.673120771254
1.0
0.432625341122
0.673166196007
1.0
0.432221419214
0.673380925455
1.0
0.432221297906
0.673258574314
1.0
0.431697329398
0.67361277008
1.0
0.431697329398
0.67361277008
1.0
0.425293251048
0.670502056186
0.99
0.419354646024
0.675425867815
0.99
0.407397355352
0.670385941755
0.99
0.401919166549
0.676987524297
0.99
0.394253578752
0.673802605424
1.0
0.391846578825
0.677976653968
1.0
0.385999057358
0.677524752592
1.0
0.38533440158
0.680112860159
1.0
0.38533440158
0.680112860159
1.0
0.384547901311
0.682321194067
1.0
0.384934464973
0.683478707572
1.0
0.384137679756
0.685256573582
1.0
0.384575906769
0.685659247056
1.0
0.387001175479
0.685884318598
1.0
0.387747317205
0.686651309283
1.0
0.387747317205
0.686651309283
1.0
0.39519729497
0.695747923703
1.0
0.397460603049
0.70202790823
0.99
0.416881529841
0.731904034095
0.99
0.419289632714
0.756491574708
0.99
0.433376285505
0.783480996088
0.99
0.435157172621
0.804750241396
0.99
0.447287921094
0.830481402494
0.99
0.447900298914
0.852174073924
0.99
0.458762024914
0.874370145033
0.99
0.457965550367
0.894106249734
0.99
0.457965550367
0.894106249734
0.99
0.46960783328
0.909204464688
0.99
0.468544171632
0.923876268528
0.952280207786
0.476439662197
0.930637771776
0.952280207786
0.475636970293
0.926233954124
0.952280207786
0.475636970293
0.926233954124
0.894428596854
0.34253143734
0.811671757499
0.894428596854
0.34253143734
0.811671757499
0.791335524421
0.432229333994
0.723344253028
0.791335524421
0.461256145936
0.858933328764
0.791335524421
0.453524563147
0.851541863053
0.791335524421
0.453524563147
0.851541863053
0.791335524421
0.631547565731
0.936732063454
0.791335524421
0.655997644399
0.999547458201
0.751135890269
0.565977370332
1.08238445332
0.99
0.570987390303
1.10001778692
0.99
0.573314716575
1.11299547342
0.99
0.573960946053
1.11132777618
1.0
0.578004328403
1.1103690426
1.0
0.578004328403
1.1103690426
1.0
0.577900764461
1.10949463002
1.0
0.581541700221
1.10922529691
1.0
0.581050302995
1.10922359831
1.0
0.584065246939
1.10900530703
1.0
0.582308309207
1.10882103323
1.0
0.584413543296
1.10768954125
1.0
0.582193502445
1.10599180221
1.0
0.584203151352
1.10360053736
1.0
0.58225466027
1.10230076361
1.0
0.583986093865
1.10133143966
1.0
0.583986093865
1.10133143966
1.0
0.582970666194
1.10011867118
1.0
0.584349933237
1.09950354286
1.0
0.582686389565
1.09863474174
1.0
0.58410826861
1.0976257307
1.0
0.583617382921
1.09719957745
1.0
0.584779410391
1.09629243192
1.0
0.584779410391
1.09629243192
1.0
0.584744056457
1.09581187328
1.0
0.585919315027
1.09571491081
1.0
0.584806433771
1.09435589991
1.0
0.585883053453
1.09286502576
1.0
0.585393037599
1.0927756426
1.0
0.585703377006
1.09325556976
1.0
0.585531365661
1.09325397927
1.0
0.586269311047
1.09298079543
1.0
0.585742286381
1.09270773076
1.0
0.586392027557
1.09304579664
1.0
0.586392027557
1.09304579664
1.0
0.586658469145
1.09272352192
1.0
0.587008957865
1.09287744706
1.0
0.586782358802
1.09323467031
1.0
0.58764238839
1.09366235761
1.0
0.58726623367
1.09405467623
1.0
0.587914356461
1.09455469175
1.0
0.588366832029
1.09482416078
1.0
0.588366832029
1.09482416078
1.0
0.58840374416
1.09577013552
1.0
0.588388020567
1.0953489748
1.0
0.588945890433
1.09469314703
1.0
0.589061317923
1.0950714568
1.0
0.58951208244
1.0959997922
1.0
0.58968213393
1.09602030513
1.0
0.589864856146
1.0970390888
1.0
0.589864856146
1.0970390888
1.0
0.589827130153
1.09764586366
1.0
0.590220106341
1.0974913314
1.0
0.589773240771
1.09687547818
1.0
0.589926699435
1.09725706228
1.0
0.59015679988
1.09683397856
1.0
0.590281742427
1.09710370375
1.0
0.589901023586
1.09703566577
1.0
0.590265824574
1.09636648761
1.0
0.590362824158
1.09590990547
1.0
0.589988680885
1.09589188436
1.0
0.589988680885
1.09589188436
1.0
0.589566002536
1.09571359508
1.0
0.589432288375
1.09615854452
1.0
0.588861082594
1.09627333583
1.0
0.588974852528
1.09621560407
1.0
0.588964604614
1.09639746863
1.0
0.588391481745
1.09650458967
1.0
0.587223813565
1.09608853626
1.0
0.587223813565
1.09608853626
1.0
0.587124594369
1.09590504692
1.0
0.586560703344
1.09488396994
1.0
0.586698071342
1.09449999981
1.0
0.585693693821
1.09430836944
1.0
0.584691619533
1.09265020438
1.0
0.583699519885
1.09249405625
1.0
0.583499897069
1.09127628761
1.0
0.583499897069
1.09127628761
1.0
0.582866568218
1.09132679054
1.0
0.582368696962
1.09132488538
1.0
0.581790974438
1.09034104512
1.0
0.581527419632
1.08999069994
1.0
0.58084725716
1.08986284343
1.0
0.580734541209
1.08918478934
1.0
0.580072060488
1.08944809521
1.0
0.579622696835
1.08915591744
1.0
0.579083063591
1.08855512973
1.0
0.578953696637
1.0890297359
1.0
0.578953696637
1.0890297359
1.0
0.57824520058
1.08876740583
1.0
0.577871132807
1.08751265058
1.0
0.577141625263
1.08824016776
1.0
0.576421688267
1.08787158713
1.0
0.575484254364
1.08723273692
1.0
0.575163714166
1.08733264309
1.0
0.575163714166
1.08733264309
1.0
0.574623478604
1.08703779112
1.0
0.574182816168
1.0869140177
1.0
0.573322302053
1.08782294545
1.0
0.573224249591
1.08715682416
1.0
0.572996296781
1.08691156172
1.0
0.572502044813
1.0863724921
1.0
0.571800499001
1.08657973607
1.0
0.570956804333
1.08595030731
1.0
0.569883967666
1.08622615769
1.0
0.569390867139
1.08606296491
1.0
0.569390867139
1.08606296491
1.0
0.56862330286
1.08640023949
1.0
0.568263791496
1.08571949953
1.0
0.56782888979
1.08521820163
1.0
0.567441147452
1.08457571067
1.0
0.56630780344
1.08515586657
1.0
0.566094142922
1.08503493254
1.0
0.565003784549
1.08499366973
1.0
0.565003784549
1.08499366973
1.0
0.564484125131
1.08394499737
1.0
0.563704914341
1.08420619643
1.0
0.563048074826
1.08284560645
1.0
0.562506946923
1.08302106147
1.0
0.562290651011
1.08293049257
1.0
0.561544976067
1.08275625473
1.0
0.560603199096
1.08280856502
1.0
0.560603199096
1.08280856502
1.0
0.559197365964
1.08303121426
1.0
0.558478352883
1.08220641886
1.0
0.557591530831
1.08257647765
1.0
0.556973274428
1.08270040454
1.0
0.556665675562
1.0824814223
1.0
0.556356321766
1.08226037407
1.0
0.555361502976
1.08309082041
1.0
0.554782053512
1.08283025278
1.0
0.55418356659
1.08363182766
1.0
0.55418356659
1.08363182766
1.0
0.553097238067
1.08276126839
1.0
0.552109107275
1.08323200983
1.0
0.551505881418
1.08266960699
1.0
0.549314738121
1.08287451021
1.0
0.548274713981
1.0830545561
1.0
0.547946656436
1.08330849609
1.0
0.547288598059
1.08258307247
1.0
0.547288598059
1.08258307247
1.0
0.545985692808
1.08383688637
1.0
0.545240616167
1.08458757812
1.0
0.544423685718
1.08478823613
1.0
0.543634510728
1.08545132597
1.0
0.54299405941
1.08523936012
1.0
0.542017535384
1.08446245053
1.0
0.541057291548
1.08488580731
1.0
0.540219275436
1.08515794423
1.0
0.538706539234
1.0864780101
1.0
0.538267474595
1.08636461388
1.0
0.538267474595
1.08636461388
1.0
0.536789787273
1.08647233186
1.0
0.535778862089
1.08730251003
1.0
0.53378824814
1.08751271293
1.0
0.532857688932
1.08847579294
1.0
0.532184538341
1.09014812518
1.0
0.531224726676
1.09054625066
1.0
0.52965293782
1.09175406932
1.0
0.52965293782
1.09175406932
1.0
0.528381692785
1.09196547682
1.0
0.526755390657
1.09273379842
1.0
0.525331802857
1.09285461048
1.0
0.523105532492
1.0940355365
1.0
0.522298601866
1.09466873496
1.0
0.520898089772
1.09575086112
1.0
0.519686294072
1.09574188975
1.0
0.519686294072
1.09574188975
1.0
0.518005360234
1.09547838238
1.0
0.517017710102
1.0954002663
1.0
0.515026651863
1.09669458205
1.0
0.513929840222
1.09733178491
1.0
0.512162548739
1.09834706017
1.0
0.511184865512
1.097420825
1.0
0.510068207456
1.0976911387
1.0
0.50920230527
1.09765057159
1.0
0.508271546099
1.09803600357
1.0
0.506791349868
1.09599156874
1.0
0.506791349868
1.09599156874
1.0
0.505324501329
1.09636233066
1.0
0.504541982502
1.09713622145
1.0
0.503700437676
1.09721308043
1.0
0.50290634094
1.09554905805
1.0
0.50240736207
1.09540398094
1.0
0.502063884907
1.0946728566
1.0
0.502063884907
1.0946728566
1.0
0.50083148412
1.09314431498
1.0
0.500620548326
1.09220621903
1.0
0.500480903895
1.0924778818
1.0
0.500239888528
1.09225064351
1.0
0.499449989838
1.09188929817
1.0
0.498838094166
1.09063594824
1.0
0.498489603819
1.09090526803
1.0
0.498321623966
1.09024580643
1.0
0.498321623966
1.09024580643
1.0
0.497022985435
1.08954302433
1.0
0.496798821149
1.08797679261
1.0
0.496046250518
1.08850725823
1.0
0.495719454192
1.0880538073
1.0
0.494864340801
1.08772083241
1.0
0.494350713963
1.08689332612
1.0
0.493490378393
1.08666363628
1.0
0.493462899888
1.08720410031
1.0
0.493462899888
1.08720410031
1.0
0.492874441495
1.087461504
1.0
0.492353497755
1.0865436692
1.0
0.491171929722
1.08640909149
1.0
0.490681103963
1.0864906837
1.0
0.489665093231
1.08584766825
1.0
0.489174099474
1.08601088939
1.0
0.48749378998
1.08632182944
1.0
0.486780177757
1.08680018611
1.0
0.486780177757
1.08680018611
1.0
0.486161634489
1.08720974834
1.0
0.485619901531
1.08736954058
1.0
0.484778576686
1.08631178599
1.0
0.484360577423
1.08641249415
1.0
0.482777259733
1.08682942629
1.0
0.482376897852
1.08705518027
1.0
0.481688406662
1.08699273356
1.0
0.481324597901
1.08785208026
1.0
0.47983234757
1.08759575336
1.0
0.479642112532
1.08715053828
1.0
0.479642112532
1.08715053828
1.0
0.479344721942
1.08729212143
1.0
0.478905070874
1.08704463239
1.0
0.477230671006
1.08770668872
1.0
0.476545034234
1.08756997604
1.0
0.475744250042
1.08667698858
1.0
0.475485381727
1.08692577804
1.0
0.475485381727
1.08692577804
1.0
0.473912446675
1.08696393317
1.0
0.473674685668
1.08729999462
1.0
0.473157329103
1.08697244463
1.0
0.472868983839
1.08682860001
1.0
0.472624136127
1.08645491185
1.0
0.472234777085
1.08634519989
1.0
0.470883044108
1.08792165671
1.0
0.470681730176
1.08812446367
1.0
0.470681730176
1.08812446367
1.0
0.470608802242
1.08738069024
1.0
0.470532301426
1.08657776226
1.0
0.469016777227
1.08655134992
1.0
0.468923600691
1.08714810613
1.0
0.469326163946
1.08709889359
1.0
0.469187522052
1.08792519996
1.0
0.468377256801
1.08829582608
1.0
0.468035133788
1.08828648581
1.0
0.468010892385
1.08826197091
1.0
0.468010892385
1.08826197091
1.0
0.467646523826
1.08746065283
1.0
0.467877714885
1.08786890753
1.0
0.467687392391
1.08762095851
1.0
0.467415592042
1.08748588909
1.0
0.467632817779
1.087986372
1.0
0.467292550667
1.08774557051
1.0
0.467188784399
1.08837433799
1.0
0.467188784399
1.08837433799
1.0
0.468089998814
1.08885935375
1.0
0.468149011931
1.08917408047
1.0
0.467545968217
1.08905534909
1.0
0.467786077141
1.08896580352
1.0
0.468448430552
1.08902905205
1.0
0.468583727699
1.08979463365
1.0
0.468885686443
1.08965661856
1.0
0.468957659132
1.08960700645
1.0
0.468957659132
1.08960700645
1.0
0.469548620894
1.09039903474
1.0
0.469564425463
1.090981846
1.0
0.469572297321
1.09115700653
1.0
0.469949785661
1.09111433477
1.0
0.471207811104
1.0902259573
1.0
0.470813009295
1.09016236905
1.0
0.471019172625
1.0901725294
1.0
0.470759697139
1.0907072024
1.0
0.470759697139
1.0907072024
1.0
0.471144791627
1.09139364701
1.0
0.471225236697
1.09114451797
1.0
0.471160691071
1.09089914875
1.0
0.471475426182
1.09189206214
1.0
0.472441933877
1.09214398872
1.0
0.472448208866
1.09171926269
1.0
0.472647448276
1.09180665447
1.0
0.472521260042
1.09115276344
1.0
0.472521260042
1.09115276344
1.0
0.469767004937
1.08693172549
1.0
0.468462162762
1.08378158543
0.99
0.459412151833
1.06801439005
0.99
0.457156503482
1.05068848107
0.99
0.448098265978
1.02798902839
0.959998344605
0.448292418125
1.00479413638
0.959998344605
0.434120248271
0.976144352348
0.99
0.433335869978
0.953443047614
0.99
0.433335869978
0.953443047614
0.99
0.419735120383
0.925541455905
0.99
0.41985912712
0.896028016707
0.99
0.405810248373
0.866149545657
0.99
0.403742493166
0.843677034261
0.99
0.392795134698
0.820049228659
0.937037902363
0.389944699419
0.798956520998
0.937037902363
0.383414736134
0.784319841742
1.0
0.382200634307
0.781964126855
1.0
0.382200634307
0.781964126855
1.0
0.376403696587
0.772349519719
0.941951648835
0.375714434502
0.767170000634
0.941951648835
0.378601379413
0.768819604448
1.0
0.378295588994
0.771972299016
1.0
0.382083661309
0.774682329237
1.0
0.382328762416
0.776373984485
1.0
0.383690907809
0.776590157903
1.0
0.383671984871
0.777931610216
1.0
0.383671984871
0.777931610216
1.0
0.384446488172
0.779334099938
1.0
0.384341668339
0.780839721033
1.0
0.385239380716
0.783150392178
1.0
0.384819842385
0.783784815566
1.0
0.387224545114
0.785087780359
1.0
0.387081361912
0.785859838245
1.0
0.388359640528
0.786738390387
1.0
0.388523967598
0.787600344775
1.0
0.388523967598
0.787600344775
1.0
0.389557647323
0.788221957773
1.0
0.389581428746
0.789464715282
1.0
0.391240354965
0.790918924705
1.0
0.391161680379
0.792071838178
1.0
0.392681732775
0.792442396369
1.0
0.393120772531
0.793460730505
1.0
0.393884155562
0.795393013487
1.0
0.393813407486
0.796953802178
1.0
0.393813407486
0.796953802178
1.0
0.395114823803
0.797244088318
1.0
0.39578569757
0.798712750996
1.0
0.397122697074
0.800095821283
1.0
0.397598467387
0.801564474887
1.0
0.399079635643
0.802070163333
1.0
0.399244068882
0.802020590094
1.0
0.400394230227
0.80402161572
1.0
0.400689608355
0.804693463588
1.0
0.400689608355
0.804693463588
1.0
0.401520277813
0.805834622144
1.0
0.402179589781
0.805790154748
1.0
0.403443682263
0.807903215265
1.0
0.403911330055
0.808861308756
1.0
0.405928741361
0.809551089184
1.0
0.406661423317
0.81042341485
1.0
0.408218750292
0.812827648133
1.0
0.409151696572
0.813299529529
1.0
0.409151696572
0.813299529529
1.0
0.411382367645
0.815580048904
1.0
0.41203096635
0.817325407772
1.0
0.413713082803
0.817437567366
1.0
0.414159627869
0.817609445225
1.0
0.413316103282
0.817590022397
1.0
0.412955419905
0.819120927453
1.0
0.403264304706
0.812406883623
0.99
0.396897639285
0.81473421972
0.99
0.396897639285
0.81473421972
0.99
0.36272438595
0.777496203323
0.954549630311
0.358329354559
0.744322125371
0.99
0.35735569771
0.741635553072
1.0
0.355821942899
0.740359652869
1.0
0.356768171231
0.741415760209
1.0
0.362167007227
0.745475746508
1.0
0.363310073854
0.744731438938
1.0
0.363310073854
0.744731438938
1.0
0.368235944563
0.74856506821
0.995506253474
0.369531792338
0.75004021582
0.995506253474
0.372818364041
0.750646822385
0.961931974757
0.373998125224
0.748252316852
0.961931974757
0.376457049561
0.750351231917
0.926373293857
0.378064520916
0.750163315516
0.926373293857
0.381258971323
0.751627404395
0.953488833504
0.382396312643
0.751171173663
0.953488833504
0.382396312643
0.751171173663
0.953488833504
0.385763867309
0.75407670207
0.925399518577
0.387082603779
0.754754916492
0.925399518577
0.391429439333
0.757801710457
1.0
0.392967823751
0.759419495924
1.0
0.395613061493
0.759825736472
0.978601582344
0.397001247799
0.759484578052
0.978601582344
0.400051334907
0.760630626547
0.898795059424
0.401625991103
0.759393916001
0.898795059424
0.401625991103
0.759393916001
0.898795059424
0.405048077856
0.762055724213
0.933149429529
0.406065867949
0.761138134325
0.933149429529
0.409474157792
0.763192014345
0.906147003945
0.410841552956
0.763413287105
0.906147003945
0.413043825195
0.764433471964
0.974361425592
0.414031155565
0.764636144814
0.974361425592
0.416427944262
0.767305207636
0.983103669163
0.418064777538
0.766314185989
0.983103669163
0.418064777538
0.766314185989
0.983103669163
0.420153739516
0.766816408059
0.93340590792
0.420977817315
0.765913453919
0.93340590792
0.424109055718
0.76640930066
0.962451882588
0.425147375889
0.765217474806
0.962451882588
0.428072000938
0.766975523871
0.940596917977
0.429337003055
0.766918795777
0.940596917977
0.431580884394
0.768816844386
0.986401180123
0.432759569052
0.768874243423
0.986401180123
0.432759569052
0.768874243423
0.986401180123
0.435266751621
0.768584233524
0.990712800873
0.436571968142
0.768702190617
0.990712800873
0.439920471989
0.7696362316
0.995296091267
0.441143723312
0.768053530019
0.995296091267
0.443420862398
0.76948264056
1.0
0.444587435839
0.768791001763
1.0
0.445551111111
0.768951844688
1.0
0.445551111111
0.768951844688
0.998874698994
0.447088242851
0.767932906541
0.998874698994
0.450512688226
0.769843783524
0.977365864193
0.451865643003
0.768865838568
0.977365864193
0.454078510577
0.768606216451
0.938041057797
0.45506387829
0.767418617331
0.938041057797
0.45721770061
0.767756389205
0.973320617878
0.459278755662
0.767547449133
0.973320617878
0.462770991286
0.767865390259
0.983830688752
0.464117895194
0.765626164324
0.983830688752
0.464117895194
0.765626164324
0.983830688752
0.466385752702
0.765457798593
0.999746774111
0.467689356471
0.763019741134
0.999746774111
0.470432080021
0.762842985794
0.975568644307
0.472185006497
0.759978025961
0.975568644307
0.475311698996
0.76007527257
1.0
0.476693385069
0.758650212255
1.0
0.478704627382
0.758061624223
0.971817185513
0.480602116876
0.754133114309
0.971817185513
0.480602116876
0.754133114309
0.971817185513
0.484008285765
0.754516014648
0.983448196079
0.485426419604
0.75161586703
0.983448196079
0.486768003565
0.750574615545
1.0
0.488591949209
0.750358558246
1.0
0.491029432159
0.751398368025
1.0
0.491892502681
0.749990763202
1.0
0.493911947283
0.748693714404
0.971899930874
0.495919344582
0.745429514653
0.971899930874
0.495919344582
0.745429514653
0.971899930874
0.498196108894
0.746595905611
0.918874679245
0.49933844038
0.743666950216
0.918874679245
0.501670033786
0.741499560789
0.967091721808
0.503479979432
0.740614671574
0.967091721808
0.505039906696
0.740044131415
0.995216383814
0.505930932042
0.737548333923
0.995216383814
0.507951754896
0.73704294614
0.933057809749
0.509156067015
0.732381164175
0.933057809749
0.509156067015
0.732381164175
0.933057809749
0.509971389428
0.731980956806
0.950505881534
0.511272772605
0.730594648668
0.950505881534
0.511431797926
0.731737548178
0.921812261949
0.511945979376
0.731021394527
0.921812261949
0.513360122036
0.729045990966
0.951359302443
0.514520442825
0.728595582953
0.951359302443
0.516625513539
0.727348597047
0.943222862916
0.517704550209
0.72543458017
0.943222862916
0.517704550209
0.72543458017
0.943222862916
0.519396610726
0.724149930706
0.878137657862
0.520151868786
0.720702281177
0.878137657862
0.521131127473
0.719712408666
0.920692473693
0.521733977261
0.718708809459
0.920692473693
0.522811947517
0.719293666576
0.933776628943
0.523659091513
0.718073188706
0.933776628943
0.524987257163
0.717309689754
0.900847620585
0.525901377754
0.716009332628
0.900847620585
0.525901377754
0.716009332628
0.900847620585
0.527176658256
0.715178630087
0.912084988531
0.528150382513
0.714458281762
0.912084988531
0.529289688091
0.714329103756
0.849328067157
0.530286750779
0.71192646843
0.849328067157
0.530715058337
0.712143718025
0.933824235828
0.532121018029
0.712413390217
0.933824235828
0.533430995771
0.712191280489
0.938994962892
0.534434832518
0.712202615152
0.938994962892
0.534434832518
0.712202615152
0.938994962892
0.535270187487
0.711855259428
0.907740648103
0.536355467034
0.713558566636
0.907740648103
0.537209859965
0.710617002609
0.97111904733
0.537865195027
0.710293726063
0.97111904733
0.539101871072
0.711614739167
0.987808871684
0.539813397735
0.713511867421
0.987808871684
0.541034725261
0.714028012198
0.954025661826
0.541467296538
0.713909795145
0.954025661826
0.541467296538
0.713909795145
0.954025661826
0.542608060694
0.716106318327
0.935256677254
0.54290512455
0.713214200793
0.935256677254
0.542704749422
0.712411592868
0.928873351253
0.543413925987
0.712314626396
0.928873351253
0.544414562202
0.711593615597
0.886191387484
0.544612712317
0.710138089078
0.886191387484
0.545525754086
0.710993097013
0.939030244094
0.545988500852
0.71332048398
0.939030244094
0.545988500852
0.71332048398
0.939030244094
0.546469407092
0.715415052043
0.908376244221
0.547074685732
0.714191296565
0.908376244221
0.548214709866
0.712474485539
0.941230205237
0.548408606408
0.712527050699
0.941230205237
0.54969334524
0.713806498227
0.886441682001
0.549816571304
0.713106931298
0.886441682001
0.550771172771
0.713431691534
0.881829953774
0.551030720848
0.714593562643
0.881829953774
0.551030720848
0.714593562643
0.881829953774
0.551345955317
0.714731208547
0.954019573962
0.552032915307
0.715601391413
0.954019573962
0.552454331891
0.716369654334
1.0
0.552320914559
0.718912771444
1.0
0.55246809081
0.719603627797
0.928655831115
0.55229299456
0.71818600797
0.928655831115
0.553225824052
0.717806535701
0.929822926063
0.553829187351
0.719587386414
0.929822926063
0.553829187351
0.719587386414
0.929822926063
0.554017229649
0.720912564343
1.0
0.554590217606
0.722132960818
1.0
0.55495338812
0.721132375407
1.0
0.55499871296
0.722716267445
1.0
0.555620651721
0.723270784781
0.979619714235
0.555483155093
0.724225988122
0.979619714235
0.555566099562
0.725371643992
0.983494263573
0.555490104852
0.727095586326
0.983494263573
0.555490104852
0.727095586326
0.983494263573
0.555704438092
0.726287106298
0.980707158912
0.555908414415
0.725575952217
0.980707158912
0.556684044044
0.72583414944
0.987025096501
0.556866610411
0.725080970181
0.987025096501
0.557152519133
0.725727724439
1.0
0.557455482941
0.727300736287
1.0
0.557839967181
0.727722904228
1.0
0.557304765691
0.730113867156
1.0
0.557304765691
0.730113867156
1.0
0.557074588349
0.728700146673
0.992022363219
0.557107614902
0.727729018478
0.992022363219
0.557091840093
0.728591318782
1.0
0.557104532103
0.730942358235
1.0
0.557408140153
0.731388862901
1.0
0.557041103725
0.731582633496
1.0
0.556158627155
0.731444621903
1.0
0.556027044988
0.733382833015
1.0
0.556027044988
0.733382833015
1.0
0.555779004231
0.733615757528
1.0
0.555655416321
0.732292467621
1.0
0.555691777743
0.731437672012
0.978554579093
0.555890415988
0.728346624298
0.978554579093
0.555272344329
0.727551147131
0.910144969352
0.554486170857
0.727746854692
0.910144969352
0.553880014969
0.727900635103
0.951127908363
0.553146269995
0.730987031423
0.951127908363
0.553146269995
0.730987031423
0.951127908363
0.553444377913
0.732080519371
0.93928440147
0.552946890042
0.730751244952
0.93928440147
0.551693037057
0.72992852021
0.93522084314
0.551568236926
0.728401634276
0.93522084314
0.551560118829
0.727846030627
0.927780880523
0.551250009104
0.727142553826
0.927780880523
0.550868397468
0.726544084111
0.913564742763
0.550775367482
0.728588071878
0.913564742763
0.550775367482
0.728588071878
0.913564742763
0.550460218703
0.728243317935
1.0
0.550404843205
0.729675687215
1.0
0.549897249454
0.730616116374
0.962256613534
0.549921571892
0.730013667211
0.962256613534
0.549240984146
0.729845689101
1.0
0.549617631748
0.731933887187
1.0
0.549260584564
0.731262828038
0.974981608884
0.548473367945
0.732421779257
0.974981608884
0.548473367945
0.732421779257
0.974981608884
0.548579469094
0.732191786864
0.947957604628
0.548800969511
0.731134822156
0.947957604628
0.548504631597
0.730335881459
1.0
0.548061603188
0.73063041452
1.0
0.547612885305
0.7316482406
1.0
0.547666790698
0.731653062784
1.0
0.547666790698
0.731653062784
1.0
0.548344443848
0.731405047401
0.975550390835
0.548409319268
0.730918770473
0.975550390835
0.54763263393
0.730173026514
0.97563095216
0.547201548525
0.730588663725
0.97563095216
0.547477275008
0.730798222427
1.0
0.547088205839
0.730945710382
1.0
0.546668500791
0.729421502083
1.0
0.546606466492
0.729331699296
1.0
0.546452051562
0.72896313997
0.964722531284
0.546360439465
0.729532794452
0.964722531284
0.546360439465
0.729532794452
0.964722531284
0.546083954685
0.730757460056
1.0
0.546613664571
0.729639574508
1.0
0.546332240718
0.729027241666
1.0
0.545445110347
0.729777114261
1.0
0.544613456838
0.730221356337
1.0
0.544800296357
0.729180194882
1.0
0.545122491554
0.730128037051
0.980042298707
0.544459211089
0.730087626937
0.980042298707
0.544459211089
0.730087626937
0.980042298707
0.544156868873
0.730163478343
0.946172435025
0.544025457687
0.731044386257
0.946172435025
0.543280861811
0.732349193948
0.946908009173
0.543390118539
0.732999333264
0.946908009173
0.543658135553
0.732628605909
1.0
0.542963771086
0.732649655623
1.0
0.542424008836
0.731563352587
0.919291842921
0.542638927909
0.729854378831
0.919291842921
0.542638927909
0.729854378831
0.919291842921
0.542913706299
0.730648524801
0.99924719612
0.54249559692
0.732103692406
0.99924719612
0.542624993187
0.732220294975
0.988520311424
0.542643842454
0.732573317986
0.988520311424
0.544060182909
0.736094281951
0.999208961332
0.543291658527
0.737223417321
0.999208961332
0.546943072303
0.748825014274
