0.99
0.62701565237
0.251435566249
0.99
0.612346508839
0.287015629037
0.99
0.601828084492
0.310278891073
0.99
0.593434245547
0.327357253594
0.958051217002
0.591235870485
0.324792962902
0.958051217002
0.587808073147
0.331667460193
0.99
0.578150962576
0.332055218541
0.99
0.578150962576
0.332055218541
0.99
0.578703487203
0.332033627309
1.0
0.578683702548
0.332160871363
1.0
0.578996400897
0.331873774337
1.0
0.578420850574
0.332132813246
1.0
0.578219710659
0.332437275096
1.0
0.578227665803
0.332520516689
1.0
0.578355557865
0.332001742458
1.0
0.578452008875
0.332606683395
1.0
0.578452008875
0.332606683395
1.0
0.578631024719
0.332618025896
1.0
0.579286831795
0.333508441306
1.0
0.579634985124
0.333112535915
1.0
0.579596565079
0.332901285178
1.0
0.579710161554
0.332570337131
1.0
0.579884484418
0.331929621951
1.0
0.580485898721
0.331242985166
1.0
0.580485898721
0.331242985166
1.0
0.580708819476
0.332260038775
1.0
0.580858247288
0.332074877445
1.0
0.580953145921
0.331162237947
1.0
0.581203486635
0.330389882111
1.0
0.58243746271
0.332584918164
1.0
0.582950469146
0.331678445779
0.992915094381
0.583770525089
0.329544953155
0.992915094381
0.58395760172
0.328729537732
0.992915094381
0.58395760172
0.328729537732
1.0
0.585190064275
0.329374914801
1.0
0.585644048745
0.328810017558
1.0
0.586534432721
0.331054791853
1.0
0.587407650623
0.329336062585
1.0
0.58871225825
0.330800764322
1.0
0.58896149684
0.330587716438
1.0
0.59032402856
0.332438892362
1.0
0.591113350048
0.331225046554
1.0
0.591113350048
0.331225046554
1.0
0.592744696311
0.333235110963
1.0
0.593599318589
0.331417237107
1.0
0.594366001513
0.331075349372
1.0
0.595058563193
0.329957676411
1.0
0.596378406444
0.33116443494
1.0
0.597202308813
0.330089616056
1.0
0.598588333965
0.33116532072
1.0
0.598588333965
0.33116532072
1.0
0.599460506352
0.329145517639
1.0
0.601147367592
0.330170977968
1.0
0.601868239375
0.328890387701
1.0
0.603494487268
0.330671656217
1.0
0.604261080491
0.329119507028
1.0
0.605822063414
0.330521924101
1.0
0.606731448564
0.329297267053
1.0
0.6080240513
0.330295509263
1.0
0.608888203371
0.328885862168
1.0
0.610429347335
0.330592473042
1.0
0.610429347335
0.330592473042
1.0
0.611329324629
0.328645928679
1.0
0.61273232464
0.33011165382
1.0
0.613588250243
0.328703136393
1.0
0.615050102447
0.330359049876
1.0
0.615658155488
0.328973583379
1.0
0.618260117578
0.333353567465
1.0
0.618260117578
0.333353567465
1.0
0.619808000653
0.333784836515
0.99213591029
0.621333911304
0.341594537095
0.99213591029
0.62315584694
0.347540913136
0.99
0.629811566009
0.372221003011
0.99
0.630689387027
0.377035805127
0.99
0.631553243965
0.376393060297
1.0
0.630797097413
0.373262937671
1.0
0.631076886296
0.37209684725
1.0
0.631012178081
0.37326232164
1.0
0.631407990759
0.372155491508
1.0
0.631407990759
0.372155491508
1.0
0.630996332167
0.372638525003
1.0
0.630847776471
0.372949327184
1.0
0.630031444701
0.371516393342
1.0
0.630141219375
0.371274998269
1.0
0.629168276471
0.370155409251
1.0
0.628667473893
0.370789457426
1.0
0.628667473893
0.370789457426
1.0
0.627302826439
0.368673416375
1.0
0.627128997163
0.368599271355
1.0
0.625795008127
0.367189590643
1.0
0.625273483914
0.367868810438
1.0
0.62323150534
0.365676860852
1.0
0.622522285066
0.366208844626
1.0
0.620997778996
0.364730016093
1.0
0.620227136761
0.365731002473
1.0
0.620227136761
0.365731002473
1.0
0.618434764464
0.363331294415
1.0
0.618200361716
0.363745212966
1.0
0.615901132275
0.361372091408
1.0
0.615077818817
0.361847305954
1.0
0.613401682864
0.359648891295
1.0
0.612301838808
0.361768435296
1.0
0.610334382194
0.35951945802
1.0
0.609787811669
0.360349085001
1.0
0.607463673482
0.358526890086
1.0
0.606558917336
0.359906630348
1.0
0.606558917336
0.359906630348
1.0
0.604454569672
0.3572502652
1.0
0.603924887463
0.357797982255
1.0
0.600653034405
0.354155973035
1.0
0.599627275543
0.355438344229
1.0
0.597260098974
0.351702334122
1.0
0.596604883194
0.351988565639
1.0
0.59392039124
0.347827735302
1.0
0.59392039124
0.347827735302
1.0
0.593458826014
0.347382745416
1.0
0.590787537711
0.343994960127
1.0
0.590275874702
0.344223814875
1.0
0.588059543062
0.341174796939
1.0
0.587021524747
0.341946695864
1.0
0.584351657516
0.337907638671
1.0
0.593929220938
0.286384487781
1.0
0.593929220938
0.286384487781
1.0
0.591721234385
0.28272173771
1.0
0.590587501574
0.284077975524
1.0
0.58843896741
0.279873267923
1.0
0.587548233006
0.280418813909
1.0
0.585264516591
0.277247760254
1.0
0.584240915935
0.278524093257
1.0
0.582001128688
0.275231570949
1.0
0.581473506997
0.275219585244
1.0
0.579492811049
0.272021541864
1.0
0.579492811049
0.272021541864
1.0
0.57848403315
0.273866153726
1.0
0.576673429307
0.271557973024
1.0
0.576310353405
0.272084084078
1.0
0.574492554455
0.269822911002
1.0
0.573981482543
0.271044228848
1.0
0.572420648838
0.269777682226
1.0
0.571433188529
0.271953245432
1.0
0.571433188529
0.271953245432
1.0
0.56976118743
0.268899699901
1.0
0.56927424192
0.268727056984
1.0
0.567345816175
0.26077965836
1.0
0.566948810145
0.255097536837
1.0
0.563823467054
0.242998634443
1.0
0.563637477148
0.236220688554
1.0
0.561271488975
0.228331386343
1.0
0.560656202136
0.225540898312
1.0
0.559288599607
0.223133078857
1.0
0.559416223742
0.222114277636
1.0
0.559416223742
0.222114277636
1.0
0.558225281014
0.217326508312
1.0
0.557669009642
0.215940498793
1.0
0.555692823521
0.209742971439
1.0
0.555666777844
0.207526514443
1.0
0.55411621945
0.203199020869
1.0
0.55393004396
0.201193543167
1.0
0.552972115472
0.198329783238
1.0
0.552972115472
0.198329783238
1.0
0.552981054577
0.197492254108
1.0
0.55230509161
0.195781039824
1.0
0.552216156686
0.195071190069
1.0
0.551362529244
0.192414047817
1.0
0.551777685231
0.190650417005
1.0
0.551162496765
0.1894068469
1.0
0.55090357749
0.189204252471
1.0
0.55090357749
0.189204252471
1.0
0.550616061144
0.188729451882
1.0
0.550546657964
0.188645267746
1.0
0.550087741139
0.187956338462
1.0
0.549894293138
0.18834542671
1.0
0.549568534393
0.188582751851
1.0
0.549491327845
0.189619450573
1.0
0.549753853271
0.191455386519
1.0
0.54980043374
0.192016253796
1.0
0.549972805014
0.194168927191
1.0
0.549972805014
0.194168927191
1.0
0.549997907696
0.194864724912
1.0
0.55043515086
0.197426908234
1.0
0.550666808201
0.19829368076
1.0
0.550862554528
0.199269257333
1.0
0.550502702621
0.20098804823
1.0
0.550579039043
0.202172584599
1.0
0.550423714637
0.203095486692
1.0
0.550423714637
0.203095486692
1.0
0.550602525688
0.204207766805
1.0
0.550557811021
0.204759494966
1.0
0.550985743099
0.20603939826
1.0
0.550734266311
0.206993015486
1.0
0.550756762846
0.208039913864
1.0
0.550860965286
0.208123787365
1.0
0.551083794201
0.209551935218
1.0
0.551103278872
0.210662954481
1.0
0.551103278872
0.210662954481
1.0
0.551397735193
0.212017308571
1.0
0.551625732905
0.212049743893
1.0
0.551761894484
0.212323045287
1.0
0.551825161429
0.212301551853
1.0
0.552202500054
0.213668562252
1.0
0.552363797509
0.213842342632
1.0
0.552877647485
0.215227328694
1.0
0.552500715703
0.216567870572
1.0
0.553133874948
0.218672381333
1.0
0.553133874948
0.218672381333
1.0
0.553519161233
0.219072748304
1.0
0.553897924321
0.219587354644
1.0
0.553683150591
0.221249435408
1.0
0.554255315265
0.222792788637
1.0
0.554117853781
0.223776056885
1.0
0.554678531312
0.225011491493
1.0
0.555016640072
0.225205985503
1.0
0.555016640072
0.225205985503
1.0
0.555650973317
0.226515037203
1.0
0.555865547148
0.226661233695
1.0
0.556371216791
0.227237323805
1.0
0.556689447173
0.226797551892
1.0
0.557316665836
0.227597228635
1.0
0.557400604363
0.227593791187
1.0
0.558125829472
0.228558435913
1.0
0.55816095434
0.229564046023
1.0
0.558392752299
0.229417671884
1.0
0.558392752299
0.229417671884
1.0
0.558899870511
0.228877785044
1.0
0.559787199936
0.23090058417
1.0
0.560039372233
0.231088046032
1.0
0.560733047465
0.232121913368
1.0
0.560679082466
0.232746251493
