1.0
0.548287900337
0.670243486775
1.0
0.548053756485
0.670998028624
1.0
0.547678735511
0.672289017689
1.0
0.547221741593
0.672894348353
1.0
0.546883736376
0.673991034485
1.0
0.546325159746
0.673907890318
1.0
0.546118962881
0.674846037419
1.0
0.545296197822
0.674276694632
1.0
0.545296197822
0.674276694632
1.0
0.544817355091
0.675766085336
1.0
0.544090304302
0.675871638572
1.0
0.543653675905
0.676368802992
1.0
0.542668435729
0.67522257032
1.0
0.542297781665
0.676130040705
1.0
0.541690082652
0.675037138018
1.0
0.541307730534
0.6755662493
1.0
0.540352193645
0.674431838652
1.0
0.540352193645
0.674431838652
1.0
0.539539819495
0.674255344486
1.0
0.538059213881
0.672313199725
1.0
0.537544416393
0.672405991289
1.0
0.536912994172
0.671086895204
1.0
0.536505510934
0.670574904115
1.0
0.535223409473
0.667651393851
1.0
0.534506202606
0.666856379367
1.0
0.533236970611
0.663812810539
1.0
0.533236970611
0.663812810539
1.0
0.532881331509
0.662775454332
1.0
0.531703606579
0.659823107371
1.0
0.53159565256
0.657400208136
1.0
0.530918261869
0.655344106155
1.0
0.530819989944
0.653457000691
1.0
0.530170011487
0.650637205863
1.0
0.529591330693
0.64908567421
1.0
0.528828610171
0.6466407752
1.0
0.528828610171
0.6466407752
1.0
0.528980373414
0.644749988848
1.0
0.528478998305
0.642502272108
1.0
0.528182198346
0.640801189531
1.0
0.527265510132
0.637970103453
1.0
0.527169361365
0.636064527777
1.0
0.526313772935
0.633940460641
1.0
0.526145472609
0.632526799038
1.0
0.525138617274
0.630628199953
1.0
0.525138617274
0.630628199953
1.0
0.525110062104
0.627978450274
1.0
0.52429204785
0.62554335666
1.0
0.52416956558
0.624320762218
1.0
0.52349513115
0.622363050625
1.0
0.523126712565
0.619862647678
1.0
0.522492567002
0.617355158866
1.0
0.522310278255
0.614762515763
1.0
0.521283636549
0.612685440204
1.0
0.521283636549
0.612685440204
1.0
0.521080958313
0.610983697067
1.0
0.520477503703
0.609751680775
1.0
0.520356260286
0.608369815985
1.0
0.519872087924
0.607073219594
1.0
0.519533426319
0.605560463681
1.0
0.519074264566
0.605068411041
1.0
0.519300576501
0.60307242181
1.0
0.519307514436
0.602459658097
1.0
0.519307514436
0.602459658097
1.0
0.519156075761
0.602348847878
1.0
0.519117500085
0.602494699624
1.0
0.519289918985
0.601770336684
1.0
0.519291092726
0.602316920229
1.0
0.518980487471
0.60342845369
1.0
0.519159668745
0.604807542714
1.0
0.519159668745
0.604807542714
1.0
0.519015269808
0.605620748982
1.0
0.519420978633
0.607907553106
1.0
0.51929715881
0.609278578212
1.0
0.519592958264
0.612490098338
1.0
0.519745960311
0.614870857158
1.0
0.520469775666
0.618181762993
1.0
0.520398880728
0.620391869589
1.0
0.521473151232
0.62415119962
1.0
0.521962347506
0.626911610482
1.0
0.522944977295
0.631179084657
1.0
0.522944977295
0.631179084657
1.0
0.523444558865
0.634288164725
1.0
0.524428032343
0.638497268256
1.0
0.524939616289
0.642302987148
1.0
0.52604695194
0.647753102849
1.0
0.526965625381
0.650304190567
1.0
0.52746555809
0.655023321173
1.0
0.528101413998
0.659563864908
1.0
0.5283861833
0.663884776964
1.0
0.5283861833
0.663884776964
1.0
0.52874897886
0.668811495097
1.0
0.528567214953
0.671328612286
1.0
0.528717927118
0.6757034806
1.0
0.528529623085
0.678845301123
1.0
0.528385091775
0.683440940878
1.0
0.527813616548
0.685953392313
1.0
0.527813616548
0.685953392313
1.0
0.527662475206
0.689384419129
1.0
0.527648281581
0.691241710287
1.0
0.527425990472
0.69497169393
1.0
0.527020164104
0.696357439655
1.0
0.52688963291
0.70049635628
1.0
0.526490867411
0.702083315955
1.0
0.526335101723
0.705156589792
1.0
0.526075419836
0.705823140308
1.0
0.525898869793
0.709458734217
1.0
0.525780376662
0.711311265911
1.0
0.525780376662
0.711311265911
1.0
0.52574442352
0.712757465232
1.0
0.524642795557
0.713693120753
1.0
0.525049331674
0.715144946604
1.0
0.525327242819
0.716351403778
1.0
0.525222685849
0.714914680706
1.0
0.525721567986
0.714159692855
1.0
0.52569578564
0.713665022728
1.0
0.52569578564
0.713665022728
1.0
0.5265246165
0.713471491643
1.0
0.526933075423
0.715621974322
1.0
0.527628666525
0.714899519872
1.0
0.52785488861
0.714684023809
1.0
0.528633473737
0.713685912459
1.0
0.528861538012
0.713258101976
1.0
0.530526391323
0.712470626752
1.0
0.531393418433
0.710778408136
1.0
0.532834216753
0.70934742812
1.0
0.532834216753
0.70934742812
1.0
0.533769829327
0.707972519273
1.0
0.535544912868
0.707891091942
1.0
0.536825296578
0.7064051281
1.0
0.538405252134
0.705403616082
1.0
0.539546676689
0.703262963404
1.0
0.541230301158
0.703703148418
1.0
0.542806444658
0.701281905378
1.0
0.544643443676
0.701930640715
1.0
0.544643443676
0.701930640715
1.0
0.546084147464
0.699463426894
1.0
0.547387771227
0.699414158766
1.0
0.548660065797
0.697710451638
1.0
0.550092079445
0.698027537194
1.0
0.55112836484
0.696330117105
1.0
0.55274610266
0.697578340529
1.0
0.554471823129
0.695656045315
1.0
0.555615513207
0.697160067425
1.0
0.555615513207
0.697160067425
1.0
0.556542871963
0.696173040271
1.0
0.557692905449
0.698006989598
1.0
0.559104985349
0.697109924539
1.0
0.560150768124
0.698157875934
1.0
0.561197698046
0.697848269621
1.0
0.562527212713
0.699128563114
1.0
0.563752587522
0.699124494869
1.0
0.5643787235
0.7009648987
1.0
0.5643787235
0.7009648987
1.0
0.565468369934
0.700663356866
1.0
0.566219416215
0.70224638304
1.0
0.567069247077
0.702232190775
1.0
0.567228042754
0.702822184569
1.0
0.567971760888
0.702906134605
1.0
0.568512714135
0.704219716421
1.0
0.569068243944
0.70481186167
1.0
0.570023537861
0.705458214404
1.0
0.570023537861
0.705458214404
1.0
0.57040599899
0.705876367054
1.0
0.571436978751
0.707272744056
1.0
0.572308275425
0.706098277313
1.0
0.572359424698
0.70659042317
1.0
0.573337685035
0.706885449617
1.0
0.574061439822
0.707534265071
1.0
0.574759826694
0.707687210521
1.0
0.574759826694
0.707687210521
1.0
0.575506024623
0.708166944024
1.0
0.575827659644
0.707441252295
1.0
0.576235411148
0.708474812901
1.0
0.577354272927
0.709085582179
1.0
0.577754528131
0.7095942164
1.0
0.578650587059
0.709953715309
1.0
0.579469630208
0.71096687671
1.0
0.580089281645
0.711851582612
1.0
0.58046136361
0.713037657645
1.0
0.58046136361
0.713037657645
1.0
0.581379994348
0.71325545482
1.0
0.581638664147
0.713136117123
1.0
0.582599929261
0.713408988813
1.0
0.582964625019
0.714320469811
1.0
0.583312009081
0.714950605023
1.0
0.58418313681
0.716117481659
1.0
0.58418313681
0.716117481659
1.0
0.584131413827
0.716111763674
1.0
0.5845088042
0.716176925196
1.0
0.58544505086
0.717090359535
1.0
0.585788818313
0.71725633294
1.0
0.586658228132
0.716506622967
1.0
0.587296393915
0.717295664337
1.0
0.587312815345
0.716888397778
1.0
0.587729638173
0.717725378914
1.0
0.588594756507
0.718457068956
1.0
0.588713005091
0.718557501571
1.0
0.588713005091
0.718557501571
1.0
0.589432062474
0.719203492877
1.0
0.590332203078
0.721237393199
1.0
0.590836203694
0.720907480192
1.0
0.591564284483
0.721604982711
1.0
0.59171574327
0.721776451091
1.0
0.5919772057
0.722299564382
1.0
0.592611137421
0.72397133726
1.0
0.592929380035
0.724978400072
1.0
0.592929380035
0.724978400072
1.0
0.593883786908
0.724488125574
1.0
0.594512185118
0.725198103944
1.0
0.594468902372
0.726367070587
1.0
0.594785532153
0.727203762389
1.0
0.595477061291
0.728583055369
1.0
0.595776011784
0.729030260678
1.0
0.595776011784
0.729030260678
1.0
0.596704603647
0.728468188691
1.0
0.596899136338
0.728471623467
1.0
0.596782609021
0.728879896091
1.0
0.597107162134
0.729738096378
1.0
0.598019777753
0.730844809907
1.0
0.598340988591
0.731750656816
1.0
0.598635735433
0.731970663748
1.0
0.598759086853
0.733071220335
1.0
0.599126847592
0.733320602003
1.0
0.599544319952
0.733655041999
1.0
0.599544319952
0.733655041999
1.0
0.599499139294
0.733902512969
1.0
0.599617412486
0.734846264108
1.0
0.599926068476
0.735514270952
1.0
0.600341749349
0.736064785658
1.0
0.600688767174
0.736644198117
1.0
0.600929086174
0.737508671168
1.0
0.601106422713
0.738028338432
1.0
0.601487283896
0.73894042126
1.0
0.601487283896
0.73894042126
1.0
0.601544923315
0.739959848846
1.0
0.601959210693
0.740490628532
1.0
0.602596592311
0.74014559421
1.0
0.602696912169
0.740621971336
1.0
0.602492988419
0.741013090605
1.0
0.602847463872
0.741558945537
1.0
0.60356612374
0.743019842007
1.0
0.60356612374
0.743019842007
1.0
0.60371470984
0.743669936591
1.0
0.603644123805
0.744117422226
1.0
0.603958600799
0.744740031265
1.0
0.604112444126
0.745007681118
1.0
0.604079304379
0.745559757306
1.0
0.604145456562
0.746633506292
1.0
0.604230507887
0.747313880728
1.0
0.604375549941
0.747752827697
1.0
0.604132485257
0.748243394016
1.0
0.604132485257
0.748243394016
1.0
0.604401229959
0.749197190332
1.0
0.604269994538
0.749941862111
1.0
0.604423737846
0.751294563045
1.0
0.604367572871
0.751347101201
1.0
0.603803138598
0.751805232887
1.0
0.60355427257
0.751982700428
1.0
0.603034425781
0.753035324974
1.0
0.602845269621
0.753105450073
1.0
0.602845269621
0.753105450073
1.0
0.602555207943
0.753938235211
1.0
0.602687252002
0.75395166863
1.0
0.602716127409
0.753924046638
1.0
0.602572582299
0.753914182714
1.0
0.602055412321
0.754705374697
1.0
0.602048521972
0.754716937922
1.0
0.602341838898
0.755206695241
1.0
0.602556309405
0.755474903381
1.0
0.602556309405
0.755474903381
1.0
0.602706852174
0.75467922413
1.0
0.602794128305
0.754750323903
1.0
0.602616023393
0.755032617033
1.0
0.602824862692
0.755543330384
1.0
0.602886533607
0.756262698788
1.0
0.603121883607
0.7566707666
1.0
0.603173580698
0.756871926191
1.0
0.603173580698
0.756871926191
1.0
0.603492619485
0.75768982426
1.0
0.60379786945
0.757767982338
1.0
0.604294654899
0.7582101192
1.0
0.604668102779
0.758598839506
1.0
0.60528096682
0.759442103034
1.0
0.605363714227
0.759672902672
1.0
0.605723041404
0.760600113777
1.0
0.606284034569
0.76065655235
1.0
0.606868869575
0.761239803556
1.0
0.606868869575
0.761239803556
1.0
0.607078294856
0.761672962893
1.0
0.607693957293
0.762700883193
1.0
0.607945562251
0.762969461841
1.0
0.608346121884
0.763720900723
1.0
0.608621071912
0.76373007057
1.0
0.608990751894
0.764221564421
1.0
0.60917794386
0.764548122703
1.0
0.609540239345
0.764779391134
1.0
0.609540239345
0.764779391134
1.0
0.610033908788
0.765025156863
1.0
0.610210733714
0.765718281017
1.0
0.610101045149
0.765597961649
1.0
0.610051039851
0.76613493831
1.0
0.610013569593
0.765982460234
1.0
0.610211390533
0.766501422941
1.0
0.610257622755
0.766866289753
1.0
0.610170295624
0.766707991979
1.0
0.610170295624
0.766707991979
1.0
0.610234867359
0.766969158605
1.0
0.610013148286
0.767106887293
1.0
0.609604756191
0.767139386959
1.0
0.609322915666
0.767794279147
1.0
0.609143961964
0.767746194311
1.0
0.609058023118
0.768352156159
1.0
0.609058023118
0.768352156159
1.0
0.608809852807
0.76805556061
1.0
0.613531345619
0.773693812078
1.0
0.61313831133
0.773660831792
1.0
0.616690880796
0.784442350646
1.0
0.616439612223
0.785034012474
1.0
0.615622146145
0.794310911881
1.0
0.619435604528
0.797049075296
1.0
0.618509688021
0.804620937126
1.0
0.620851696993
0.810621563654
1.0
0.621298613538
0.818880395901
1.0
0.621298613538
0.818880395901
1.0
0.619454947549
0.827396119114
1.0
0.619386854438
0.832410057264
1.0
0.617836461292
0.839989998857
1.0
0.618316170225
0.844379309455
1.0
0.619833006126
0.847664955592
1.0
0.620307994876
0.852600062029
1.0
0.620335700848
0.856338855209
1.0
0.620335700848
0.856338855209
1.0
0.619788074267
0.859831468964
1.0
0.619234408737
0.862936657423
1.0
0.620382381567
0.866967183731
1.0
0.620177527909
0.871196617968
1.0
0.623762257479
0.874268497959
1.0
0.622770942518
0.877892111282
1.0
0.627409127064
0.880758778796
1.0
0.62820476929
0.884515467872
1.0
0.633543330737
0.887332045905
1.0
0.633543330737
0.887332045905
1.0
0.63641046774
0.888816434016
1.0
0.641175172201
0.892064813372
1.0
0.64514655765
0.892570646866
1.0
0.649925743539
0.894008416956
1.0
0.654617000126
0.895269955467
1.0
0.659040152059
0.897370651847
1.0
0.659040152059
0.897370651847
1.0
0.66364653151
0.898994755436
1.0
0.668278511399
0.900589171682
1.0
0.674283350081
0.900460464143
1.0
0.678324685952
0.900025098207
1.0
0.683472448422
0.897913993302
1.0
0.68692265817
0.895641748768
1.0
0.692034418889
0.894006256681
1.0
0.692568103237
0.892415438375
1.0
0.692568103237
0.892415438375
1.0
0.696994787953
0.889540652718
1.0
0.694055717663
0.88290443695
1.0
0.699044040352
0.877515326932
1.0
0.69585627294
0.87017978174
1.0
0.698168474113
0.86559588744
1.0
0.695903916096
0.860888556704
1.0
0.693409378984
0.853251261921
0.917841189251
0.690787169111
0.847858779434
0.917841189251
0.686485360067
0.842054449079
0.99
0.677001544345
0.821145448327
0.99
0.677001544345
0.821145448327
0.99
0.674018478676
0.815239151847
1.0
0.671110236976
0.80961841756
1.0
0.666693414802
0.80362368175
1.0
0.662814217902
0.796909339817
1.0
0.659176648194
0.790379775533
1.0
0.657347638008
0.784501029089
1.0
0.653403120055
0.779681190345
1.0
0.655869709342
0.781522287962
1.0
0.655869709342
0.781522287962
1.0
0.653110938727
0.774912333707
1.0
0.656041937761
0.778800277591
1.0
0.654856736902
0.776314155713
1.0
0.651787064556
0.77321159358
1.0
0.657613226415
0.77509477465
1.0
0.653492736036
0.769178287006
1.0
0.653492736036
0.769178287006
1.0
0.657218864479
0.76636144724
1.0
0.652817035828
0.757222238595
1.0
0.650666911303
0.754676529013
1.0
0.647045760575
0.748377950768
1.0
0.64367317664
0.747418822892
1.0
0.640274348349
0.74166561189
1.0
0.636842183738
0.737562518178
1.0
0.63337944094
0.731211144558
1.0
0.63337944094
0.731211144558
1.0
0.630757924037
0.728015633405
1.0
0.627719422551
0.721894925078
1.0
0.624817913744
0.719467201558
1.0
0.621629675505
0.713354928668
1.0
0.618819330655
0.710691671371
1.0
0.616276663947
0.705045148583
1.0
0.614237724611
0.702524524327
1.0
0.611875768594
0.6975183469
1.0
0.609824168477
0.694581490586
1.0
0.609824168477
0.694581490586
1.0
0.607697112627
0.689443945616
1.0
0.60563693767
0.686464260424
1.0
0.60344230141
0.681442365025
1.0
0.602202629271
0.678563782254
1.0
0.60121299329
0.674880492941
1.0
0.599524685739
0.673304357203
1.0
0.598020942949
0.669829597011
1.0
0.597023323447
0.666669476534
1.0
0.595617026604
0.663840372231
1.0
0.595617026604
0.663840372231
1.0
0.594628156055
0.662437251617
1.0
0.593532329589
0.659011688085
1.0
0.5931431815
0.657452093431
1.0
0.59194718418
0.655478819115
1.0
0.590958492565
0.654331375077
1.0
0.589616188182
0.652400114053
1.0
0.589616188182
0.652400114053
1.0
0.589229033245
0.651547853515
1.0
0.587972368064
0.649185045709
1.0
0.587139040798
0.649016967449
1.0
0.586006468624
0.647467759329
1.0
0.585075373777
0.646658250254
1.0
0.584221940856
0.646373570197
1.0
0.583795576125
0.645865893137
1.0
0.582440765671
0.645487977285
1.0
0.5822906741
0.64526409929
1.0
0.5822906741
0.64526409929
1.0
0.58168768317
0.645810210991
1.0
0.580782593034
0.646782469772
1.0
0.580038755182
0.647388373835
1.0
0.579316548788
0.648508422197
1.0
0.578941452074
0.650358721168
1.0
0.578282479155
0.652007739225
1.0
0.577823884472
0.653481411053
1.0
0.577713697349
0.654397296718
1.0
0.577309127864
0.655797269797
1.0
0.577309127864
0.655797269797
1.0
0.577070787878
0.659207694003
1.0
0.57717388865
0.661933763707
1.0
0.577053926465
0.663395417211
1.0
0.577307650999
0.665918086961
1.0
0.576990187743
0.669064290134
1.0
0.577174542633
0.67216473449
1.0
0.576936510669
0.675164311279
1.0
0.576936510669
0.675164311279
1.0
0.577397603808
0.677931231152
1.0
0.57801689189
0.681050592974
1.0
0.578525990868
0.684011396888
1.0
0.579070746022
0.686584115904
1.0
0.579631261303
0.689411389869
1.0
0.57978035678
0.692625093148
1.0
0.580270854455
0.694996965044
1.0
0.581149310074
0.696927632345
1.0
0.582119742773
0.699259863973
1.0
0.582119742773
0.699259863973
1.0
0.582112852486
0.701874734392
1.0
0.58277148315
0.7041364009
1.0
0.583284631435
0.706235523563
1.0
0.584257034604
0.708374410807
1.0
0.585286085069
0.709730177255
1.0
0.586540218924
0.711812103517
1.0
0.586700709219
0.712809688297
1.0
0.587556944662
0.714833228022
1.0
0.587556944662
0.714833228022
1.0
0.588843340411
0.714971257161
1.0
0.589610660418
0.715790272056
1.0
0.590482357924
0.716596247302
1.0
0.590975647393
0.717090766344
1.0
0.591224641502
0.718716943335
1.0
0.591520605032
0.719246139055
1.0
0.591520605032
0.719246139055
1.0
0.592366282218
0.718981156985
1.0
0.592916762545
0.720471333302
1.0
0.59376392769
0.719354722
1.0
0.59411937333
0.720793773683
1.0
0.5940814646
0.721269775478
1.0
0.594168312691
0.72162431766
1.0
0.594430833931
0.722497202855
1.0
0.594452591369
0.723368404833
1.0
0.594885573831
0.72367033542
1.0
0.594923994811
0.724895819313
1.0
0.594923994811
0.724895819313
1.0
0.595084458912
0.725213357419
1.0
0.595073168817
0.725541038662
1.0
0.595197225362
0.726132679991
1.0
0.595419069415
0.727296741714
1.0
0.595490032112
0.727472559271
1.0
0.596113056369
0.733175013544
1.0
0.596367407111
0.733495580061
1.0
0.596367407111
0.733495580061
1.0
0.595306043037
0.743037862268
1.0
0.595155154728
0.743375765518
1.0
0.593820486986
0.747666309309
1.0
0.593046912086
0.754268868049
1.0
0.59390630545
0.75790795167
1.0
0.590094939879
0.769757841138
1.0
0.59070000448
0.769259656385
1.0
0.59070000448
0.769259656385
1.0
0.590809718012
0.774476620574
1.0
0.591055513147
0.774256579354
1.0
0.592452885591
0.775618079103
1.0
0.592832082034
0.776268919439
1.0
0.593612508884
0.77526204664
1.0
0.593361558948
0.776322820698
1.0
0.593360988495
0.776822745393
1.0
0.593188863809
0.776818277931
1.0
0.593563665299
0.776187647551
1.0
0.593353486824
0.775534526947
1.0
0.593353486824
0.775534526947
1.0
0.593721454899
0.775813884209
1.0
0.59370730689
0.774925922195
1.0
0.594735237683
0.773585588348
1.0
0.595438700498
0.773499721883
1.0
0.59601813017
0.770500514098
1.0
0.597268595567
0.769367529541
1.0
0.598887273102
0.766186891699
1.0
0.598887273102
0.766186891699
1.0
0.600208230655
0.763996205861
1.0
0.601749013875
0.761205590059
1.0
0.602794044468
0.758630610046
1.0
0.605222048147
0.754902089915
1.0
0.605866963433
0.752019173901
1.0
0.608190174825
0.746577764429
1.0
0.60877636985
0.743530550938
1.0
0.60877636985
0.743530550938
1.0
0.610973795159
0.73829518363
1.0
0.611272984377
0.735089819763
1.0
0.613074075646
0.728305050775
1.0
0.613062826404
0.724855359919
1.0
0.614557052911
0.7191630266
1.0
0.61391840532
0.71530909952
1.0
0.615323922587
0.708919379895
1.0
0.61458756257
0.704873529329
1.0
0.615205649576
0.699038648751
1.0
0.615205649576
0.699038648751
1.0
0.614130758764
0.694765658314
1.0
0.61419407426
0.689392544536
1.0
0.612978411494
0.685325847492
1.0
0.612597817892
0.68102593412
1.0
0.611217728972
0.676746058736
1.0
0.610979635448
0.671702005875
1.0
0.609757758467
0.668041499663
1.0
0.609757758467
0.668041499663
1.0
0.608945806656
0.664694877152
1.0
0.607792893541
0.662795125347
1.0
0.606766560459
0.660040377992
1.0
0.605843403985
0.658816871653
1.0
0.604981777242
0.658215948373
1.0
0.603839095879
0.656621505041
1.0
0.603348224428
0.656455386417
1.0
0.601941276579
0.656892695587
1.0
0.60100935084
0.65785110621
1.0
0.599553369839
0.659300783748
1.0
0.599553369839
0.659300783748
1.0
0.598695532642
0.660981911036
1.0
0.59732024444
0.663045075422
1.0
0.596575045711
0.665779761306
1.0
0.595819204767
0.669321602884
1.0
0.594548013311
0.67311489775
1.0
0.593999822215
0.678725960313
1.0
0.592990293916
0.682225699031
1.0
0.592990293916
0.682225699031
1.0
0.593910229704
0.688779294209
1.0
0.592253783118
0.694449814507
1.0
0.593364458401
0.701342608714
1.0
0.592191578576
0.708130987731
