0.924788028283
0.536270765574
0.465514156851
0.924788028283
0.536270765574
0.465514156851
0.924788028283
0.536270765574
0.465514156851
0.924788028283
0.536270765574
0.465514156851
0.924788028283
0.538666522111
0.43054860869
0.904816646747
0.539766987
0.438551185207
0.938939785208
0.54267561698
0.493690574671
0.938939785208
0.54267561698
0.493690574671
0.87047894104
0.543155220299
0.497562965679
0.841486014225
0.541820922399
0.502925021113
0.833400283808
0.541106422851
0.507197563796
0.89002851128
0.538229984848
0.520191952623
1.0
0.537492356656
0.522704779123
1.0
0.53690815087
0.525356672243
1.0
0.53745874126
0.526834648562
1.0
0.537534357001
0.527392647391
1.0
0.537534357001
0.527392647391
1.0
0.538071842048
0.528764769909
1.0
0.538130152132
0.529397691618
1.0
0.538667808737
0.530614934499
1.0
0.538806067419
0.530955425804
1.0
0.539088519067
0.531733015485
1.0
0.539165651002
0.531534248629
1.0
0.539366700127
0.532716538201
1.0
0.53951423187
0.531864372821
1.0
0.538667273926
0.529389519946
1.0
0.538667273926
0.529389519946
1.0
0.538745750646
0.529073471833
1.0
0.538574987263
0.52880420608
1.0
0.538620907037
0.528410979017
1.0
0.538947497264
0.528449109916
1.0
0.539045118359
0.528019806878
1.0
0.538640395716
0.528356966452
1.0
0.538773647704
0.528227530639
1.0
0.538773647704
0.528227530639
1.0
0.539102379747
0.529117267259
1.0
0.539218133944
0.527689375547
1.0
0.539223464795
0.528591564868
1.0
0.539292835255
0.528606805311
1.0
0.539290135746
0.528110918774
1.0
0.539178646146
0.529252015829
1.0
0.538578617546
0.530286787392
1.0
0.538704682838
0.529934025486
1.0
0.539009125154
0.530567900712
1.0
0.539009125154
0.530567900712
1.0
0.539209274417
0.529232528315
1.0
0.53937403329
0.529291356722
1.0
0.539365013236
0.530016004771
1.0
0.539179853876
0.529777164269
1.0
0.539138220053
0.530216130523
1.0
0.538848741141
0.530474523406
1.0
0.538892501807
0.529858987531
1.0
0.537944754956
0.52891791941
1.0
0.537944754956
0.52891791941
1.0
0.538034263133
0.528788270689
1.0
0.53807146926
0.530073258656
1.0
0.537999399117
0.530192145863
1.0
0.537719521426
0.530184054077
1.0
0.537572727462
0.530605221556
1.0
0.537134017093
0.528915437557
1.0
0.537098829362
0.528993038566
1.0
0.537098829362
0.528993038566
1.0
0.537588879045
0.530679237682
1.0
0.537591068337
0.531272174741
1.0
0.536741002194
0.530873608985
1.0
0.536561546965
0.531484306444
1.0
0.536843416481
0.533124780369
1.0
0.537009386504
0.532414153414
1.0
0.536667146991
0.532452409814
1.0
0.536617968591
0.532406002471
1.0
0.536764436952
0.532044431763
1.0
0.536764436952
0.532044431763
1.0
0.536770160917
0.531773859352
1.0
0.536320164949
0.531715361787
1.0
0.536373551309
0.531209224236
1.0
0.535678225991
0.530871168569
1.0
0.53564328159
0.531725248838
1.0
0.53616769757
0.534147468164
1.0
0.536195466116
0.534964805657
1.0
0.536195466116
0.534964805657
1.0
0.536005235665
0.534676213809
1.0
0.535953986148
0.534483900111
1.0
0.53566231602
0.534595909938
1.0
0.535685683779
0.534922926585
1.0
0.535022172002
0.533306192335
1.0
0.53490893114
0.534080481994
1.0
0.534072927445
0.533515631502
1.0
0.534078509105
0.533977251684
1.0
0.534078509105
0.533977251684
1.0
0.534361115013
0.535010173897
1.0
0.534381829737
0.534900142091
0.994236259011
0.534744519543
0.535554739157
0.994236259011
0.534750269189
0.535218518582
1.0
0.534932443656
0.535603816353
1.0
0.534999125679
0.535573556233
1.0
0.534909209122
0.534671147333
1.0
0.534843189185
0.535126986662
1.0
0.535032345065
0.534070958272
1.0
0.535032345065
0.534070958272
1.0
0.534977001863
0.534232607952
1.0
0.534550621845
0.532364756172
1.0
0.534467811846
0.532543958053
0.997988660174
0.533864705283
0.530752050323
0.997988660174
0.533931854905
0.53061111491
0.914638258473
0.534763603193
0.532873017388
0.914638258473
0.534675855827
0.533321317747
0.914638258473
0.534675855827
0.533321317747
0.843833327162
0.534521089221
0.531528161921
