0.99
0.501080403983
0.503768208097
0.99
0.496545919141
0.501954130023
0.99
0.489052032463
0.525404231567
0.99
0.485564466755
0.526862001528
0.99
0.479415417666
0.545960442378
0.99
0.479415417666
0.545960442378
0.99
0.479721265405
0.545857669715
1.0
0.477154917455
0.553203890167
1.0
0.477392382052
0.553122382106
1.0
0.476242806523
0.556510410461
1.0
0.477352460365
0.557619865038
1.0
0.477895496063
0.556366460571
1.0
0.477895496063
0.556366460571
1.0
0.478171298948
0.556668215824
1.0
0.478568140078
0.555736205667
1.0
0.4786754879
0.555222171373
1.0
0.479003135441
0.554802298977
1.0
0.479194436065
0.554860912334
1.0
0.479234624915
0.554964378714
1.0
0.479241217007
0.55528089536
1.0
0.479493472718
0.555039483802
1.0
0.479456587565
0.555094111075
1.0
0.479367489047
0.555232773973
1.0
0.479367489047
0.555232773973
1.0
0.479558107535
0.557034875003
1.0
0.479518841468
0.557153052463
1.0
0.479353433618
0.556501269297
1.0
0.47946684856
0.556521325866
1.0
0.479430065302
0.557218463393
1.0
0.479574429866
0.557117612977
1.0
0.479574429866
0.557117612977
1.0
0.479717882376
0.557126753701
1.0
0.479738058107
0.55738689228
1.0
0.480011052328
0.557677976223
1.0
0.480019471988
0.557865666145
1.0
0.480126136418
0.557747516566
1.0
0.480071534766
0.557523936312
1.0
0.480429827614
0.55818248051
1.0
0.480471933643
0.558050097949
1.0
0.480391818265
0.557561511069
1.0
0.480391818265
0.557561511069
1.0
0.480274302058
0.558148488994
1.0
0.48019441248
0.557934184456
1.0
0.480199030297
0.557730953647
1.0
0.480413819169
0.557380066322
1.0
0.480295170906
0.557440254553
1.0
0.480496024091
0.558418495542
1.0
0.480663915119
0.55824992798
1.0
0.480950658059
0.558128356723
1.0
0.480950658059
0.558128356723
1.0
0.480787682914
0.558547049563
1.0
0.4807581185
0.558441369558
1.0
0.480800715938
0.558016652768
1.0
0.481036341526
0.557880778354
1.0
0.481277455704
0.557644624527
1.0
0.481482609548
0.557709527464
1.0
0.481360944011
0.557788998726
1.0
0.481360944011
0.557788998726
1.0
0.481341793298
0.557711203116
1.0
0.481381535376
0.557492281522
1.0
0.48167565832
0.557477098698
1.0
0.481808420958
0.557312896592
1.0
0.482124376205
0.556096048306
1.0
0.482157144594
0.555932213177
1.0
0.482755451617
0.556974234999
1.0
0.482691541163
0.556976175954
1.0
0.482465355872
0.555790131472
1.0
0.482341715304
0.555394855159
1.0
0.482341715304
0.555394855159
1.0
0.482614604902
0.554698323475
1.0
0.482775321592
0.554332562743
1.0
0.482634572388
0.552975646969
1.0
0.482570600323
0.552699711231
1.0
0.48276640041
0.552786378621
1.0
0.482752355767
0.551455224732
1.0
0.482752355767
0.551455224732
1.0
0.482997240315
0.551828705364
1.0
0.483145043148
0.550662148458
1.0
0.483598021709
0.550732301713
1.0
0.483366023038
0.551175205336
1.0
0.483600099118
0.551325372887
1.0
0.483725539907
0.55121808984
1.0
0.484072755295
0.550599793633
1.0
0.483961377063
0.550429041915
1.0
0.483961377063
0.550429041915
1.0
0.484274955485
0.550226276655
1.0
0.484315431084
0.550082351948
1.0
0.484155854748
0.548942979721
1.0
0.484210274975
0.548332057599
1.0
0.484275944566
0.548081443897
1.0
0.484319745588
0.547654194209
1.0
0.484520402459
0.546446413989
1.0
0.484569166098
0.545410524647
1.0
0.484717605142
0.544564568776
1.0
0.484820570791
0.543553352849
1.0
0.484820570791
0.543553352849
1.0
0.484839977607
0.542898672783
1.0
0.484728459644
0.542432321133
1.0
0.485198159619
0.542204848516
1.0
0.485251499917
0.540934589205
1.0
0.485939939851
0.539796436891
1.0
0.48604511779
0.538419387181
1.0
0.48674155509
0.538079255489
1.0
0.48674155509
0.538079255489
1.0
0.486673332914
0.537403670785
1.0
0.486893109641
0.537308520753
1.0
0.487179444684
0.536020028396
1.0
0.487682804515
0.534972898665
1.0
0.487683417332
0.534241876824
1.0
0.487838145511
0.532825513132
1.0
0.488010482262
0.532012203742
1.0
0.488499559779
0.531261497904
1.0
0.488634943478
0.52947973685
1.0
0.488634943478
0.52947973685
1.0
0.48924589078
0.529095680339
1.0
0.489428478731
0.528162493773
1.0
0.48997270026
0.527882089299
1.0
0.490216836514
0.526698300248
1.0
0.491224004858
0.526946524149
1.0
0.491274418471
0.526173612865
1.0
0.492090059967
0.526231751985
1.0
0.492090059967
0.526231751985
1.0
0.492236192884
0.525188094914
1.0
0.49222943536
0.524961434106
1.0
0.492235915645
0.524161783372
1.0
0.490229222793
0.521507893752
1.0
0.490275288684
0.521687285244
1.0
0.486425267547
0.519014478465
1.0
0.486561776106
0.518431366476
1.0
0.486561776106
0.518431366476
1.0
0.486413785851
0.519379877718
1.0
0.485723607678
0.519167060694
1.0
0.48652358958
0.52035818355
1.0
0.484934981186
0.52236606996
1.0
0.484534370827
0.522249709198
1.0
0.484221643225
0.523223707796
1.0
0.484883108417
0.523295982646
1.0
0.485046823394
0.523337658154
1.0
0.485046823394
0.523337658154
1.0
0.48525025053
0.523456725439
1.0
0.485370461714
0.523093478448
1.0
0.485534255717
0.523521673126
1.0
0.485640720808
0.523423958273
1.0
0.485991621775
0.524465073375
1.0
0.48592326914
0.524501962449
1.0
0.486249383619
0.525091977866
1.0
0.486350664222
0.525204628191
1.0
0.486350664222
0.525204628191
1.0
0.486436821607
0.526022831841
1.0
0.486494002443
0.52658220265
1.0
0.485955393546
0.527346481667
1.0
0.486124823015
0.527795904208
1.0
0.485986680956
0.528806965283
1.0
0.48596789156
0.529022039064
1.0
0.487025751426
0.530498866651
1.0
0.487051764673
0.531801453949
1.0
0.487051764673
0.531801453949
1.0
0.487521084575
0.534319442508
1.0
0.487644622314
0.535105050544
1.0
0.488304173901
0.537184072613
1.0
0.48811862242
0.538482290116
1.0
0.489065713062
0.540471256398
1.0
0.48907415392
0.541590602134
1.0
0.490281625162
0.543082371187
1.0
0.490398102351
0.544500234381
1.0
0.492356260755
0.547152846832
1.0
0.492352609126
0.548347489506
1.0
0.492352609126
0.548347489506
1.0
0.494975869889
0.549971774894
1.0
0.494611162664
0.551319592565
0.848584689162
0.497423812418
0.553627733025
0.848584689162
0.496812242226
0.55515616951
0.848584689162
0.496812242226
0.55515616951
0.766091786807
0.633755107328
0.346324866451
0.766091786807
0.632505912207
0.349065666937
0.766091786807
0.631369253898
0.351979617699
0.766091786807
0.652416453429
0.181104249473
0.766091786807
0.652416453429
0.181104249473
0.890561530777
0.509160018999
0.328668422773
0.890561530777
0.509160018999
0.328668422773
0.890561530777
0.492184882197
0.49224647618
0.890561530777
0.492184882197
0.49224647618
0.939095305446
0.498204328306
0.553117685896
0.99
0.49929601843
0.56199388009
0.99
0.496446520521
0.578135416945
0.99
0.49555652572
0.578214927709
1.0
0.496011813138
0.576989816068
1.0
0.495519808044
0.576486434814
1.0
0.496183348763
0.57537400795
1.0
0.496183348763
0.57537400795
1.0
0.495222823703
0.574539218507
1.0
0.495551451358
0.574392810834
1.0
0.495711336295
0.574509841725
1.0
0.496143681861
0.57369744922
1.0
0.49569232688
0.573420548667
1.0
0.495901559877
0.573040035652
1.0
0.495993588891
0.572431370773
1.0
0.495993588891
0.572431370773
1.0
0.496240228952
0.571855083224
1.0
0.496515247249
0.571317511084
1.0
0.496893726913
0.570485846735
1.0
0.496328404045
0.569909100923
1.0
0.496354635105
0.569487690703
1.0
0.4966449684
0.569399989843
1.0
0.49675841273
0.569228704154
1.0
0.496781816852
0.56914046281
1.0
0.496881561362
0.568715186714
1.0
0.496881561362
0.568715186714
1.0
0.496881084726
0.56820040669
1.0
0.496915173609
0.568098915709
1.0
0.497311188933
0.568491109326
1.0
0.497444840259
0.568390588023
1.0
0.497245071232
0.567936913909
1.0
0.497315369301
0.567592275931
1.0
0.497178849978
0.567677357164
1.0
0.497178849978
0.567677357164
1.0
0.497349641037
0.567290494942
1.0
0.497802692612
0.56770581664
1.0
0.497866525047
0.567593228074
1.0
0.497839435826
0.5674523595
1.0
0.497973259103
0.567563237631
1.0
0.498176025648
0.567892199097
1.0
0.498123455865
0.567775563841
1.0
0.498005485386
0.56796052903
1.0
0.498005485386
0.56796052903
1.0
0.498120378195
0.567933011232
1.0
0.498186275178
0.568204660841
1.0
0.498231193514
0.568259687446
1.0
0.498355018177
0.568141902643
1.0
0.498403213731
0.568742389912
1.0
0.500963951258
0.567919649851
1.0
0.501053507683
0.568275105646
1.0
0.505034433571
0.56803431342
1.0
0.505035111713
0.568094393528
1.0
0.505798845341
0.568940526402
1.0
0.505798845341
0.568940526402
1.0
0.50704306016
0.566604465806
1.0
0.50703649166
0.567176114669
1.0
0.509248838309
0.561752905555
1.0
0.509229824542
0.562366318518
1.0
0.50964159574
0.561803914558
1.0
0.509510758878
0.562061074803
1.0
0.509510758878
0.562061074803
1.0
0.509145385165
0.562989474898
1.0
0.509026804588
0.563723896703
1.0
0.508872448439
0.564212195607
1.0
0.508966503654
0.565450253994
1.0
0.508934370498
0.565870624598
1.0
0.50904178734
0.566366150329
1.0
0.509068107197
0.567078741877
1.0
0.508879462089
0.567257467073
1.0
0.508879462089
0.567257467073
1.0
0.508792102823
0.568046208506
1.0
0.508729362986
0.568393966954
1.0
0.508706621201
0.568935669762
1.0
0.508786836515
0.5693174622
1.0
0.508613086977
0.570181870535
1.0
0.508628738377
0.570729122207
1.0
0.508595757164
0.571288973953
1.0
0.508265273118
0.571817723912
1.0
0.508265273118
0.571817723912
1.0
0.508285256048
0.572359438734
1.0
0.508401529964
0.572945250425
1.0
0.508262933127
0.573032638609
1.0
0.50802638488
0.573213289725
1.0
0.50770131696
0.573877467715
1.0
0.507672789442
0.573989258358
1.0
0.507687789994
0.57420610715
1.0
0.507233282994
0.574350919397
1.0
0.507233282994
0.574350919397
1.0
0.507137484688
0.57494784773
1.0
0.50779804913
0.575398100658
1.0
0.507790033796
0.575290325204
1.0
0.507792611941
0.57565628867
1.0
0.507939892148
0.576091676099
1.0
0.508005264646
0.576327427256
1.0
0.507954626045
0.576703586424
1.0
0.507977459876
0.576972968635
1.0
0.507977459876
0.576972968635
1.0
0.507799842059
0.576748746644
1.0
0.50796508338
0.576934089853
1.0
0.508153536969
0.577011910273
1.0
0.508241931184
0.577233085903
1.0
0.508119823858
0.577719095613
1.0
0.507994982962
0.577908374901
1.0
0.508287327325
0.577712095505
