1.0
0.484659881522
0.694085329538
1.0
0.485001317836
0.69456327917
1.0
0.485043105317
0.694681358695
1.0
0.484728486696
0.695333140028
1.0
0.484258676316
0.695450067715
1.0
0.484444681549
0.694527648127
1.0
0.48470695748
0.694396722662
1.0
0.48470695748
0.694396722662
1.0
0.489067379384
0.695563475551
1.0
0.491962209688
0.692683005454
1.0
0.501458927585
0.694989490792
1.0
0.507215151724
0.689534816751
0.996887853165
0.517214419415
0.691451061721
0.996887853165
0.522151595251
0.686285526162
0.999933928527
0.52697888785
0.688249373186
1.0
0.528210658358
0.687632768651
1.0
0.528210658358
0.687632768651
0.995976144728
0.527661964524
0.686213457162
0.995976144728
0.529780229567
0.68352337116
1.0
0.529278239304
0.683427457389
1.0
0.530128686738
0.680319617944
1.0
0.530320646493
0.680214675824
1.0
0.529899735826
0.680168843223
0.999285367006
0.530217392671
0.68067177712
0.999285367006
0.530598026089
0.680216629831
0.999285367006
0.530598026089
0.680216629831
0.984279646902
0.530265921395
0.679568693868
0.984279646902
0.530392533132
0.679276089133
0.997980502091
0.530692203171
0.679865369145
0.997980502091
0.530413596817
0.680872977271
0.998993434948
0.530502440587
0.681490795931
0.998993434948
0.530584006408
0.681167414327
1.0
0.530852202817
0.68079575549
1.0
0.530861174382
0.681181350458
1.0
0.530861174382
0.681181350458
1.0
0.53054372847
0.681855063923
1.0
0.530516354379
0.68189864735
1.0
0.530743383813
0.681667438984
1.0
0.530754380519
0.68180140368
1.0
0.531442779535
0.682268425737
1.0
0.531690118234
0.682491913304
1.0
0.531386373717
0.682401098861
1.0
0.531383267304
0.682028921318
1.0
0.531383267304
0.682028921318
1.0
0.531222134649
0.682455673408
1.0
0.531098396588
0.68318695125
1.0
0.531997031907
0.682825157729
1.0
0.531939450074
0.682694680361
1.0
0.532445634043
0.68317048554
1.0
0.532465613139
0.683165063567
1.0
0.531523181476
0.684059919015
1.0
0.531553497735
0.684346806309
1.0
0.531553497735
0.684346806309
0.967786896114
0.531278777262
0.683566846509
0.967786896114
0.531131236459
0.683465556097
1.0
0.531821091732
0.68376557932
1.0
0.531933127391
0.683905031972
0.999011140122
0.531241701887
0.68326580573
0.999011140122
0.53121987245
0.683375064992
0.99976955377
0.531497348278
0.68428751629
0.99976955377
0.531306747171
0.684975499054
0.99976955377
0.531306747171
0.684975499054
1.0
0.531417786612
0.685743055673
1.0
0.531756194219
0.685382297862
0.99459752171
0.531984402875
0.68535683299
0.99459752171
0.531771452658
0.685238257519
0.987610220258
0.531362836049
0.684717177526
0.987610220258
0.531473144039
0.684928851944
1.0
0.531666427856
0.685361467547
1.0
0.531516906685
0.685191474586
1.0
0.531516906685
0.685191474586
0.99914869342
0.531816967334
0.684838732621
0.99914869342
0.531907983814
0.684885788205
1.0
0.531843848707
0.684889871106
1.0
0.531921048462
0.684414472775
1.0
0.532032270688
0.683599783405
1.0
0.531484312482
0.683979700471
1.0
0.531338006053
0.684047622905
1.0
0.531719126652
0.68370721517
1.0
0.531719126652
0.68370721517
0.981899893937
0.532023144997
0.682558013037
0.981899893937
0.531950340087
0.681981695856
1.0
0.532682744742
0.682156600783
1.0
0.53262228295
0.682076615332
0.995514011352
0.531729795629
0.68179850508
0.995514011352
0.53164369011
0.681164866006
0.970328447375
0.531500418973
0.679986638173
0.970328447375
0.531265776612
0.680056662916
0.970328447375
0.531265776612
0.680056662916
0.988599354014
0.532237288782
0.680711362137
0.988599354014
0.532347266503
0.681226587981
1.0
0.531978959083
0.681253006521
1.0
0.531863732594
0.681011599831
1.0
0.532386598313
0.681784970237
1.0
0.532410911239
0.681476868816
1.0
0.5318285486
0.680640548222
1.0
0.531667509378
0.681392773249
1.0
0.531667509378
0.681392773249
1.0
0.531300587049
0.681069789054
1.0
0.531369355606
0.681095134102
0.990353888317
0.531818987299
0.680840257239
0.990353888317
0.532407539346
0.680385761388
0.989876903993
0.532919699816
0.680942856095
0.989876903993
0.532539955716
0.680883279109
1.0
0.532418989434
0.681512738867
1.0
0.532238871875
0.682117469625
1.0
0.532238871875
0.682117469625
0.997780093712
0.532143138569
0.681347213768
0.997780093712
0.531501988285
0.681288683183
0.986748518394
0.530448581508
0.679868906444
0.986748518394
0.530551282009
0.67993378136
0.997449017147
0.53188963409
0.681573985586
0.997449017147
0.531883560798
0.681115871879
1.0
0.531589018412
0.681035192113
1.0
0.531702467572
0.68100111632
1.0
0.531702467572
0.68100111632
1.0
0.531752099215
0.680549950957
1.0
0.531873723606
0.680333122239
1.0
0.531588942207
0.679644628024
1.0
0.531275788378
0.679606862149
1.0
0.530781208868
0.678209078872
1.0
0.53103282232
0.677096078399
0.997873054393
0.531181808554
0.677368728033
0.997873054393
0.531267767972
0.678137043125
0.997873054393
0.531267767972
0.678137043125
1.0
0.530482080783
0.678093396099
1.0
0.529916965207
0.677187696851
0.991101311154
0.530180242989
0.676671893927
0.991101311154
0.530401004924
0.6766069819
0.991268247187
0.530776890301
0.676582551218
0.991268247187
0.530662634083
0.676838207858
0.997915079244
0.530697437349
0.67640613703
0.997915079244
0.53066819492
0.675495791077
0.997915079244
0.53066819492
0.675495791077
1.0
0.530632803678
0.675495025709
1.0
0.530731804835
0.67552884901
1.0
0.530411238823
0.675212411523
1.0
0.530386690778
0.67484016058
1.0
0.53069317329
0.674930912849
1.0
0.53074561647
0.675049263753
1.0
0.530533223765
0.675010644013
1.0
0.530499085491
0.674493972054
1.0
0.530499085491
0.674493972054
0.996848873151
0.53084151817
0.674726268293
0.996848873151
0.530764389435
0.674771996468
1.0
0.530638244726
0.67404089727
1.0
0.530871329991
0.673613319759
1.0
0.53058024043
0.673833574932
1.0
0.530494204409
0.674296853857
0.999606915585
0.531016734858
0.674582041928
0.999606915585
0.53117074435
0.674320678834
0.999606915585
0.53117074435
0.674320678834
1.0
0.531054172436
0.67401471489
1.0
0.530960687994
0.67354716242
1.0
0.529992130513
0.673319352749
1.0
0.52988415316
0.674152569136
1.0
0.530890134971
0.674193083063
1.0
0.531054647274
0.673487883437
1.0
0.531036909402
0.673777082591
1.0
0.530798576052
0.673699571626
1.0
0.530798576052
0.673699571626
1.0
0.530445400015
0.673894751895
1.0
0.530459469423
0.674032612234
1.0
0.530920669368
0.673223102949
1.0
0.530993351209
0.67363572334
1.0
0.530628124101
0.674067170512
1.0
0.530328508764
0.673671493147
0.983553337781
0.530477918273
0.673747679714
0.983553337781
0.53061881265
0.673634977884
0.983553337781
0.53061881265
0.673634977884
1.0
0.530312211842
0.673160341555
1.0
0.530486731889
0.673264182285
1.0
0.530475657255
0.672905146477
1.0
0.530214914828
0.673070344341
0.993001812641
0.530230987799
0.673547460125
0.993001812641
0.53001655955
0.673762966013
1.0
0.5298255752
0.673721072887
1.0
0.529797802244
0.673854444873
1.0
0.529797802244
0.673854444873
1.0
0.528832212056
0.674362555158
1.0
0.528568896736
0.674769414321
1.0
0.529431501757
0.674774727573
1.0
0.529220307945
0.674472193777
1.0
0.528996028706
0.674368781582
1.0
0.528846389705
0.675177291805
1.0
0.527926455219
0.675418130898
1.0
0.528076041025
0.675095154711
1.0
0.528076041025
0.675095154711
1.0
0.528274427721
0.674632891149
1.0
0.528383081397
0.674879795637
1.0
0.527831517681
0.675197563027
1.0
0.527749550088
0.675262588635
1.0
0.528030229779
0.675605654992
1.0
0.527863194107
0.676014320049
1.0
0.527800031408
0.675666117427
1.0
0.527719597713
0.67532680911
1.0
0.527719597713
0.67532680911
1.0
0.527539564556
0.676169794732
1.0
0.527367755048
0.676588382367
0.998474497127
0.526899591123
0.676272126781
0.998474497127
0.526690058292
0.676659085518
1.0
0.527596058655
0.678015498934
1.0
0.527609978688
0.678316748313
1.0
0.526439039482
0.67763126598
1.0
0.526607008538
0.677374774154
1.0
0.526607008538
0.677374774154
1.0
0.527512320519
0.678361604965
1.0
0.527482156164
0.678631045457
1.0
0.527033560155
0.67839686801
1.0
0.526884445881
0.67954869403
0.997791291954
0.527233507993
0.680020842468
0.997791291954
0.527227532876
0.680780772904
0.989391324249
0.527256403076
0.680653106139
0.989391324249
0.527472877069
0.680659516661
0.989391324249
0.527472877069
0.680659516661
1.0
0.527405029191
0.681284977914
1.0
0.527222014226
0.681832408917
1.0
0.527829742796
0.682805151045
1.0
0.527932383239
0.683191981819
1.0
0.527686438887
0.683411889446
1.0
0.52768277569
0.683975319022
1.0
0.527856556448
0.684537237235
1.0
0.527835766782
0.685219568142
1.0
0.527835766782
0.685219568142
1.0
0.527834060547
0.685511705599
1.0
0.527859869659
0.685626862295
0.984992774103
0.527621720231
0.686338430766
0.984992774103
0.527626755358
0.686587317194
1.0
0.527655345846
0.6859553482
1.0
0.527553292639
0.68638580889
1.0
0.527553292639
0.68638580889
1.0
0.526800005938
0.686834575758
1.0
0.52676543969
0.687081144498
1.0
0.527510329208
0.687179421381
1.0
0.527496090581
0.687603022923
0.990816680437
0.527154298354
0.6867663878
0.990816680437
0.52682994503
0.685833085603
1.0
0.526570181556
0.686325199651
1.0
0.525898766628
0.686515459283
1.0
0.521544463696
0.684719709182
1.0
0.515183917006
0.688929822234
1.0
0.515183917006
0.688929822234
0.99
0.502278458307
0.680246988697
