0.99
0.375692987603
0.423546906085
0.926127982297
0.371012404748
0.420977940101
0.926127982297
0.36542067333
0.429638209631
0.99
0.362588358231
0.426609176595
0.997830876803
0.360524668697
0.429888780965
0.923895599327
0.357908019748
0.428866381314
0.923895599327
0.358131082813
0.428451562221
0.923895599327
0.358131082813
0.428451562221
1.0
0.357804804352
0.428924770863
1.0
0.358068241402
0.427958782124
1.0
0.358263738128
0.427542615819
1.0
0.358317981797
0.427770556502
1.0
0.358308448235
0.427778691367
1.0
0.35830201469
0.427606915674
1.0
0.35830201469
0.427606915674
1.0
0.355925869786
0.425787372173
1.0
0.35607487588
0.425327602315
1.0
0.355321051601
0.425383326018
1.0
0.355335042728
0.425429589903
1.0
0.354181166512
0.424517098018
1.0
0.354203752033
0.424484259435
1.0
0.353322671939
0.423159364839
1.0
0.353488334568
0.422611817093
1.0
0.353430230312
0.422381381811
1.0
0.353430230312
0.422381381811
1.0
0.353452402269
0.422010693102
1.0
0.353565332552
0.422348870045
1.0
0.353564623292
0.422361903302
1.0
0.353783422645
0.422211788924
1.0
0.353763234937
0.422021438322
1.0
0.35374513645
0.421946347403
1.0
0.353848252647
0.421692900658
1.0
0.353763236381
0.421794704005
1.0
0.353741471456
0.421736112466
1.0
0.353741471456
0.421736112466
1.0
0.353857195577
0.421523090616
1.0
0.353848497868
0.421369394803
1.0
0.354234142768
0.422304764758
1.0
0.354261505141
0.422132606919
1.0
0.35404319372
0.421250719582
1.0
0.354104169481
0.421293113889
1.0
0.354104169481
0.421293113889
1.0
0.354162440825
0.421337377087
1.0
0.354176801545
0.42108504602
1.0
0.354492958664
0.421164406451
1.0
0.354591699466
0.420660065161
1.0
0.354251792722
0.419794762183
1.0
0.354284732183
0.419513657014
1.0
0.354583599301
0.419950002266
1.0
0.354546652902
0.419994621044
1.0
0.354399259222
0.419718104238
1.0
0.354482992938
0.419107713129
1.0
0.354482992938
0.419107713129
1.0
0.354599832216
0.418948012559
1.0
0.354691440744
0.418963068989
1.0
0.354652417072
0.418801127115
1.0
0.354704454418
0.418420539694
1.0
0.354769983544
0.418356910187
1.0
0.354791232396
0.418253270719
1.0
0.35472196469
0.418265710878
1.0
0.35472196469
0.418265710878
1.0
0.354693440374
0.418236798677
1.0
0.354659051974
0.417998625145
1.0
0.354658283599
0.417876592565
1.0
0.355131954005
0.41869016428
1.0
0.355174543897
0.418480531565
1.0
0.354728513498
0.417589683102
1.0
0.354748213196
0.417624570462
1.0
0.354748213196
0.417624570462
1.0
0.355388642349
0.418303947132
1.0
0.355555021323
0.41827409988
1.0
0.355207488467
0.417921163278
1.0
0.355120354338
0.417814366012
1.0
0.355191896969
0.417832832353
1.0
0.355161373671
0.417781021159
1.0
0.355087901292
0.417850946307
1.0
0.355064181614
0.417888608275
1.0
0.354866782604
0.417686776525
1.0
0.354876502771
0.417593875475
1.0
0.354876502771
0.417593875475
1.0
0.354875181607
0.417588979977
1.0
0.354884021898
0.417919470505
1.0
0.355139147493
0.418327056089
1.0
0.355129209317
0.418244598767
1.0
0.355326763796
0.418422640368
1.0
0.355398978708
0.41854381909
1.0
0.354956590493
0.418394590938
1.0
0.354927141779
0.418896177211
1.0
0.354927141779
0.418896177211
1.0
0.354973806248
0.419270439492
1.0
0.354943500537
0.419509310227
1.0
0.354989973776
0.419630869456
1.0
0.353020801697
0.408690066392
1.0
0.352833306189
0.408393311469
1.0
0.352825745606
0.40845915979
1.0
0.352953178803
0.408533737728
1.0
0.352953178803
0.408533737728
1.0
0.352924835389
0.409060065895
1.0
0.352826390564
0.40938794665
1.0
0.353144650561
0.409572662856
1.0
0.35313578899
0.410003167892
1.0
0.353052629588
0.409943354117
1.0
0.353052629588
0.409943354117
1.0
0.353084927378
0.409907802246
1.0
0.353598372211
0.410112921895
1.0
0.353421383369
0.409931241239
1.0
0.353415350841
0.409926269442
1.0
0.353636261358
0.410043279454
1.0
0.35373259275
0.410205016624
1.0
0.35373259275
0.410205016624
1.0
0.353734629034
0.410292391141
1.0
0.353583445679
0.4101094104
1.0
0.353833842392
0.410576130384
1.0
0.353898668355
0.410492054531
1.0
0.353582871702
0.410163329713
1.0
0.35356307227
0.410211642834
1.0
0.353360402691
0.409997979051
1.0
0.353376766079
0.409950242301
1.0
0.353906772649
0.409976623393
1.0
0.353906772649
0.409976623393
1.0
0.353906471164
0.409971961066
1.0
0.354252337968
0.410655417062
1.0
0.354256361895
0.4107168214
1.0
0.354024847105
0.410374570921
1.0
0.354006553562
0.410543123825
1.0
0.354467462948
0.411248957088
1.0
0.354474514467
0.411306995304
1.0
0.354474514467
0.411306995304
1.0
0.354225830145
0.410906111512
1.0
0.354225423478
0.411109237223
1.0
0.354130807867
0.411386206953
1.0
0.354101081837
0.4114514736
1.0
0.354220696677
0.411815568441
1.0
0.354229506548
0.412277601749
1.0
0.354091187184
0.41246490918
1.0
0.354091187184
0.41246490918
1.0
0.354093600012
0.412403087031
1.0
0.354153148698
0.412535046728
1.0
0.354189404945
0.412450298419
1.0
0.354049937876
0.41255273663
1.0
0.354004591076
0.412450741619
1.0
0.354170548775
0.412580286299
1.0
0.35420780336
0.412536908499
1.0
0.353987700347
0.412151996338
1.0
0.353999067204
0.411864010598
1.0
0.353999067204
0.411864010598
1.0
0.353920761325
0.411884300701
1.0
0.353955317245
0.411745204326
1.0
0.354325975065
0.41204088737
1.0
0.354322451125
0.412158822029
1.0
0.354139708893
0.412378100692
1.0
0.354157977541
0.41219149925
1.0
0.354119082051
0.411571812995
1.0
0.354085743901
0.411776992665
1.0
0.354085743901
0.411776992665
1.0
0.354276962158
0.411804478304
1.0
0.354263075872
0.411903154579
1.0
0.354357091051
0.412076655746
1.0
0.354294139835
0.412199319153
1.0
0.354074577524
0.412214085364
1.0
0.354113829312
0.412103893538
1.0
0.354325632322
0.41212196846
1.0
0.354227563554
0.412408429995
1.0
0.354299877235
0.412479035475
1.0
0.354299877235
0.412479035475
1.0
0.354405099235
0.411896284088
1.0
0.35421882389
0.410949887305
1.0
0.354216512486
0.410317343346
1.0
0.354100633045
0.410222771603
1.0
0.354076243663
0.410229822599
1.0
0.354235225894
0.410495228478
1.0
0.354157497685
0.410702526993
1.0
0.354202545602
0.41079891021
1.0
0.354202545602
0.41079891021
1.0
0.354269040752
0.410226596319
1.0
0.353298644771
0.409561069829
1.0
0.353291990134
0.409530228165
1.0
0.354060011772
0.409317967048
1.0
0.354097531126
0.408741698559
1.0
0.35387921984
0.407468543276
1.0
0.35387921984
0.407468543276
1.0
0.353894996221
0.406856938493
1.0
0.353828329177
0.406773858069
1.0
0.353818275449
0.406874384223
1.0
0.353684380377
0.406716957077
1.0
0.353648395656
0.406896372883
1.0
0.35412861007
0.407227941794
1.0
0.354200979939
0.406978538207
1.0
0.353936188635
0.407682181623
1.0
0.353918777115
0.407381199419
1.0
0.35383448761
0.406412199001
1.0
0.35383448761
0.406412199001
1.0
0.353848214438
0.406310584896
1.0
0.354230126931
0.406842265461
1.0
0.354318604767
0.406845543102
1.0
0.354933251616
0.408280611448
1.0
0.354899425891
0.408781504229
1.0
0.354869877929
0.408871792082
1.0
0.354869877929
0.408871792082
1.0
0.354948474598
0.408558312196
1.0
0.355396524017
0.409215241533
1.0
0.355393604087
0.409182581401
1.0
0.355623432416
0.408979443152
1.0
0.355650038891
0.409278930341
1.0
0.355648456315
0.409271329347
1.0
0.355659734392
0.409195523899
1.0
0.355816679326
0.409313530663
1.0
0.355816679326
0.409313530663
1.0
0.355816387007
0.409296859986
1.0
0.355572200954
0.408970927539
1.0
0.355607327599
0.40888715601
1.0
0.355643986932
0.409570732541
1.0
0.355663786101
0.409497987683
1.0
0.356017434255
0.409292796124
1.0
0.356014300994
0.409349110138
1.0
0.355738198505
0.409363565909
1.0
0.355708327275
0.409380139004
1.0
0.355708327275
0.409380139004
1.0
0.355892228256
0.409597982527
1.0
0.355867172391
0.409733468246
1.0
0.355703859234
0.409668933464
1.0
0.355614809597
0.409967359138
1.0
0.355382261571
0.409760194899
1.0
0.355326745666
0.409873197505
1.0
0.355341945336
0.410031521013
1.0
0.355341945336
0.410031521013
1.0
0.355245991098
0.410213334445
1.0
0.354739488454
0.410173463313
1.0
0.354642832381
0.410401643026
1.0
0.354233741376
0.410584552533
1.0
0.354260098264
0.410564533125
1.0
0.35442321979
0.410329930945
1.0
0.354420555728
0.410119788081
1.0
0.354451074329
0.410235764401
1.0
0.35439231257
0.410486351365
1.0
0.35439231257
0.410486351365
1.0
0.354116852998
0.410347267923
1.0
0.354151734497
0.410364644873
1.0
0.354356281091
0.410279279188
1.0
0.354415966815
0.409849311554
1.0
0.354546821678
0.409839533514
1.0
0.354568053896
0.409777536631
1.0
0.354473115358
0.409831088241
1.0
0.354495459376
0.409652789224
1.0
0.354495459376
0.409652789224
1.0
0.354143288326
0.409262452537
1.0
0.354220590886
0.409033859194
1.0
0.355076793409
0.408906929314
1.0
0.355141895299
0.408624641786
1.0
0.354080512413
0.408468985576
1.0
0.354073514556
0.408561692771
1.0
0.354062161932
0.408930526071
1.0
0.354062161932
0.408930526071
1.0
0.354065690096
0.408963615769
1.0
0.354450634522
0.408938416722
1.0
0.354504661135
0.408701237284
1.0
0.354587743032
0.408775851493
1.0
0.354636495113
0.408569891731
1.0
0.354565825844
0.408709366922
1.0
0.354545036862
0.408927668125
1.0
0.354857929594
0.409110479108
1.0
0.354868362993
0.408899278975
1.0
0.354459313834
0.408702472582
1.0
0.354459313834
0.408702472582
1.0
0.35447613874
0.408538563873
1.0
0.354600539432
0.408901741724
1.0
0.354575286989
0.409095293582
1.0
0.354387896457
0.408582091288
1.0
0.354413309651
0.408587891972
1.0
0.3550360305
0.409394006601
1.0
0.3550360305
0.409394006601
1.0
0.355029440161
0.409427013028
1.0
0.35490898422
0.409711488455
1.0
0.354935221619
0.4096085137
1.0
0.354869212902
0.409654273348
1.0
0.354811186472
0.409678659323
1.0
0.354616504872
0.409468770803
1.0
0.354627818702
0.409476069069
1.0
0.35481714016
0.409666304547
1.0
0.35481714016
0.409666304547
1.0
0.354770744727
0.40998959153
1.0
0.35460436963
0.410162759653
1.0
0.354578737295
0.409979809674
1.0
0.354224919427
0.409561139653
1.0
0.354198232125
0.409699652531
1.0
0.354442856624
0.409846876977
1.0
0.354402272318
0.410052912895
1.0
0.35527286893
0.41139314151
1.0
0.35527286893
0.41139314151
1.0
0.355158101847
0.412294539456
1.0
0.354386845265
0.411488874464
1.0
0.354334586491
0.411623673868
1.0
0.354257741706
0.411478182072
1.0
0.354285943762
0.411169840858
1.0
0.353834170653
0.410817820939
1.0
0.353790338441
0.411287218291
1.0
0.353953988801
0.411378746995
1.0
0.353953988801
0.411378746995
1.0
0.353950380597
0.411442392929
1.0
0.353686814426
0.411634155808
1.0
0.353684054018
0.411446735205
1.0
0.35365554546
0.411309967692
1.0
0.353672178824
0.41104055553
1.0
0.353572136229
0.410490383052
1.0
0.353559821389
0.410429841209
1.0
0.353806398536
0.410825805367
1.0
0.353780916903
0.41077150353
1.0
0.353780916903
0.41077150353
1.0
0.353599797898
0.410391170514
1.0
0.353651737813
0.410476119071
1.0
0.353863290902
0.411092797442
1.0
0.353913053915
0.410974940938
1.0
0.353701697541
0.41006229445
1.0
0.353706423869
0.40964723898
1.0
0.353475325969
0.409538863211
1.0
0.353475325969
0.409538863211
1.0
0.353539144878
0.409442168913
1.0
0.354051965764
0.409669982074
1.0
0.354012293651
0.409972316462
1.0
0.354047405824
0.410216453925
1.0
0.354030076983
0.410067833804
1.0
0.353621742499
0.409197721328
1.0
0.353650205222
0.409236965808
1.0
0.353915903151
0.41002898888
1.0
0.353915903151
0.41002898888
1.0
0.353937110276
0.410059010721
1.0
0.354245355542
0.410084603759
1.0
0.354217398298
0.410155704989
1.0
0.354216585802
0.410551633835
1.0
0.354227179576
0.410352483254
1.0
0.354273712706
0.410089353917
1.0
0.354274682294
0.410104010487
1.0
0.354429823291
0.410080172595
1.0
0.354425508536
0.410104347773
1.0
0.354425508536
0.410104347773
1.0
0.35452296854
0.410010380862
1.0
0.354539141186
0.4100450089
1.0
0.354638946304
0.409907651484
1.0
0.354703038281
0.409699788883
1.0
0.354842191199
0.409810605609
1.0
0.354780932314
0.409998259218
1.0
0.355132908872
0.410473133928
1.0
0.355132908872
0.410473133928
1.0
0.355194925547
0.410197666205
1.0
0.355432923943
0.409775261149
1.0
0.355469634287
0.409399706205
1.0
0.355549403727
0.409292828175
1.0
0.355551946196
0.409573924815
1.0
0.355833725458
0.409795436708
1.0
0.355865568992
0.409452744329
1.0
0.356101501275
0.409894025848
1.0
0.356103044599
0.410264423412
1.0
0.356551557598
0.410710915906
