1.0
0.528635987177
0.377498635509
1.0
0.528874453555
0.377063902145
1.0
0.529458705011
0.37867165262
1.0
0.529489796362
0.378650529094
1.0
0.529489796362
0.378650529094
1.0
0.529832410347
0.37870388946
1.0
0.530039117101
0.378672772115
1.0
0.530353171233
0.378527517395
1.0
0.530444851031
0.378893074982
1.0
0.530266609921
0.378402908019
1.0
0.530348445483
0.378396856581
1.0
0.531126403634
0.380375386147
1.0
0.531381197656
0.379992789053
1.0
0.531381197656
0.379992789053
1.0
0.531626360886
0.379021973807
1.0
0.531699963274
0.378738236282
1.0
0.531870150618
0.379238022688
1.0
0.532125100536
0.378812492833
1.0
0.53168941681
0.37841616037
1.0
0.531800328263
0.378283335631
1.0
0.532547510692
0.379888705986
1.0
0.532682206481
0.379647869314
1.0
0.532682206481
0.379647869314
1.0
0.5324720792
0.379641648093
1.0
0.532439682696
0.379844873055
1.0
0.532252751677
0.380224048558
1.0
0.532405619852
0.379878659379
1.0
0.532018028563
0.381392484008
1.0
0.53205065098
0.381794762118
1.0
0.532328353419
0.382500192777
1.0
0.532328353419
0.382500192777
1.0
0.53219423768
0.382844516932
1.0
0.531899534238
0.382903770362
1.0
0.53184165981
0.383399586829
1.0
0.531336725709
0.38269089544
1.0
0.53126554363
0.383238330069
1.0
0.531017435819
0.383775412943
1.0
0.530812011266
0.384220412291
1.0
0.530676666126
0.385312711706
1.0
0.530586207049
0.38629119968
1.0
0.530586207049
0.38629119968
1.0
0.530323969763
0.387257522759
1.0
0.530315629384
0.387671084367
1.0
0.529928220369
0.389353729659
1.0
0.529749524051
0.390367230511
1.0
0.529311079276
0.390070534745
1.0
0.529127283258
0.390819095186
1.0
0.529127283258
0.390819095186
1.0
0.528226640585
0.390185453808
1.0
0.528045410994
0.390964373744
1.0
0.528045486544
0.391894177461
1.0
0.527875611458
0.392689390396
1.0
0.528392409085
0.393527244041
1.0
0.52830892606
0.394017108809
1.0
0.527925849879
0.394283749677
1.0
0.52776345025
0.394408562575
1.0
0.527395186683
0.395324642431
1.0
0.527395186683
0.395324642431
1.0
0.527323365796
0.395790996748
1.0
0.527540172667
0.395493630669
1.0
0.527375114806
0.396453226488
1.0
0.527074453506
0.395994803707
1.0
0.527033433085
0.396297396813
1.0
0.526984874268
0.396861049127
1.0
0.526865482507
0.397403981814
1.0
0.526573728077
0.396421518292
1.0
0.526573728077
0.396421518292
1.0
0.52662171859
0.397030718925
1.0
0.526419531314
0.398221681071
1.0
0.526311977568
0.398887034434
1.0
0.526302465173
0.398855182208
1.0
0.526158624335
0.399541835096
1.0
0.525722210876
0.398279032233
1.0
0.525761470723
0.398455552932
1.0
0.525680509263
0.398422609204
1.0
0.525680509263
0.398422609204
1.0
0.525585420389
0.399151574065
1.0
0.525002528206
0.397592671604
1.0
0.525009896182
0.397653020683
1.0
0.524989601633
0.398914944295
1.0
0.524768410327
0.398893175609
1.0
0.524452548922
0.397251998455
1.0
0.524347851695
0.39735641207
1.0
0.523691597753
0.396073663265
1.0
0.523591802403
0.396187876293
1.0
0.523591802403
0.396187876293
1.0
0.523354307438
0.396082174155
1.0
0.523148439948
0.395842478968
1.0
0.522951160848
0.395370630783
1.0
0.522678190473
0.39541062235
1.0
0.52242820808
0.393170539806
1.0
0.522397023455
0.393036165263
1.0
0.522506552241
0.392917307574
1.0
0.522498704137
0.392630765421
1.0
0.522498704137
0.392630765421
1.0
0.522405497431
0.391983357619
1.0
0.522048467104
0.391769447879
1.0
0.522348596456
0.391698669986
1.0
0.522370495056
0.391191385512
1.0
0.522148590551
0.389461555678
1.0
0.522161977358
0.38882392703
1.0
0.522043246403
0.387465492645
1.0
0.522043246403
0.387465492645
1.0
0.522047367499
0.386860292618
1.0
0.522020362757
0.385952113048
1.0
0.522002452659
0.385159771191
1.0
0.522367086979
0.384016145332
1.0
0.522510635946
0.383395466676
1.0
0.522406556336
0.383013413004
1.0
0.522305324191
0.382422051551
1.0
0.522604154599
0.381641067004
1.0
0.522818092976
0.380751976924
1.0
0.522818092976
0.380751976924
1.0
0.522908694971
0.380216605758
1.0
0.522957153881
0.379794341769
1.0
0.523397466558
0.379426917154
1.0
0.523454967578
0.37828599906
1.0
0.524112777306
0.37862911625
1.0
0.524225709707
0.377755795556
1.0
0.524132198415
0.376336281574
1.0
0.524132198415
0.376336281574
1.0
0.524232942076
0.375727705202
1.0
0.524493765052
0.375215782347
1.0
0.524567816149
0.37437114064
1.0
0.524955402583
0.374206726751
1.0
0.525176543616
0.37343334294
1.0
0.525945977529
0.373861218316
1.0
0.526038286424
0.372916993832
1.0
0.526331253621
0.372552053648
1.0
0.526331253621
0.372552053648
1.0
0.526459417755
0.371861791048
1.0
0.526262785793
0.371418599407
1.0
0.526474261808
0.370477290011
1.0
0.526985370848
0.370764962931
1.0
0.527111159514
0.370212739071
1.0
0.527305440603
0.370197585112
1.0
0.527279104431
0.369720173746
1.0
0.527474835368
0.370593997873
1.0
0.527680075414
0.369798234325
1.0
0.527680075414
0.369798234325
1.0
0.527815918268
0.370114395147
1.0
0.527857787893
0.369954237472
1.0
0.527701588729
0.369663445337
1.0
0.527866644301
0.369187470118
1.0
0.528062513424
0.369620728127
1.0
0.528123034859
0.369231949088
1.0
0.52818900738
0.36968609166
1.0
0.52818900738
0.36968609166
1.0
0.528220144238
0.3698299315
1.0
0.527926912712
0.369360339243
1.0
0.527907380064
0.369339042708
1.0
0.528109786772
0.36966454278
1.0
0.528176685964
0.369812005161
1.0
0.527890135774
0.370123509261
1.0
0.527903904061
0.369915605048
1.0
0.527903904061
0.369915605048
1.0
0.527897543418
0.370273050058
1.0
0.527870485009
0.370638276547
1.0
0.52772609694
0.371662783653
1.0
0.527782498253
0.371899903908
1.0
0.527621612677
0.372559618252
1.0
0.527547095874
0.372624257602
1.0
0.527335403859
0.373964857325
1.0
0.527240190501
0.37472709076
1.0
0.526722068464
0.374882798543
1.0
0.526726200428
0.375342934125
1.0
0.526726200428
0.375342934125
1.0
0.526639683334
0.375949950775
1.0
0.526530140816
0.377053226718
1.0
0.525977144857
0.377218770428
1.0
0.525929723585
0.377606268207
1.0
0.525847709669
0.379171242602
1.0
0.525810518246
0.379617103091
1.0
0.525528228101
0.379831874686
1.0
0.525528228101
0.379831874686
1.0
0.525518822267
0.380758214491
1.0
0.524686548913
0.381377528963
1.0
0.524591012209
0.381940947405
1.0
0.524811762436
0.382882623563
1.0
0.524847542207
0.383185911951
1.0
0.524228438756
0.383665745082
1.0
0.524307649134
0.38460873596
1.0
0.52374786141
0.385597266268
1.0
0.52374786141
0.385597266268
1.0
0.523783868925
0.386221779503
1.0
0.523529061935
0.385706986255
1.0
0.523608313757
0.386269196545
1.0
0.523249440025
0.38775839606
1.0
0.52315464114
0.388435280212
1.0
0.522348308925
0.388984747273
1.0
0.52216558988
0.389639605205
1.0
0.521674994215
0.390291555111
1.0
0.521674994215
0.390291555111
1.0
0.521693744718
0.390970107373
1.0
0.516911118756
0.389742752669
1.0
0.516860308153
0.390192069305
1.0
0.516523800089
0.3900745425
1.0
0.516577841691
0.390681429284
1.0
0.516652431656
0.391897096276
1.0
0.516762269818
0.392403028385
1.0
0.516320931115
0.392697384445
1.0
0.516357114453
0.393381738648
1.0
0.516357114453
0.393381738648
1.0
0.516618119771
0.393894779466
1.0
0.516373917724
0.394725555121
1.0
0.517210523728
0.39657176845
1.0
0.517436768579
0.396678750247
1.0
0.518126743129
0.397673228962
1.0
0.518318594452
0.39796243711
1.0
0.51913555773
0.399278290975
1.0
0.51913555773
0.399278290975
1.0
0.51956241679
0.399723091438
1.0
0.519965951194
0.400683470332
1.0
0.520218806512
0.400808993078
1.0
0.521553654008
0.402724177341
1.0
0.521997161852
0.402719395214
1.0
0.522619938766
0.404665132776
1.0
0.523173306163
0.404912076191
1.0
0.524205828672
0.406758373022
1.0
0.524205828672
0.406758373022
1.0
0.525121300889
0.406130160593
1.0
0.526174110092
0.407544666911
1.0
0.526772953587
0.407362991748
1.0
0.527519650588
0.409275063944
1.0
0.527930497225
0.409611454161
1.0
0.52911208888
0.411318232703
1.0
0.529868735591
0.411106141085
1.0
0.529868735591
0.411106141085
1.0
0.530842437134
0.412448922029
1.0
0.531580072473
0.412455675898
1.0
0.532762973756
0.414153824513
1.0
0.533357409679
0.414098094458
1.0
0.534446756636
0.414939856541
1.0
0.535111518495
0.414543476665
1.0
0.536786532371
0.415627503025
1.0
0.537540436803
0.415088676036
1.0
0.537540436803
0.415088676036
1.0
0.538582944921
0.415447621926
1.0
0.539420228278
0.415193671212
1.0
0.540575249717
0.416071247449
1.0
0.541462692555
0.414883371633
1.0
0.542773947985
0.415552901046
1.0
0.543520654647
0.415149398425
1.0
0.545157253282
0.416401968403
1.0
0.546053559535
0.414998702362
1.0
0.546053559535
0.414998702362
1.0
0.547160174423
0.415674903282
1.0
0.548036306181
0.414626325327
1.0
0.548942815008
0.414170544915
1.0
0.549645015861
0.413109690779
1.0
0.550952661594
0.41352656896
1.0
0.551706821392
0.412390594398
1.0
0.553355951075
0.412849033596
1.0
0.554286522824
0.41130112931
1.0
0.555021321978
0.410336090572
1.0
0.555733582414
0.408891971918
1.0
0.555733582414
0.408891971918
1.0
0.557277712512
0.409251625467
1.0
0.558045904804
0.407322345941
1.0
0.558890218899
0.406859714636
1.0
0.559492791427
0.405422029384
1.0
0.56057541206
0.404407755127
1.0
0.561326795924
0.402208583469
1.0
0.561326795924
0.402208583469
1.0
0.561838092912
0.401616307744
1.0
0.56266113213
0.399656900534
1.0
0.564124362062
0.399761481389
1.0
0.56476390213
0.397524278417
1.0
0.565627371637
0.396696732941
1.0
0.566084263475
0.395200012908
1.0
0.56681417953
0.394651067923
1.0
0.567222835057
0.393077183522
1.0
0.567222835057
0.393077183522
1.0
0.568447523718
0.393115001216
1.0
0.568880392524
0.391853186835
1.0
0.57012198167
0.391874531048
1.0
0.570499469585
0.390508724027
1.0
0.571260456554
0.390862854134
1.0
0.57167265384
0.389560376316
1.0
0.573234584375
0.38941043964
1.0
0.573874877429
0.387838111396
1.0
0.573874877429
0.387838111396
1.0
0.576359307496
0.391582345739
1.0
0.576978061668
0.390182188996
1.0
0.580578485663
0.398361554556
1.0
0.581027752663
0.397163161115
1.0
0.583149099888
0.40761917542
1.0
0.583676024074
0.406057208515
1.0
0.582653876704
0.413882433932
1.0
0.583136707811
0.414408418327
1.0
0.583136707811
0.414408418327
1.0
0.582412948753
0.421336696532
1.0
0.582954804081
0.424749374918
1.0
0.584163127805
0.432096744551
1.0
0.584207999697
0.438108041173
1.0
0.584723870025
0.438899662842
1.0
0.584347895226
0.445874530243
1.0
0.585247034256
0.446527646637
1.0
0.584961582512
0.452486611834
1.0
0.585204436074
0.451182910355
1.0
0.585204436074
0.451182910355
1.0
0.585038767047
0.457393516823
1.0
0.585505209094
0.45656528006
1.0
0.586277328261
0.456463202032
1.0
0.586641160298
0.454365569847
1.0
0.586851259945
0.453589931994
1.0
0.587405123852
0.451992719184
1.0
0.5878715177
0.450622263824
1.0
0.58830080607
0.448589048636
1.0
0.58830080607
0.448589048636
1.0
0.588790269651
0.44671658837
1.0
0.58889527809
0.445331738663
1.0
0.589362213211
0.443644205681
1.0
0.590645659567
0.442955487977
1.0
0.590972955048
0.441124753837
1.0
0.591449851227
0.440306210157
1.0
0.591690004722
0.43875116367
1.0
0.591690004722
0.43875116367
1.0
0.592386361929
0.438018409578
1.0
0.592822877386
0.436410715966
1.0
0.593476577484
0.43547817357
1.0
0.593765532167
0.433801537706
1.0
0.594022214211
0.432775382555
1.0
0.594285423871
0.431349392076
1.0
0.594787416791
0.429853374654
1.0
0.595120672217
0.428519315322
1.0
0.595836004622
0.42785126862
1.0
0.595836004622
0.42785126862
1.0
0.595920731358
0.425690803836
1.0
0.595946396391
0.422933503419
1.0
0.596095362042
0.422327764689
1.0
0.596524701271
0.420726926047
1.0
0.596821742695
0.418866212571
1.0
0.597831171659
0.418765467689
1.0
0.597915565854
0.417183703821
1.0
0.597915565854
0.417183703821
1.0
0.598335380188
0.415816443503
1.0
0.598569013921
0.414066827885
1.0
0.598939992688
0.411748075013
1.0
0.599023618746
0.409969350272
1.0
0.599311995678
0.408614821511
1.0
0.599475062421
0.407483307463
1.0
0.601194456173
0.408989849184
1.0
0.601253068346
0.407074280817
1.0
0.601081867675
0.407366184364
1.0
0.601081867675
0.407366184364
1.0
0.601028557079
0.40652709251
1.0
0.596977084835
0.409213036101
1.0
0.597052043832
0.408251582667
1.0
0.592298961448
0.411943501744
1.0
0.59224620263
0.410743151768
0.99
0.576797477883
0.422427805961
0.99
0.576396197605
0.422412006928
0.99
0.573677944447
0.428985244658
0.99
0.573677944447
0.428985244658
0.913948798482
0.572425049199
0.43488068885
0.913948798482
0.567274172008
0.451038997422
0.97115765132
0.565724870096
0.45457470539
0.97115765132
0.561388989637
0.469645918005
0.974485829485
0.559747828526
0.467972947973
0.974485829485
0.556017274171
0.481908084907
0.988678914114
0.556106986533
0.481784969329
0.988678914114
0.556106986533
0.481784969329
0.988678914114
0.554441448137
0.487261994543
1.0
0.554746115799
0.488577462528
1.0
0.553578930372
0.494848522506
1.0
0.553956184334
0.497200306066
1.0
0.554049030107
0.499257366068
1.0
0.554908155216
0.501761692264
1.0
0.554942954355
0.5032595693
1.0
0.55527066842
0.505063008078
1.0
0.55540988496
0.505368188732
1.0
0.55540988496
0.505368188732
1.0
0.555403440197
0.505984695439
1.0
0.555406643965
0.505548644012
1.0
0.555657900903
0.507615901909
1.0
0.555696338433
0.508312501557
1.0
0.555070141355
0.508000663184
1.0
0.555146077999
0.508162281096
1.0
0.55464197412
0.508135915322
1.0
0.55464197412
0.508135915322
1.0
0.554454403821
0.508128086711
1.0
0.553831372481
0.506358131434
1.0
0.553671786078
0.506676482736
0.994977624178
0.553540743847
0.507356940715
0.994977624178
0.55357203816
0.50729629229
1.0
0.552948180199
0.508253057519
1.0
0.552742359111
0.508887162903
1.0
0.552541403394
0.508863563734
1.0
0.552541403394
0.508863563734
1.0
0.552330199732
0.509616908027
1.0
0.551536900177
0.508318883088
1.0
0.551298038234
0.50884580233
1.0
0.550499381698
0.508661949991
1.0
0.550264128416
0.50949377942
1.0
0.549395278906
0.508358273
1.0
0.549114407173
0.508365667174
1.0
0.548730888414
0.507965812504
1.0
0.548542103766
0.508531636645
1.0
0.548542103766
0.508531636645
1.0
0.548821187763
0.509871967315
1.0
0.548602534714
0.509831039518
1.0
0.547569685492
0.507391396698
1.0
0.547235014314
0.50790959263
1.0
0.546558932974
0.506051041714
1.0
0.546195974004
0.506188507401
1.0
0.545629082042
0.505631929814
1.0
0.545629082042
0.505631929814
1.0
0.54537879422
0.50614267431
1.0
0.545546193103
0.506167006559
1.0
0.545308062099
0.50595695509
1.0
0.545423204518
0.506930484786
1.0
0.545023311603
0.507120374298
1.0
0.545354191153
0.507576437981
1.0
0.54514632498
0.50722024508
1.0
0.545031999667
0.506193133878
1.0
0.544782797999
0.506389710054
1.0
0.544782797999
0.506389710054
1.0
0.544638045195
0.505438180353
1.0
0.544359723463
0.505127189869
0.994712536714
0.544013020661
0.505182249289
0.994712536714
0.543980947085
0.505068900029
1.0
0.544087438986
0.506389843005
1.0
0.543917571003
0.506581891491
1.0
0.543545351174
0.505920897609
1.0
0.543545351174
0.505920897609
1.0
0.543526468946
0.506076591636
1.0
0.543455738174
0.505756504097
1.0
0.543380226298
0.505760166718
1.0
0.543051022807
0.504770983159
1.0
0.543098282734
0.504579379309
1.0
0.543735935861
0.505601154486
1.0
0.543612532376
0.505910522744
1.0
0.542887628539
0.50485221224
1.0
0.542887628539
0.50485221224
1.0
0.542926942903
0.505173162184
1.0
0.54822831133
0.507238505236
1.0
0.548305717489
0.506653929875
0.99
0.566202760328
0.516921037047
0.99
0.566175894792
0.517389739856
0.99
0.592890142644
0.531625292838
0.99
0.592892786121
0.531444816486
0.99
0.593565832035
0.530507422819
0.99
0.593565832035
0.530507422819
1.0
0.594582994271
0.530544204851
1.0
0.597972584017
0.524215444782
1.0
0.597448639875
0.522927998805
0.99
0.603364369654
0.513350263471
0.99
0.602320555171
0.511509003375
0.831096130755
0.604321133519
0.509105123232
0.831096130755
0.603582911192
0.508320961915
0.852191499261
0.605941545853
0.505595582406
0.852191499261
0.605941545853
0.505595582406
0.852191499261
0.605132737275
0.504528780747
0.918635360814
0.606240942803
0.503494057904
0.918635360814
0.605966056049
0.50344160038
0.938480888428
0.606470444996
0.502759457684
0.938480888428
0.606336572635
0.503523066352
0.947176461262
0.606469877656
0.503203834966
0.947176461262
0.606556376775
0.504156933859
0.947176461262
0.606556376775
0.504156933859
0.920967630449
0.607407149717
0.502950330202
0.920967630449
0.607324132868
0.503115049219
0.899452910136
0.607456694743
0.503174637911
0.899452910136
0.60748315178
0.502487275843
0.949133154958
0.607019546013
0.503750699125
0.949133154958
0.606823213373
0.503300960108
0.93735775678
0.606491322561
0.504283019705
0.93735775678
0.606684995226
0.503876222788
0.971241837517
0.6071865055
0.503438303704
0.971241837517
0.6071865055
0.503438303704
0.971241837517
0.607203060376
0.503625421854
0.910921148316
0.607598581433
0.503583572976
0.910921148316
0.607719544028
0.504283919023
0.922200878661
0.607623740707
0.504083790541
0.922200878661
0.607713520081
0.503815677766
0.899918808583
0.607518815226
0.50425333531
0.899918808583
0.607494615068
0.504382945889
0.971906156509
0.607321291714
0.50454304127
0.971906156509
0.607321291714
0.50454304127
0.971906156509
0.607406836128
0.50505923474
0.87730081143
0.607721782778
0.504897532554
0.87730081143
0.607818296712
0.504868241021
0.902026462468
0.608072441663
0.504195980783
0.902026462468
0.607328623748
0.503536139352
0.957080252073
0.606891548894
0.504588860616
0.957080252073
0.607371131529
0.506421798297
0.920610401437
0.60762984877
0.506185994949
0.920610401437
0.607744492694
0.507368946415
0.920610401437
0.607744492694
0.507368946415
0.962830239153
0.607203243506
0.50775798919
0.962830239153
0.607020144056
0.507545431991
0.919894067479
0.607353301136
0.507171935274
0.919894067479
0.607248369742
0.506727620377
0.923294428097
0.606881317664
0.507730836786
0.923294428097
0.606985993467
0.508012574067
0.908199822427
0.606983445289
0.509090341153
0.908199822427
0.606983445289
0.509090341153
0.908199822427
0.606870471524
0.509529197631
0.965578052366
0.606823129456
0.510137720747
0.965578052366
0.607370888241
0.511371461988
0.895530611301
0.60755542029
0.511339605869
0.895530611301
0.607629914445
0.511547886118
0.954061199778
0.607334332139
0.511910947826
0.954061199778
0.607591669867
0.511504271929
0.881250731752
0.607568226023
0.511550442448
0.881250731752
0.607568226023
0.511550442448
0.881250731752
0.607971423033
0.512383232
0.956419129672
0.607574188745
0.512885173418
0.956419129672
0.607020533216
0.511803136808
0.952590654812
0.607050024356
0.512189706736
0.952590654812
0.60719993969
0.512690465711
0.941102611132
0.607110661343
0.513117185224
0.941102611132
0.607543268393
0.514607436217
0.950330281681
0.607387656108
0.515454423656
0.950330281681
0.607387656108
0.515454423656
0.950330281681
0.607523974236
0.51761246178
0.983770727447
0.607551447335
0.517694910619
0.983770727447
0.607401147357
0.518297277592
0.869095318322
0.607694926269
0.518403778347
0.869095318322
0.608499678278
0.521347099403
0.975247358631
0.608183578251
0.521970524602
0.975247358631
0.608085485015
0.523809503056
0.901954715348
0.607740017965
0.523929048426
0.901954715348
0.607740017965
0.523929048426
0.901954715348
0.60743237789
0.523017655216
0.995638936361
0.607067997165
0.524681141221
0.963727903572
0.606059046136
0.523893780558
0.963727903572
0.606155601979
0.524171504263
0.901414992995
0.60599745228
0.52219778074
0.901414992995
0.605404428255
0.523337566696
0.85995674029
0.606577098423
0.522656645271
0.85995674029
0.606387439212
0.523309078018
0.814963006486
0.605820958947
0.523236199825
0.814963006486
0.605820958947
0.523236199825
0.814963006486
0.604758214966
0.52483958941
0.823602755442
0.603037682857
0.524147416847
0.823602755442
0.601861114006
0.525897195071
0.798421849415
0.569052931879
0.488022709233
0.798421849415
0.572203583228
0.481964130119
0.798421849415
0.572203583228
0.481964130119
0.798421849415
0.572203583228
0.481964130119
0.798421849415
0.572203583228
0.481964130119
0.604337879966
0.55949377757
0.470789231688
0.604337879966
0.558489281962
0.474545230681
0.604337879966
0.556363343773
0.476685235148
0.604337879966
0.556363343773
0.476685235148
0.604337879966
0.554144048008
0.483656896695
0.604337879966
0.54376057993
0.485429871212
0.604337879966
0.537327263165
0.494422579529
0.604337879966
0.538082869535
0.487551891817
0.604337879966
0.538757713388
0.476545550551
0.657370957334
0.537470830477
0.470432229659
0.657370957334
0.537237159048
0.46783470374
0.657370957334
0.537237159048
0.46783470374
0.628784173923
0.536877629604
0.46756153523
0.628784173923
0.537191262826
0.46820219451
0.623448446273
0.53682851317
0.467926062115
0.623448446273
0.536608962275
0.467078565241
0.612519143844
0.536243243258
0.466799349037
0.612519143844
0.536318858622
0.466484689413
0.61327748942
0.535203073366
0.465628797534
0.61327748942
0.535114539224
0.466184245776
0.61327748942
0.535286207768
0.466875068496
0.61327748942
0.535286207768
0.466875068496
0.61327748942
0.535407251852
0.466921873035
1.0
0.541759243028
0.454040367933
1.0
0.541821675672
0.453780804508
1.0
0.541908167052
0.453792308531
1.0
0.542602539756
0.45611173887
1.0
0.542760127994
0.45632906875
1.0
0.543503646737
0.457647578774
1.0
0.543446084523
0.457445764779
1.0
0.543446084523
0.457445764779
1.0
0.543524619374
0.457731776148
1.0
0.543492999601
0.457707225761
1.0
0.543655142971
0.457709396108
1.0
0.543840444826
0.457509016132
1.0
0.544843102987
0.458837681281
1.0
0.54479764599
0.459753819982
1.0
0.545383248499
0.461304420622
1.0
0.545519573822
0.460917021791
1.0
0.545519573822
0.460917021791
1.0
0.546638478942
0.462267397798
1.0
0.546663393707
0.461669765723
1.0
0.547148409526
0.462447894242
1.0
0.547132342704
0.462161106068
1.0
0.54683233261
0.462433931961
1.0
0.546887459335
0.461923206079
1.0
0.547108568022
0.461510643325
1.0
0.547108568022
0.461510643325
1.0
0.547071169576
0.46159547327
0.962289433254
0.546819281357
0.461600822345
0.962289433254
0.546803098822
0.461253145779
1.0
0.546765586367
0.460898766064
1.0
0.546824348734
0.461267990668
1.0
0.546222518556
0.460101444456
1.0
0.546308539361
0.459932496671
1.0
0.546986498925
0.46084098851
1.0
0.546862793784
0.460985871432
1.0
0.546862793784
0.460985871432
1.0
0.546912960062
0.461399813489
1.0
0.54703424231
0.461464138541
1.0
0.547070134484
0.461632213288
1.0
0.547040237834
0.461964395125
1.0
0.54730297584
0.462299962649
1.0
0.547316089989
0.462088686348
1.0
0.547270727142
0.461685542185
1.0
0.547193277425
0.462149795429
1.0
0.547193277425
0.462149795429
1.0
0.547122033668
0.462164103192
1.0
0.547164787051
0.462337339534
1.0
0.547907260407
0.463317799951
1.0
0.547963319605
0.463708825363
1.0
0.548204484094
0.464090497149
1.0
0.548274805646
0.464292011566
1.0
0.548438402337
0.465430049397
1.0
0.548438402337
0.465430049397
1.0
0.548592071959
0.46531030138
1.0
0.548893161747
0.465426974558
1.0
0.548766831334
0.466071741055
1.0
0.548947622166
0.466890476796
1.0
0.549154883521
0.466299056446
1.0
0.549488806741
0.46763146657
1.0
0.549402049485
0.467886422711
1.0
0.549633027136
0.468609109724
1.0
0.549660585525
0.468955306962
1.0
0.549660585525
0.468955306962
1.0
0.549830098297
0.469849024275
1.0
0.549829964292
0.470250194105
1.0
0.55033425878
0.471879888565
1.0
0.550347375678
0.471867635859
1.0
0.550245433171
0.472392202664
1.0
0.550168991727
0.472625925317
1.0
0.549858410026
0.471786846081
1.0
0.549898148219
0.472201701654
1.0
0.549898148219
0.472201701654
1.0
0.550197174487
0.473386663888
1.0
0.550177883776
0.473889157916
1.0
0.549773733648
0.474160386964
1.0
0.549765173494
0.474236173493
1.0
0.550150865332
0.474608037574
1.0
0.55012862682
0.474867256098
0.986189750119
0.550065908312
0.474444436461
0.986189750119
0.54996625118
0.474454265867
0.986189750119
0.54996625118
0.474454265867
1.0
0.549772627688
0.475172926264
1.0
0.549612007359
0.475830487698
1.0
0.549974218836
0.47666558072
1.0
0.55005575876
0.476957738548
1.0
0.550044399969
0.478138238794
1.0
0.550084792751
0.478105780351
1.0
0.549443811818
0.477147366004
1.0
0.549600089274
0.476772473101
1.0
0.549600089274
0.476772473101
1.0
0.549942535272
0.478533750193
1.0
0.549806690141
0.479077565328
1.0
0.548803115721
0.477067075291
1.0
0.548793714139
0.477312968957
1.0
0.548354213302
0.477400516666
1.0
0.548398507317
0.477385533174
1.0
0.547938038508
0.476907242471
1.0
0.54790233062
0.477535626441
1.0
0.54790233062
0.477535626441
1.0
0.547830965594
0.478302569648
1.0
0.547712451398
0.478708002924
1.0
0.54773489764
0.479879399479
1.0
0.547680068245
0.480064126783
1.0
0.547446770403
0.480042403133
1.0
0.547404476046
0.480293585982
1.0
0.547784981815
0.48072264294
1.0
0.547828015066
0.480945556393
1.0
0.547828015066
0.480945556393
1.0
0.547416581395
0.481720030922
1.0
0.547395686249
0.482099135125
1.0
0.546180821219
0.480648128403
1.0
0.54614871424
0.480776622831
1.0
0.545844750941
0.48090255243
1.0
0.54590957758
0.481057390579
1.0
0.544981058498
0.480467712412
1.0
0.544856973572
0.48118045283
1.0
0.544856973572
0.48118045283
1.0
0.545093619541
0.482078532887
1.0
0.545107918782
0.482313293182
1.0
0.544465819869
0.481631209831
1.0
0.544568676571
0.481480537165
1.0
0.54392382663
0.480885469612
1.0
0.543875417762
0.481094856635
1.0
0.543799097641
0.481960142025
1.0
0.543785684251
0.482450301126
1.0
0.543785684251
0.482450301126
1.0
0.543421046682
0.482450427794
1.0
0.543448896545
0.482238756617
1.0
0.543332523971
0.482581570637
1.0
0.543253653717
0.482603570178
1.0
0.542843239658
0.481669132509
1.0
0.542843730049
0.4822830962
1.0
0.542532203508
0.481420857931
1.0
0.542532203508
0.481420857931
1.0
0.542514101867
0.481536637264
1.0
0.541906481938
0.48079491127
1.0
0.541986400609
0.480349119574
1.0
0.541939349983
0.48069221435
1.0
0.541890913825
0.480755784293
1.0
0.541374630555
0.479922194357
1.0
0.541360939056
0.479708342282
1.0
0.540006204416
0.476365894937
1.0
0.540052442227
0.476339283293
1.0
0.540052442227
0.476339283293
0.989218427418
0.552782900678
0.482757963469
0.989218427418
0.552606686074
0.483006201505
0.954453724632
0.553401440767
0.484563888232
0.954453724632
0.55348332087
0.484332133894
0.920809286335
0.552758076353
0.48340589636
0.920809286335
0.552595469985
0.483764339332
0.899672304394
0.548117517765
0.470765616038
0.899672304394
0.547919812265
0.471071095496
0.899672304394
0.547919812265
0.471071095496
0.846390724067
0.506697330712
0.391789167694
0.846390724067
0.506420247625
0.392550084873
0.846390724067
0.505687049545
0.394031354344
0.846390724067
0.505687049545
0.394031354344
0.870629837822
0.481173825402
-0.0619797544351
0.870629837822
0.481173825402
-0.0619797544351
0.870629837822
0.479318104137
-0.0575960210418
0.816121738425
0.478317947809
-0.0528658415818
0.870629837822
0.542909256754
-0.402361090374
0.870629837822
0.542909256754
-0.402361090374
0.870629837822
0.542909256754
-0.402361090374
0.870629837822
0.542909256754
-0.402361090374
0.830159640491
0.603729985227
-0.217303410738
0.799742137996
0.624910711035
-0.274034451267
0.799742137996
0.624910711035
-0.274034451267
0.830159640491
0.579383608935
0.00823107136309
0.866827550959
0.470682040017
0.192387231933
0.866827550959
0.470682040017
0.192387231933
0.866827550959
0.468214504632
0.215365028168
0.871405679448
0.427980284945
0.367209142539
0.871405679448
0.427980284945
0.367209142539
0.819328457116
0.449453822913
0.419268782247
0.819328457116
0.448824818627
0.434921230093
0.819328457116
0.448824818627
0.434921230093
0.88442453271
0.445930734763
0.436762260754
0.855448513821
0.44636646696
0.437833758862
0.794468623996
0.440875205462
0.471093711348
0.795085644725
0.439725776182
0.478061708017
0.795085644725
0.438022894814
0.476303791387
0.940660050026
0.438574030536
0.471377379831
0.675261907971
0.421157880378
0.46187597638
0.675261907971
0.421157880378
0.46187597638
0.675261907971
0.421451301895
0.462897307951
0.675261907971
0.421675346938
0.463495964184
0.654224962027
0.419860367676
0.463965564726
0.654224962027
0.420030787614
0.463918850218
0.995749155272
0.436402525013
0.468493215309
0.995749155272
0.43677675631
0.467965071854
0.995749155272
0.43677675631
0.467965071854
1.0
0.436022040314
0.466330501806
1.0
0.436239332932
0.465968210473
1.0
0.434431311953
0.464075080522
1.0
0.434651418922
0.463043570371
1.0
0.432845541566
0.46121190919
1.0
0.43312483347
0.459481548651
1.0
0.432095788709
0.457327466835
1.0
0.432298938406
0.456873754928
1.0
0.431845155659
0.456995411198
1.0
0.432162619959
0.456437070375
1.0
0.432162619959
0.456437070375
1.0
0.431762156346
0.454888006669
1.0
0.431864079047
0.454391595092
1.0
0.431878862088
0.453187335509
1.0
0.431991686293
0.452844529473
1.0
0.432098674158
0.452866946139
1.0
0.432245746914
0.452678274531
1.0
0.432305339371
0.453080012433
1.0
0.432465793677
0.452632801521
1.0
0.432465793677
0.452632801521
1.0
0.432360806872
0.452942436072
1.0
0.432498731827
0.452537501687
1.0
0.431997930877
0.451834449013
1.0
0.432154808669
0.451418130314
1.0
0.432726855134
0.452053057499
1.0
0.432737705198
0.452121303636
1.0
0.432737705198
0.452121303636
1.0
0.432725469519
0.452471826458
1.0
0.432892551894
0.452305169457
1.0
0.432984693954
0.452084973112
1.0
0.433074313959
0.451881648748
1.0
0.433257851739
0.451695619497
1.0
0.43344292243
0.451232183532
1.0
0.434008418523
0.451703075745
1.0
0.434132144149
0.451454729414
1.0
0.434277285713
0.451747926565
1.0
0.434372756216
0.451445542097
1.0
0.434372756216
0.451445542097
1.0
0.434398811978
0.452090496771
1.0
0.434477736381
0.451989587288
1.0
0.434865877152
0.452063576814
1.0
0.434885556058
0.45213367423
1.0
0.435245652251
0.452492209247
1.0
0.435287420394
0.452481018599
1.0
0.435433015866
0.453257138669
1.0
0.435433015866
0.453257138669
1.0
0.435550989682
0.453337656764
1.0
0.43683319442
0.454267816475
1.0
0.436873392271
0.454247587488
1.0
0.436587664637
0.453989411688
1.0
0.436643003189
0.454004722084
1.0
0.43729667369
0.45484450256
1.0
0.437416294463
0.454930087937
1.0
0.437674287052
0.454764701812
1.0
0.437674287052
0.454764701812
1.0
0.43782728278
0.454477398569
1.0
0.437862219027
0.455132292
1.0
0.437888939537
0.455019909175
1.0
0.438163039079
0.455125419977
1.0
0.438250362107
0.454991689625
1.0
0.438942583819
0.455363773269
1.0
0.438915748207
0.455367149856
1.0
0.439620163866
0.456142447507
1.0
0.439724192491
0.456305157884
1.0
0.439724192491
0.456305157884
1.0
0.43971785771
0.456530312389
1.0
0.439803642711
0.456340645906
1.0
0.440178839762
0.456911979133
1.0
0.440248627603
0.456616666963
1.0
0.440216421041
0.45639082474
1.0
0.440334250395
0.456311507184
1.0
0.440334250395
0.456311507184
1.0
0.440538846076
0.456734718916
1.0
0.440563845248
0.456769301729
1.0
0.441010926177
0.457372806003
1.0
0.44099054472
0.45756169645
1.0
0.441521865942
0.457396880215
1.0
0.441599739369
0.457347488452
1.0
0.441742323141
0.457746067847
1.0
0.441701810435
0.457812497813
1.0
0.442125448306
0.457901867515
1.0
0.442215065894
0.457832894198
1.0
0.442215065894
0.457832894198
1.0
0.442357796216
0.458325231528
1.0
0.44240889979
0.457839433216
1.0
0.442230932102
0.456532901113
1.0
0.442191826959
0.456766413408
1.0
0.442569387299
0.457229719647
1.0
0.442644084351
0.457029871607
1.0
0.443003043298
0.457247441884
1.0
0.442942220622
0.457179543548
1.0
0.442942220622
0.457179543548
1.0
0.442850277207
0.457959796221
1.0
0.44284329299
0.457870564394
1.0
0.443008791895
0.457608501752
1.0
0.443046033776
0.457638078345
1.0
0.443189219325
0.457534653377
1.0
0.443148500977
0.457312009831
1.0
0.443174885977
0.457426015185
1.0
0.443174885977
0.457426015185
1.0
0.443248072728
0.457691387188
1.0
0.443192011555
0.457997483508
1.0
0.443121240339
0.457965407357
1.0
0.443040940875
0.458054652725
1.0
0.443018143042
0.458189992311
1.0
0.442626070474
0.457631240967
1.0
0.442572203103
0.457592237011
1.0
0.442572203103
0.457592237011
1.0
0.44226235895
0.457438050492
1.0
0.442213862516
0.457413188025
1.0
0.442198798056
0.457866240192
1.0
0.442219454192
0.457816059269
1.0
0.4413190465
0.456712359924
1.0
0.441263987814
0.456763207552
1.0
0.440983441615
0.457120836694
1.0
0.440979340185
0.457345008699
1.0
0.441153136451
0.457480531956
1.0
0.441153136451
0.457480531956
1.0
0.441089746549
0.45758939946
1.0
0.446183830379
0.460281790969
1.0
0.446103564416
0.460492320454
1.0
0.456167903506
0.467775544683
1.0
0.456178208156
0.467849211304
1.0
0.465684507066
0.476826736864
1.0
0.465590461677
0.476915256355
1.0
0.470936727845
0.481520248352
1.0
0.471203354076
0.481071200192
1.0
0.471203354076
0.481071200192
0.877078876895
0.47794860914
0.484935912475
0.877078876895
0.479348542578
0.482899944568
0.857611834158
0.468247390441
0.451881735903
0.857611834158
0.469765557897
0.450706645834
0.857611834158
0.469765557897
0.450706645834
0.99
0.447592016701
0.306146341257
0.99
0.448580175835
0.306055980893
0.99
0.449229684339
0.306632363242
0.99
0.450219679566
0.305150499648
0.827948051321
0.453174860412
0.299058466585
0.827948051321
0.453174860412
0.299058466585
0.827948051321
0.168652652347
0.105078822312
0.78367516029
0.169047556149
0.100544417684
0.78367516029
68.6197811505
68.3992714597
0.827685396958
100.0
100.0
0.84679350723
0.710590563082
-0.315694777182
0.84679350723
0.710590563082
-0.315694777182
0.84679350723
0.710590563082
-0.315694777182
0.84679350723
0.710590563082
-0.315694777182
0.802265784325
-100.0
-100.0
0.802265784325
100.0
100.0
0.802265784325
100.0
100.0
0.802265784325
100.0
100.0
0.802265784325
100.0
100.0
0.975090667259
0.580594722891
0.359988811586
0.975090667259
0.580594722891
0.359988811586
0.927027547974
-0.805921760697
3.32754961219
0.831688788998
0.668907486135
0.191305725185
0.831688788998
0.668907486135
0.191305725185
0.927027547974
0.860239398381
0.190040755376
0.927027547974
0.860239398381
0.190040755376
0.984015560593
0.856506214506
0.192818072833
0.984015560593
0.862281282448
0.188101985405
0.984015560593
0.862281282448
0.188101985405
0.877330236316
0.521610183015
-0.227424373673
0.877330236316
0.520820767576
-0.224069972468
0.834701370384
0.452214452371
0.161860306773
0.834701370384
0.452214452371
0.161860306773
0.834701370384
0.856652087591
0.4020435616
0.834701370384
0.856652087591
0.4020435616
0.749523547372
0.50182426766
0.383135876742
0.749523547372
0.470519653546
0.524406143135
0.782141559734
0.411521366285
0.435986388381
0.782141559734
0.464513910547
0.51360853416
0.782141559734
0.464513910547
0.51360853416
0.782141559734
0.464547476029
0.514366722557
0.782141559734
0.462909221315
0.515089139049
0.782141559734
0.461624209818
0.515489268431
0.782141559734
0.459911599084
0.515719822914
0.782141559734
0.458418066608
0.515578953645
0.847558323252
0.458555401846
0.518348460089
0.847558323252
0.458555401846
0.518348460089
0.847558323252
0.458079378863
0.518696427875
1.0
0.457747992602
0.518405089252
1.0
0.456841966613
0.518871900263
1.0
0.456614360279
0.521916848463
1.0
0.456198238892
0.521856531797
1.0
0.456138711747
0.524721368054
1.0
0.455178313453
0.524916590508
1.0
0.454967198914
0.527350015216
1.0
0.454967198914
0.527350015216
1.0
0.45515764782
0.527964728425
1.0
0.455258780588
0.528939872374
1.0
0.461060890109
0.532745066764
1.0
0.461037214025
0.532955764281
1.0
0.469738241386
0.536832837253
1.0
0.46984434704
0.536046669766
1.0
0.478226788206
0.539513924104
1.0
0.478226788206
0.539513924104
1.0
0.478329709355
0.538354626494
1.0
0.48367670491
0.541681559688
1.0
0.484410325154
0.541348500699
1.0
0.486200386285
0.543406410313
1.0
0.488045258629
0.540753371472
1.0
0.487629571968
0.540707165118
1.0
0.489889573034
0.53651826316
