1.0
0.404115033478
0.418440597903
1.0
0.403886701213
0.418305179246
1.0
0.403886701213
0.418305179246
1.0
0.403759531419
0.418041065583
1.0
0.403762740361
0.41740009884
1.0
0.40546412484
0.41246608095
1.0
0.405542050914
0.412821746504
1.0
0.405390485698
0.412612081184
1.0
0.405522827729
0.412621225414
1.0
0.405522827729
0.412621225414
1.0
0.405376884228
0.412753358391
1.0
0.405071147006
0.412534293098
1.0
0.404938106589
0.412274865786
1.0
0.405010640419
0.412105517901
1.0
0.404948293386
0.411739274727
1.0
0.404818208842
0.411634979612
1.0
0.404829240886
0.411499191125
1.0
0.404899846513
0.411057278121
1.0
0.404856429593
0.411007406469
1.0
0.405114701131
0.411494870878
1.0
0.405114701131
0.411494870878
1.0
0.405105906642
0.411315342573
1.0
0.405404774963
0.411746015735
1.0
0.405499789029
0.411537616212
1.0
0.405476346421
0.411890890122
1.0
0.405440497175
0.411883371638
1.0
0.405589232335
0.410966866774
1.0
0.405770194179
0.410552037245
1.0
0.405831040445
0.410335819668
1.0
0.405831040445
0.410335819668
1.0
0.405804579146
0.410230538671
1.0
0.405781425467
0.410460214844
1.0
0.405915749013
0.410027599028
1.0
0.406398201406
0.410069394476
1.0
0.406464335513
0.409627419821
1.0
0.406893553683
0.410069706126
1.0
0.406893553683
0.410069706126
1.0
0.406974777127
0.409871885773
1.0
0.406927813728
0.409922557193
1.0
0.407076108307
0.409495865509
1.0
0.407303272547
0.409385517022
1.0
0.407382284865
0.409091898984
1.0
0.40748193036
0.409093183487
1.0
0.407545767975
0.408850261839
1.0
0.407618395674
0.409182252116
1.0
0.407710975935
0.409183152931
1.0
0.407882057188
0.410216388543
1.0
0.407882057188
0.410216388543
1.0
0.407962249037
0.410172956376
1.0
0.408396032565
0.410592852351
1.0
0.408396927258
0.410596581079
1.0
0.408255618516
0.410786105429
1.0
0.408242309896
0.411105115388
1.0
0.408109436282
0.410228888203
1.0
0.408130838564
0.410484350315
1.0
0.408275003437
0.411315137799
1.0
0.408275003437
0.411315137799
1.0
0.408282609097
0.411328178232
1.0
0.408151898903
0.410880043717
1.0
0.408183102087
0.411192030133
1.0
0.408155429998
0.411596715616
1.0
0.408156913753
0.411922361686
1.0
0.408222690448
0.411888317826
1.0
0.408222690448
0.411888317826
1.0
0.408225886066
0.411648526332
1.0
0.408413421641
0.41186458752
1.0
0.408372933314
0.41187876373
1.0
0.408299827993
0.4117190658
1.0
0.408250250517
0.411992494617
1.0
0.408276222527
0.411709908152
1.0
0.408310413672
0.411739480101
1.0
0.408739075557
0.412135522523
1.0
0.408639892974
0.4124061285
1.0
0.40856065674
0.411636870483
1.0
0.40856065674
0.411636870483
1.0
0.40848218233
0.411642235156
1.0
0.408752809228
0.412660847842
1.0
0.40871384941
0.413174196706
1.0
0.409035614017
0.413290244689
1.0
0.408979719921
0.413477711732
1.0
0.409780981173
0.413600704493
1.0
0.409780981173
0.413600704493
1.0
0.409603826454
0.413894813714
0.954665350588
0.4108469822
0.414567515892
0.954665350588
0.410697911349
0.414697635284
0.86952496968
0.410949164853
0.412871325059
0.86952496968
0.410726557234
0.413210052306
0.79891434461
0.401467154646
0.387256428389
0.79891434461
0.400854571613
0.388196603304
0.861599540963
0.403404906305
0.386131714571
0.861599540963
0.402976812516
0.385059916409
1.0
0.402074058208
0.383211084282
1.0
0.402074058208
0.383211084282
0.919031048497
0.401462684625
0.383641128614
0.919031048497
0.40232817936
0.386947222154
0.919031048497
0.40232817936
0.386947222154
0.750455308364
0.400384305769
0.390405745453
0.750455308364
0.400906873301
0.390385550473
0.750455308364
0.400984768886
0.392383247922
0.750455308364
0.400984768886
0.392383247922
0.750455308364
0.399541773454
0.391495660065
0.750455308364
0.396979051401
0.389157501642
0.750455308364
0.395230472015
0.390371437125
0.750455308364
0.394998027932
0.393190209719
0.750455308364
0.39851723556
0.400650483604
0.750455308364
0.397087209874
0.401142602102
0.750455308364
0.397087209874
0.401142602102
0.750455308364
0.40232566104
0.412350778677
0.801616883032
0.403452360132
0.411398636111
0.861833024013
0.403038695855
0.409215996041
0.862077828325
0.40326444169
0.412042888325
0.862077828325
0.404887814973
0.414757626119
0.862077828325
0.404887814973
0.414757626119
0.882705378198
0.40500208067
0.416137825991
0.882705378198
0.405855855391
0.418855744676
0.924168734995
0.406094392171
0.417530285328
0.924168734995
0.405861640087
0.417675518184
0.925363744635
0.405754981385
0.418046803091
0.925363744635
0.405447233182
0.417669006646
0.981537561922
0.405501369463
0.416892736874
0.981537561922
0.40540219602
0.41778050685
1.0
0.40541515646
0.417787238806
1.0
0.40541515646
0.417787238806
1.0
0.405117066458
0.41762403723
1.0
0.405319820034
0.417913789779
1.0
0.405403864862
0.418201451465
1.0
0.405344359546
0.418981127238
1.0
0.404947752412
0.417484725288
1.0
0.405020615305
0.418306971752
1.0
0.404459569474
0.417245181683
1.0
0.404398061287
0.417578809055
1.0
0.404362713708
0.417998784765
1.0
0.404362713708
0.417998784765
1.0
0.404350365071
0.418249236244
1.0
0.404040186102
0.418063256604
1.0
0.404098376296
0.417652590112
1.0
0.403784122641
0.41692422566
1.0
0.403826689418
0.416933472814
1.0
0.403623339729
0.41672577002
1.0
0.403691897104
0.415264903602
1.0
0.403691897104
0.415264903602
1.0
0.403593400515
0.415190534164
1.0
0.403488008913
0.415283402599
1.0
0.403201646515
0.414914819748
1.0
0.40318812397
0.414828381555
1.0
0.403034968007
0.414791951077
1.0
0.403053481727
0.414563008164
1.0
0.403170989855
0.414508465793
1.0
0.403122517769
0.414332323779
1.0
0.403316669296
0.414951298639
1.0
0.403316669296
0.414951298639
1.0
0.403261947798
0.414947838938
1.0
0.403512438195
0.415529131737
1.0
0.403455378492
0.415396037126
1.0
0.403865822347
0.415877457242
1.0
0.40397780807
0.41626573119
1.0
0.404663162804
0.417485560072
1.0
0.404811689482
0.417736727821
1.0
0.404811689482
0.417736727821
1.0
0.405259692643
0.418217340306
1.0
0.405452804164
0.41804554921
1.0
0.405601421817
0.418462392213
1.0
0.405943505303
0.418206534816
1.0
0.406121763984
0.418527810491
1.0
0.406658307767
0.41820502706
1.0
0.406733074472
0.41906631929
1.0
0.407152398536
0.418866915643
1.0
0.407152398536
0.418866915643
1.0
0.407297220863
0.419374538373
1.0
0.40760853854
0.419982489903
1.0
0.407695756459
0.420635269565
1.0
0.407922359056
0.420759667894
1.0
0.408324228107
0.421242703026
1.0
0.408436461893
0.421334585954
1.0
0.408174933369
0.421806425763
1.0
0.408174933369
0.421806425763
1.0
0.408443795222
0.422016216384
1.0
0.408490882192
0.422115490131
1.0
0.408478283163
0.422861308887
1.0
0.408468576002
0.423404796724
1.0
0.408470392245
0.42395171915
1.0
0.408410383834
0.423639694855
1.0
0.408447731926
0.42402434526
1.0
0.408488497741
0.424547378324
1.0
0.40836464551
0.425633141914
1.0
0.40836464551
0.425633141914
1.0
0.408400644399
0.425911415935
1.0
0.408330475323
0.426602978044
1.0
0.408495410618
0.427006750055
1.0
0.40857119231
0.426694437264
1.0
0.40842331836
0.42635424849
1.0
0.408104814757
0.427405760103
1.0
0.408300030946
0.42770050838
1.0
0.40851263409
0.42785374453
1.0
0.40851263409
0.42785374453
1.0
0.408609781958
0.428232330391
1.0
0.408644217113
0.428372767215
1.0
0.408517598992
0.428975733836
1.0
0.40840623939
0.42948999393
1.0
0.408374265733
0.429055064649
1.0
0.40850395262
0.429215807868
1.0
0.408577205114
0.429857968008
1.0
0.408618760887
0.430001635113
1.0
0.408618760887
0.430001635113
1.0
0.408366010404
0.430152373568
1.0
0.408405227143
0.430710217608
1.0
0.408200508114
0.431165105487
1.0
0.408160836899
0.431207632928
1.0
0.40797271532
0.431828895674
1.0
0.407958980706
0.43294154958
1.0
0.407876829322
0.432647006002
1.0
0.407897954091
0.432540118727
1.0
0.407897954091
0.432540118727
1.0
0.407593195839
0.432953968745
1.0
0.407434263872
0.433678397938
1.0
0.407133820036
0.434178135185
1.0
0.4071101146
0.434509142
1.0
0.406932520934
0.434674263413
1.0
0.406708369346
0.435687877433
1.0
0.406656529937
0.436523361704
1.0
0.406541511607
0.437186112217
1.0
0.406541511607
0.437186112217
1.0
0.406461629342
0.438219178228
1.0
0.406504069804
0.438538408401
1.0
0.406028773211
0.439671478754
1.0
0.406090320573
0.440974364758
1.0
0.406230373953
0.441819322317
1.0
0.406377920185
0.442554442676
1.0
0.406294137501
0.443702269087
1.0
0.406294137501
0.443702269087
1.0
0.406411622484
0.445484700441
1.0
0.406265423141
0.446911393122
1.0
0.406521749636
0.44758215212
1.0
0.406616323453
0.449387806876
1.0
0.406893685123
0.450768766603
1.0
0.407377525585
0.452112473033
1.0
0.407675118307
0.453418257462
1.0
0.408261226573
0.455071310748
1.0
0.408714345958
0.455962769389
1.0
0.408714345958
0.455962769389
1.0
0.409424167768
0.457153696487
1.0
0.409785120931
0.45868493763
1.0
0.410485209364
0.46013274254
1.0
0.411203112778
0.46061662062
1.0
0.412337572549
0.462730157442
1.0
0.413155163958
0.463666837887
1.0
0.414275575479
0.465329164041
1.0
0.414275575479
0.465329164041
1.0
0.415331727611
0.465596744038
1.0
0.417049470021
0.468122636308
1.0
0.418104716502
0.468417171827
1.0
0.419202995974
0.470901422962
1.0
0.420317222964
0.471011474004
1.0
0.421904255367
0.473332909722
1.0
0.423257732889
0.473712305973
1.0
0.424850902139
0.476536711647
1.0
0.426360869176
0.476502603512
1.0
0.426360869176
0.476502603512
1.0
0.428159370379
0.479087245096
1.0
0.429683052461
0.478607475091
1.0
0.431808459311
0.480687010082
1.0
0.433502523733
0.480181210259
1.0
0.435299420509
0.482300969052
1.0
0.437067322589
0.48196540432
1.0
0.438991063185
0.484779908355
1.0
0.438991063185
0.484779908355
1.0
0.440544711673
0.483915946496
1.0
0.442549946247
0.486181929657
1.0
0.444486490817
0.485184442654
1.0
0.446801676031
0.487208074764
1.0
0.448756150493
0.485894700736
1.0
0.450740496604
0.48815721798
1.0
0.452788539422
0.487163462269
1.0
0.454722513519
0.489702165611
1.0
0.456482860999
0.488340675442
1.0
0.456482860999
0.488340675442
1.0
0.458404094544
0.489209754549
1.0
0.460457283871
0.487742927012
1.0
0.46241599615
0.489576962659
1.0
0.464366036046
0.487858853063
1.0
0.465855794278
0.489528524987
1.0
0.467707074749
0.488150924591
1.0
0.469493152112
0.490011726539
1.0
0.471224833688
0.488450333234
1.0
0.471224833688
0.488450333234
1.0
0.472982794744
0.489650848782
1.0
0.474845138946
0.488010357976
1.0
0.476393907201
0.489193896507
1.0
0.477933649234
0.487776595297
1.0
0.479737609797
0.489274412894
1.0
0.481346482381
0.487967544202
1.0
0.482969850228
0.489020198357
1.0
0.482969850228
0.489020198357
1.0
0.484667342911
0.487387592575
1.0
0.48599601935
0.488611347093
1.0
0.487643966737
0.486749011991
1.0
0.489256842787
0.487370197825
1.0
0.490715120558
0.485405432682
1.0
0.492218960654
0.486415538794
1.0
0.493735955183
0.484674736371
1.0
0.495167284797
0.484763645375
1.0
0.496415589452
0.482861888869
1.0
0.496415589452
0.482861888869
1.0
0.497315909707
0.483569069699
1.0
0.498795182482
0.481498025398
1.0
0.499990576792
0.481791526837
1.0
0.501085590645
0.480803130804
1.0
0.50193027424
0.481033525948
1.0
0.503164171843
0.478896072743
1.0
0.5041813115
0.479154206419
1.0
0.5041813115
0.479154206419
1.0
0.505097454463
0.477816979973
1.0
0.506004978416
0.477704405549
1.0
0.507120551135
0.475704559895
1.0
0.507626819963
0.47580748781
1.0
0.508308394201
0.474497360645
1.0
0.508934567893
0.474244410002
1.0
0.509761151976
0.472759557687
1.0
0.510595512889
0.472790235296
1.0
0.511117398008
0.471790745533
1.0
0.511938182548
0.471393744548
1.0
0.511938182548
0.471393744548
1.0
0.51273994543
0.469483322439
1.0
0.51294895216
0.469060789603
1.0
0.513691609841
0.467240070678
1.0
0.514648085814
0.466839563667
1.0
0.515383135062
0.464793607794
1.0
0.516173270612
0.463714961901
1.0
0.516733208625
0.462278544385
1.0
0.516733208625
0.462278544385
1.0
0.517387185773
0.461384511358
1.0
0.518297651205
0.458488633693
1.0
0.518777217147
0.457643092046
1.0
0.519450909545
0.455093793064
1.0
0.519658644056
0.453949099875
1.0
0.520303159015
0.451605082695
1.0
0.520758352795
0.450619720342
1.0
0.520758352795
0.450619720342
1.0
0.521474132678
0.448181030913
1.0
0.521612271162
0.44653640106
1.0
0.522303377567
0.443802364784
1.0
0.522466471023
0.442757740414
1.0
0.523041331454
0.440904556397
1.0
0.523159392457
0.439691099267
1.0
0.523651682123
0.436876880521
1.0
0.523901480085
0.435128470903
1.0
0.523901480085
0.435128470903
1.0
0.524222523325
0.43304500897
1.0
0.524057723304
0.431430397366
1.0
0.524344093222
0.428876121011
1.0
0.524333980893
0.426997592825
1.0
0.524586238733
0.424956791031
1.0
0.524735583079
0.423438410659
1.0
0.524949389935
0.420894953338
1.0
0.524816815282
0.419230775541
1.0
0.524816815282
0.419230775541
1.0
0.525365877818
0.416642726946
1.0
0.52523415913
0.414654584792
1.0
0.525424634057
0.412277963404
1.0
0.525573589493
0.410671113714
1.0
0.525769897368
0.407780918734
1.0
0.526827439809
0.401535081041
1.0
0.527100883636
0.399055276578
1.0
0.527268361736
0.397718249534
1.0
0.527568902799
0.394882147111
1.0
0.527568902799
0.394882147111
1.0
0.527563176235
0.392379000626
1.0
0.527667723833
0.390322756937
1.0
0.52780529707
0.388549352025
1.0
0.5279677187
0.385656839952
1.0
0.527941482326
0.383571540972
1.0
0.528044902707
0.381297096108
1.0
0.528217397463
0.379274830333
1.0
0.528467422045
0.376038560693
1.0
0.528467422045
0.376038560693
1.0
0.52810708455
0.373655076207
1.0
0.527970334762
0.370845254083
1.0
0.528151297035
0.36943944778
1.0
0.528010534387
0.36710054604
1.0
0.525865755516
0.368155741935
1.0
0.525846967569
0.36506174448
1.0
0.522849971629
0.370342903872
1.0
0.522849971629
0.370342903872
1.0
0.522698105282
0.368380529124
0.99
0.51755063304
0.376219841612
0.99
0.517297404739
0.373868973035
0.99
0.517297404739
0.373868973035
1.0
0.511696792608
0.354057458318
0.927873414834
0.514089774823
0.39011949263
0.927873414834
0.508766539701
0.405734378096
0.927873414834
0.50309998954
0.425879029309
0.927873414834
0.50309998954
0.425879029309
0.927873414834
0.497189060839
0.447362476453
0.927873414834
0.495696319
0.455099982752
0.927873414834
0.491801374573
0.474385209524
0.927873414834
0.491542057676
0.478376469118
0.889932425777
0.491228582786
0.479243494303
0.889932425777
0.490772555399
0.479541889812
0.973047570519
0.487610945155
0.479225092506
0.973047570519
0.486688001304
0.478635294219
0.973047570519
0.486184957462
0.477656787997
0.973047570519
0.486184957462
0.477656787997
0.973047570519
0.485840997429
0.477759558056
0.973047570519
0.485211651666
0.477537820267
1.0
0.483944735926
0.476741321925
1.0
0.483169512214
0.476362398955
1.0
0.481957651035
0.475215850493
1.0
0.481205379353
0.47553736493
1.0
0.479383614741
0.474896722503
1.0
0.479383614741
0.474896722503
1.0
0.478944509388
0.47498163693
1.0
0.477255841806
0.47385170507
1.0
0.476793752125
0.473858222303
1.0
0.476343980288
0.473045640565
1.0
0.475868986326
0.473180016577
1.0
0.475240785396
0.472946817681
1.0
0.474560078819
0.473124843931
1.0
0.474560078819
0.473124843931
1.0
0.474262307502
0.473076483729
1.0
0.473961559184
0.472995369024
1.0
0.473239544276
0.472260781446
1.0
0.472782812914
0.472610698949
1.0
0.472185705583
0.472272017535
1.0
0.471556436042
0.472783359848
1.0
0.471145752612
0.47228041178
1.0
0.470705993977
0.472823206766
1.0
0.470073054123
0.472436531089
1.0
0.470073054123
0.472436531089
1.0
0.469697234003
0.473235764174
1.0
0.469101942703
0.472835494501
1.0
0.468628599946
0.47349193643
1.0
0.468110643692
0.473611289727
1.0
0.467746914004
0.474483774411
1.0
0.466897485094
0.474216733144
1.0
0.466241699507
0.475108479405
1.0
0.466241699507
0.475108479405
1.0
0.465776612354
0.474864872449
1.0
0.465363451561
0.475268111679
1.0
0.464784241465
0.475430779339
1.0
0.464157646822
0.476871795341
1.0
0.46355702906
0.477309909186
1.0
0.463321642416
0.477925480452
1.0
0.46315232271
0.477879757245
1.0
0.46315232271
0.477879757245
1.0
0.462856533367
0.478699990036
1.0
0.462696275895
0.478257725694
1.0
0.462269224456
0.47916325786
1.0
0.461815317473
0.478452290221
1.0
0.461403809409
0.479194445204
1.0
0.460945541031
0.478381284136
1.0
0.460708860029
0.479057312176
1.0
0.4609372064
0.479454786622
1.0
0.4607946822
0.479658905754
1.0
0.46042096461
0.479385403353
1.0
0.46042096461
0.479385403353
1.0
0.460338181765
0.479568702786
1.0
0.460090080219
0.479570414255
1.0
0.45995426048
0.47979394872
1.0
0.459760979364
0.479736115618
1.0
0.459605687733
0.480257900995
1.0
0.459612421162
0.480383446453
1.0
0.459627897592
0.480399607991
1.0
0.459627897592
0.480399607991
1.0
0.459637450192
0.480551206323
1.0
0.459639029255
0.480568994626
1.0
0.459837572308
0.480860662764
1.0
0.459934455968
0.480934862297
1.0
0.46001597494
0.480824873113
1.0
0.460090728271
0.48119470199
1.0
0.460367232111
0.481686461851
1.0
0.46052229823
0.48188415174
1.0
0.460686284718
0.481934722328
1.0
0.460686284718
0.481934722328
1.0
0.460762298642
0.481700606807
1.0
0.461276173024
0.481819391787
1.0
0.461679445325
0.481585973117
1.0
0.461810587361
0.481370778808
1.0
0.462249045218
0.481078246523
1.0
0.462579300396
0.481297713369
1.0
0.462880791934
0.480929188694
1.0
0.462880791934
0.480929188694
1.0
0.463516356664
0.480758844227
1.0
0.463995628663
0.47997409222
1.0
0.469875201553
0.482879691445
1.0
0.47055469292
0.482092426183
0.99
0.484059259655
0.490606759275
0.99
0.484420581458
0.489402058545
0.99
0.498743404622
0.498724679096
0.99
0.498743404622
0.498724679096
0.99
0.49918983481
0.498272886794
0.99
0.511307533289
0.506468517767
0.99
0.512706131046
0.503759268773
0.99
0.521392724911
0.507885962867
0.99
0.526630363594
0.500008888614
0.99
0.531919728197
0.50268848781
0.99
0.540036220867
0.492102065357
0.99
0.541201255606
0.492172676262
0.99
0.550929531206
0.479276908976
0.99
0.550292946772
0.477852427688
0.99
0.550292946772
0.477852427688
0.99
0.559152622759
0.464781127641
0.99
0.558420157051
0.463885790749
0.99
0.56618966146
0.45249795676
0.99
0.565448572253
0.450651727531
1.0
0.565928141511
0.448775538505
1.0
0.565480490838
0.448626058076
1.0
0.567683529216
0.445434027573
1.0
0.567683529216
0.445434027573
1.0
0.567180191362
0.444261255975
1.0
0.568967134446
0.441800396151
1.0
0.568531470037
0.441087191919
1.0
0.56896403908
0.440337755415
1.0
0.568573490538
0.439528289646
1.0
0.568591694425
0.439447364928
1.0
0.56825021314
0.438978828989
1.0
0.5681001673
0.438983958535
1.0
0.5681001673
0.438983958535
1.0
0.567795999496
0.4383262751
1.0
0.567622122356
0.43833490592
1.0
0.567234379682
0.43793059181
1.0
0.566919646227
0.438326809441
1.0
0.566464264778
0.437656799875
1.0
0.566430130074
0.437907619578
1.0
0.565982034156
0.437215759246
1.0
0.565786506109
0.437586518066
1.0
0.565786506109
0.437586518066
1.0
0.565519318221
0.437487264266
1.0
0.565336699969
0.437168689681
1.0
0.56475374125
0.436306352232
1.0
0.564588035001
0.436476569672
1.0
0.564564426766
0.436403067739
1.0
0.56431103626
0.436609026219
1.0
0.563602903901
0.435729177323
1.0
0.563328588389
0.436336530815
1.0
0.563328588389
0.436336530815
1.0
0.562862126627
0.435823886734
1.0
0.562303971073
0.436418702202
1.0
0.561923229371
0.436180554128
1.0
0.561665325969
0.436636502047
1.0
0.561127067772
0.436406517204
1.0
0.56075544885
0.436807551513
1.0
0.560415901419
0.436621095745
1.0
0.560064178604
0.43718734572
1.0
0.559489763514
0.436461239525
1.0
0.559489763514
0.436461239525
1.0
0.559166897596
0.437161919361
1.0
0.558802215887
0.437171966979
1.0
0.558121139916
0.437611170324
1.0
0.557718894966
0.43691525837
1.0
0.557208598409
0.437477025043
1.0
0.556870430196
0.437460549253
1.0
0.556554055994
0.43779124
1.0
0.556554055994
0.43779124
1.0
0.556416906939
0.4377790725
1.0
0.556099150526
0.438188191862
1.0
0.556269764456
0.438890946405
1.0
0.555754707854
0.44005114476
1.0
0.555534116495
0.439925936319
1.0
0.555322612147
0.440145290037
1.0
0.555420395501
0.440651264357
1.0
0.554984925872
0.441360271044
1.0
0.554984925872
0.441360271044
1.0
0.555140300794
0.441956635354
1.0
0.554852959573
0.442538904628
1.0
0.554773062358
0.443319747465
1.0
0.554804880453
0.443781558508
1.0
0.554650729262
0.44438445018
1.0
0.554325940285
0.445259515462
1.0
0.554299375517
0.446368226127
1.0
0.554297170935
0.447292998409
1.0
0.554297170935
0.447292998409
1.0
0.553930174442
0.447778144768
1.0
0.553813396803
0.448384219392
1.0
0.553412623844
0.448474389416
1.0
0.553007679131
0.449708960066
1.0
0.552613384781
0.450570892164
1.0
0.552421924431
0.451496989348
1.0
0.552383049592
0.451978317385
1.0
0.551787184624
0.453949308273
1.0
0.551787184624
0.453949308273
1.0
0.550859128797
0.45356342934
1.0
0.55037395997
0.454854562252
1.0
0.550382319949
0.456143529756
1.0
0.549726085311
0.458384704575
1.0
0.549414641135
0.459399428699
1.0
0.548772817085
0.460744048316
1.0
0.548319370488
0.461632095068
1.0
0.547821828656
0.463648678354
1.0
0.547821828656
0.463648678354
1.0
0.547538236339
0.463964106718
1.0
0.546938433024
0.465627346665
1.0
0.546245707752
0.465452909747
1.0
0.545651124464
0.467285263142
1.0
0.544829578742
0.466762016219
1.0
0.544251724478
0.468095741415
1.0
0.543673952123
0.468412893542
1.0
0.542943636782
0.470785449681
1.0
0.542943636782
0.470785449681
1.0
0.542555567637
0.471298785361
1.0
0.542227127402
0.472332033499
1.0
0.541902223952
0.472546691146
1.0
0.541324797122
0.474269510713
1.0
0.540552525214
0.473541209029
1.0
0.539776570489
0.475059359409
1.0
0.538836000173
0.474837301909
1.0
0.538303506891
0.476304863181
1.0
0.538303506891
0.476304863181
1.0
0.537340598403
0.475073930966
1.0
0.536793502951
0.475913389591
1.0
0.53615804965
0.475984126174
1.0
0.535315494967
0.477569755016
1.0
0.53431663758
0.475957433986
1.0
0.533707202523
0.476488513927
1.0
0.533009248853
0.476434293022
1.0
0.532277092574
0.477621519708
1.0
0.532277092574
0.477621519708
1.0
0.531431591299
0.476968422273
1.0
0.530563038014
0.478192543792
1.0
0.529323709204
0.4771951809
1.0
0.528540842472
0.478050857877
1.0
0.523785352138
0.473764628106
1.0
0.523163582567
0.474663810893
0.889292711609
0.519507834644
0.472413724248
0.889292711609
0.519507834644
0.472413724248
0.889292711609
0.518738410951
0.473672370505
0.851405717445
0.507931538678
0.465915164023
0.851405717445
0.5070224593
0.467203860331
0.851405717445
0.504391852286
0.469232788498
0.851405717445
0.49635112333
0.47698595815
0.846287907158
0.495473482156
0.475794001062
0.846287907158
0.488101727182
0.484833312636
0.852933395398
0.488168351668
0.484479407851
0.852933395398
0.488168351668
0.484479407851
0.852933395398
0.484148389913
0.488050213322
0.874543930484
0.482323257673
0.486719629267
0.874543930484
0.480007448269
0.488995061353
0.883788418949
0.479887327815
0.488669668023
0.883788418949
0.479464096954
0.489470399778
0.886695220146
0.480086006691
0.489035963625
0.886695220146
0.479741534668
0.489066220523
0.850886966107
0.479307879187
0.487757143878
0.850886966107
0.479307879187
0.487757143878
0.850886966107
0.479105025033
0.487689859783
0.843139027685
0.478178689222
0.486768309118
0.843139027685
0.478151198198
0.486356760512
0.886335173223
0.478664206545
0.485541702922
0.886335173223
0.478254173233
0.485119773863
0.895685189754
0.477572992557
0.482528338306
0.895685189754
0.477473215317
0.481742127686
0.895685189754
0.477473215317
0.481742127686
0.895685189754
0.477285783671
0.481281919844
0.908336492163
0.476318818303
0.480073483281
0.908336492163
0.476138881647
0.479523823282
0.902492046568
0.475033152568
0.477712992599
0.902492046568
0.474804491732
0.477275806874
0.911884523893
0.475503823409
0.476636501935
0.911884523893
0.475239027499
0.476030161461
0.955811644615
0.474699303234
0.473853102647
0.955811644615
0.474465621503
0.472850378177
0.955811644615
0.474465621503
0.472850378177
0.901863115766
0.473976009264
0.471380928191
0.901863115766
0.47379813863
0.470029624105
0.898170038971
0.473068424617
0.468409210775
0.898170038971
0.472923336864
0.467522769687
1.0
0.469695885506
0.464191859619
1.0
0.469409250901
0.462442983234
1.0
0.467010045026
0.459073103985
1.0
0.466581957135
0.457248287266
1.0
0.466581957135
0.457248287266
1.0
0.465587004299
0.455050734553
1.0
0.465179908961
0.453862858462
1.0
0.465083518801
0.452660522007
1.0
0.46494135899
0.451130867769
1.0
0.464318136578
0.449289072403
1.0
0.464206047741
0.448067144828
1.0
0.464290623903
0.448006574619
1.0
0.46394567969
0.446717097222
1.0
0.46394567969
0.446717097222
1.0
0.463796078637
0.445660125826
1.0
0.463650930139
0.444261778563
1.0
0.463359496267
0.443690458922
1.0
0.462975059422
0.442864965498
1.0
0.462722373651
0.442015618865
1.0
0.462601217135
0.441215982264
1.0
0.462265356966
0.44053656784
1.0
0.462106800527
0.439362694961
1.0
0.462106800527
0.439362694961
1.0
0.461862603559
0.438779343763
1.0
0.461655058161
0.438363658359
1.0
0.4616769925
0.438570430725
1.0
0.461352654216
0.437957419088
1.0
0.461012000264
0.437093921414
1.0
0.460781582767
0.436961426095
1.0
0.46084112241
0.436893591662
1.0
0.460720458039
0.436438004484
1.0
0.460720458039
0.436438004484
1.0
0.460640814866
0.436001028811
1.0
0.46049202313
0.435487978551
1.0
0.460539565107
0.435446298029
1.0
0.460397603612
0.435269716506
1.0
0.460191357744
0.434927576991
1.0
0.460048031515
0.434616447223
1.0
0.460048031515
0.434616447223
1.0
0.458866718144
0.432244891887
1.0
0.458833446054
0.431883235976
1.0
0.454673451898
0.424508986989
1.0
0.454581612921
0.424445301208
1.0
0.451686493544
0.417247117317
1.0
0.451492906727
0.417258023566
1.0
0.448235006333
0.409419954663
1.0
0.447939906254
0.408948015398
1.0
0.444414775603
0.400775328673
1.0
0.441788036479
0.399989660754
1.0
0.441788036479
0.399989660754
0.981626254288
0.437939864197
0.392326228898
0.981626254288
0.435610609411
0.390495864095
0.921371370331
0.434481195683
0.386711939314
0.921371370331
0.432587788363
0.382487271253
0.999473803537
0.432728633452
0.381019895732
0.99
0.42853398426
0.377161551755
0.949055391092
0.427623770842
0.376393770215
0.949055391092
0.427623770842
0.376393770215
0.949055391092
0.424407776666
0.375157895992
0.958994654357
0.423122399937
0.37412448616
0.958994654357
0.41984002446
0.373801096411
1.0
0.417670062523
0.373587969187
1.0
0.416526935614
0.371763327042
1.0
0.414952185827
0.371675921568
1.0
0.414974085469
0.371666376934
1.0
0.413464376201
0.371640393694
1.0
0.413464376201
0.371640393694
1.0
0.413517413922
0.372490189367
1.0
0.413489880485
0.37325555073
1.0
0.4132462253
0.375057478634
1.0
0.412846400709
0.376059256785
1.0
0.412817931414
0.377371687748
1.0
0.41276036834
0.377974287301
1.0
0.412814102877
0.378997589059
1.0
0.412270351193
0.379498158246
1.0
0.412168608259
0.381013726523
1.0
0.412168608259
0.381013726523
1.0
0.411500541155
0.381921838324
1.0
0.411275267502
0.383530436105
1.0
0.410893360663
0.384187241521
1.0
0.410728462191
0.385622456466
1.0
0.410609742641
0.385670497848
1.0
0.410418152922
0.386480264713
1.0
0.410141745825
0.386656891985
1.0
0.409985386126
0.387955214254
1.0
0.409985386126
0.387955214254
1.0
0.409587914564
0.387890564722
1.0
0.409512363246
0.388970406501
1.0
0.409066782872
0.388668654349
1.0
0.408466290566
0.39056099816
1.0
0.408151883081
0.390720236083
1.0
0.407984882804
0.391450363107
1.0
0.40742466991
0.391530481176
1.0
0.407103531587
0.392352267418
1.0
0.407103531587
0.392352267418
1.0
0.406668607565
0.392878923035
1.0
0.406376974953
0.393684101041
1.0
0.406030304413
0.3937186486
1.0
0.405829814249
0.394275251952
1.0
0.405662976605
0.39431721914
1.0
0.405295971406
0.395530979875
1.0
0.404956616958
0.395780432
1.0
0.404545171774
0.396841397712
1.0
0.404545171774
0.396841397712
1.0
0.403928067155
0.396649748979
1.0
0.40363413532
0.397811468512
1.0
0.403401077383
0.397908557408
1.0
0.403217323378
0.398678864265
1.0
0.403405296994
0.399313048422
1.0
0.40316699331
0.400015324193
1.0
0.404551005934
0.401049292306
1.0
0.404551005934
0.401049292306
1.0
0.404318724523
0.401849976786
0.99
0.413349054127
0.402565220147
0.99
0.412982953517
0.403690485224
0.770974979694
0.425724901945
0.414559580628
0.770974979694
0.425213685866
0.415410431156
0.770974979694
0.425213685866
0.415410431156
0.781505143469
0.388509206676
0.27593188663
0.781505143469
0.38809786373
0.277025745875
0.781505143469
0.389144010758
0.276319551463
0.781505143469
0.391788650305
0.271699137516
0.886870815904
0.372243606566
0.256281742414
0.880718808473
0.39492511365
0.183714600766
0.880718808473
0.945499918897
0.532706118209
0.880718808473
0.945499918897
0.532706118209
0.834774425937
0.996807048877
0.203507594968
0.762721818467
0.567786280736
-0.270428647395
0.775398175921
0.487811919744
-0.408348458856
0.834774425937
0.619904778782
-0.381134192041
0.834774425937
0.751306364725
-0.244083106012
0.834774425937
0.783630483794
-0.186301631527
0.807953019817
0.52521176221
0.0625492791368
0.807953019817
0.52521176221
0.0625492791368
0.807953019817
0.52521176221
0.0625492791368
0.807953019817
0.52521176221
0.0625492791368
0.807953019817
0.565503486227
0.265069741044
0.807953019817
0.565503486227
0.265069741044
0.93802238685
0.562615990655
0.45274599796
0.966083364615
0.563030335687
0.458907677996
0.966326734848
0.563316594381
0.462438134336
0.966326734848
0.56270916239
0.463310430797
1.0
0.562779523869
0.467781172898
1.0
0.562036351532
0.46710166531
1.0
0.561810034519
0.471081665631
1.0
0.567157105029
0.478436317841
1.0
0.567157105029
0.478436317841
1.0
0.566526150771
0.481882471877
1.0
0.565535670878
0.481602665537
1.0
0.565584893751
0.482016383775
1.0
0.564829299702
0.482530931989
1.0
0.564630633901
0.483675842846
1.0
0.563561966778
0.482463706727
1.0
0.563785176677
0.481714438502
1.0
0.56268237921
0.4798332978
1.0
0.56268237921
0.4798332978
1.0
0.562163508014
0.479972693278
1.0
0.561511195127
0.478966557552
1.0
0.561367227154
0.478741387563
1.0
0.560317254829
0.47806996049
1.0
0.560313445534
0.478079047643
1.0
0.559017315052
0.477148312065
1.0
0.558699528835
0.476869530138
1.0
0.557998218758
0.476846892721
1.0
0.557768367804
0.476674066697
1.0
0.557768367804
0.476674066697
1.0
0.556589697538
0.475283498879
1.0
0.55638847448
0.475446536017
1.0
0.555718735647
0.474673984208
1.0
0.555596949086
0.474365918203
1.0
0.554662923345
0.473797693123
1.0
0.554360872688
0.473943560463
1.0
0.553430748358
0.472841179127
1.0
0.552958264363
0.472920604802
1.0
0.552958264363
0.472920604802
1.0
0.552149209629
0.472445026189
1.0
0.551824743413
0.472265510607
1.0
0.551098577269
0.472081066902
1.0
0.550658078308
0.472245239127
1.0
0.549462222203
0.470440991046
1.0
0.549056228765
0.470496828386
1.0
0.54823332019
0.469646651625
1.0
0.547958934195
0.469801423197
1.0
0.547958934195
0.469801423197
1.0
0.547287031374
0.468857037285
1.0
0.546885626039
0.468543373895
1.0
0.546042679531
0.467613729386
1.0
0.54565814185
0.468251052771
1.0
0.54435602166
0.4661829277
1.0
0.543848835296
0.466026647194
1.0
0.543848835296
0.466026647194
1.0
0.543288251831
0.465607530734
1.0
0.542909476669
0.465489004001
1.0
0.542104012196
0.46369374548
1.0
0.541840677042
0.463784103457
1.0
0.540872131543
0.462851298299
1.0
0.540535745388
0.462813433732
1.0
0.53944154939
0.460872080024
1.0
0.539010382594
0.460986978795
1.0
0.537592588994
0.459177730276
1.0
0.537592588994
0.459177730276
1.0
0.537229323362
0.45917156688
1.0
0.536184206015
0.457265757747
1.0
0.535585282205
0.457072405202
1.0
0.534905530362
0.456453530236
1.0
0.534492588493
0.45680222795
1.0
0.533510261984
0.455615472357
1.0
0.533245474095
0.455779093054
1.0
0.532497176715
0.455084975683
1.0
0.532162360931
0.455327179789
1.0
0.532162360931
0.455327179789
1.0
0.53166636965
0.455478147657
1.0
0.531488201047
0.455431138036
1.0
0.530167728382
0.45358043241
1.0
0.529854905165
0.453734158689
1.0
0.528991836383
0.453296101435
1.0
0.528382281955
0.454019463195
1.0
0.527962110412
0.454247439625
1.0
0.527566047673
0.454445553074
1.0
0.527566047673
0.454445553074
1.0
0.526730530545
0.453719157078
1.0
0.526433829602
0.453911687403
1.0
0.525397534544
0.453309905936
1.0
0.525072094393
0.453723711894
1.0
0.523986806231
0.452735472057
1.0
0.523542202543
0.453482480529
1.0
0.523542202543
0.453482480529
1.0
0.522857320535
0.452791258565
1.0
0.522591656343
0.453332585108
1.0
0.521496204704
0.451979902392
1.0
0.521238061177
0.451906975669
1.0
0.520634149744
0.45196617733
1.0
0.520189743622
0.45262591775
1.0
0.518896256002
0.451604285019
1.0
0.518339062695
0.452396514413
1.0
0.517293523652
0.451563616298
1.0
0.517293523652
0.451563616298
1.0
0.517038295884
0.451941744726
1.0
0.516787612185
0.452145438423
1.0
0.516331630643
0.452265594138
1.0
0.515095265038
0.450527589486
1.0
0.514540157646
0.45096456174
1.0
0.513787540498
0.451009045331
1.0
0.513385003838
0.451682234396
1.0
0.512588165585
0.451225465424
1.0
0.512588165585
0.451225465424
1.0
0.512073419388
0.451651643263
1.0
0.511305468495
0.450866417193
1.0
0.51091004032
0.451461774422
1.0
0.510618866144
0.451554962496
1.0
0.510385503995
0.451710338993
1.0
0.50963542612
0.451873374808
1.0
0.509250220238
0.452802086073
1.0
0.508838871716
0.45259591017
1.0
0.508498154651
0.453231758496
1.0
0.508498154651
0.453231758496
1.0
0.507998744512
0.452585820711
1.0
0.507793345575
0.452939303834
1.0
0.507659135427
0.453546917018
1.0
0.507426755322
0.454218473456
1.0
0.506911269045
0.454159024329
1.0
0.506689911232
0.454679999468
1.0
0.506337864721
0.454330313532
1.0
0.506337864721
0.454330313532
1.0
0.506201322784
0.454925524908
1.0
0.50565008966
0.454861077427
1.0
0.505276793465
0.455509801659
1.0
0.505037988194
0.454908177643
1.0
0.504913447283
0.455282850691
1.0
0.504529840749
0.455422543575
1.0
0.50442324217
0.455825557019
1.0
0.504391886548
0.45591087831
1.0
0.504391886548
0.45591087831
1.0
0.50426797763
0.456463418133
1.0
0.503641381272
0.456103520864
1.0
0.503467002807
0.456331504267
1.0
0.503590246699
0.456456923074
1.0
0.503530732423
0.456931997169
1.0
0.503285735647
0.456600837795
1.0
0.503117193367
0.456710135172
1.0
0.502916397377
0.456879847555
1.0
0.502846296801
0.456834107205
1.0
0.502846296801
0.456834107205
1.0
0.502686639629
0.456314243997
1.0
0.502679929408
0.456670381002
1.0
0.502344201849
0.456919842711
1.0
0.502079503855
0.457061849601
1.0
0.50198575901
0.456466075727
1.0
0.501919314005
0.456733903765
1.0
0.501595658187
0.456498770473
1.0
0.501595658187
0.456498770473
1.0
0.50150772183
0.456564090211
1.0
0.501651714344
0.457124595436
1.0
0.501588344665
0.456824780638
1.0
0.501557111875
0.456499813222
1.0
0.50147497783
0.456892214661
1.0
0.501467172574
0.457249195837
1.0
0.501461836495
0.457216370432
1.0
0.501461836495
0.457216370432
1.0
0.501254468368
0.457468552987
1.0
0.501169873695
0.457721571362
1.0
0.501533176803
0.457350901338
1.0
0.501551995516
0.457239400309
1.0
0.5016917409
0.457832401834
1.0
0.501753258342
0.457788229539
1.0
0.501615086435
0.457714581114
