0.99
0.486270424711
0.562374201884
0.99
0.501625088505
0.559217144594
0.99
0.501625088505
0.559217144594
0.99
0.502026458018
0.559606997065
0.99
0.501936963308
0.559663358633
1.0
0.501430064081
0.562305983548
1.0
0.501205776208
0.56254520407
0.988120823829
0.500387171173
0.564274011492
0.988120823829
0.500880229554
0.564506390701
1.0
0.50127867549
0.564962428903
1.0
0.501130908089
0.565075478479
0.93668145239
0.500444843637
0.563309619141
0.93668145239
0.500444843637
0.563309619141
0.93668145239
0.500194631859
0.5631962206
1.0
0.500726179706
0.564337076033
1.0
0.500560071517
0.564781719235
1.0
0.500513673992
0.563627367155
1.0
0.50053922701
0.563376854213
1.0
0.50098648926
0.567234826869
1.0
0.500479948523
0.567351674731
1.0
0.500479948523
0.567351674731
1.0
0.50059162243
0.566037837527
1.0
0.500774428716
0.565946294576
1.0
0.500340644145
0.564496766349
1.0
0.500234978605
0.564481074466
0.972841759246
0.500392987035
0.565199699176
0.972841759246
0.500161354944
0.565364824532
0.937678759173
0.49982629728
0.565080607971
0.937678759173
0.499478169
0.565036415914
0.937678759173
0.499478169
0.565036415914
0.997449190245
0.49928512197
0.564525784353
0.997449190245
0.499270006517
0.565202121371
1.0
0.499795135497
0.563984527987
1.0
0.499398520604
0.563914548403
1.0
0.499863433508
0.565640238129
1.0
0.499898902807
0.565877173844
1.0
0.499191596523
0.565631290492
1.0
0.498161623802
0.56525240047
1.0
0.497878140709
0.564839781785
1.0
0.497878140709
0.564839781785
1.0
0.498538949849
0.565067093144
1.0
0.498442046186
0.56242813114
1.0
0.49826929407
0.562157512217
1.0
0.498289232493
0.562803429715
1.0
0.498479745836
0.562908038064
1.0
0.498478333798
0.562361127712
1.0
0.498385379439
0.562524760264
1.0
0.498385379439
0.562524760264
0.906776169201
0.499235102464
0.567136686755
0.906776169201
0.499236647362
0.5670070601
1.0
0.498952395181
0.565535185105
1.0
0.498942066855
0.565634395778
1.0
0.498972461761
0.567659269989
1.0
0.4985977972
0.56727159873
1.0
0.499184312392
0.565802498004
1.0
0.498045740044
0.564900457326
1.0
0.498328971388
0.565222225016
1.0
0.498328971388
0.565222225016
1.0
0.499644648799
0.566393369162
0.994594861476
0.4986370863
0.566744057387
0.994594861476
0.49834245672
0.566382410529
1.0
0.498178841218
0.565820114176
1.0
0.498297293816
0.565639094343
0.869165151258
0.498472673862
0.566170592401
0.869165151258
0.498669743766
0.566381736135
0.869165151258
0.498669743766
0.566381736135
1.0
0.498987848333
0.567828747303
1.0
0.498889037607
0.567443996838
0.99523964832
0.500479912348
0.565721221841
0.99523964832
0.500393062571
0.565619971708
1.0
0.500639491461
0.564361297316
1.0
0.500285328645
0.564254329054
1.0
0.500392045777
0.566706130861
1.0
0.499677583723
0.566536853198
1.0
0.499677583723
0.566536853198
1.0
0.499433849367
0.563526424922
1.0
0.500461272857
0.563613755982
1.0
0.500726995632
0.564955527791
1.0
0.500907218016
0.565140296619
1.0
0.501303624941
0.563767450928
1.0
0.502029406776
0.568267654496
1.0
0.502036504236
0.567732770733
1.0
0.502872987552
0.578599905579
1.0
0.502872987552
0.578599905579
1.0
0.503220356055
0.579936309779
1.0
0.503353629481
0.583939989538
1.0
0.502668169917
0.588411356046
1.0
0.502470683006
0.58843428349
1.0
0.502021536589
0.598940190075
1.0
0.50196668386
0.597335688207
1.0
0.502263659164
0.600398143745
1.0
0.502535176662
0.600282418248
1.0
0.502535176662
0.600282418248
1.0
0.50257630644
0.601624711791
1.0
0.501916465791
0.601111489779
1.0
0.502575249116
0.601535918526
1.0
0.502446359567
0.602623213595
1.0
0.502767654092
0.603917975396
1.0
0.502774226927
0.603222340454
1.0
0.502919474318
0.602485775453
1.0
0.502723064527
0.602254741054
1.0
0.502723064527
0.602254741054
1.0
0.502589490561
0.603755843137
1.0
0.503418382813
0.603672719308
1.0
0.503158692396
0.604346518767
1.0
0.503172579931
0.604131431367
1.0
0.503588398624
0.603832259132
1.0
0.503492018475
0.60344581825
1.0
0.503524665359
0.603337656821
1.0
0.503501860815
0.603378980671
1.0
0.503044523279
0.602835124606
1.0
0.503044523279
0.602835124606
1.0
0.502952819584
0.602597067801
1.0
0.503259638845
0.602721860868
1.0
0.502788067166
0.602664126603
1.0
0.502757029356
0.602356213988
1.0
0.50240634131
0.601918203407
1.0
0.501917544777
0.602213789239
1.0
0.502059098284
0.601834751044
1.0
0.502059098284
0.601834751044
0.912777390731
0.502123168547
0.600991028698
0.912777390731
0.502736918906
0.600852439958
0.994740918042
0.502866701887
0.599562885117
0.994740918042
0.502789704568
0.599561880326
1.0
0.502655955494
0.601264239252
1.0
0.502602404987
0.60100066785
1.0
0.502191763537
0.601877969458
1.0
0.50187821712
0.601336637874
1.0
0.501852479752
0.598894887397
1.0
0.501852479752
0.598894887397
1.0
0.501615449461
0.598520856388
1.0
0.500988413744
0.597929916448
1.0
0.500342180061
0.597651625064
0.993718824974
0.500784760467
0.598033778006
0.993718824974
0.500868071255
0.597432862526
1.0
0.5011269392
0.596998947088
1.0
0.501199342482
0.596593281684
1.0
0.501199342482
0.596593281684
1.0
0.501403234398
0.597070317469
1.0
0.501810323919
0.596412838337
1.0
0.502011726072
0.594728202578
1.0
0.502054414757
0.594504342643
1.0
0.502031721957
0.59481576945
1.0
0.501607730303
0.593759399244
1.0
0.501153022442
0.59263191562
1.0
0.500976475316
0.592041024002
1.0
0.500976475316
0.592041024002
1.0
0.500779685017
0.59264176203
1.0
0.500945524657
0.592986145673
0.98322242349
0.500700451593
0.592018619277
0.98322242349
0.500310404983
0.591548388856
1.0
0.500618086557
0.591322526902
1.0
0.500641162009
0.588563841184
1.0
0.500922647732
0.588886536209
1.0
0.500618804558
0.589038765808
1.0
0.500618804558
0.589038765808
0.981049022961
0.499846111309
0.584751619733
0.981049022961
0.500121751498
0.58500001927
0.990062526097
0.498895919653
0.58116299259
0.990062526097
0.498453787968
0.581115558963
1.0
0.499497689617
0.583221420343
1.0
0.49940270198
0.582804730369
1.0
0.499899271166
0.58407083529
1.0
0.499715980474
0.584272825759
1.0
0.499715980474
0.584272825759
1.0
0.498939442795
0.585112107704
1.0
0.498631994506
0.58412196966
1.0
0.498533105659
0.581572718318
1.0
0.49844877637
0.581882485839
1.0
0.498467903933
0.581555391241
1.0
0.49823076125
0.581561314349
1.0
0.498562698716
0.584107200795
1.0
0.498600123795
0.583829302207
1.0
0.498395950959
0.581927338629
1.0
0.498395950959
0.581927338629
1.0
0.498006828882
0.581264571944
1.0
0.497315899984
0.579374043101
1.0
0.497166058902
0.579208944556
1.0
0.497878066343
0.579445089137
1.0
0.497717029244
0.579354307281
1.0
0.497531824516
0.581026526532
1.0
0.49712476152
0.580773129066
1.0
0.49712476152
0.580773129066
0.975217046156
0.496701953967
0.581237632598
0.975217046156
0.496359208227
0.580909315818
1.0
0.49692416198
0.579739616644
1.0
0.49728206641
0.580966414599
0.965029216478
0.496945976905
0.581769552179
0.965029216478
0.496549018202
0.5798424735
1.0
0.496491660734
0.57949768815
1.0
0.496216597134
0.579235960969
1.0
0.496216597134
0.579235960969
1.0
0.49626621108
0.579008288074
1.0
0.496438684486
0.578700831018
0.949642861907
0.495491240696
0.575688252406
0.949642861907
0.495104120642
0.575175231393
0.872639446468
0.495684995994
0.575072636786
0.872639446468
0.49528299155
0.574622294882
1.0
0.49534124754
0.577362276971
1.0
0.495349675033
0.576769585287
1.0
0.495684130094
0.575694046111
1.0
0.495684130094
0.575694046111
1.0
0.495913534895
0.576222267599
1.0
0.495790188434
0.577504584237
1.0
0.494622912766
0.576597447498
1.0
0.494399144913
0.575092304699
1.0
0.494939946994
0.574186567526
1.0
0.495113530576
0.575270733391
1.0
0.495301663417
0.574912746938
1.0
0.495301663417
0.574912746938
0.887930350702
0.494250399715
0.571168839638
0.887930350702
0.494572813898
0.571554072405
0.839671585937
0.494518962723
0.570974046416
0.839671585937
0.494424466745
0.57081928271
0.976076514951
0.494077640701
0.569849737379
0.976076514951
0.494165412852
0.570633873453
1.0
0.49447546329
0.571407390577
1.0
0.494651906713
0.571719323182
1.0
0.494651906713
0.571719323182
1.0
0.494734507852
0.572066146825
1.0
0.494631455285
0.572357222962
1.0
0.494809616323
0.573593289792
1.0
0.495184099012
0.574882808459
1.0
0.495554443142
0.576945287871
1.0
0.495362431981
0.575910779778
1.0
0.495149847301
0.57464530289
1.0
0.495193962634
0.575478787971
1.0
0.495193962634
0.575478787971
0.990878330341
0.494746702812
0.573799297859
0.990878330341
0.495030306856
0.574563859941
0.988109902662
0.494946402328
0.576308321177
0.988109902662
0.494875380104
0.57665508714
1.0
0.495196161328
0.578194053829
1.0
0.495229924103
0.578634396834
1.0
0.495398897143
0.580018977946
1.0
0.495351337245
0.580380278559
1.0
0.495351337245
0.580380278559
1.0
0.49595256937
0.581709746346
1.0
0.49608243257
0.581696327252
1.0
0.49656063337
0.583573128631
1.0
0.496256987875
0.584555532597
1.0
0.495721988714
0.584236959341
1.0
0.496212199667
0.583708118893
1.0
0.496425876486
0.58214824444
1.0
0.496372713252
0.582762564922
1.0
0.496372713252
0.582762564922
1.0
0.496344631022
0.580631335068
1.0
0.496411597812
0.580853281684
1.0
0.49675638999
0.579589915164
1.0
0.496685788487
0.579682595259
1.0
0.496458988411
0.57998831264
1.0
0.496360949002
0.581026166789
1.0
0.495896701575
0.581417387193
1.0
0.495509036598
0.581451317712
1.0
0.495509036598
0.581451317712
1.0
0.495640566705
0.581774758416
1.0
0.495703130565
0.582299531248
1.0
0.494504697691
0.58233608761
1.0
0.494040921171
0.582471453965
1.0
0.493715511719
0.582147141164
1.0
0.494131603764
0.581669649678
1.0
0.494131603764
0.581669649678
0.998800317325
0.495091976935
0.583861043634
0.998800317325
0.494900291026
0.584353448844
1.0
0.495756943946
0.585219898833
1.0
0.495603017226
0.585451127986
1.0
0.49560869613
0.587936261342
1.0
0.495381809871
0.587941209994
1.0
0.495239259415
0.589409289791
1.0
0.495121923584
0.589268523347
0.920930026509
0.495390241786
0.589202038398
0.920930026509
0.495253940028
0.58938801637
0.920930026509
0.495253940028
0.58938801637
1.0
0.495638325641
0.589898254425
1.0
0.495754105655
0.59041681995
1.0
0.495717250336
0.589930056711
1.0
0.495401296406
0.589774860494
1.0
0.495241172413
0.589974554375
1.0
0.495679855081
0.590315485989
1.0
0.495805029501
0.589952991177
1.0
0.495995808852
0.590343390802
1.0
0.495995808852
0.590343390802
1.0
0.495434886023
0.588079080364
1.0
0.495385412422
0.588264059442
0.947933786917
0.494822043459
0.586277536761
0.947933786917
0.494522619715
0.586445365471
1.0
0.494683869512
0.584747386765
1.0
0.494592415948
0.585362932463
1.0
0.494572835209
0.586229847322
1.0
0.494812235241
0.586423730868
1.0
0.494812235241
0.586423730868
1.0
0.494876219278
0.586542722331
1.0
0.494451210366
0.58613082704
1.0
0.494489187895
0.585856927475
1.0
0.494702055809
0.585636638346
1.0
0.494970457449
0.586875378515
1.0
0.494748733238
0.587186855704
1.0
0.494871215909
0.586010747877
1.0
0.494716352269
0.585848707766
1.0
0.494716352269
0.585848707766
1.0
0.494974922245
0.587236086025
1.0
0.495073474478
0.587261972648
1.0
0.495149888239
0.588057302653
1.0
0.49516323508
0.588026454675
1.0
0.494829255484
0.588593737005
1.0
0.494808129529
0.58866302039
1.0
0.495075117847
0.590749850045
1.0
0.495317325339
0.590716250256
1.0
0.495317325339
0.590716250256
1.0
0.495339418905
0.592831867141
1.0
0.495156246092
0.593280103204
1.0
0.495471265882
0.594112491651
1.0
0.495498445083
0.593844059599
1.0
0.496001545198
0.594829798256
1.0
0.49621246081
0.595328953937
1.0
0.496161390691
0.595556948135
