1.0
0.421773749206
0.397876002179
1.0
0.42172951263
0.398233623821
1.0
0.421103638084
0.398057870352
1.0
0.421104257855
0.39799845579
0.99329066229
0.421903312115
0.399331806805
0.99329066229
0.421965301763
0.400093031443
1.0
0.421812646409
0.399625946507
1.0
0.421760209371
0.399513051393
1.0
0.421760209371
0.399513051393
1.0
0.421802837096
0.399684632877
1.0
0.421906781964
0.399821073878
1.0
0.422109725822
0.400441140448
1.0
0.422072670857
0.400361228588
1.0
0.422012424418
0.399886365224
1.0
0.422128610601
0.399937208734
1.0
0.42233082515
0.400564851253
1.0
0.422386787492
0.400886007978
1.0
0.422386787492
0.400886007978
1.0
0.422419456806
0.401226107096
1.0
0.422301695788
0.401454167261
0.990548842295
0.422547061246
0.401266411329
0.990548842295
0.422728967707
0.40069664325
1.0
0.422533750217
0.401056697167
1.0
0.422457294562
0.401567006423
1.0
0.42274720572
0.401830313881
1.0
0.423040784934
0.401248821978
1.0
0.423176796383
0.401434993451
1.0
0.423176796383
0.401434993451
1.0
0.42299800665
0.401647558166
1.0
0.422839749158
0.401766042115
1.0
0.422999250583
0.401572714961
1.0
0.423612695128
0.402386740228
0.968871675852
0.423861465767
0.402369392118
0.968871675852
0.423803291061
0.402271111822
1.0
0.423643748197
0.402741243011
1.0
0.423643748197
0.402741243011
1.0
0.423715576758
0.402791802453
1.0
0.423731944078
0.403004741239
1.0
0.423842949168
0.403162270359
1.0
0.423944708153
0.403549033656
1.0
0.42395134763
0.403744482628
1.0
0.423874715054
0.40351833726
1.0
0.423888452469
0.403524206503
1.0
0.424035006143
0.403193160366
1.0
0.424035006143
0.403193160366
1.0
0.423984821966
0.403277335231
1.0
0.424092343081
0.403780060358
1.0
0.424181903383
0.404063413248
1.0
0.424103795721
0.403980129464
0.967791192013
0.424193983698
0.403740996236
0.967791192013
0.424289192253
0.403604198824
0.941838531885
0.424463957613
0.404164586462
0.941838531885
0.424483469809
0.404493727886
0.941838531885
0.424483469809
0.404493727886
1.0
0.424332685491
0.404352253439
1.0
0.42437670224
0.404248836778
0.968817593594
0.424752747935
0.405231825207
0.968817593594
0.424668783602
0.405391933052
1.0
0.424041171369
0.404421375447
1.0
0.424135823922
0.404217970863
1.0
0.424384808219
0.404931075396
1.0
0.424412892817
0.405149882429
1.0
0.424412892817
0.405149882429
1.0
0.424983259136
0.405580640961
1.0
0.425196071061
0.405505599856
1.0
0.425009466031
0.405918774921
1.0
0.425007681929
0.405772290547
1.0
0.42525173564
0.405691676895
1.0
0.42529054426
0.406085291362
1.0
0.425292837069
0.406549408347
1.0
0.425551882397
0.40621756071
1.0
0.425551882397
0.40621756071
1.0
0.425908111014
0.406785564939
1.0
0.426033664133
0.4073724586
1.0
0.426576302153
0.408077635959
1.0
0.426650660894
0.40724334087
1.0
0.426465369838
0.407512896878
1.0
0.426615854134
0.407731808778
1.0
0.427059718195
0.408139251641
1.0
0.427011524278
0.408582220084
1.0
0.427011524278
0.408582220084
1.0
0.426710263032
0.408541792016
1.0
0.42660129997
0.408794300759
1.0
0.426661017214
0.409292548022
1.0
0.42694123632
0.409088021402
1.0
0.427087650447
0.409028042015
1.0
0.426826858841
0.409699761556
1.0
0.426616215011
0.41049128284
1.0
0.426872841356
0.410346141661
1.0
0.426872841356
0.410346141661
0.990628771886
0.427520110432
0.410292872086
0.990628771886
0.427277359255
0.411305225346
1.0
0.426892495377
0.412013783422
1.0
0.427102510636
0.411686190479
1.0
0.427311639225
0.412183309551
1.0
0.427282800781
0.412365086838
1.0
0.427995364193
0.413198730403
1.0
0.42813003733
0.413422838211
1.0
0.42813003733
0.413422838211
1.0
0.428014734338
0.413516453721
1.0
0.428022053651
0.413625135258
1.0
0.428308697072
0.414345926395
1.0
0.428453074279
0.414673910565
1.0
0.428599860836
0.414717262552
1.0
0.428530353868
0.414957605725
1.0
0.429201534155
0.415246715737
1.0
0.429068663757
0.415542836076
1.0
0.429068663757
0.415542836076
1.0
0.428701275902
0.416158422979
1.0
0.42885767744
0.416455505341
1.0
0.429347126277
0.417061202983
1.0
0.429398122751
0.416892764999
1.0
0.429183118138
0.417130092219
1.0
0.429189483449
0.41748932104
1.0
0.429763003521
0.41794480517
1.0
0.429597701155
0.418499078703
1.0
0.429270253628
0.418668990085
1.0
0.429270253628
0.418668990085
1.0
0.429333120172
0.41883770433
1.0
0.429610543056
0.419256032041
1.0
0.429657543597
0.419367269937
1.0
0.429801577392
0.419622428843
1.0
0.430047230202
0.419968810509
1.0
0.430250352591
0.420128681528
1.0
0.430020477506
0.420541831796
1.0
0.430020477506
0.420541831796
1.0
0.430115905679
0.420598156872
1.0
0.430183005419
0.420433111325
0.97017747634
0.430658778822
0.420589034093
0.97017747634
0.430588596724
0.421160498708
1.0
0.430409457142
0.421356187482
1.0
0.430354290095
0.421703419072
1.0
0.430097543541
0.421327877426
1.0
0.430260928028
0.421486238
1.0
0.430260928028
0.421486238
1.0
0.430548699781
0.422161753317
1.0
0.430679258065
0.421944228404
1.0
0.430630955455
0.421694285572
1.0
0.430676254987
0.422046244311
1.0
0.431250800707
0.423201062269
1.0
0.431244977071
0.42289986701
1.0
0.431174780175
0.422570338697
1.0
0.431047422785
0.423089613846
1.0
0.431047422785
0.423089613846
1.0
0.431133046113
0.423730372376
1.0
0.431316559193
0.423797501936
1.0
0.431438693407
0.423949572927
1.0
0.431417812219
0.424036382782
1.0
0.431507165058
0.424174228145
1.0
0.431621495585
0.424151515056
1.0
0.432138660419
0.424343692894
1.0
0.432074729046
0.424471451333
1.0
0.432074729046
0.424471451333
1.0
0.432017589886
0.424828903749
1.0
0.432202460371
0.424033945854
1.0
0.432301738978
0.424353553096
1.0
0.432251157696
0.424823518153
1.0
0.432471434161
0.424855439245
1.0
0.432398038392
0.425274148924
1.0
0.432288806449
0.425314797243
1.0
0.432380300045
0.425089116879
1.0
0.432360478194
0.425049633498
1.0
0.432360478194
0.425049633498
1.0
0.432330316003
0.42512963422
1.0
0.432262264943
0.424828104209
1.0
0.432427971955
0.424686772492
1.0
0.433036828608
0.425672727136
1.0
0.433127825441
0.425337279014
1.0
0.42933111196
0.421545749229
1.0
0.429119530377
0.422027468992
1.0
0.429119530377
0.422027468992
1.0
0.423027516222
0.417767669542
1.0
0.423106684255
0.41799329677
0.988345301056
0.415778429826
0.413025742649
0.988345301056
0.415691267843
0.413154807448
1.0
0.410498282032
0.408906294305
1.0
0.409746138604
0.40997739108
1.0
0.408236291115
0.408086659237
1.0
0.405200714739
0.412308340937
1.0
0.405200714739
0.412308340937
1.0
0.402530620197
0.41192329054
1.0
0.400010966272
0.417163994429
1.0
0.397917830965
0.417202735054
1.0
0.396435653284
0.41941529923
1.0
0.396860844528
0.419749202948
0.977784136117
0.394974108967
0.422475641999
0.977784136117
0.394845803469
0.422588183025
1.0
0.394027123223
0.424764383537
1.0
0.394027123223
0.424764383537
1.0
0.39421397608
0.424961109542
1.0
0.394463187369
0.42451966071
1.0
0.394548038152
0.424955127392
1.0
0.39473836774
0.424839249896
1.0
0.394087120553
0.42501492454
1.0
0.394281564115
0.424083962196
1.0
0.394266414828
0.424092493256
1.0
0.394299494929
0.424566843966
1.0
0.394299494929
0.424566843966
1.0
0.394937688201
0.425162995668
1.0
0.395056128532
0.425108490733
1.0
0.395099887105
0.424843225938
1.0
0.395139700014
0.424709541994
1.0
0.395399912244
0.425388020804
1.0
0.395519663958
0.424932612226
1.0
0.395645050841
0.42504559515
1.0
0.395303775027
0.426128635936
1.0
0.395303775027
0.426128635936
1.0
0.395049163743
0.426326098357
0.974692693744
0.394735298139
0.427360880257
0.974692693744
0.39544531536
0.427559779064
1.0
0.395787775078
0.427250800865
1.0
0.39604917512
0.427916398834
0.985406032964
0.395989002453
0.428033207043
0.985406032964
0.395241336798
0.427614928643
0.952980983424
0.394996818282
0.427638651607
0.952980983424
0.394996818282
0.427638651607
0.952980983424
0.395665727426
0.428264676857
0.965922685405
0.395950967179
0.428245374998
0.965922685405
0.396197003406
0.428543242242
1.0
0.396128887803
0.429107005007
1.0
0.396106496392
0.42885704962
1.0
0.396013523098
0.428600486855
1.0
0.396330846196
0.428634328431
1.0
0.396571961188
0.427886741498
1.0
0.396571961188
0.427886741498
1.0
0.396340432348
0.428462790624
0.976177162567
0.396556557603
0.428191668294
0.976177162567
0.396741614787
0.428262852575
0.986952053212
0.396326641645
0.430025909882
0.986952053212
0.39682099211
0.430448840345
0.96446466304
0.396987158509
0.430505211795
0.96446466304
0.396823844533
0.430418661202
1.0
0.396969214501
0.430367191263
1.0
0.396969214501
0.430367191263
1.0
0.397279853108
0.430608316453
0.980340394738
0.397137096914
0.430667748919
0.980340394738
0.397630588324
0.430424096042
0.970186874919
0.39793463828
0.429164648274
0.970186874919
0.397089334087
0.429501373467
0.988123979465
0.397036027851
0.429856897264
0.988123979465
0.396780187772
0.429677111126
1.0
0.396812385005
0.429770074093
1.0
0.396812385005
0.429770074093
0.9339233005
0.397390372156
0.430434247785
0.9339233005
0.397308395917
0.431033794601
0.944054063915
0.39224653248
0.430630594798
0.901203455752
0.39204092992
0.431146658135
0.901203455752
0.386992326438
0.43191480826
0.964627120915
0.387083622076
0.432133642301
0.964627120915
0.380414874437
0.428737152731
0.994149285426
0.38058409909
0.428085447008
0.994149285426
0.38058409909
0.428085447008
0.994149285426
0.3727582522
0.423010840246
0.989068900874
0.371942920401
0.425387043406
0.771037247062
0.357001645511
0.416482199429
0.771037247062
0.354703588608
0.427369335649
0.941731977492
0.350054680054
0.425307300782
0.99
0.347977541487
0.431922455738
1.0
0.34870425751
0.432998095143
0.99
0.341560299023
0.450226215398
0.99
0.341560299023
0.450226215398
0.99
0.342709734434
0.450819060584
0.99
0.338353710689
0.460223964162
0.99
0.338060130762
0.460259437364
1.0
0.336583816301
0.463509796326
1.0
0.336457935382
0.463215953663
1.0
0.336069032252
0.464640660995
1.0
0.336974886378
0.466213974396
1.0
0.337095140788
0.465849744082
1.0
0.337095140788
0.465849744082
1.0
0.336882219162
0.466290458883
1.0
0.33691689631
0.466797467909
1.0
0.336810831193
0.466370190165
1.0
0.33663598696
0.468167672435
1.0
0.336752921198
0.469721812777
1.0
0.336636512117
0.469722853116
1.0
0.336274341925
0.469257247274
1.0
0.336274341925
0.469257247274
1.0
0.336127183033
0.470323136134
1.0
0.336303589918
0.470685339908
1.0
0.335805387705
0.471740569328
1.0
0.335793568237
0.472078698912
1.0
0.335667504705
0.472720393775
1.0
0.335641781077
0.472837789887
1.0
0.335723394461
0.473026624001
1.0
0.335321235147
0.473068487818
1.0
0.33531475586
0.473456415938
1.0
0.33531475586
0.473456415938
1.0
0.336153280448
0.475646623712
1.0
0.336235739797
0.476099699657
1.0
0.336181229219
0.476209947768
1.0
0.336064739311
0.47635179366
1.0
0.335303932032
0.475655047453
1.0
0.335276362365
0.476208899375
1.0
0.330322931942
0.471344354804
1.0
0.330322931942
0.471344354804
1.0
0.330319057515
0.47296865891
1.0
0.324654585821
0.467481533229
1.0
0.324588480065
0.46819624174
0.98165186484
0.324147838133
0.468220905402
0.98165186484
0.32403191342
0.46826772428
0.99
0.310806056653
0.457387041374
0.99
0.30998814164
0.459072523205
1.0
0.311366961425
0.462095879617
1.0
0.309690867749
0.464128106636
1.0
0.309690867749
0.464128106636
1.0
0.311009464829
0.465897462792
1.0
0.309646742391
0.468415681613
1.0
0.308289645462
0.466671485028
1.0
0.306822703656
0.46944929901
1.0
0.306545335334
0.468910081974
1.0
0.306186611246
0.470176281368
1.0
0.305715652466
0.47024018375
1.0
0.305861503673
0.469618695096
1.0
0.305861503673
0.469618695096
1.0
0.306413022694
0.470200800647
1.0
0.306413962774
0.47026611086
1.0
0.30673044864
0.471533975179
1.0
0.306781674728
0.471951800311
1.0
0.306557953597
0.472272658986
1.0
0.306665458501
0.471673412952
1.0
0.306999548281
0.471849524592
1.0
0.306999548281
0.471849524592
1.0
0.307066964611
0.472617342129
1.0
0.307176753319
0.473712850638
1.0
0.307042867986
0.474033563448
1.0
0.307246533957
0.474027571079
1.0
0.307272097093
0.474489652949
1.0
0.308200134727
0.475960512765
1.0
0.308041485486
0.478506864445
1.0
0.307503127744
0.477876395099
1.0
0.307584284711
0.478131748861
1.0
0.307584284711
0.478131748861
1.0
0.307969238291
0.479361283613
1.0
0.3080309257
0.479930524758
1.0
0.308194012065
0.479640832339
1.0
0.308129405615
0.480604669776
1.0
0.309093948018
0.482111034732
1.0
0.308984113179
0.482865769271
1.0
0.309412583425
0.48390925657
1.0
0.309390821637
0.484424666701
1.0
0.309390821637
0.484424666701
1.0
0.309283285098
0.484740943975
1.0
0.309146079459
0.485080118902
1.0
0.308823742344
0.484838101214
1.0
0.308902237652
0.484748930511
1.0
0.309366591375
0.484642297333
1.0
0.309509918612
0.484883581022
1.0
0.309509918612
0.484883581022
1.0
0.310129176103
0.486435446968
1.0
0.310042229093
0.487634978423
1.0
0.30966306176
0.48699614285
1.0
0.309560169061
0.488099217165
1.0
0.310326509383
0.49021415253
1.0
0.310052035587
0.490781476022
1.0
0.310359854055
0.492367163232
1.0
0.310382547993
0.49280828671
1.0
0.310099909349
0.492176376157
1.0
0.30993052624
0.493656350207
1.0
0.30993052624
0.493656350207
1.0
0.309947426821
0.493904428072
1.0
0.310042093561
0.49361024442
1.0
0.30964483153
0.493037113008
1.0
0.309449117672
0.493280500827
1.0
0.309530346348
0.493446610591
1.0
0.309562056837
0.493476755477
1.0
0.309877709573
0.492989600183
1.0
0.309877709573
0.492989600183
1.0
0.309727635278
0.49409257086
1.0
0.308994017092
0.492547902327
1.0
0.309126062128
0.491849036955
1.0
0.308899737891
0.49213057757
1.0
0.308507077585
0.492097219631
1.0
0.30805183821
0.492181461786
1.0
0.308051748558
0.492188501805
1.0
0.311545682294
0.494422990453
1.0
0.311545682294
0.494422990453
1.0
0.311612393004
0.493421466187
0.99
0.331414363718
0.506481004912
0.99
0.331249555393
0.50755930761
0.99
0.356759163235
0.520458347706
0.99
0.356463176849
0.522565154811
0.99
0.38197518531
0.536750139587
0.985318237781
0.381802312073
0.537484637657
0.985318237781
0.407916755784
0.551785422378
1.0
0.408737266328
0.552462036132
1.0
0.408737266328
0.552462036132
0.99
0.414656463501
0.542668366558
0.99
0.426269789829
0.520904016477
0.92986331567
0.42624353674
0.523734525835
0.92986331567
0.436906025758
0.503848143678
0.925668303819
0.436804488963
0.504221616784
0.925668303819
0.445757458769
0.490956254981
0.925668303819
0.445757458769
0.490956254981
0.99
0.446272033422
0.492619779433
0.969075102302
0.447538014526
0.488865321803
0.956931962191
0.448392539853
0.488469083392
1.0
0.44867062768
0.488798553193
1.0
0.448776230633
0.48975669418
1.0
0.449961738086
0.489179154746
0.825537641723
0.449908830884
0.489312854947
0.825537641723
0.450337740696
0.48870439794
0.825537641723
0.450337740696
0.48870439794
1.0
0.449940978406
0.488937662531
1.0
0.450091362248
0.489430155448
0.954076975647
0.450025517329
0.488280059505
0.954076975647
0.449813610877
0.49080364881
0.954076975647
0.449772451191
0.490487910336
1.0
0.450465521022
0.491093401144
1.0
0.450498818587
0.492314939068
1.0
0.450498818587
0.492314939068
0.967733792751
0.450181610719
0.492728466731
0.967733792751
0.449997430436
0.493874735344
1.0
0.449692809087
0.4938418866
1.0
0.449604656397
0.494387136476
0.975612104668
0.449834161379
0.49508065565
0.975612104668
0.449690338258
0.495634936163
1.0
0.450034566095
0.496190470493
1.0
0.449807063505
0.497632357263
0.976129168769
0.449997147043
0.498658779999
0.976129168769
0.449997147043
0.498658779999
0.976129168769
0.449773033569
0.498817286891
0.976231822468
0.450013773511
0.500262097079
0.976231822468
0.450009451842
0.502907691346
0.979426635311
0.450170596718
0.503320718189
0.979426635311
0.449789614342
0.503106772729
0.803275511217
0.449519803637
0.504317410165
0.803275511217
0.44930110934
0.503939067266
0.803275511217
0.44930110934
0.503939067266
1.0
0.448959980089
0.504677556044
0.974876011064
0.448681799553
0.505898418282
0.944277688869
0.448584078717
0.506850685749
0.942351365918
0.448100403162
0.507085916593
0.942351365918
0.448100403162
0.507085916593
0.942351365918
0.448107582176
0.506545552603
0.932403690379
0.448057517638
0.50572617453
0.930593506714
0.44837380018
0.506467473032
0.908158082394
0.44833221582
0.508966819282
0.908158082394
0.448149169229
0.509038639171
0.908685985377
0.448249755885
0.51057727976
0.928726589938
0.44765169013
0.510566661559
0.955637015125
0.447349172337
0.511965162395
0.937687630552
0.447162677264
0.511401478092
0.915926363533
0.446938922036
0.511165804972
0.915926363533
0.446938922036
0.511165804972
0.915926363533
0.446602848311
0.511058538397
0.947555281327
0.446826048467
0.511336849601
0.962566604607
0.446840578054
0.509558312147
0.962566604607
0.446843815931
0.510327505144
0.883636529275
0.44682698728
0.511637412618
0.883636529275
0.44682698728
0.511637412618
0.883636529275
0.446193707313
0.511703644833
0.883368444832
0.446117534319
0.511905626784
0.972128726244
0.44616686446
0.511799401303
0.916358673338
0.446132762097
0.511449742407
0.916358673338
0.446132762097
0.511449742407
0.916358673338
0.446248736577
0.507557856935
0.916358673338
0.446248736577
0.507557856935
0.986470907903
0.446693872115
0.507649066356
0.92995423082
0.44760056469
0.507205193893
0.960871794444
0.525112109179
0.576918979816
0.975882756229
0.525072370733
0.576956443987
0.937859979611
0.525163630141
0.578028264714
0.890496429947
0.527076516787
0.576801517646
0.890496429947
0.527076516787
0.576801517646
0.983672659781
0.535340990057
0.568628000501
0.891886654105
0.538061380266
0.56414133509
0.99
0.550062118514
0.562876928368
0.652691428931
0.54584571156
0.562836227924
0.652691428931
0.547476252296
0.558631924842
0.652691428931
0.550439243517
0.556417167505
0.608256556604
0.551896600505
0.557955234199
0.608256556604
0.554026004036
0.557545517181
0.610474422987
0.550988497232
0.558667849973
0.610474422987
0.550988497232
0.558667849973
0.610474422987
0.552380757691
0.557647424922
0.610474422987
0.553020763735
0.557159919206
0.610474422987
0.553738444439
0.554392836147
0.945827097538
0.558585683793
0.553361025288
0.906891545507
0.558809886614
0.551461960661
0.602600383961
0.553985540625
0.551111915628
0.602600383961
0.554309608153
0.549987181109
0.602600383961
0.554309608153
0.549987181109
0.602600383961
0.554251600167
0.549432715072
0.634649098615
0.553239385813
0.550599986312
0.634649098615
0.554597339343
0.550228469979
0.634649098615
0.555261500431
0.549445669629
0.634649098615
0.555261500431
0.549445669629
0.689140734456
0.55513002247
0.546551876248
0.689140734456
0.5556063925
0.546908968752
0.689140734456
0.555832218309
0.546911160417
0.689140734456
0.557747963901
0.560954078685
0.689140734456
0.557747963901
0.560954078685
0.669959229958
0.556615409006
0.564330981358
0.669959229958
0.556642190728
0.56477178074
0.669959229958
0.556809768733
0.565433717929
0.669959229958
0.556936014672
0.565496099186
0.669959229958
0.556997540148
0.565907709989
0.669959229958
0.556653680825
0.566972862603
0.669959229958
0.556653680825
0.566972862603
1.0
0.556583552516
0.567495834229
1.0
0.556583552516
0.567495834229
1.0
0.555970296016
0.567410104259
1.0
0.556713999938
0.56877511321
0.681159916557
0.555407043627
0.568579304284
0.681159916557
0.555445500758
0.569067679938
0.681159916557
0.55497386334
0.571422943691
0.681159916557
0.555330084423
0.569714474582
0.681159916557
0.555559920933
0.570054911611
0.681159916557
0.555594665478
0.569418968533
0.681159916557
0.555594665478
0.569418968533
0.681159916557
0.55509242132
0.571292957299
0.602267283114
0.554244192383
0.567761449588
0.602267283114
0.554307551587
0.567748659569
0.602267283114
0.554153423808
0.568781699533
0.602267283114
0.553951688316
0.570317742721
0.618860670057
0.552287996727
0.570916517225
0.618860670057
0.552103453041
0.569740309459
0.618860670057
0.552103453041
0.569740309459
0.618860670057
0.551931302416
0.570428869699
0.618860670057
0.551931302416
0.570428869699
1.0
0.551819968066
0.574607269135
1.0
0.553306929177
0.573926528195
1.0
0.552536787263
0.573118044561
1.0
0.552536787263
0.573118044561
0.656926262014
0.548834724752
0.569641367441
0.656926262014
0.548724414037
0.570392668902
0.656926262014
0.548136483673
0.572522999066
0.656926262014
0.548454292577
0.570834215105
0.656926262014
0.548276386488
0.571688479949
0.656926262014
0.547797504099
0.572369669128
0.656926262014
0.547681885761
0.572910404081
0.63287692331
0.548559903835
0.573931052433
0.63287692331
0.548559903835
0.573931052433
0.63287692331
0.548727462354
0.573764681181
0.625887782322
0.550487867404
0.575814703755
0.625887782322
0.550104970187
0.576344400513
0.625887782322
0.549916288948
0.575710457101
0.953586400457
0.565945369139
0.574305395428
0.953586400457
0.565702310924
0.577286416362
0.958723977709
0.580222248662
0.578248845946
0.958723977709
0.580404278778
0.577005379738
0.958723977709
0.580404278778
0.577005379738
0.600059626821
0.615981655377
0.597574426585
0.600059626821
0.616065106493
0.59795717812
0.600059626821
0.618098502023
0.594478023649
0.600059626821
0.624924569712
0.582386316302
0.600059626821
0.634680286274
0.56627505203
0.600059626821
0.634680286274
0.56627505203
0.99
0.628458878879
0.572115789742
0.99
0.628458878879
0.572115789742
0.99
0.655092502093
0.565893086221
0.775370984301
0.758841321394
0.627412881368
0.728167241441
0.652397303381
0.542348232343
0.728167241441
0.653898708113
0.539331006288
0.728167241441
0.654041318015
0.539315402042
0.728167241441
0.653691264856
0.539868645803
0.728167241441
0.653691264856
0.539868645803
0.728167241441
0.653726797037
0.538595924118
0.728167241441
0.653514765946
0.539817205033
0.728167241441
0.653418136879
0.5400893631
0.636645571163
0.652887158546
0.540615758244
0.636645571163
0.65297940086
0.542044874487
0.636645571163
0.652507142693
0.545099950631
0.636645571163
0.652507142693
0.545099950631
0.72520339038
0.651220577105
0.546038077009
0.72520339038
0.651216210777
0.547160556713
0.72520339038
0.651002863595
0.548494806347
0.72520339038
0.650589199938
0.548727601288
0.72520339038
0.650208887727
0.550830113319
0.72520339038
0.650208887727
0.550830113319
0.617544084168
0.650083663241
0.558497798218
0.617544084168
0.649773756172
0.560610829028
0.617544084168
0.649061422829
0.561176891987
0.617544084168
0.64901279565
0.562896588077
0.617544084168
0.648145230112
0.564664623386
0.617544084168
0.647655119165
0.565711245971
0.617544084168
0.647655119165
0.565711245971
0.909405322866
0.647426597665
0.567640416139
0.909405322866
0.647426597665
0.567640416139
1.0
0.647292860139
0.569788674819
0.605933071838
0.644973148364
0.571475344145
0.605933071838
0.644480955835
0.572199285486
0.605933071838
0.644348550447
0.572122675408
0.605933071838
0.643694867762
0.574235744285
0.605933071838
0.643297377516
0.576548228697
0.605933071838
0.642638056346
0.578922021056
0.602503263288
0.641511551174
0.579336665658
0.602503263288
0.640084923874
0.582291079761
0.602503263288
0.640084923874
0.582291079761
0.602503263288
0.639441933435
0.582877800668
0.602503263288
0.639441933435
0.582877800668
1.0
0.639244960184
0.589142128498
0.984025112369
0.635890605775
0.592227144343
0.982643050301
0.632448684848
0.595908339246
0.982301169408
0.631364954334
0.59980082834
0.982301169408
0.631364954334
0.59980082834
0.974094267107
0.629732215332
0.603029162239
1.0
0.628642755087
0.603026533988
1.0
0.627190920313
0.604905537914
1.0
0.625163371029
0.606622387755
1.0
0.625163371029
0.606622387755
0.993986977419
0.624488084193
0.610466877233
0.935443722168
0.624269123482
0.608884767034
0.920421622502
0.622955407562
0.611828996572
1.0
0.621434094871
0.614542870863
1.0
0.621434094871
0.614542870863
0.939475753034
0.620822667088
0.61486972005
1.0
0.620934608806
0.613210192954
0.970852579932
0.62010024829
0.613624524901
0.944191176025
0.61867397396
0.614297119184
0.944191176025
0.61867397396
0.614297119184
0.924968734973
0.617695796365
0.612276482274
0.841367107316
0.616382695201
0.614734830593
0.921798416783
0.615430705108
0.614555602498
0.92674071772
0.615520864809
0.613871122628
0.92674071772
0.615520864809
0.613871122628
0.995436699982
0.614882424983
0.61613810129
0.981081529734
0.614743370032
0.61679748653
0.985746630619
0.614677017996
0.624699527073
0.916855438474
0.614274234022
0.619880012553
0.916855438474
0.614274234022
0.619880012553
0.617457377244
0.623139650637
0.616209907777
0.617457377244
0.622701981967
0.617826759301
0.617457377244
0.62283514938
0.617250708617
0.617457377244
0.622787478937
0.619694527995
0.617457377244
0.622866650525
0.619323521721
0.617457377244
0.622750659396
0.618343240794
0.617457377244
0.62244669246
0.618365226538
0.611770016683
0.621645718013
0.61466275924
0.611770016683
0.621645718013
0.61466275924
0.611770016683
0.621381680656
0.614994341686
0.611770016683
0.621174026129
0.616370855009
0.611770016683
0.621717501688
0.613756445714
0.611770016683
0.621546394478
0.61328323962
0.611770016683
0.621546394478
0.61328323962
0.927802963104
0.620767688605
0.607623006956
0.937533053726
0.620935997625
0.607765763231
0.937533053726
0.6204282854
0.608167584805
0.937533053726
0.6204282854
0.608167584805
0.937533053726
0.620057479474
0.608548831433
0.937533053726
0.619625336281
0.611044589025
0.937533053726
0.619393019231
0.611136019958
0.937533053726
0.619534270097
0.609031283766
0.995417548734
0.619043291813
0.610225276522
0.995417548734
0.619290848115
0.610830963891
1.0
0.61901498177
0.612126786758
1.0
0.618718959171
0.611864810497
0.948842336707
0.618273916633
0.612240283945
0.948842336707
0.618273916633
0.612240283945
0.948842336707
0.618312930058
0.613462424025
0.952264880444
0.618341588447
0.612865970049
0.952264880444
0.618256501703
0.613320257412
0.900212309995
0.617743847675
0.612821364443
0.900212309995
0.617859693746
0.61249507841
0.889871665281
0.618493196331
0.614358000169
0.889871665281
0.618193582965
0.615881967136
0.889871665281
0.618193582965
0.615881967136
0.738002838868
0.55823781001
0.514220028374
0.738002838868
0.558083891795
0.514366371782
0.738002838868
0.558170026058
0.514422200969
0.738002838868
0.558104038403
0.513485372857
0.738002838868
0.557661399
0.513636814518
0.99
0.510370534124
0.512977091906
0.99
0.506575064338
0.515709933554
0.99
0.496425348628
0.527359064111
0.99
0.496425348628
0.527359064111
0.99
0.496425348628
0.527359064111
0.99
0.450037160814
0.494193811715
0.864205613603
0.409590836244
0.524604499643
0.811401196609
0.403482802278
0.527454231361
0.811401196609
0.403482802278
0.527454231361
1.0
0.401065114593
0.545444233335
0.949251649799
0.402403947888
0.54757030495
1.0
0.403726536164
0.55042806124
1.0
0.404624938142
0.553302600851
1.0
0.405331289909
0.555125304464
1.0
0.406580162126
0.557717552439
1.0
0.406374462941
0.560427871899
1.0
0.40792020005
0.56383605454
1.0
0.40792020005
0.56383605454
