0.99
0.479075841127
0.26292068186
0.99
0.481376412944
0.275447179264
0.958145846035
0.49092064408
0.309910768774
0.958145846035
0.493259883377
0.317866277644
0.962767900851
0.495953114086
0.325093570168
0.962767900851
0.497165326293
0.325679118618
0.960411527481
0.49737491833
0.327339238604
0.960411527481
0.498311822656
0.326798558608
0.960411527481
0.498311822656
0.326798558608
1.0
0.497969502912
0.327701519529
1.0
0.49776120125
0.328858519235
1.0
0.497667628812
0.329219531166
1.0
0.497567620399
0.329531684397
0.944070657562
0.497868471559
0.331004902094
0.944070657562
0.498063100605
0.330666768756
0.955061684363
0.497298647199
0.329720645009
0.955061684363
0.497155466587
0.329770987143
0.955061684363
0.497155466587
0.329770987143
0.889097178138
0.497423794386
0.328939977644
0.889097178138
0.497387065341
0.329350017047
0.945671307464
0.497279811965
0.327356337342
0.945671307464
0.497315125618
0.3271406403
0.927654506355
0.496596236598
0.326809625059
0.927654506355
0.496496131756
0.327438129232
0.998130620785
0.496669143794
0.326504335636
0.998130620785
0.496764494428
0.326457248906
0.998130620785
0.496764494428
0.326457248906
0.983968226938
0.496668314215
0.326156277987
0.983968226938
0.496487227882
0.326283734115
0.992474716038
0.496911612296
0.326153636393
0.992474716038
0.496929465555
0.326320106192
0.998901189556
0.496461503351
0.325613121411
0.998901189556
0.496486152184
0.325826679202
1.0
0.496266921118
0.325318709116
1.0
0.496308019937
0.325160870023
1.0
0.496308019937
0.325160870023
1.0
0.496093771155
0.325429307302
1.0
0.495825981088
0.325772148573
1.0
0.495503500034
0.325017389911
1.0
0.495553764959
0.325065233139
1.0
0.495970036171
0.325012247063
1.0
0.496020824536
0.324828925899
0.993140586381
0.500388217289
0.325869893234
0.993140586381
0.503168220532
0.321880481329
0.993140586381
0.503168220532
0.321880481329
0.99
0.529644629515
0.34179779634
0.99
0.539001878871
0.328547876586
0.99
0.561647416618
0.348603736277
0.99
0.573641551995
0.32808146323
0.99
0.595713693147
0.34953723964
