1.0
0.694000643008
0.626340256698
1.0
0.694000747356
0.626340392808
1.0
0.694000747356
0.626340392808
1.0
0.694000733687
0.62634050618
0.99
0.464226104593
0.864891423051
0.99
0.464226081295
0.864891417553
0.99
0.464226081295
0.864891417553
0.99
0.464226009451
0.864891376982
0.99
0.464226215393
0.864891504747
0.99
0.464226161476
0.864891434233
0.99
0.464226215996
0.864891451225
0.99
0.464226215996
0.864891451225
0.99
0.464226342758
0.864891528625
0.913897766909
0.464226197695
0.864891436252
0.99
0.464226211458
0.86489146179
0.99
0.464226211458
0.86489146179
0.934896702134
0.46426929536
0.864908035254
0.99
0.46423392577
0.864891266529
0.896493570856
0.464534081166
0.8650349923
0.896493570856
0.464534491511
0.865035531564
0.914741162785
0.466089344114
0.864156337574
0.806796340835
0.428621489281
0.911287997697
0.806796340835
0.428621489281
0.911287997697
0.714118814391
0.468097497334
0.984899353217
0.714118814391
0.468122958969
0.984878149094
0.714118814391
0.468137842488
0.984859688759
0.873469717245
0.455590105646
0.986010976301
0.873469717245
0.455589958216
0.986011240656
0.873469717245
0.455589958216
0.986011240656
0.873469717245
0.455590008998
0.986011265847
